1684704536769 27.92337 1
1684704536856 24.49037 2
1684704536934 15.398226 3
1684704537003 10.612298 4
1684704537073 10.696636 5
1684704537157 10.304551 6
1684704537220 9.226107 7
1684704537289 9.090509 8
1684704537374 9.016712 9
1684704537436 8.956266 10
1684704537521 8.900515 11
1684704537590 8.640929 12
1684704537659 8.496441 13
1684704537737 8.420912 14
1684704537822 8.412537 15
1684704537891 8.429591 16
1684704537960 8.451619 17
1684704538038 8.469761 18
1684704538107 8.512335 19
1684704538176 8.540574 20
1684704538254 8.580566 21
1684704538323 8.540958 22
1684704538392 8.456528 23
1684704538461 8.421337 24
1684704538539 8.414169 25
1684704538608 8.416911 26
1684704538677 8.416916 27
1684704538750 8.414097 28
1684704538824 8.411622 29
1684704538893 8.409332 30
1684704538962 8.406932 31
1684704539041 8.4047985 32
1684704539110 8.403644 33
1684704539179 8.403952 34
1684704539241 8.405708 35
1684704539310 8.408564 36
1684704539379 8.411968 37
1684704539464 8.415312 38
1684704539526 8.418146 39
1684704539596 8.420273 40
1684704539665 8.421642 41
1684704539743 8.422245 42
1684704539812 8.422107 43
1684704539881 8.421302 44
1684704539959 8.4199705 45
1684704540028 8.418292 46
1684704540097 8.416449 47
1684704540182 8.4145975 48
1684704540260 8.412859 49
1684704540329 8.41131 50
1684704540398 8.40999 51
1684704540483 8.408913 52
1684704540545 8.408073 53
1684704540630 8.407459 54
1684704540699 8.407052 55
1684704540768 8.40683 56
1684704540831 8.406763 57
1684704540900 8.406823 58
1684704540969 8.406977 59
1684704541047 8.407194 60
1684704541116 8.407449 61
1684704541185 8.407718 62
1684704541263 8.407985 63
1684704541332 8.408237 64
1684704541401 8.408467 65
1684704541470 8.408669 66
1684704541533 8.408842 67
1684704541602 8.408987 68
1684704541671 8.4091015 69
1684704541749 8.409193 70
1684704541818 8.409258 71
1684704541887 8.409306 72
1684704541972 8.409336 73
1684704542034 8.40935 74
1684704542103 8.409356 75
1684704542172 8.409353 76
1684704542251 8.409346 77
1684704542320 8.409332 78
1684704542389 8.409317 79
1684704542467 8.409303 80
1684704542536 8.409288 81
1684704542605 8.409275 82
1684704542674 8.409263 83
1684704542736 8.409252 84
1684704542805 8.409244 85
1684704542890 8.409237 86
1684704542953 8.409231 87
1684704543022 8.409227 88
1684704543091 8.409225 89
1684704543153 8.409225 90
1684704543222 8.409225 91
1684704543291 8.409225 92
1684704543376 8.409227 93
1684704543439 8.409229 94
1684704543508 8.40923 95
1684704543639 8.409232 96
1684704543724 8.409233 97
1684704543793 8.409234 98
1684704543855 8.409236 99
1684704543925 8.409237 100
1684704543994 8.409237 101
1684704544072 8.409237 102
1684704544141 8.409238 103
1684704544210 8.409238 104
1684704544279 8.409237 105
1684704544341 8.409237 106
1684704544410 8.409237 107
1684704544479 8.409236 108
1684704544558 8.409235 109
1684704544673 8.409234 110
1684704544743 8.409233 111
1684704544812 8.409233 112
1684704544881 8.409232 113
1684704544952 8.409231 114
1684704545028 8.40923 115
1684704545097 8.409229 116
1684704545159 8.409228 117
1684704545244 8.409227 118
1684704545313 8.409227 119
1684704545382 8.409227 120
1684704545460 8.409225 121
1684704545529 8.409225 122
1684704545598 8.409225 123
1684704545676 8.409225 124
1684704545746 8.409224 125
1684704545815 8.4092245 126
1684704545884 8.409224 127
1684704545946 8.409224 128
1684704546015 8.409224 129
1684704546084 8.409224 130
1684704546147 8.409224 131
1684704546231 8.409224 132
1684704546300 8.409224 133
1684704546363 8.409223 134
1684704546432 8.409223 135
1684704546501 8.409223 136
1684704546586 8.409223 137
1684704546648 8.409222 138
1684704546717 8.409222 139
1684704546786 8.409222 140
1684704546865 8.409222 141
1684704546934 8.409222 142
1684704547003 8.409222 143
1684704547087 8.409222 144
1684704547150 8.409222 145
1684704547219 8.409222 146
1684704547288 8.409222 147
1684704547351 8.409222 148
1684704547420 8.409222 149
1684704547489 8.409222 150
1684704547567 8.409222 151
1684704547636 8.409222 152
1684704547705 8.409222 153
1684704547783 8.409222 154
1684704547852 8.409222 155
1684704547921 8.409222 156
1684704547990 8.409222 157
1684704548068 8.409222 158
1684704548137 8.409222 159
1684704548206 8.409222 160
1684704548291 8.409222 161
1684704548369 8.409222 162
1684704548438 8.409222 163
1684704548507 8.409222 164
1684704548592 8.409222 165
1684704548654 8.409222 166
1684704548723 8.409222 167
1684704548792 8.409222 168
1684704548871 8.409222 169
1684704548940 8.409222 170
1684704549125 8.409222 171
1684704549241 8.409222 172
1684704549310 8.409222 173
1684704549372 8.409222 174
1684704549441 8.409222 175
1684704549526 8.409222 176
1684704549595 8.409222 177
1684704549658 8.409222 178
1684704549742 8.409222 179
1684704549811 8.409222 180
1684704549874 8.409222 181
1684704549943 8.409222 182
1684704550028 8.409222 183
1684704550097 8.409222 184
1684704550159 8.409222 185
1684704550228 8.409222 186
1684704550297 8.409222 187
1684704550375 8.409222 188
1684704550444 8.409222 189
1684704550513 8.409222 190
1684704550592 8.409222 191
1684704550661 8.409222 192
1684704550730 8.409222 193
1684704550799 8.409222 194
1684704550861 8.409222 195
1684704550930 8.409222 196
1684704550999 8.409222 197
1684704551062 8.409222 198
1684704551131 8.409222 199
1684704551200 8.409222 200
1684704551278 8.409222 201
1684704551347 8.409222 202
1684704551416 8.409222 203
1684704551479 8.409222 204
1684704551548 8.409222 205
1684704551617 8.409222 206
1684704551695 8.409222 207
1684704551764 8.409222 208
1684704551833 8.409222 209
1684704551902 8.409222 210
1684704551980 8.409222 211
1684704552049 8.409222 212
1684704552118 8.409222 213
1684704552197 8.409222 214
1684704552266 8.409222 215
1684704552335 8.409222 216
1684704552404 8.409222 217
1684704552466 8.409222 218
1684704552535 8.409222 219
1684704552604 8.409222 220
1684704552682 8.409222 221
1684704552751 8.409222 222
1684704552820 8.409222 223
1684704552883 8.409222 224
1684704552952 8.409222 225
1684704553021 8.409222 226
1684704553099 8.409222 227
1684704553168 8.409222 228
1684704553237 8.409222 229
1684704553306 8.409222 230
1684704553384 8.409222 231
1684704553454 8.409222 232
1684704553523 8.409222 233
1684704553585 8.409222 234
1684704553654 8.409222 235
1684704553723 8.409222 236
1684704553801 8.409222 237
1684704553870 8.409222 238
1684704553939 8.409222 239
1684704554008 8.409222 240
1684704554087 8.409222 241
1684704554156 8.409222 242
1684704554225 8.409222 243
1684704554287 8.409222 244
1684704554372 8.409222 245
1684704554441 8.409222 246
1684704554510 8.409222 247
1684704554588 8.409222 248
1684704554641 8.409222 249
1684704554711 8.409222 250
