1684701238391 58.312504 1
1684701238471 57.87276 2
1684701238547 57.343212 3
1684701238621 54.032917 4
1684701238697 52.769012 5
1684701238772 46.996677 6
1684701238847 43.154694 7
1684701238921 32.889496 8
1684701238994 26.913866 9
1684701239067 17.158533 10
1684701239143 14.525374 11
1684701239218 12.417467 12
1684701239292 10.971209 13
1684701239373 10.452791 14
1684701239448 10.123496 15
1684701239523 9.992344 16
1684701239606 9.976788 17
1684701239698 10.032651 18
1684701239773 10.116018 19
1684701239858 10.095294 20
1684701239933 10.065098 21
1684701240010 10.066345 22
1684701240090 10.081709 23
1684701240164 10.094474 24
1684701240242 10.095219 25
1684701240318 10.082544 26
1684701240400 10.06082 27
1684701240477 10.036763 28
1684701240555 10.01717 29
1684701240631 10.00313 30
1684701240709 9.992534 31
1684701240784 9.984477 32
1684701240861 9.978652 33
1684701240935 9.974927 34
1684701241007 9.973351 35
1684701241081 9.973576 36
1684701241153 9.974499 37
1684701241228 9.974678 38
1684701241300 9.973892 39
1684701241373 9.973082 40
1684701241446 9.972796 41
1684701241518 9.972837 42
1684701241591 9.972899 43
1684701241665 9.972834 44
1684701241738 9.972631 45
1684701241810 9.9723835 46
1684701241886 9.972193 47
1684701241958 9.972103 48
1684701242030 9.972092 49
1684701242103 9.972123 50
1684701242175 9.972172 51
1684701242248 9.972239 52
1684701242325 9.972323 53
1684701242413 9.972428 54
1684701242490 9.9725485 55
1684701242563 9.972678 56
1684701242636 9.97281 57
1684701242710 9.972933 58
1684701242782 9.973042 59
1684701242858 9.973128 60
1684701242931 9.973197 61
1684701243004 9.973248 62
1684701243076 9.973284 63
1684701243149 9.9733095 64
1684701243224 9.9733305 65
1684701243298 9.973349 66
1684701243372 9.973366 67
1684701243447 9.973383 68
1684701243523 9.973402 69
1684701243600 9.973419 70
1684701243677 9.973437 71
1684701243752 9.973456 72
1684701243826 9.973475 73
1684701243903 9.973494 74
1684701243978 9.973511 75
1684701244051 9.973526 76
1684701244124 9.973542 77
1684701244195 9.9735565 78
1684701244268 9.97357 79
1684701244345 9.973582 80
1684701244419 9.973594 81
1684701244493 9.973602 82
1684701244565 9.973611 83
1684701244637 9.973618 84
1684701244712 9.973625 85
1684701244785 9.973631 86
1684701244860 9.973634 87
1684701244933 9.973639 88
1684701245006 9.97364 89
1684701245077 9.973642 90
1684701245149 9.973643 91
1684701245220 9.973645 92
1684701245293 9.973646 93
1684701245368 9.973646 94
1684701245440 9.973645 95
1684701245515 9.973644 96
1684701245587 9.973644 97
1684701245660 9.973645 98
1684701245739 9.973644 99
1684701245813 9.973644 100
1684701245890 9.973644 101
1684701245963 9.973644 102
1684701246040 9.973644 103
1684701246115 9.973643 104
1684701246188 9.973642 105
1684701246263 9.973642 106
1684701246338 9.973642 107
1684701246414 9.973642 108
1684701246487 9.973642 109
1684701246561 9.973643 110
1684701246634 9.973643 111
1684701246710 9.973642 112
1684701246784 9.973642 113
1684701246859 9.973644 114
1684701246931 9.973644 115
1684701247005 9.973644 116
1684701247077 9.973644 117
1684701247148 9.973643 118
1684701247221 9.973644 119
1684701247293 9.973644 120
1684701247604 9.973644 121
1684701247681 9.973644 122
1684701247753 9.973644 123
1684701247826 9.973644 124
1684701247902 9.973644 125
1684701247975 9.973645 126
1684701248047 9.973644 127
1684701248120 9.973645 128
1684701248193 9.973644 129
1684701248268 9.973644 130
1684701248345 9.973645 131
1684701248418 9.973645 132
1684701248496 9.973645 133
1684701248576 9.973644 134
1684701248648 9.973644 135
1684701248726 9.973645 136
1684701248798 9.973646 137
1684701248871 9.973645 138
1684701248945 9.973645 139
1684701249018 9.973644 140
1684701249089 9.973645 141
1684701249163 9.973645 142
1684701249239 9.973644 143
1684701249311 9.973645 144
1684701249387 9.973645 145
1684701249460 9.973646 146
1684701249533 9.973646 147
1684701249607 9.973646 148
1684701249680 9.973646 149
1684701249753 9.973646 150
1684701249848 9.973646 151
1684701249921 9.973645 152
1684701249993 9.973644 153
1684701250067 9.973645 154
1684701250139 9.973645 155
1684701250211 9.973644 156
1684701250287 9.973645 157
1684701250360 9.973645 158
1684701250433 9.973646 159
1684701250521 9.973646 160
1684701250598 9.973645 161
1684701250669 9.973645 162
1684701250741 9.973646 163
1684701250813 9.973646 164
1684701250887 9.973644 165
1684701250958 9.973644 166
1684701251031 9.973646 167
1684701251103 9.973646 168
1684701251177 9.973645 169
1684701251250 9.973645 170
1684701251322 9.973646 171
1684701251396 9.973644 172
1684701251469 9.973643 173
1684701251542 9.973643 174
1684701251615 9.973645 175
1684701251691 9.973646 176
1684701251765 9.973646 177
1684701251838 9.973646 178
1684701251910 9.973645 179
1684701251984 9.973645 180
1684701252056 9.973645 181
1684701252130 9.973645 182
1684701252204 9.973645 183
1684701252280 9.973644 184
1684701252354 9.973645 185
1684701252427 9.973645 186
1684701252499 9.973646 187
1684701252571 9.973646 188
1684701252643 9.973646 189
1684701252716 9.973646 190
1684701252792 9.973646 191
1684701252865 9.973646 192
1684701252939 9.973645 193
1684701253015 9.973645 194
1684701253091 9.973645 195
1684701253167 9.973646 196
1684701253242 9.973645 197
1684701253314 9.973645 198
1684701253389 9.973645 199
1684701253461 9.973645 200
1684701253534 9.973646 201
1684701253612 9.973646 202
1684701253686 9.973645 203
1684701253762 9.973645 204
1684701253835 9.973645 205
1684701253908 9.973646 206
1684701253982 9.973645 207
1684701254054 9.973644 208
1684701254127 9.973644 209
1684701254199 9.973644 210
1684701254271 9.973645 211
1684701254345 9.973646 212
1684701254418 9.973646 213
1684701254491 9.973646 214
1684701254565 9.973645 215
1684701254638 9.973645 216
1684701254710 9.973645 217
1684701254784 9.973646 218
1684701254860 9.973645 219
1684701254935 9.973645 220
1684701255007 9.973645 221
1684701255080 9.973645 222
1684701255153 9.973646 223
1684701255225 9.973646 224
1684701255298 9.973645 225
1684701255372 9.973645 226
1684701255444 9.973645 227
1684701255687 9.973645 228
1684701255847 9.973645 229
1684701255942 9.973645 230
1684701256020 9.973645 231
1684701256097 9.973646 232
1684701256171 9.973646 233
1684701256247 9.973646 234
1684701256323 9.973646 235
1684701256400 9.973645 236
1684701256475 9.973645 237
1684701256548 9.973645 238
1684701256622 9.973645 239
1684701256694 9.973645 240
1684701256768 9.973646 241
1684701256840 9.973645 242
1684701256915 9.973645 243
1684701256992 9.973645 244
1684701257066 9.973645 245
1684701257138 9.973645 246
1684701257210 9.973645 247
1684701257282 9.973645 248
1684701257356 9.973645 249
1684701257429 9.973646 250
