1684701701505 29.495853 1
1684701701582 26.109295 2
1684701701660 17.255638 3
1684701701735 13.430569 4
1684701701810 12.219364 5
1684701701886 10.217129 6
1684701701959 9.846874 7
1684701702035 9.790661 8
1684701702110 9.858955 9
1684701702184 9.941263 10
1684701702258 9.938427 11
1684701702334 9.830901 12
1684701702409 9.584791 13
1684701702486 9.2815895 14
1684701702563 9.054193 15
1684701702640 8.949478 16
1684701702724 8.914068 17
1684701702802 8.880445 18
1684701702877 8.83961 19
1684701702957 8.822032 20
1684701703031 8.830408 21
1684701703107 8.8407755 22
1684701703181 8.834925 23
1684701703257 8.806997 24
1684701703335 8.769063 25
1684701703413 8.744057 26
1684701703487 8.737099 27
1684701703560 8.736586 28
1684701703631 8.746366 29
1684701703702 8.767328 30
1684701703776 8.79708 31
1684701703853 8.835932 32
1684701703928 8.8872175 33
1684701704005 8.953949 34
1684701704082 9.036234 35
1684701704157 9.1287985 36
1684701704230 9.220938 37
1684701704306 9.299995 38
1684701704383 9.358217 39
1684701704456 9.393246 40
1684701704532 9.403004 41
1684701704605 9.391789 42
1684701704676 9.368096 43
1684701704748 9.335661 44
1684701704822 9.297622 45
1684701704896 9.256271 46
1684701704969 9.21212 47
1684701705042 9.164753 48
1684701705118 9.114395 49
1684701705193 9.06308 50
1684701705268 9.014671 51
1684701705350 8.973408 52
1684701705424 8.942077 53
1684701705501 8.921394 54
1684701705576 8.910677 55
1684701705651 8.908723 56
1684701705724 8.914294 57
1684701705800 8.926226 58
1684701705876 8.9433365 59
1684701705955 8.964275 60
1684701706032 8.987434 61
1684701706107 9.010996 62
1684701706182 9.033138 63
1684701706254 9.052321 64
1684701706329 9.067537 65
1684701706406 9.07839 66
1684701706479 9.085018 67
1684701706553 9.087927 68
1684701706626 9.08779 69
1684701706701 9.08532 70
1684701706773 9.081176 71
1684701706849 9.075926 72
1684701706923 9.070036 73
1684701706995 9.063877 74
1684701707067 9.057745 75
1684701707138 9.051862 76
1684701707211 9.046394 77
1684701707283 9.041456 78
1684701707358 9.037127 79
1684701707432 9.033443 80
1684701707505 9.030411 81
1684701707578 9.028011 82
1684701707650 9.026208 83
1684701707724 9.024946 84
1684701707797 9.02416 85
1684701707875 9.023783 86
1684701707948 9.023742 87
1684701708022 9.023964 88
1684701708133 9.024383 89
1684701708207 9.024937 90
1684701708291 9.025572 91
1684701708376 9.026242 92
1684701708448 9.026913 93
1684701708519 9.027554 94
1684701708593 9.028141 95
1684701708665 9.028662 96
1684701708738 9.029108 97
1684701708811 9.029474 98
1684701708890 9.029765 99
1684701708962 9.029982 100
1684701709034 9.030132 101
1684701709113 9.030221 102
1684701709187 9.03026 103
1684701709260 9.030256 104
1684701709337 9.030217 105
1684701709414 9.030152 106
1684701709486 9.03007 107
1684701709559 9.029976 108
1684701709633 9.029878 109
1684701709707 9.029778 110
1684701709779 9.029682 111
1684701709853 9.0295925 112
1684701709928 9.029514 113
1684701710000 9.029446 114
1684701710079 9.0293865 115
1684701710153 9.029338 116
1684701710224 9.029302 117
1684701710297 9.029277 118
1684701710373 9.02926 119
1684701710445 9.029251 120
1684701710518 9.029249 121
1684701710590 9.029255 122
1684701710670 9.029266 123
1684701710742 9.02928 124
1684701710833 9.029295 125
1684701710905 9.029314 126
1684701710979 9.029333 127
1684701711051 9.02935 128
1684701711123 9.02937 129
1684701711197 9.0293865 130
1684701711270 9.029403 131
1684701711346 9.029418 132
1684701711418 9.029432 133
1684701711497 9.029444 134
1684701711579 9.029455 135
1684701711654 9.029464 136
1684701711727 9.029472 137
1684701711800 9.029479 138
1684701711878 9.029483 139
1684701711952 9.029486 140
1684701712025 9.029488 141
1684701712096 9.029489 142
1684701712173 9.029488 143
1684701712250 9.029486 144
1684701712327 9.029485 145
1684701712403 9.029483 146
1684701712474 9.029482 147
1684701712546 9.029482 148
1684701712619 9.029482 149
1684701712691 9.029482 150
1684701712763 9.029481 151
1684701712837 9.029481 152
1684701712911 9.029482 153
1684701712983 9.029482 154
1684701713056 9.029482 155
1684701713128 9.029482 156
1684701713201 9.029482 157
1684701713274 9.029482 158
1684701713349 9.029482 159
1684701713422 9.029482 160
1684701713603 9.029483 161
1684701713733 9.029483 162
1684701713804 9.029483 163
1684701713879 9.029483 164
1684701713952 9.029483 165
1684701714024 9.029484 166
1684701714095 9.029485 167
1684701714173 9.029486 168
1684701714245 9.029486 169
1684701714443 9.029486 170
1684701714527 9.029486 171
1684701714599 9.029486 172
1684701714674 9.029486 173
1684701714746 9.029485 174
1684701714817 9.029485 175
1684701714893 9.029484 176
1684701714966 9.029484 177
1684701715039 9.029484 178
1684701715111 9.029484 179
1684701715184 9.029484 180
1684701715257 9.029484 181
1684701715329 9.029484 182
1684701715405 9.029484 183
1684701715478 9.029484 184
1684701715550 9.029485 185
1684701715623 9.029485 186
1684701715696 9.029485 187
1684701715767 9.029484 188
1684701715840 9.029485 189
1684701715915 9.029485 190
1684701715986 9.029485 191
1684701716057 9.029485 192
1684701716129 9.029484 193
1684701716202 9.029485 194
1684701716276 9.029485 195
1684701716352 9.029485 196
1684701716436 9.029485 197
1684701716515 9.029485 198
1684701716586 9.029486 199
1684701716659 9.029486 200
1684701716731 9.029486 201
1684701716803 9.029486 202
1684701716878 9.029486 203
1684701716952 9.029486 204
1684701717029 9.029485 205
1684701717101 9.029485 206
1684701717174 9.029485 207
1684701717247 9.029486 208
1684701717322 9.029485 209
1684701717400 9.029485 210
1684701717473 9.029486 211
1684701717546 9.029486 212
1684701717620 9.029486 213
1684701717696 9.029486 214
1684701717768 9.029486 215
1684701717843 9.029486 216
1684701717919 9.029485 217
1684701717994 9.029485 218
1684701718068 9.029485 219
1684701718140 9.029485 220
1684701718213 9.029484 221
1684701718286 9.029484 222
1684701718361 9.029484 223
1684701718434 9.029485 224
1684701718508 9.029484 225
1684701718582 9.029484 226
1684701718655 9.029484 227
1684701718728 9.029484 228
1684701718802 9.029484 229
1684701718876 9.029484 230
1684701718953 9.029485 231
1684701719026 9.029485 232
1684701719102 9.029485 233
1684701719175 9.029485 234
1684701719252 9.029485 235
1684701719332 9.029485 236
1684701719409 9.029485 237
1684701719482 9.029485 238
1684701719556 9.029485 239
1684701719629 9.029485 240
1684701719702 9.029485 241
1684701719775 9.029485 242
1684701719849 9.029485 243
1684701719923 9.029485 244
1684701719994 9.029485 245
1684701720073 9.029485 246
1684701720147 9.029484 247
1684701720220 9.029484 248
1684701720293 9.029484 249
1684701720369 9.029484 250
