1684702854700 11.857351586396241 1
1684702854789 11.617144375785593 2
1684702854868 10.668024765166843 3
1684702854931 6.8124254278035306 4
1684702855016 6.454176424673781 5
1684702855097 4.940098857285113 6
1684702855177 5.124554979440811 7
1684702855260 5.372163254733752 8
1684702855339 5.8038341358930525 9
1684702855420 5.829891600182376 10
1684702855501 5.653100138912255 11
1684702855581 4.897232009964003 12
1684702855662 5.028708000661002 13
1684702855733 5.1699590377873115 14
1684702855822 3.8344599974140894 15
1684702855894 2.652560577570028 16
1684702855980 1.9835197447545763 17
1684702856064 1.4856575299326304 18
1684702856149 1.0019155565329185 19
1684702856227 0.6599491922791498 20
1684702856309 0.5073747480304205 21
1684702856380 0.34846724638635795 22
1684702856476 0.3442033973457356 23
1684702856567 0.3554847432737527 24
1684702856652 0.3713710885541445 25
1684702856721 0.3854053207241605 26
1684702856821 0.39957243403288784 27
1684702856889 0.41612345950289414 28
1684702856968 0.4310828084107474 29
1684702857066 0.4427470520611672 30
1684702857157 0.4519113275404525 31
1684702857240 0.45985659337849616 32
1684702857327 0.46684059853955356 33
1684702857409 0.4729835474278355 34
1684702857509 0.4786404967876771 35
1684702857587 0.48311092266789146 36
1684702857672 0.4838937671991955 37
1684702857765 0.4751946426074376 38
1684702857852 0.4475367372996483 39
1684702857935 0.4176432296963227 40
1684702858025 0.4047802501197395 41
1684702858114 0.3942220269754363 42
1684702858197 0.3808132760727079 43
1684702858285 0.3657990386304461 44
1684702858368 0.3528810778412268 45
1684702858447 0.3447335472000501 46
1684702858519 0.34049680934063475 47
1684702858619 0.3383912697990703 48
1684702858697 0.3374092385693809 49
1684702858792 0.3371665667363066 50
1684702858866 0.3375793445036648 51
1684702858957 0.338671428317057 52
1684702859035 0.3405062445085446 53
1684702859120 0.3431732684159251 54
1684702859198 0.3467609780837728 55
1684702859297 0.3512805660567912 56
1684702859366 0.35656035886440435 57
1684702859451 0.3621750165408028 58
1684702859520 0.36749658660433654 59
1684702859598 0.3719042976844751 60
1684702859682 0.3750071874923826 61
1684702859783 0.37672785661488134 62
1684702859855 0.3772344092102401 63
1684702859936 0.37681202295698435 64
1684702860023 0.37575917994028313 65
1684702860085 0.3743310164423324 66
1684702860168 0.3727224017447525 67
1684702860237 0.37107060320794927 68
1684702860306 0.36946794829782575 69
1684702860384 0.36797427132493565 70
1684702860453 0.3666260420368011 71
1684702860522 0.3654434041245601 72
1684702860587 0.36443470643889675 73
1684702860653 0.36359938361172117 74
1684702860738 0.3629320920916936 75
1684702860818 0.362421199114216 76
1684702860885 0.3620517690184039 77
1684702860954 0.36180670745198984 78
1684702861023 0.3616693714620122 79
1684702861103 0.36162028290253434 80
1684702861170 0.361641577518543 81
1684702861239 0.36171783920765166 82
1684702861323 0.36183192208803827 83
1684702861386 0.3619715952737763 84
1684702861455 0.36212398031870496 85
1684702861524 0.36227952115604395 86
1684702861605 0.36243087515020433 87
1684702861671 0.36257148497345837 88
1684702861740 0.3626973404490822 89
1684702861824 0.36280648506456603 90
1684702861887 0.36289691544655234 91
1684702861956 0.3629698181052728 92
1684702862025 0.36302485590836525 93
1684702862103 0.3630636043007306 94
1684702862169 0.36308744415603705 95
1684702862240 0.3630986646002712 96
1684702862325 0.36310048594785543 97
1684702862388 0.3630938897339326 98
1684702862457 0.3630799560182865 99
1684702862526 0.3630626720295575 100
1684702862604 0.3630419940916803 101
1684702862804 0.3630193796223093 102
1684702862920 0.3629968288564285 103
1684702862989 0.36297449735089715 104
1684702863058 0.3629539314747539 105
1684702863127 0.362935542232569 106
1684702863203 0.3629189284251683 107
1684702863283 0.3629052939817037 108
1684702863343 0.362893548616713 109
1684702863428 0.36288453335299903 110
1684702863490 0.36287791823357407 111
1684702863559 0.36287328863159507 112
1684702863628 0.3628708354929597 113
1684702863708 0.36286985502802294 114
1684702863780 0.36287026892161445 115
1684702863845 0.36287242546392284 116
1684702863929 0.3628750074788409 117
1684702864030 0.3628786206444913 118
1684702864108 0.3628825533450919 119
1684702864192 0.3628863172999867 120
1684702864280 0.362890887200491 121
1684702864346 0.3628952723529678 122
1684702864409 0.3628993515208034 123
1684702864478 0.3629028560669514 124
1684702864547 0.36290618272908903 125
1684702864631 0.3629089673412923 126
1684702864709 0.36291164128750536 127
1684702864786 0.3629137718148124 128
1684702864847 0.3629156146086416 129
1684702864932 0.3629175750659857 130
1684702864994 0.3629189027216379 131
1684702865063 0.36292036803108574 132
1684702865148 0.3629214933100464 133
1684702865210 0.3629217820593541 134
1684702865290 0.36292229355194533 135
1684702865350 0.36292261196566267 136
1684702865433 0.3629224392798473 137
1684702865495 0.36292229355194533 138
1684702865564 0.36292229355194533 139
1684702865633 0.36292204262138955 140
1684702865711 0.3629220533123318 141
1684702865781 0.3629218833287273 142
1684702865851 0.36292163096238955 143
1684702865929 0.36292104535319575 144
1684702865996 0.36292112773767005 145
1684702866065 0.3629210332275925 146
1684702866150 0.36292071481607 147
1684702866213 0.3629205960521437 148
1684702866283 0.36292068498940777 149
1684702866364 0.3629207092437057 150
1684702866431 0.3629205637223947 151
1684702866497 0.3629205367612531 152
1684702866566 0.3629206785542483 153
1684702866635 0.3629209727110125 154
1684702866713 0.36292062706268846 155
1684702866790 0.3629208942586862 156
1684702866851 0.3629205486106455 157
1684702866933 0.3629208158070589 158
1684702866998 0.3629208158070589 159
1684702867067 0.3629208400625756 160
1684702867152 0.3629208158070589 161
1684702867214 0.36292096153315057 162
1684702867296 0.3629209345733171 163
1684702867368 0.36292113151549904 164
1684702867437 0.36292125298607875 165
1684702867499 0.3629213556924288 166
1684702867584 0.3629213556924288 167
1684702867653 0.3629214771629846 168
1684702867715 0.36292118300622017 169
1684702867796 0.3629213556924288 170
1684702867869 0.3629214771629846 171
1684702867938 0.36292113151549904 172
1684702867998 0.36292113151549904 173
1684702868069 0.36292125298607875 174
1684702868138 0.36292113151549904 175
1684702868216 0.36292125298607875 176
1684702868285 0.3629210802999236 177
1684702868354 0.36292113151549904 178
1684702868417 0.36292113151549904 179
1684702868494 0.36292098578891313 180
1684702868555 0.36292098578891313 181
1684702868633 0.36292113151549904 182
1684702868702 0.36292113151549904 183
1684702868775 0.36292113151549904 184
1684702868840 0.3629213231584285 185
1684702868902 0.36292133942527555 186
1684702868971 0.3629213556924288 187
1684702869055 0.36292113151549904 188
1684702869126 0.36292125298607875 189
1684702869189 0.3629213556924288 190
1684702869271 0.36292164714606334 191
1684702869342 0.36292164714606334 192
1684702869404 0.36292164714606334 193
1684702869674 0.36292164714606334 194
1684702869806 0.36292179287325316 195
1684702869890 0.3629215361625611 196
1684702869959 0.36292180336075364 197
1684702870022 0.3629216981570357 198
1684702870096 0.3629217144243262 199
1684702870175 0.3629217306919229 200
1684702870244 0.3629217144243262 201
1684702870313 0.362921663208833 202
1684702870391 0.3629219386006913 203
1684702870460 0.3629219060663341 204
1684702870538 0.3629219223333597 205
1684702870611 0.3629220600712566 206
1684702870676 0.3629219386006913 207
1684702870745 0.3629217659145555 208
1684702870814 0.3629220600712566 209
1684702870892 0.3629217144243262 210
1684702870961 0.3629216981570357 211
1684702871039 0.3629218358949154 212
1684702871108 0.36292168189005125 213
1684702871178 0.3629218358949154 214
1684702871246 0.36292142296941593 215
1684702871330 0.36292164714606334 216
1684702871393 0.3629219143438161 217
1684702871462 0.36292179287325316 218
1684702871540 0.36292179287325316 219
1684702871609 0.36292179287325316 220
1684702871686 0.36292189807658565 221
1684702871746 0.3629215361625611 222
1684702871814 0.3629215686967469 223
1684702871893 0.36292139601053736 224
1684702871962 0.3629215686967469 225
1684702872041 0.3629216576332612 226
1684702872110 0.36292155242950097 227
1684702872189 0.3629216901673337 228
1684702872275 0.3629215686967469 229
1684702872347 0.3629216901673337 230
1684702872410 0.3629215361625611 231
1684702872495 0.36292155242950097 232
1684702872564 0.3629215686967469 233
1684702872626 0.3629218358949154 234
1684702872695 0.36292181962768144 235
1684702872780 0.3629217144243262 236
1684702872849 0.3629217144243262 237
1684702872912 0.3629218358949154 238
1684702872981 0.3629217144243262 239
1684702873049 0.3629218358949154 240
1684702873127 0.3629216981570357 241
1684702873196 0.36292168189005125 242
1684702873272 0.36292168189005125 243
1684702873343 0.3629217144243262 244
1684702873412 0.3629218358949154 245
1684702873481 0.3629217144243262 246
1684702873551 0.3629220600712566 247
1684702873613 0.36292179287325316 248
1684702873698 0.3629219386006913 249
1684702873767 0.3629220600712566 250
