1684703059274 57.178223 1
1684703059368 57.149315 2
1684703059436 57.061573 3
1684703059519 50.6351 4
1684703059588 47.76111 5
1684703059666 45.787334 6
1684703059735 39.594044 7
1684703059804 36.894222 8
1684703059882 35.10386 9
1684703059951 33.42805 10
1684703060020 30.707706 11
1684703060089 27.695366 12
1684703060167 25.804369 13
1684703060236 24.092209 14
1684703060321 20.080868 15
1684703060390 14.414244 16
1684703060468 10.641229 17
1684703060537 9.371114 18
1684703060606 9.376352 19
1684703060691 9.379864 20
1684703060754 9.383581 21
1684703060823 9.386132 22
1684703060907 9.382745 23
1684703060970 9.37649 24
1684703061039 9.372522 25
1684703061108 9.37149 26
1684703061192 9.37195 27
1684703061255 9.372875 28
1684703061339 9.3744335 29
1684703061408 9.376839 30
1684703061486 9.379586 31
1684703061555 9.381839 32
1684703061640 9.382895 33
1684703061709 9.384335 34
1684703061787 9.387152 35
1684703061856 9.389994 36
1684703061925 9.391694 37
1684703061994 9.392279 38
1684703062057 9.391733 39
1684703062126 9.388786 40
1684703062195 9.38228 41
1684703062273 9.373559 42
1684703062342 9.365638 43
1684703062411 9.36013 44
1684703062489 9.356892 45
1684703062558 9.355233 46
1684703062627 9.354549 47
1684703062696 9.354418 48
1684703062775 9.354572 49
1684703062844 9.3548565 50
1684703062913 9.355192 51
1684703062975 9.35554 52
1684703063044 9.355885 53
1684703063113 9.35622 54
1684703063198 9.356537 55
1684703063260 9.356829 56
1684703063329 9.357093 57
1684703063398 9.357323 58
1684703063477 9.357518 59
1684703063546 9.357676 60
1684703063615 9.357797 61
1684703063677 9.357885 62
1684703063746 9.357941 63
1684703063831 9.35797 64
1684703063900 9.357979 65
1684703063962 9.357968 66
1684703064031 9.357946 67
1684703064100 9.357914 68
1684703064179 9.357876 69
1684703064248 9.357837 70
1684703064317 9.357796 71
1684703064395 9.357758 72
1684703064464 9.357721 73
1684703064533 9.357689 74
1684703064602 9.35766 75
1684703064680 9.357635 76
1684703064749 9.3576145 77
1684703064818 9.357597 78
1684703064881 9.357584 79
1684703064950 9.357573 80
1684703065019 9.357565 81
1684703065097 9.357559 82
1684703065166 9.357555 83
1684703065235 9.357553 84
1684703065304 9.357552 85
1684703065382 9.357551 86
1684703065451 9.357552 87
1684703065520 9.357551 88
1684703065598 9.357552 89
1684703065667 9.357553 90
1684703065736 9.3575535 91
1684703065805 9.3575535 92
1684703065868 9.3575535 93
1684703065952 9.3575535 94
1684703066021 9.3575535 95
1684703066084 9.3575535 96
1684703066153 9.357553 97
1684703066222 9.357552 98
1684703066300 9.357551 99
1684703066369 9.35755 100
1684703066438 9.35755 101
1684703066507 9.357548 102
1684703066585 9.357546 103
1684703066654 9.357546 104
1684703066739 9.357545 105
1684703066808 9.357544 106
1684703066871 9.357543 107
1684703066955 9.357542 108
1684703067024 9.357542 109
1684703067087 9.357541 110
1684703067272 9.357541 111
1684703067426 9.35754 112
1684703067510 9.357539 113
1684703067673 9.357539 114
1684703067804 9.357539 115
1684703067889 9.357539 116
1684703067974 9.357539 117
1684703068043 9.357539 118
1684703068112 9.357539 119
1684703068190 9.357539 120
1684703068259 9.357539 121
1684703068328 9.35754 122
1684703068406 9.357539 123
1684703068475 9.357539 124
1684703068544 9.357539 125
1684703068613 9.357539 126
1684703068691 9.357539 127
1684703068760 9.357539 128
1684703068829 9.357539 129
1684703068908 9.357539 130
1684703068977 9.35754 131
1684703069046 9.35754 132
1684703069120 9.35754 133
1684703069183 9.35754 134
1684703069246 9.35754 135
1684703069315 9.35754 136
1684703069393 9.35754 137
1684703069462 9.35754 138
1684703069531 9.35754 139
1684703069609 9.35754 140
1684703069663 9.35754 141
1684703069747 9.35754 142
1684703069810 9.35754 143
1684703069879 9.35754 144
1684703069948 9.35754 145
1684703070017 9.35754 146
1684703070080 9.35754 147
1684703070149 9.357539 148
1684703070233 9.357539 149
1684703070296 9.357539 150
1684703070365 9.357539 151
1684703070449 9.357539 152
1684703070518 9.357539 153
1684703070581 9.357539 154
1684703070650 9.357539 155
1684703070719 9.357539 156
1684703070797 9.357539 157
1684703070866 9.357539 158
1684703070935 9.357539 159
1684703070998 9.35754 160
1684703071082 9.35754 161
1684703071151 9.35754 162
1684703071220 9.35754 163
1684703071299 9.35754 164
1684703071368 9.35754 165
1684703071437 9.35754 166
1684703071499 9.35754 167
1684703071568 9.35754 168
1684703071637 9.35754 169
1684703071722 9.35754 170
1684703071784 9.35754 171
1684703071869 9.35754 172
1684703071938 9.35754 173
1684703072001 9.35754 174
1684703072070 9.35754 175
1684703072139 9.35754 176
1684703072217 9.35754 177
1684703072286 9.35754 178
1684703072355 9.35754 179
1684703072440 9.35754 180
1684703072524 9.35754 181
1684703072741 9.35754 182
1684703072903 9.35754 183
1684703072988 9.35754 184
1684703073057 9.35754 185
1684703073126 9.35754 186
1684703073204 9.35754 187
1684703073273 9.35754 188
1684703073342 9.35754 189
1684703073420 9.35754 190
1684703073489 9.35754 191
1684703073558 9.35754 192
1684703073627 9.35754 193
1684703073706 9.35754 194
1684703073775 9.35754 195
1684703073844 9.35754 196
1684703073906 9.35754 197
1684703073975 9.35754 198
1684703074044 9.35754 199
1684703074122 9.35754 200
1684703074191 9.35754 201
1684703074260 9.35754 202
1684703074329 9.35754 203
1684703074392 9.35754 204
1684703074461 9.35754 205
1684703074530 9.35754 206
1684703074608 9.35754 207
1684703074677 9.35754 208
1684703074746 9.35754 209
1684703074809 9.35754 210
1684703074893 9.35754 211
1684703074962 9.35754 212
1684703075031 9.35754 213
1684703075094 9.35754 214
1684703075163 9.35754 215
1684703075232 9.35754 216
1684703075310 9.35754 217
1684703075379 9.35754 218
1684703075448 9.35754 219
1684703075511 9.35754 220
1684703075595 9.35754 221
1684703075664 9.35754 222
1684703075733 9.35754 223
1684703075812 9.35754 224
1684703075881 9.35754 225
1684703075950 9.35754 226
1684703076028 9.35754 227
1684703076097 9.35754 228
1684703076166 9.35754 229
1684703076235 9.35754 230
1684703076297 9.35754 231
1684703076382 9.35754 232
1684703076451 9.35754 233
1684703076514 9.35754 234
1684703076598 9.35754 235
1684703076667 9.35754 236
1684703076752 9.35754 237
1684703076814 9.35754 238
1684703076883 9.35754 239
1684703076952 9.35754 240
1684703077031 9.35754 241
1684703077100 9.35754 242
1684703077169 9.35754 243
1684703077238 9.35754 244
1684703077300 9.35754 245
1684703077369 9.35754 246
1684703077438 9.35754 247
1684703077501 9.35754 248
1684703077585 9.35754 249
1684703077654 9.35754 250
