1684705041479 27.987604 1
1684705041560 22.922138 2
1684705041626 13.482754 3
1684705041695 9.997301 4
1684705041780 10.141996 5
1684705041858 10.269533 6
1684705041927 10.387103 7
1684705041996 10.592907 8
1684705042081 10.889482 9
1684705042143 11.224093 10
1684705042212 11.385291 11
1684705042297 11.304571 12
1684705042375 11.385656 13
1684705042444 11.731709 14
1684705042529 11.2472925 15
1684705042598 10.524872 16
1684705042676 9.973334 17
1684705042745 9.184151 18
1684705042814 8.825233 19
1684705042883 8.693608 20
1684705042961 8.6507635 21
1684705043030 8.59874 22
1684705043099 8.605752 23
1684705043184 8.617623 24
1684705043246 8.609939 25
1684705043315 8.597861 26
1684705043400 8.59668 27
1684705043472 8.599602 28
1684705043531 8.599951 29
1684705043616 8.597097 30
1684705043685 8.593672 31
1684705043748 8.591749 32
1684705043817 8.592175 33
1684705043886 8.594927 34
1684705043964 8.59952 35
1684705044033 8.605066 36
1684705044102 8.610405 37
1684705044164 8.614563 38
1684705044233 8.617167 39
1684705044302 8.61831 40
1684705044387 8.618217 41
1684705044449 8.617097 42
1684705044550 8.615161 43
1684705044619 8.61265 44
1684705044688 8.60983 45
1684705044766 8.606949 46
1684705044835 8.604212 47
1684705044904 8.601767 48
1684705044975 8.599701 49
1684705045051 8.598043 50
1684705045120 8.5967865 51
1684705045189 8.595896 52
1684705045267 8.595323 53
1684705045336 8.5950165 54
1684705045405 8.594927 55
1684705045468 8.595005 56
1684705045537 8.595207 57
1684705045606 8.595495 58
1684705045684 8.595835 59
1684705045753 8.596195 60
1684705045822 8.596554 61
1684705045891 8.596895 62
1684705045969 8.597206 63
1684705046038 8.597481 64
1684705046107 8.5977125 65
1684705046192 8.597904 66
1684705046254 8.598055 67
1684705046323 8.598167 68
1684705046392 8.598248 69
1684705046470 8.598299 70
1684705046539 8.598326 71
1684705046608 8.598335 72
1684705046687 8.59833 73
1684705046756 8.598312 74
1684705046825 8.5982895 75
1684705046894 8.598262 76
1684705046972 8.598233 77
1684705047041 8.598205 78
1684705047110 8.598177 79
1684705047188 8.598152 80
1684705047257 8.59813 81
1684705047326 8.598111 82
1684705047411 8.598096 83
1684705047473 8.5980835 84
1684705047558 8.598072 85
1684705047627 8.598064 86
1684705047696 8.59806 87
1684705047758 8.598057 88
1684705047827 8.598054 89
1684705047896 8.598053 90
1684705048028 8.598055 91
1684705048097 8.598055 92
1684705048160 8.598057 93
1684705048244 8.598059 94
1684705048313 8.598061 95
1684705048376 8.5980625 96
1684705048445 8.598064 97
1684705048514 8.598065 98
1684705048576 8.598066 99
1684705048699 8.598067 100
1684705048761 8.598068 101
1684705048830 8.598068 102
1684705048915 8.598068 103
1684705048977 8.598068 104
1684705049062 8.598068 105
1684705049131 8.598068 106
1684705049200 8.598067 107
1684705049263 8.598066 108
1684705049347 8.598065 109
1684705049416 8.598065 110
1684705049479 8.598064 111
1684705049548 8.5980625 112
1684705049617 8.5980625 113
1684705049695 8.5980625 114
1684705049764 8.598062 115
1684705049833 8.598061 116
1684705049902 8.598061 117
1684705049980 8.59806 118
1684705050049 8.598059 119
1684705050118 8.598059 120
1684705050181 8.598058 121
1684705050250 8.598057 122
1684705050334 8.598058 123
1684705050403 8.598058 124
1684705050481 8.598057 125
1684705050550 8.598057 126
1684705050619 8.598057 127
1684705050682 8.598056 128
1684705050767 8.598056 129
1684705050836 8.598056 130
1684705050905 8.598055 131
1684705050967 8.598055 132
1684705051036 8.598055 133
1684705051105 8.598055 134
1684705051183 8.598055 135
1684705051252 8.598055 136
1684705051321 8.598055 137
1684705051400 8.598055 138
1684705051469 8.598055 139
1684705051538 8.598055 140
1684705051607 8.598055 141
1684705051685 8.598054 142
1684705051754 8.598055 143
1684705051823 8.598055 144
1684705051901 8.598055 145
1684705051970 8.598055 146
1684705052039 8.598055 147
1684705052124 8.598055 148
1684705052186 8.598055 149
1684705052255 8.598055 150
1684705052324 8.598055 151
1684705052402 8.598055 152
1684705052471 8.598055 153
1684705052540 8.598055 154
1684705052625 8.598055 155
1684705052710 8.598055 156
1684705052772 8.598055 157
1684705052857 8.598055 158
1684705052926 8.598055 159
1684705053004 8.598054 160
1684705053073 8.598054 161
1684705053142 8.598055 162
1684705053211 8.598055 163
1684705053273 8.598055 164
1684705053358 8.598055 165
1684705053543 8.598055 166
1684705053713 8.598054 167
1684705053860 8.598054 168
1684705053944 8.598054 169
1684705054013 8.598054 170
1684705054076 8.598054 171
1684705054145 8.598054 172
1684705054230 8.598054 173
1684705054292 8.598054 174
1684705054361 8.598054 175
1684705054430 8.598054 176
1684705054508 8.598054 177
1684705054577 8.598054 178
1684705054646 8.598054 179
1684705054715 8.598054 180
1684705054778 8.598055 181
1684705054847 8.598055 182
1684705054916 8.598055 183
1684705054998 8.598055 184
1684705055063 8.598055 185
1684705055132 8.598055 186
1684705055194 8.598054 187
1684705055263 8.598054 188
1684705055348 8.598054 189
1684705055417 8.598054 190
1684705055480 8.598054 191
1684705055549 8.598054 192
1684705055618 8.598054 193
1684705055696 8.598054 194
1684705055765 8.598054 195
1684705055834 8.598054 196
1684705055912 8.598054 197
1684705055981 8.598054 198
1684705056050 8.598054 199
1684705056119 8.598054 200
1684705056197 8.598054 201
1684705056266 8.598055 202
1684705056335 8.598054 203
1684705056413 8.598054 204
1684705056482 8.598054 205
1684705056551 8.598054 206
1684705056620 8.598054 207
1684705056699 8.598054 208
1684705056768 8.598054 209
1684705056837 8.598054 210
1684705056915 8.598054 211
1684705056984 8.598054 212
1684705057053 8.598054 213
1684705057122 8.598054 214
1684705057200 8.598055 215
1684705057269 8.598055 216
1684705057338 8.598055 217
1684705057416 8.598055 218
1684705057485 8.598054 219
1684705057554 8.598054 220
1684705057623 8.598055 221
1684705057686 8.598054 222
1684705057755 8.598054 223
1684705057824 8.598054 224
1684705057902 8.598054 225
1684705057971 8.598054 226
1684705058040 8.598054 227
1684705058118 8.598054 228
1684705058187 8.598054 229
1684705058256 8.598054 230
1684705058325 8.598054 231
1684705058388 8.598054 232
1684705058457 8.598054 233
1684705058526 8.598055 234
1684705058604 8.598055 235
1684705058673 8.598055 236
1684705058742 8.598055 237
1684705058820 8.598055 238
1684705058889 8.598055 239
1684705058958 8.598055 240
1684705059027 8.598055 241
1684705059105 8.598055 242
1684705059174 8.598055 243
1684705059243 8.598055 244
1684705059321 8.598055 245
1684705059390 8.598054 246
1684705059459 8.598054 247
1684705059528 8.598055 248
1684705059591 8.598055 249
1684705059676 8.598055 250
