1684704116413 52.81474 1
1684704116492 37.85812 2
1684704116558 33.245995 3
1684704116627 31.79737 4
1684704116712 29.659777 5
1684704116774 28.09858 6
1684704116843 27.284637 7
1684704116928 26.977858 8
1684704116991 26.907875 9
1684704117075 26.735046 10
1684704117144 26.867079 11
1684704117229 27.290997 12
1684704117307 27.27428 13
1684704117376 27.42085 14
1684704117461 27.46827 15
1684704117530 27.625309 16
1684704117592 27.823652 17
1684704117661 28.137882 18
1684704117746 28.268232 19
1684704117815 22.053629 20
1684704117893 16.652523 21
1684704117962 12.308224 22
1684704118031 9.998829 23
1684704118094 9.238474 24
1684704118163 9.723658 25
1684704118248 9.563897 26
1684704118317 9.640297 27
1684704118390 9.834536 28
1684704118448 10.0546055 29
1684704118517 10.079546 30
1684704118595 9.930178 31
1684704118664 9.616564 32
1684704118733 9.037458 33
1684704118796 8.814131 34
1684704118865 8.794659 35
1684704118934 8.791216 36
1684704118996 8.743366 37
1684704119066 8.677098 38
1684704119135 8.622583 39
1684704119213 8.590008 40
1684704119282 8.579456 41
1684704119351 8.579721 42
1684704119420 8.581708 43
1684704119498 8.583547 44
1684704119567 8.58589 45
1684704119636 8.58832 46
1684704119714 8.590547 47
1684704119783 8.592736 48
1684704119852 8.594908 49
1684704119921 8.596828 50
1684704120000 8.598308 51
1684704120069 8.599337 52
1684704120138 8.600027 53
1684704120216 8.600491 54
1684704120285 8.600793 55
1684704120354 8.600959 56
1684704120423 8.601002 57
1684704120501 8.600938 58
1684704120570 8.60078 59
1684704120639 8.600542 60
1684704120717 8.600244 61
1684704120786 8.59991 62
1684704120855 8.599561 63
1684704120924 8.599217 64
1684704121003 8.598893 65
1684704121072 8.598601 66
1684704121141 8.598349 67
1684704121225 8.598139 68
1684704121288 8.597969 69
1684704121357 8.597839 70
1684704121426 8.597742 71
1684704121504 8.597677 72
1684704121573 8.597636 73
1684704121642 8.597615 74
1684704121705 8.597608 75
1684704121774 8.597614 76
1684704121843 8.5976305 77
1684704121921 8.59765 78
1684704121990 8.5976715 79
1684704122059 8.597696 80
1684704122128 8.597719 81
1684704122191 8.597742 82
1684704122260 8.597761 83
1684704122329 8.597779 84
1684704122407 8.5977955 85
1684704122476 8.597809 86
1684704122545 8.597819 87
1684704122623 8.597826 88
1684704122692 8.597833 89
1684704122761 8.597836 90
1684704122830 8.597837 91
1684704122909 8.597839 92
1684704122978 8.597839 93
1684704123047 8.597839 94
1684704123131 8.597838 95
1684704123194 8.597836 96
1684704123263 8.597834 97
1684704123332 8.597832 98
1684704123448 8.59783 99
1684704123526 8.597829 100
1684704123595 8.597826 101
1684704123664 8.597825 102
1684704123827 8.597824 103
1684704123896 8.597823 104
1684704123965 8.597821 105
1684704124034 8.597821 106
1684704124112 8.59782 107
1684704124181 8.59782 108
1684704124250 8.597821 109
1684704124313 8.59782 110
1684704124382 8.59782 111
1684704124451 8.59782 112
1684704124536 8.59782 113
1684704124598 8.59782 114
1684704124667 8.597822 115
1684704124736 8.597822 116
1684704124799 8.597822 117
1684704124868 8.597823 118
1684704124937 8.597824 119
1684704125015 8.597824 120
1684704125169 8.597824 121
1684704125285 8.597824 122
1684704125369 8.597824 123
1684704125439 8.597825 124
1684704125501 8.597825 125
1684704125570 8.597826 126
1684704125655 8.597826 127
1684704125717 8.597826 128
1684704125786 8.597826 129
1684704125871 8.597827 130
1684704125940 8.597827 131
1684704126003 8.597826 132
1684704126072 8.597826 133
1684704126141 8.597826 134
1684704126203 8.597826 135
1684704126272 8.597826 136
1684704126341 8.597826 137
1684704126420 8.597826 138
1684704126489 8.597826 139
1684704126558 8.597826 140
1684704126636 8.597826 141
1684704126705 8.597826 142
1684704126774 8.597826 143
1684704126843 8.597826 144
1684704126905 8.597827 145
1684704126990 8.597826 146
1684704127059 8.597826 147
1684704127122 8.597826 148
1684704127191 8.597826 149
1684704127260 8.597826 150
1684704127322 8.597827 151
1684704127391 8.597827 152
1684704127461 8.597826 153
1684704127523 8.597826 154
1684704127592 8.597826 155
1684704127661 8.597826 156
1684704127739 8.597826 157
1684704127808 8.597826 158
1684704127877 8.597826 159
1684704127946 8.597827 160
1684704128009 8.597827 161
1684704128078 8.597826 162
1684704128147 8.597826 163
1684704128225 8.597826 164
1684704128294 8.597826 165
1684704128363 8.597827 166
1684704128426 8.597827 167
1684704128495 8.597826 168
1684704128564 8.597827 169
1684704128627 8.597827 170
1684704128696 8.597826 171
1684704128780 8.597826 172
1684704128849 8.597827 173
1684704128912 8.597827 174
1684704128981 8.597827 175
1684704129050 8.597826 176
1684704129128 8.597826 177
1684704129197 8.597827 178
1684704129266 8.597827 179
1684704129351 8.597826 180
1684704129413 8.597827 181
1684704129482 8.597827 182
1684704129552 8.597827 183
1684704129630 8.597827 184
1684704129699 8.597826 185
1684704129768 8.597826 186
1684704129846 8.597826 187
1684704129915 8.597827 188
1684704129984 8.597827 189
1684704130053 8.597826 190
1684704130116 8.597826 191
1684704130185 8.597826 192
1684704130254 8.597826 193
1684704130332 8.597827 194
1684704130401 8.597827 195
1684704130470 8.597826 196
1684704130533 8.597826 197
1684704130602 8.597826 198
1684704130671 8.597827 199
1684704130749 8.597827 200
1684704130818 8.597827 201
1684704130887 8.597827 202
1684704130956 8.597827 203
1684704131019 8.597827 204
1684704131088 8.597826 205
1684704131157 8.597826 206
1684704131219 8.597827 207
1684704131304 8.597826 208
1684704131373 8.597826 209
1684704131451 8.597827 210
1684704131520 8.597826 211
1684704131589 8.597826 212
1684704131658 8.597826 213
1684704131721 8.597826 214
1684704131790 8.597826 215
1684704131859 8.597826 216
1684704131921 8.597827 217
1684704131990 8.597826 218
1684704132059 8.597826 219
1684704132122 8.597826 220
1684704132191 8.597827 221
1684704132260 8.597826 222
1684704132338 8.597826 223
1684704132407 8.597826 224
1684704132476 8.597826 225
1684704132539 8.597827 226
1684704132608 8.597826 227
1684704132677 8.597827 228
1684704132755 8.597826 229
1684704132824 8.597827 230
1684704132893 8.597827 231
1684704132962 8.597826 232
1684704133040 8.597826 233
1684704133111 8.597826 234
1684704133178 8.597826 235
1684704133378 8.597826 236
1684704133563 8.597826 237
1684704133641 8.597826 238
1684704133710 8.597826 239
1684704133779 8.597826 240
1684704133857 8.597826 241
1684704133926 8.597826 242
1684704133995 8.597826 243
1684704134064 8.597826 244
1684704134127 8.597826 245
1684704134212 8.597826 246
1684704134281 8.597827 247
1684704134343 8.597827 248
1684704134412 8.597827 249
1684704134481 8.597826 250
