1684703330630 55.521698 1
1684703330697 54.04883 2
1684703330784 39.309635 3
1684703330846 31.635174 4
1684703330915 28.543049 5
1684703331000 23.555159 6
1684703331062 14.967239 7
1684703331131 13.46975 8
1684703331216 12.696024 9
1684703331285 10.860735 10
1684703331363 10.354218 11
1684703331432 10.064526 12
1684703331501 9.515494 13
1684703331586 9.373713 14
1684703331648 9.268507 15
1684703331733 9.198547 16
1684703331802 9.184493 17
1684703331880 9.206039 18
1684703331949 9.24743 19
1684703332018 9.300892 20
1684703332087 9.3597145 21
1684703332166 9.416813 22
1684703332235 9.45999 23
1684703332304 9.4747715 24
1684703332366 9.440184 25
1684703332451 9.339378 26
1684703332520 9.214018 27
1684703332589 9.129614 28
1684703332662 9.101843 29
1684703332736 9.105055 30
1684703332805 9.117944 31
1684703332867 9.129387 32
1684703332936 9.136083 33
1684703333005 9.139107 34
1684703333090 9.139611 35
1684703333152 9.137495 36
1684703333221 9.132211 37
1684703333290 9.123686 38
1684703333353 9.112772 39
1684703333422 9.100964 40
1684703333507 9.08972 41
1684703333569 9.080245 42
1684703333638 9.073246 43
1684703333707 9.068449 44
1684703333785 9.065103 45
1684703333854 9.0626545 46
1684703333923 9.060862 47
1684703333992 9.059631 48
1684703334071 9.058908 49
1684703334140 9.058634 50
1684703334209 9.058732 51
1684703334287 9.059127 52
1684703334356 9.059732 53
1684703334425 9.06047 54
1684703334494 9.061267 55
1684703334556 9.062065 56
1684703334625 9.062818 57
1684703334694 9.063488 58
1684703334773 9.064056 59
1684703334842 9.06451 60
1684703334911 9.06485 61
1684703334973 9.065081 62
1684703335042 9.065214 63
1684703335111 9.065267 64
1684703335174 9.065255 65
1684703335243 9.065198 66
1684703335312 9.065107 67
1684703335390 9.065 68
1684703335459 9.064886 69
1684703335528 9.064773 70
1684703335597 9.064669 71
1684703335660 9.064575 72
1684703335744 9.064496 73
1684703335813 9.064432 74
1684703335891 9.0643835 75
1684703335960 9.064348 76
1684703336029 9.064325 77
1684703336098 9.064314 78
1684703336177 9.06431 79
1684703336246 9.064314 80
1684703336315 9.064322 81
1684703336377 9.064336 82
1684703336446 9.06435 83
1684703336515 9.064365 84
1684703336593 9.064381 85
1684703336662 9.064396 86
1684703336731 9.064411 87
1684703336800 9.064422 88
1684703336863 9.064433 89
1684703336932 9.064442 90
1684703337017 9.064448 91
1684703337264 9.064453 92
1684703337380 9.064457 93
1684703337465 9.064459 94
1684703337534 9.06446 95
1684703337603 9.06446 96
1684703337681 9.064459 97
1684703337750 9.064458 98
1684703337819 9.064456 99
1684703337897 9.064454 100
1684703337966 9.064452 101
1684703338035 9.064449 102
1684703338104 9.064446 103
1684703338182 9.064445 104
1684703338251 9.064444 105
1684703338336 9.064443 106
1684703338405 9.064441 107
1684703338505 9.06444 108
1684703338568 9.06444 109
1684703338653 9.064439 110
1684703338722 9.064438 111
1684703338800 9.064438 112
1684703338869 9.064438 113
1684703338938 9.064438 114
1684703339007 9.064438 115
1684703339123 9.064438 116
1684703339206 9.064438 117
1684703339270 9.06444 118
1684703339339 9.06444 119
1684703339408 9.06444 120
1684703339486 9.064442 121
1684703339555 9.064442 122
1684703339624 9.064442 123
1684703339709 9.064442 124
1684703339787 9.064443 125
1684703339856 9.064443 126
1684703339925 9.064443 127
1684703339988 9.064444 128
1684703340057 9.064444 129
1684703340126 9.064444 130
1684703340204 9.064445 131
1684703340273 9.064445 132
1684703340342 9.064445 133
1684703340411 9.0644455 134
1684703340473 9.0644455 135
1684703340558 9.0644455 136
1684703340627 9.0644455 137
1684703340689 9.0644455 138
1684703340759 9.064445 139
1684703340828 9.064445 140
1684703340906 9.0644455 141
1684703340975 9.064445 142
1684703341044 9.064445 143
1684703341113 9.064444 144
1684703341175 9.064444 145
1684703341244 9.064444 146
1684703341313 9.064445 147
1684703341392 9.064445 148
1684703341461 9.064445 149
1684703341530 9.064445 150
1684703341592 9.064445 151
1684703341661 9.064445 152
1684703341730 9.064445 153
1684703341815 9.064445 154
1684703341877 9.064445 155
1684703341946 9.064445 156
1684703342015 9.064445 157
1684703342078 9.064445 158
1684703342147 9.064445 159
1684703342216 9.064445 160
1684703342294 9.064445 161
1684703342363 9.064445 162
1684703342432 9.064445 163
1684703342510 9.064445 164
1684703342579 9.064445 165
1684703342648 9.064445 166
1684703342717 9.064445 167
1684703342795 9.064445 168
1684703342864 9.064445 169
1684703342934 9.064445 170
1684703342996 9.064445 171
1684703343065 9.064445 172
1684703343134 9.064445 173
1684703343212 9.064445 174
1684703343281 9.064445 175
1684703343350 9.064445 176
1684703343419 9.064445 177
1684703343482 9.0644455 178
1684703343566 9.0644455 179
1684703343635 9.0644455 180
1684703343714 9.0644455 181
1684703343783 9.0644455 182
1684703343852 9.0644455 183
1684703344137 9.0644455 184
1684703344222 9.0644455 185
1684703344300 9.0644455 186
1684703344369 9.0644455 187
1684703344454 9.0644455 188
1684703344523 9.0644455 189
1684703344585 9.0644455 190
1684703344654 9.064445 191
1684703344723 9.064445 192
1684703344801 9.064445 193
1684703344870 9.064445 194
1684703344939 9.064445 195
1684703345017 9.064445 196
1684703345087 9.064445 197
1684703345156 9.0644455 198
1684703345225 9.0644455 199
1684703345303 9.064445 200
1684703345372 9.064445 201
1684703345441 9.064445 202
1684703345525 9.064445 203
1684703345604 9.064445 204
1684703345673 9.064445 205
1684703345742 9.064445 206
1684703345804 9.064445 207
1684703345873 9.064445 208
1684703345942 9.064445 209
1684703346020 9.064445 210
1684703346089 9.064445 211
1684703346158 9.064445 212
1684703346227 9.064445 213
1684703346290 9.064445 214
1684703346359 9.064445 215
1684703346428 9.064445 216
1684703346506 9.064445 217
1684703346575 9.064445 218
1684703346660 9.064445 219
1684703346729 9.064445 220
1684703346807 9.064445 221
1684703346876 9.064445 222
1684703346945 9.064445 223
1684703347023 9.064445 224
1684703347092 9.064445 225
1684703347161 9.064445 226
1684703347230 9.064445 227
1684703347293 9.064445 228
1684703347377 9.064445 229
1684703347446 9.064445 230
1684703347509 9.064445 231
1684703347578 9.064445 232
1684703347647 9.064445 233
1684703347725 9.064445 234
1684703347794 9.064445 235
1684703347863 9.064445 236
1684703347932 9.064445 237
1684703348010 9.064445 238
1684703348079 9.064445 239
1684703348148 9.064445 240
1684703348211 9.064445 241
1684703348280 9.064445 242
1684703348349 9.064445 243
1684703348434 9.064445 244
1684703348496 9.064445 245
1684703348565 9.064445 246
1684703348634 9.064445 247
1684703348712 9.064445 248
1684703348781 9.064445 249
1684703348850 9.064445 250
