1684596010258 1.718741 1
1684596010340 1.5683316 2
1684596010425 1.4486685 3
1684596010507 1.358529 4
1684596010586 1.2782494 5
1684596010667 1.1969736 6
1684596010746 1.1105486 7
1684596010827 1.0188563 8
1684596010907 0.9247032 9
1684596010987 0.83198106 10
1684596011067 0.74480283 11
1684596011149 0.6665844 12
1684596011231 0.59939647 13
1684596011311 0.543848 14
1684596011383 0.4994055 15
1684596011454 0.46485978 16
1684596011527 0.43871045 17
1684596011597 0.41943586 18
1684596011668 0.40605086 19
1684596011741 0.39679682 20
1684596011825 0.3905807 21
1684596011905 0.38691998 22
1684596011980 0.38488957 23
1684596012056 0.38405192 24
1684596012129 0.38418603 25
1684596012204 0.38517153 26
1684596012278 0.38694817 27
1684596012348 0.38949656 28
1684596012418 0.39282587 29
1684596012499 0.3969633 30
1684596012573 0.4019444 31
1684596012645 0.40780473 32
1684596012716 0.41457316 33
1684596012791 0.42226714 34
1684596012862 0.43088943 35
1684596012934 0.4404263 36
1684596013006 0.4508468 37
1684596013081 0.4620598 38
1684596013156 0.47406536 39
1684596013228 0.48680842 40
1684596013299 0.50025195 41
1684596013370 0.5142983 42
1684596013439 0.52884257 43
1684596013510 0.54376495 44
1684596013583 0.55893844 45
1684596013654 0.5742315 46
1684596013725 0.5895105 47
1684596013801 0.60464287 48
1684596013873 0.61949927 49
1684596013946 0.63395536 50
1684596014019 0.6478947 51
1684596014092 0.661209 52
1684596014164 0.6738009 53
1684596014236 0.6855842 54
1684596014309 0.69648534 55
1684596014380 0.7064447 56
1684596014451 0.7154187 57
1684596014524 0.72337854 58
1684596014600 0.7302487 59
1684596014673 0.7361804 60
1684596014747 0.7412298 61
1684596014820 0.7454587 62
1684596014891 0.74892783 63
1684596014963 0.7516973 64
1684596015035 0.7538262 65
1684596015109 0.7553709 66
1684596015182 0.7565393 67
1684596015255 0.7573028 68
1684596015327 0.7576731 69
1684596015398 0.75766563 70
1684596015485 0.7576135 71
1684596015564 0.75731754 72
1684596015637 0.7567055 73
1684596015711 0.7557391 74
1684596015782 0.75439346 75
1684596015856 0.752651 76
1684596015928 0.7504996 77
1684596015999 0.74793226 78
1684596016072 0.74494755 79
1684596016145 0.7415501 80
1684596016221 0.73775 81
1684596016294 0.7335628 82
1684596016366 0.72900915 83
1684596016438 0.72411317 84
1684596016509 0.7189027 85
1684596016583 0.71340775 86
1684596016654 0.70765895 87
1684596016727 0.7016879 88
1684596016800 0.6955252 89
1684596016875 0.6892005 90
1684596016948 0.6827411 91
1684596017020 0.67617244 92
1684596017092 0.669517 93
1684596017163 0.66279465 94
1684596017233 0.6560224 95
1684596017306 0.64921474 96
1684596017378 0.6423831 97
1684596017448 0.63553715 98
1684596017520 0.6286846 99
1684596017593 0.6218313 100
1684596017666 0.61498207 101
1684596017738 0.60851365 102
1684596017812 0.6021418 103
1684596017890 0.5964321 104
1684596017962 0.59075356 105
1684596018037 0.5849031 106
1684596018113 0.57882726 107
1684596018187 0.5725384 108
1684596018262 0.56607664 109
1684596018335 0.5594908 110
1684596018407 0.55282986 111
1684596018480 0.54613984 112
1684596018551 0.53946227 113
1684596018623 0.53283304 114
1684596018694 0.5262827 115
1684596018766 0.519836 116
1684596018838 0.513512 117
1684596018910 0.50732476 118
1684596018983 0.5012834 119
1684596019056 0.49539343 120
1684596019128 0.4896567 121
1684596019199 0.4840727 122
1684596019273 0.478639 123
1684596019344 0.47335196 124
1684596019416 0.468207 125
1684596019487 0.4631995 126
1684596019558 0.4583245 127
1684596019634 0.4535775 128
1684596019705 0.44895414 129
1684596019776 0.44445062 130
1684596019846 0.4400636 131
1684596019922 0.43579006 132
1684596019993 0.43162757 133
1684596020067 0.42757386 134
1684596020141 0.42362708 135
1684596020214 0.41978556 136
1684596020286 0.41604775 137
1684596020358 0.41241214 138
1684596020430 0.40887743 139
1684596020502 0.4054421 140
1684596020577 0.4021047 141
1684596020650 0.3988638 142
1684596020720 0.39571768 143
1684596020791 0.39266473 144
1684596020862 0.38970324 145
1684596020935 0.38683128 146
1684596021005 0.3840471 147
1684596021078 0.3813486 148
1684596021151 0.37873387 149
1684596021222 0.37620085 150
1684596021292 0.37374753 151
1684596021362 0.37137184 152
1684596021432 0.36907175 153
1684596021506 0.36684528 154
1684596021579 0.36469042 155
1684596021650 0.36260515 156
1684596021721 0.36058763 157
1684596021791 0.35863578 158
1684596021862 0.35674775 159
1684596021936 0.35492173 160
1684596022008 0.35315573 161
1684596022081 0.35144788 162
1684596022152 0.34979635 163
1684596022225 0.34819913 164
1684596022297 0.34665442 165
1684596022369 0.34516 166
1684596022441 0.343714 167
1684596022513 0.34231427 168
1684596022588 0.34095865 169
1684596022659 0.3396449 170
1684596022730 0.3383708 171
1684596022801 0.33713412 172
1684596022874 0.33593276 173
1684596022949 0.3347646 174
1684596023020 0.33362782 175
1684596023094 0.33252084 176
1684596023167 0.33144227 177
1684596023239 0.33039105 178
1684596023312 0.3293665 179
1684596023384 0.32836795 180
1684596023455 0.32739514 181
1684596023525 0.3264478 182
1684596023609 0.32552588 183
1684596023689 0.3246293 184
1684596023760 0.32375792 185
1684596023831 0.32291174 186
1684596023903 0.32209063 187
1684596023982 0.3212945 188
1684596024052 0.32052317 189
1684596024124 0.31977648 190
1684596024197 0.3190542 191
1684596024271 0.31835595 192
1684596024342 0.31768155 193
1684596024419 0.31703064 194
1684596024495 0.31640282 195
1684596024567 0.3157977 196
1684596024650 0.31521487 197
1684596024724 0.31465387 198
1684596024796 0.3141143 199
1684596024867 0.31359562 200
1684596024941 0.31309733 201
1684596025014 0.31261903 202
1684596025086 0.31216007 203
1684596025158 0.31172004 204
1684596025230 0.31129837 205
1684596025303 0.31089458 206
1684596025375 0.3105081 207
1684596025446 0.31013846 208
1684596025518 0.3097851 209
1684596025590 0.30944753 210
1684596025666 0.3091252 211
1684596025739 0.30881768 212
1684596025813 0.3085244 213
1684596025887 0.30824494 214
1684596025960 0.30797875 215
1684596026034 0.3077254 216
1684596026106 0.30748445 217
1684596026178 0.30725545 218
1684596026250 0.3070379 219
1684596026324 0.30683142 220
1684596026399 0.3066356 221
1684596026472 0.30645 222
1684596026544 0.30627427 223
1684596026618 0.30610794 224
1684596026689 0.3059507 225
1684596026761 0.30580217 226
1684596026832 0.30566198 227
1684596026904 0.3055298 228
1684596026976 0.30540526 229
1684596027050 0.30528808 230
1684596027122 0.30517793 231
1684596027196 0.30507445 232
1684596027268 0.30497742 233
1684596027344 0.30488652 234
1684596027418 0.30480146 235
1684596027491 0.304722 236
1684596027563 0.30464792 237
1684596027643 0.30457893 238
1684596027715 0.30451483 239
1684596027788 0.30445534 240
1684596027859 0.30440032 241
1684596027930 0.30434954 242
1684596028005 0.3043028 243
1684596028077 0.30425996 244
1684596028150 0.30422083 245
1684596028222 0.30418527 246
1684596028293 0.3041531 247
1684596028365 0.30412427 248
1684596028474 0.3040986 249
1684596028547 0.30407596 250
