1684597882094 1.9512842 1
1684597882186 1.8963075 2
1684597882258 1.8545797 3
1684597882334 1.8340325 4
1684597882410 1.8203143 5
1684597882484 1.8028796 6
1684597882557 1.7755742 7
1684597882630 1.735791 8
1684597882706 1.6836782 9
1684597882781 1.6212505 10
1684597882860 1.5515441 11
1684597882939 1.4779199 12
1684597883012 1.4035683 13
1684597883086 1.3312044 14
1684597883160 1.2629211 15
1684597883236 1.2001554 16
1684597883311 1.1437333 17
1684597883385 1.0939565 18
1684597883460 1.0507092 19
1684597883536 1.0135653 20
1684597883609 0.98188543 21
1684597883683 0.9548993 22
1684597883756 0.9317715 23
1684597883829 0.9116528 24
1684597883905 0.8937204 25
1684597883980 0.87720907 26
1684597884054 0.86143553 27
1684597884127 0.84581524 28
1684597884201 0.8298744 29
1684597884279 0.8132558 30
1684597884352 0.7957189 31
1684597884428 0.7771358 32
1684597884501 0.7574824 33
1684597884576 0.7368275 34
1684597884651 0.7153193 35
1684597884724 0.69317126 36
1684597884794 0.6706472 37
1684597884867 0.6480469 38
1684597884937 0.62569135 39
1684597885008 0.6039096 40
1684597885079 0.58302593 41
1684597885150 0.56334937 42
1684597885223 0.54516435 43
1684597885294 0.5287235 44
1684597885369 0.51424265 45
1684597885441 0.5018982 46
1684597885511 0.49182588 47
1684597885583 0.4841218 48
1684597885655 0.478845 49
1684597885725 0.4760211 50
1684597885794 0.47564664 51
1684597885863 0.4776941 52
1684597885932 0.48211688 53
1684597886002 0.48885417 54
1684597886073 0.49783528 55
1684597886143 0.5089835 56
1684597886212 0.52221894 57
1684597886292 0.5374621 58
1684597886361 0.5546345 59
1684597886432 0.5736612 60
1684597886502 0.59447056 61
1684597886573 0.6169948 62
1684597886643 0.64116955 63
1684597886714 0.6669334 64
1684597886786 0.69422674 65
1684597886861 0.7229905 66
1684597886937 0.7531651 67
1684597887008 0.78468823 68
1684597887079 0.817494 69
1684597887151 0.8515113 70
1684597887222 0.8866628 71
1684597887295 0.92286336 72
1684597887365 0.9600196 73
1684597887438 0.9980284 74
1684597887510 1.0367769 75
1684597887582 1.0761421 76
1684597887654 1.1159902 77
1684597887730 1.1561778 78
1684597887802 1.1965511 79
1684597887873 1.2369473 80
1684597887948 1.2771951 81
1684597888034 1.3171159 82
1684597888112 1.3565242 83
1684597888186 1.3952309 84
1684597888259 1.4330426 85
1684597888333 1.4697657 86
1684597888404 1.5052074 87
1684597888475 1.5391786 88
1684597888547 1.5714955 89
1684597888617 1.6019838 90
1684597888691 1.6304796 91
1684597888762 1.6568327 92
1684597888833 1.6809095 93
1684597888906 1.7025943 94
1684597888976 1.721792 95
1684597889047 1.7384291 96
1684597889119 1.7524565 97
1684597889190 1.7638502 98
1684597889261 1.7726113 99
1684597889337 1.7787673 100
1684597889408 1.7823721 101
1684597889478 1.7835044 102
1684597889549 1.7822616 103
1684597889622 1.7787669 104
1684597889693 1.7731624 105
1684597889765 1.7656066 106
1684597889836 1.7562711 107
1684597889907 1.7453358 108
1684597889978 1.7329865 109
1684597890048 1.7194107 110
1684597890119 1.7047945 111
1684597890190 1.6893206 112
1684597890261 1.6731639 113
1684597890335 1.6564906 114
1684597890408 1.6394556 115
1684597890478 1.6222012 116
1684597890550 1.6048567 117
1684597890620 1.5875375 118
1684597890690 1.5703442 119
1684597890761 1.5533646 120
1684597890835 1.5366724 121
1684597890909 1.5203288 122
1684597890981 1.5043832 123
1684597891054 1.4888742 124
1684597891127 1.4738309 125
1684597891200 1.4592738 126
1684597891271 1.4452132 127
1684597891344 1.4316545 128
1684597891418 1.4185977 129
1684597891489 1.4060397 130
1684597891562 1.3939725 131
1684597891633 1.382386 132
1684597891705 1.3712678 133
1684597891778 1.3606036 134
1684597891857 1.3503773 135
1684597891930 1.340573 136
1684597892002 1.3311716 137
1684597892076 1.3221551 138
1684597892149 1.3135062 139
1684597892221 1.3052086 140
1684597892293 1.2972459 141
1684597892369 1.2896029 142
1684597892442 1.2822647 143
1684597892512 1.2752175 144
1684597892584 1.2684479 145
1684597892661 1.2619429 146
1684597892735 1.2556912 147
1684597892809 1.249681 148
1684597892881 1.2439022 149
1684597892954 1.2383449 150
1684597893026 1.233 151
1684597893099 1.2278588 152
1684597893170 1.2229133 153
1684597893241 1.218156 154
1684597893313 1.21358 155
1684597893392 1.2091787 156
1684597893466 1.2049458 157
1684597893540 1.2008756 158
1684597893614 1.1969628 159
1684597893686 1.193202 160
1684597893757 1.1895885 161
1684597893827 1.1861176 162
1684597893898 1.182785 163
1684597893970 1.1795866 164
1684597894042 1.1765187 165
1684597894112 1.1735767 166
1684597894184 1.1707575 167
1684597894256 1.1680576 168
1684597894330 1.1654737 169
1684597894403 1.163002 170
1684597894476 1.16064 171
1684597894547 1.1583843 172
1684597894620 1.1562321 173
1684597894692 1.1541803 174
1684597894762 1.1522262 175
1684597894832 1.1503668 176
1684597894903 1.1485999 177
1684597894976 1.1469222 178
1684597895046 1.1453316 179
1684597895118 1.1438255 180
1684597895189 1.1424012 181
1684597895259 1.1410563 182
1684597895330 1.1397885 183
1684597895402 1.1385953 184
1684597895475 1.1374745 185
1684597895547 1.1364236 186
1684597895618 1.1354406 187
1684597895690 1.1345232 188
1684597895808 1.1336688 189
1684597895882 1.1328753 190
1684597895956 1.1321405 191
1684597896037 1.1314625 192
1684597896120 1.1308397 193
1684597896199 1.130271 194
1684597896273 1.1297547 195
1684597896346 1.1292897 196
1684597896420 1.1288745 197
1684597896493 1.1285079 198
1684597896618 1.1281881 199
1684597896712 1.1279142 200
1684597896785 1.1276844 201
1684597896856 1.1274972 202
1684597896927 1.127351 203
1684597896998 1.1272446 204
1684597897072 1.1271763 205
1684597897146 1.1271441 206
1684597897217 1.1271468 207
1684597897287 1.1271825 208
1684597897357 1.1272496 209
1684597897431 1.1273463 210
1684597897504 1.127471 211
1684597897575 1.1276218 212
1684597897650 1.1277971 213
1684597897728 1.127995 214
1684597897801 1.1282139 215
1684597897873 1.128452 216
1684597897945 1.1287075 217
1684597898018 1.128979 218
1684597898089 1.1292646 219
1684597898161 1.1295629 220
1684597898233 1.1298721 221
1684597898304 1.1301908 222
1684597898380 1.1305178 223
1684597898458 1.1308514 224
1684597898529 1.1311903 225
1684597898604 1.1315331 226
1684597898676 1.1318789 227
1684597898747 1.1322263 228
1684597898818 1.1325744 229
1684597898890 1.1329222 230
1684597898963 1.1332686 231
1684597899036 1.1336126 232
1684597899110 1.1339538 233
1684597899182 1.1342912 234
1684597899255 1.1346238 235
1684597899326 1.1349515 236
1684597899398 1.1352735 237
1684597899473 1.1355889 238
1684597899545 1.1358974 239
1684597899618 1.1361986 240
1684597899689 1.136492 241
1684597899759 1.1367769 242
1684597899832 1.137053 243
1684597899902 1.1373199 244
1684597899973 1.1375769 245
1684597900044 1.1378237 246
1684597900114 1.1380596 247
1684597900185 1.138284 248
1684597900257 1.1384963 249
1684597900327 1.138696 250
