1684596904395 1.9280202 1
1684596904507 1.8723087 2
1684596904593 1.8299663 3
1684596904674 1.8088975 4
1684596904757 1.7947049 5
1684596904839 1.77683 6
1684596904922 1.7491215 7
1684596904997 1.7089767 8
1684596905071 1.6565453 9
1684596905142 1.5938443 10
1684596905216 1.5239111 11
1684596905289 1.450109 12
1684596905361 1.3756287 13
1684596905434 1.3031812 14
1684596905509 1.2348485 15
1684596905579 1.1720521 16
1684596905650 1.1155999 17
1684596905722 1.0657753 18
1684596905794 1.0224458 19
1684596905865 0.98517233 20
1684596905938 0.95330745 21
1684596906011 0.9260784 22
1684596906083 0.9026525 23
1684596906158 0.88218904 24
1684596906230 0.8638778 25
1684596906306 0.84697014 26
1684596906380 0.8308011 27
1684596906453 0.81480634 28
1684596906528 0.7985327 29
1684596906600 0.7816433 30
1684596906670 0.76391727 31
1684596906742 0.7452453 32
1684596906819 0.73188555 33
1684596906893 0.72762144 34
1684596906964 0.7238281 35
1684596907036 0.7206327 36
1684596907111 0.7181618 37
1684596907182 0.7165339 38
1684596907255 0.715853 39
1684596907326 0.7162056 40
1684596907397 0.71765876 41
1684596907468 0.7202587 42
1684596907541 0.7240323 43
1684596907615 0.72898716 44
1684596907689 0.7351143 45
1684596907761 0.7423899 46
1684596907833 0.75077844 47
1684596907905 0.76023436 48
1684596907977 0.77070487 49
1684596908048 0.7821323 50
1684596908134 0.79445595 51
1684596908206 0.8076136 52
1684596908279 0.82154363 53
1684596908351 0.8361858 54
1684596908423 0.85148275 55
1684596908495 0.86738026 56
1684596908570 0.88382864 57
1684596908642 0.90078187 58
1684596908716 0.9181986 59
1684596908789 0.9360408 60
1684596908860 0.9542737 61
1684596908933 0.9728647 62
1684596909006 0.9917819 63
1684596909078 1.0109954 64
1684596909149 1.0304765 65
1684596909221 1.0501983 66
1684596909296 1.0701354 67
1684596909370 1.090263 68
1684596909443 1.1105559 69
1684596909517 1.1309888 70
1684596909671 1.151537 71
1684596909794 1.1721761 72
1684596909905 1.1928821 73
1684596909978 1.2136309 74
1684596910050 1.2343982 75
1684596910125 1.2551595 76
1684596910197 1.2758896 77
1684596910269 1.2965627 78
1684596910341 1.317153 79
1684596910414 1.3376333 80
1684596910489 1.3579763 81
1684596910564 1.378154 82
1684596910636 1.3981383 83
1684596910708 1.4179004 84
1684596910779 1.4374115 85
1684596910853 1.4566431 86
1684596910927 1.4755665 87
1684596911002 1.4948173 88
1684596911073 1.5221516 89
1684596911148 1.5480388 90
1684596911221 1.5724192 91
1684596911293 1.5952471 92
1684596911366 1.6164918 93
1684596911445 1.6361367 94
1684596911529 1.6541792 95
1684596911604 1.6706316 96
1684596911676 1.6855189 97
1684596911747 1.698878 98
1684596911819 1.710758 99
1684596911890 1.7212179 100
1684596911963 1.7303247 101
1684596912035 1.738154 102
1684596912108 1.744786 103
1684596912179 1.750305 104
1684596912250 1.7547989 105
1684596912323 1.7583543 106
1684596912395 1.7623463 107
1684596912467 1.7720048 108
1684596912542 1.7813171 109
1684596912616 1.7903049 110
1684596912688 1.7989912 111
1684596912761 1.8073981 112
1684596912834 1.8155481 113
1684596912907 1.8234631 114
1684596912978 1.8311648 115
1684596913051 1.8386748 116
1684596913122 1.8460138 117
1684596913196 1.853202 118
1684596913267 1.8602583 119
1684596913342 1.8672023 120
1684596913414 1.8740515 121
1684596913488 1.8808229 122
1684596913563 1.8875333 123
1684596913638 1.8941978 124
1684596913903 1.9008311 125
1684596914031 1.9074459 126
1684596914116 1.9140546 127
1684596914188 1.9206684 128
1684596914259 1.9272966 129
1684596914331 1.9339476 130
1684596914403 1.9406283 131
1684596914476 1.9473442 132
1684596914550 1.9540999 133
1684596914627 1.9608982 134
1684596914699 1.9677408 135
1684596914770 1.9746289 136
1684596914842 1.9815615 137
1684596914912 1.9885385 138
1684596914987 1.9955578 139
1684596915061 2.0026176 140
1684596915134 2.009715 141
1684596915206 2.0168478 142
1684596915277 2.024013 143
1684596915351 2.0312078 144
1684596915424 2.0384295 145
1684596915497 2.0456748 146
1684596915572 2.0529416 147
1684596915650 2.060227 148
1684596915722 2.067529 149
1684596915795 2.0748446 150
1684596915870 2.0821722 151
1684596915942 2.0895095 152
1684596916013 2.0968552 153
1684596916085 2.1042068 154
1684596916163 2.111563 155
1684596916233 2.1189225 156
1684596916307 2.1262841 157
1684596916515 2.1336465 158
1684596916598 2.1410093 159
1684596916674 2.1483715 160
1684596916745 2.1557329 161
1684596916819 2.1630933 162
1684596916889 2.1704526 163
1684596916961 2.1778116 164
1684596917035 2.18517 165
1684596917108 2.1925294 166
1684596917179 2.1998904 167
1684596917253 2.2072537 168
1684596917329 2.214621 169
1684596917402 2.2219934 170
1684596917472 2.229372 171
1684596917546 2.236759 172
1684596917620 2.244155 173
1684596917693 2.2515619 174
1684596917822 2.2589812 175
1684596917893 2.2664135 176
1684596917965 2.2738607 177
1684596918037 2.2813237 178
1684596918108 2.288803 179
1684596918180 2.2962997 180
1684596918252 2.303814 181
1684596918323 2.3113453 182
1684596918394 2.3188944 183
1684596918466 2.3264604 184
1684596918536 2.3340418 185
1684596918607 2.341638 186
1684596918681 2.3492475 187
1684596918751 2.3568678 188
1684596918824 2.3644972 189
1684596918894 2.3721337 190
1684596918967 2.379775 191
1684596919040 2.3874187 192
1684596919112 2.3950646 193
1684596919189 2.402711 194
1684596919293 2.4103582 195
1684596919364 2.418007 196
1684596919436 2.4256594 197
1684596919509 2.4333186 198
1684596919593 2.440988 199
1684596919677 2.4486723 200
1684596919753 2.4563768 201
1684596919824 2.4641066 202
1684596919896 2.4718678 203
1684596919968 2.4796653 204
1684596920042 2.4875045 205
1684596920115 2.4953907 206
1684596920188 2.503328 207
1684596920262 2.511321 208
1684596920333 2.519373 209
1684596920406 2.5274868 210
1684596920480 2.5356655 211
1684596920552 2.5439103 212
1684596920623 2.5522232 213
1684596920697 2.560605 214
1684596920768 2.569057 215
1684596920839 2.5775785 216
1684596920910 2.5861697 217
1684596920983 2.5948305 218
1684596921057 2.6035595 219
1684596921132 2.612356 220
1684596921204 2.6212187 221
1684596921277 2.630146 222
1684596921347 2.6391368 223
1684596921419 2.648189 224
1684596921491 2.6573005 225
1684596921562 2.6664698 226
1684596921633 2.675695 227
1684596921707 2.6849735 228
1684596921779 2.694304 229
1684596921851 2.7036839 230
1684596921925 2.7131119 231
1684596921998 2.7225854 232
1684596922074 2.7321029 233
1684596922146 2.741663 234
1684596922219 2.7512636 235
1684596922291 2.760903 236
1684596922363 2.7705796 237
1684596922434 2.7802923 238
1684596922506 2.79004 239
1684596922578 2.7998204 240
1684596922649 2.8096337 241
1684596922723 2.8194783 242
1684596922795 2.8293529 243
1684596922867 2.8392577 244
1684596922940 2.8491907 245
1684596923011 2.8591518 246
1684596923084 2.869141 247
1684596923157 2.8791568 248
1684596923233 2.8891997 249
1684596923306 2.8992686 250
