1684595307711 1.8878064 1
1684595307788 1.8308332 2
1684595307867 1.7870384 3
1684595307939 1.7642744 4
1684595308013 1.7481408 5
1684595308086 1.7281132 6
1684595308158 1.6981199 7
1684595308231 1.655673 8
1684595308309 1.6010513 9
1684595308386 1.5363811 10
1684595308462 1.4647686 11
1684595308538 1.3895986 12
1684595308612 1.314042 13
1684595308687 1.2407644 14
1684595308759 1.171791 15
1684595308833 1.1084857 16
1684595308904 1.0516038 17
1684595308974 1.0013858 18
1684595309046 0.95766723 19
1684595309118 0.91998816 20
1684595309189 0.8876914 21
1684595309266 0.86000395 22
1684595309341 0.83610153 23
1684595309421 0.8151579 24
1684595309499 0.7963829 25
1684595309577 0.77905035 26
1684595309652 0.762518 27
1684595309724 0.7462439 28
1684595309800 0.72979593 29
1684595309873 0.7128561 30
1684595309943 0.69521785 31
1684595310016 0.6767847 32
1684595310087 0.65756077 33
1684595310159 0.63763905 34
1684595310231 0.61718774 35
1684595310305 0.5964354 36
1684595310379 0.5756562 37
1684595310450 0.5551544 38
1684595310522 0.5352501 39
1684595310597 0.51626635 40
1684595310668 0.49851552 41
1684595310741 0.48229003 42
1684595310814 0.46785307 43
1684595310886 0.4554325 44
1684595310960 0.44521648 45
1684595311033 0.437344 46
1684595311105 0.4319257 47
1684595311182 0.42902914 48
1684595311258 0.42868453 49
1684595311329 0.43089023 50
1684595311400 0.4356177 51
1684595311473 0.44281662 52
1684595311547 0.45242032 53
1684595311619 0.46435028 54
1684595311689 0.47852033 55
1684595311762 0.49484068 56
1684595311832 0.5132203 57
1684595311904 0.5335793 58
1684595311975 0.55582416 59
1684595312047 0.5798704 60
1684595312117 0.60564935 61
1684595312189 0.6330887 62
1684595312265 0.6621119 63
1684595312339 0.6926489 64
1684595312412 0.7246325 65
1684595312486 0.75799596 66
1684595312559 0.7926718 67
1684595312632 0.82859075 68
1684595312702 0.8656813 69
1684595312774 0.9038678 70
1684595312846 0.9430707 71
1684595312918 0.98320514 72
1684595312989 1.02418 73
1684595313063 1.0658984 74
1684595313133 1.1082563 75
1684595313203 1.1511437 76
1684595313281 1.1944423 77
1684595313352 1.238028 78
1684595313428 1.2817695 79
1684595313499 1.3255316 80
1684595313572 1.3691761 81
1684595313643 1.4125624 82
1684595313715 1.455549 83
1684595313787 1.4979932 84
1684595313857 1.5397537 85
1684595313928 1.5806894 86
1684595314000 1.6206629 87
1684595314076 1.6595399 88
1684595314147 1.6971908 89
1684595314218 1.7334919 90
1684595314291 1.768326 91
1684595314363 1.8015845 92
1684595314434 1.8331674 93
1684595314507 1.8629847 94
1684595314579 1.8909569 95
1684595314649 1.917017 96
1684595314720 1.94111 97
1684595314794 1.963195 98
1684595314866 1.9832443 99
1684595314937 2.0012455 100
1684595315008 2.0172007 101
1684595315079 2.0311277 102
1684595315162 2.0430596 103
1684595315243 2.0530448 104
1684595315315 2.061146 105
1684595315387 2.06744 106
1684595315458 2.0720162 107
1684595315530 2.0749757 108
1684595315603 2.0764294 109
1684595315677 2.0764956 110
1684595315749 2.0752993 111
1684595315822 2.0729682 112
1684595315893 2.0696325 113
1684595315967 2.0654216 114
1684595316255 2.060461 115
1684595316387 2.054874 116
1684595316501 2.0487761 117
1684595316581 2.0422754 118
1684595316652 2.0354729 119
1684595316729 2.0284588 120
1684595316801 2.021316 121
1684595316872 2.0141158 122
1684595316944 2.0069218 123
1684595317015 1.9997869 124
1684595317085 1.9927564 125
1684595317157 1.9858675 126
1684595317227 1.9791495 127
1684595317299 1.9726255 128
1684595317373 1.9663123 129
1684595317445 1.9602213 130
1684595317516 1.95436 131
1684595317589 1.9487312 132
1684595317663 1.9433347 133
1684595317734 1.9381682 134
1684595317806 1.9332263 135
1684595317880 1.9285027 136
1684595317953 1.9239893 137
1684595318024 1.9196773 138
1684595318095 1.9155571 139
1684595318167 1.9116194 140
1684595318237 1.9078538 141
1684595318309 1.9042512 142
1684595318382 1.9008014 143
1684595318457 1.8974957 144
1684595318528 1.8943254 145
1684595318600 1.8912817 146
1684595318672 1.8883573 147
1684595318745 1.8855448 148
1684595318819 1.8828375 149
1684595318892 1.8802297 150
1684595318964 1.8777155 151
1684595319035 1.8752899 152
1684595319107 1.8729483 153
1684595319180 1.8706865 154
1684595319252 1.8685008 155
1684595319323 1.8663878 156
1684595319394 1.8643442 157
1684595319468 1.8623673 158
1684595319539 1.8604543 159
1684595319612 1.8586028 160
1684595319684 1.8568103 161
1684595319756 1.8550748 162
1684595319827 1.8533937 163
1684595319898 1.8517648 164
1684595319972 1.8501859 165
1684595320042 1.8486545 166
1684595320116 1.8471682 167
1684595320198 1.8457241 168
1684595320282 1.8443193 169
1684595320361 1.8429508 170
1684595320434 1.8416152 171
1684595320505 1.8403083 172
1684595320576 1.8390266 173
1684595320646 1.8377657 174
1684595320717 1.8365207 175
1684595320789 1.8352873 176
1684595320859 1.8340609 177
1684595320929 1.8328366 178
1684595321002 1.8316104 179
1684595321073 1.8303783 180
1684595321144 1.8291368 181
1684595321217 1.8278832 182
1684595321288 1.8266153 183
1684595321360 1.8253319 184
1684595321434 1.8240321 185
1684595321506 1.8227158 186
1684595321579 1.8213837 187
1684595321652 1.8200366 188
1684595321723 1.8186759 189
1684595321796 1.8173032 190
1684595321867 1.8159204 191
1684595322529 1.8145294 192
1684595322696 1.8131323 193
1684595322770 1.8117313 194
1684595322842 1.810329 195
1684595322914 1.808927 196
1684595322985 1.8075278 197
1684595323055 1.8061333 198
1684595323127 1.8047454 199
1684595323196 1.8033662 200
1684595323267 1.8019971 201
1684595323349 1.8006399 202
1684595323429 1.7992959 203
1684595323502 1.7979665 204
1684595323573 1.7966528 205
1684595323645 1.7953556 206
1684595323717 1.7940757 207
1684595323789 1.792814 208
1684595323861 1.791571 209
1684595323933 1.7903469 210
1684595324005 1.7891417 211
1684595324075 1.787956 212
1684595324146 1.7867897 213
1684595325044 1.7856421 214
1684595325119 1.784514 215
1684595325191 1.7834044 216
1684595325265 1.7823131 217
1684595325339 1.7812397 218
1684595325409 1.780184 219
1684595325483 1.7791452 220
1684595325558 1.7781227 221
1684595325631 1.7771162 222
1684595325701 1.776125 223
1684595325773 1.7751484 224
1684595325846 1.7741859 225
1684595325918 1.7732366 226
1684595325990 1.7723004 227
1684595326063 1.7713763 228
1684595326134 1.7704637 229
1684595326204 1.7695621 230
1684595326275 1.768671 231
1684595326347 1.7677898 232
1684595326418 1.7669178 233
1684595326493 1.7660545 234
1684595326568 1.7651994 235
1684595326639 1.7643523 236
1684595326714 1.7635123 237
1684595326787 1.7626789 238
1684595326858 1.7618519 239
1684595326932 1.7610309 240
1684595327003 1.7602153 241
1684595327074 1.7594048 242
1684595327145 1.758599 243
1684595327218 1.7577977 244
1684595327290 1.7570004 245
1684595327364 1.7562069 246
1684595327435 1.7554168 247
1684595327510 1.7546297 248
1684595327593 1.7538457 249
1684595327665 1.7530642 250
