1684598061010 1.6645659454539397 1
1684598061096 1.4889094022755949 2
1684598061175 1.345267511280908 3
1684598061249 1.2389017528872126 4
1684598061323 1.1482030778695225 5
1684598061395 1.0609391966378023 6
1684598061469 0.9742732688201933 7
1684598061542 0.8899870756426891 8
1684598061615 0.8108820859524609 9
1684598061687 0.7390358991507848 10
1684598061760 0.6755325112985568 11
1684598061836 0.6207053816567717 12
1684598061907 0.5743818160077852 13
1684598061979 0.5360379268161324 14
1684598062054 0.504876154008568 15
1684598062126 0.48018736607866686 16
1684598062199 0.4610083866746077 17
1684598062270 0.44631779521200443 18
1684598062343 0.43513699475795675 19
1684598062414 0.42659091417891726 20
1684598062487 0.41994416387649014 21
1684598062557 0.41486483016883646 22
1684598062628 0.41065500966667745 23
1684598062699 0.40745371368629646 24
1684598062770 0.4046589601652626 25
1684598062848 0.40204720874528 26
1684598062921 0.3995301962683168 27
1684598062995 0.3970671002633642 28
1684598063064 0.3946354501283025 29
1684598063134 0.3922159851610814 30
1684598063207 0.38978521933737564 31
1684598063277 0.3873132856045783 32
1684598063348 0.38476511188913026 33
1684598063417 0.3821046573546423 34
1684598063489 0.37930204489910363 35
1684598063561 0.37634358561913095 36
1684598063636 0.37324523210278726 37
1684598063707 0.3700684391607739 38
1684598063778 0.3669376370191538 39
1684598063852 0.36405246107732875 40
1684598063924 0.3617163420093036 41
1684598063998 0.3601260832048939 42
1684598064070 0.3593065503378956 43
1684598064143 0.35910914125358195 44
1684598064216 0.3592655720740934 45
1684598064288 0.3597138155885055 46
1684598064361 0.3606216712898146 47
1684598064436 0.3621125862096759 48
1684598064508 0.3641115699565649 49
1684598064580 0.3665880254307171 50
1684598064653 0.36959371958991694 51
1684598064727 0.373239590214281 52
1684598064798 0.37779569765899723 53
1684598064869 0.38365627325162255 54
1684598064941 0.39084368600956343 55
1684598065011 0.39920463345873014 56
1684598065082 0.40880341389730546 57
1684598065157 0.419621450738756 58
1684598065233 0.4310351449165021 59
1684598065304 0.44324370459203 60
1684598065376 0.4562611453622673 61
1684598065447 0.4697345515298603 62
1684598065517 0.48366107622363874 63
1684598065589 0.49793612722424446 64
1684598065660 0.5124282352165117 65
1684598065733 0.5270024897096378 66
1684598065804 0.5415319562919924 67
1684598065875 0.5559057469283681 68
1684598065948 0.5700336251617404 69
1684598066020 0.5838481732794094 70
1684598066091 0.5973046059445588 71
1684598066162 0.6103788436906481 72
1684598066240 0.6230643294039924 73
1684598066311 0.6353682091973929 74
1684598066383 0.6473075354479416 75
1684598066456 0.6589057850539148 76
1684598066527 0.6701900013074267 77
1684598066598 0.6811888521720846 78
1684598066669 0.6919309600145873 79
1684598066740 0.7024443369253734 80
1684598066811 0.712755740947709 81
1684598066883 0.7228905960745251 82
1684598066969 0.7328727492090197 83
1684598067047 0.7427246838077859 84
1684598067120 0.7524671382789383 85
1684598067192 0.7621190469798134 86
1684598067266 0.7716970823932574 87
1684598067339 0.7812152450474209 88
1684598067411 0.7906846160009122 89
1684598067481 0.8001127913268105 90
1684598067554 0.8095036217404206 91
1684598067626 0.8188575907068278 92
1684598067698 0.8281709622733778 93
1684598067770 0.8374364869340309 94
1684598067842 0.8466434030219777 95
1684598067915 0.8557776610814806 96
1684598067989 0.8648222112023208 97
1684598068065 0.8737572508214861 98
1684598068144 0.8825604100432349 99
1684598068218 0.8910800230158988 100
1684598068299 0.8993546902366898 101
1684598068381 0.9073664420840323 102
1684598068462 0.9150853824246651 103
1684598068540 0.9224789551204119 104
1684598068618 0.9295151269646234 105
1684598068696 0.9361642609299189 106
1684598068775 0.9424008656241358 107
1684598068851 0.9482046878207981 108
1684598068931 0.9535620581249532 109
1684598069010 0.9584664811636865 110
1684598069089 0.9630719960193564 111
1684598069167 0.9673178816187085 112
1684598069248 0.9712097844276834 113
1684598069325 0.9747696926113054 114
1684598069406 0.978026148493062 115
1684598069489 0.9810105443218075 116
1684598069565 0.9837550072586799 117
1684598069645 0.9862911975542825 118
1684598069728 0.9886492887872669 119
1684598069804 0.9908576658018017 120
1684598069879 0.9929422582826019 121
1684598069951 0.9949266449760872 122
1684598070023 0.9968317615062688 123
1684598070095 0.998675985417397 124
1684598070166 1.0004750657084078 125
1684598070238 1.002242224458043 126
1684598070313 1.003988229182208 127
1684598070386 1.0057212519290424 128
1684598070460 1.007447318875439 129
1684598070532 1.0091700019550576 130
1684598070604 1.0108909433730597 131
1684598070676 1.0126098135194117 132
1684598070748 1.014324631276703 133
1684598070818 1.0160322064888005 134
1684598070890 1.0177280292490856 135
1684598070960 1.0194069508246497 136
1684598071031 1.0210633788280123 137
1684598071102 1.0226911729504913 138
1684598071175 1.0242844530595256 139
1684598071245 1.0258373939257317 140
1684598071318 1.027344368166199 141
1684598071389 1.028800506627955 142
1684598071462 1.0302011626224663 143
1684598071533 1.0315425593968892 144
1684598071604 1.032821505789542 145
1684598071675 1.0340353340352164 146
1684598071745 1.035182235147422 147
1684598071816 1.036260912527566 148
1684598071887 1.0372706996600614 149
1684598071959 1.038211380400414 150
1684598072029 1.0390832748831305 151
1684598072101 1.0398871769602915 152
1684598072173 1.0406240747311708 153
1684598072244 1.0412953760162593 154
1684598072320 1.0419026102523568 155
1684598072393 1.0424476413832071 156
1684598072465 1.0429322093902056 157
1684598072538 1.0433581878811224 158
1684598072611 1.0437275714013938 159
1684598072682 1.0440422503770146 160
1684598072755 1.0443040068328573 161
1684598072827 1.0445145518709114 162
1684598072899 1.0446754899676838 163
1684598072971 1.0447881584355396 164
1684598073046 1.0448540318441748 165
1684598073118 1.0448742638204247 166
1684598073190 1.0448497114645208 167
1684598073261 1.0447813848323135 168
1684598073335 1.0446700226532597 169
1684598073409 1.044516019155563 170
1684598073479 1.044320155389968 171
1684598073550 1.044082692585449 172
1684598073620 1.0438039538910067 173
1684598073692 1.043484419445249 174
1684598073764 1.0431241250641703 175
1684598073834 1.0427235657646867 176
1684598073905 1.0422829451119697 177
1684598073977 1.0418025295002096 178
1684598074048 1.041282802719123 179
1684598074122 1.040724178580321 180
1684598074194 1.040127113353637 181
1684598074266 1.039492118518443 182
1684598074340 1.038820074973607 183
1684598074413 1.0381115369694163 184
1684598074485 1.0373675165261826 185
1684598074556 1.0365889018672414 186
1684598074624 1.0357766921622285 187
1684598074695 1.0349321396759845 188
1684598074770 1.034056258565549 189
1684598074841 1.033150440585118 190
1684598074914 1.0322160146713524 191
1684598074988 1.031254322328341 192
1684598075070 1.0302667856719994 193
1684598075369 1.029254789336815 194
1684598075453 1.02821970790896 195
1684598075524 1.0271630731286083 196
1684598075594 1.0260861070625713 197
1684598075700 1.024990240784998 198
1684598075773 1.0238768257452613 199
1684598075844 1.0227469905201432 200
1684598075920 1.0216019473282776 201
1684598075993 1.020442783845013 202
1684598076066 1.0192705198687875 203
1684598076137 1.0180859080824831 204
1684598076210 1.0168899004232146 205
1684598076280 1.0156831881704451 206
1684598076353 1.014466485224886 207
1684598076434 1.0132400974446238 208
1684598076513 1.012004741322504 209
1684598076584 1.0107605604758196 210
1684598076656 1.009507879272462 211
1684598076725 1.0082469370036151 212
1684598076797 1.0069777491261764 213
1684598076868 1.0057004678463888 214
1684598076937 1.0048276072893638 215
1684598077009 1.0040717186276709 216
1684598077079 1.0033601343283105 217
1684598077149 1.0026564091152226 218
1684598077222 1.0019419233374194 219
1684598077294 1.0012046134511587 220
1684598077364 1.0004357806633526 221
1684598077439 0.9996280174869762 222
1684598077512 0.9987751974942914 223
1684598077585 0.9985779555911187 224
1684598077657 0.9990664246056781 225
1684598077728 0.9997175555159347 226
1684598077802 1.0003621789102035 227
1684598077877 1.0015249343462906 228
1684598077947 1.0028358086588653 229
1684598078029 1.0042208253475482 230
1684598078101 1.0056442239675722 231
1684598078172 1.0070843858773961 232
1684598078244 1.0085235683230604 233
1684598078316 1.0099433285786956 234
1684598078392 1.0113250674795142 235
1684598078466 1.0126498436707718 236
1684598078540 1.0138979794444931 237
1684598078611 1.0150506883984325 238
1684598078682 1.016089207934502 239
1684598078753 1.0169959587697475 240
1684598078824 1.0177547806858067 241
1684598078896 1.0193378083581677 242
1684598078967 1.0209634631456908 243
1684598079039 1.0224055866878536 244
1684598079110 1.0227313839607362 245
1684598079180 1.024192333738704 246
1684598079249 1.0258533950119029 247
1684598079321 1.0275353015666 248
1684598079392 1.0291451649346874 249
1684598079466 1.0306339768348423 250
