1684596859485 2.0496377261681897 1
1684596859571 1.977121718779572 2
1684596859647 1.9174670654686368 3
1684596859722 1.8784252503860621 4
1684596859799 1.8450142992511327 5
1684596859874 1.8067948521615897 6
1684596859946 1.7581130807335827 7
1684596860019 1.6971939248052668 8
1684596860095 1.6252070990446923 9
1684596860169 1.5451296645548807 10
1684596860242 1.4606884605934933 11
1684596860319 1.3755730012326155 12
1684596860391 1.2929582577825147 13
1684596860468 1.215283945704274 14
1684596860544 1.1442103393780374 15
1684596860617 1.080678048977004 16
1684596860691 1.0250198407537527 17
1684596860770 0.977092274396453 18
1684596860843 0.9364060856020149 19
1684596860920 0.9022493544497479 20
1684596860996 0.8737676559800239 21
1684596861072 0.8500642375691381 22
1684596861145 0.8302609675098978 23
1684596861217 0.8135096020193118 24
1684596861289 0.799048044251516 25
1684596861366 0.7862131686471581 26
1684596861442 0.7744497674348021 27
1684596861514 0.7633150324889394 28
1684596861588 0.752481249836706 29
1684596861662 0.7417313728840652 30
1684596861739 0.7309552313427337 31
1684596861814 0.7201437624407903 32
1684596861892 0.7093816801937288 33
1684596861965 0.6988388457129023 34
1684596862037 0.6887600020982755 35
1684596862110 0.6794517219237343 36
1684596862180 0.6712639735277082 37
1684596862252 0.6645643770496993 38
1684596862324 0.6596938009549672 39
1684596862397 0.6569323911579623 40
1684596862470 0.6564611574920061 41
1684596862549 0.6583519989496035 42
1684596862628 0.662512173075124 43
1684596862703 0.6687200946348574 44
1684596862776 0.6767509928529695 45
1684596862852 0.6863180629664783 46
1684596862928 0.69718202989243 47
1684596863001 0.7090856102777626 48
1684596863075 0.7218214967429482 49
1684596863147 0.7352172991790411 50
1684596863220 0.749131679053388 51
1684596863294 0.7634523385845763 52
1684596863368 0.7780834662172268 53
1684596863439 0.7929675010631313 54
1684596863511 0.8080581927337578 55
1684596863582 0.8233398048726144 56
1684596863654 0.8388155284374618 57
1684596863728 0.8545063957547884 58
1684596863801 0.8704496156884617 59
1684596863872 0.8866949278983143 60
1684596863950 0.9033020723030791 61
1684596864023 0.9203381907036179 62
1684596864100 0.9378748145094093 63
1684596864171 0.9559856704701823 64
1684596864246 0.9747429084644583 65
1684596864318 0.9942136925981842 66
1684596864389 1.0144901138074165 67
1684596864462 1.0355947957930463 68
1684596864537 1.0575513181763814 69
1684596864617 1.0801475463573487 70
1684596864693 1.1032539437355284 71
1684596864767 1.1269732482288075 72
1684596864854 1.1513104451489016 73
1684596864934 1.1762293526389453 74
1684596865017 1.2016721072626095 75
1684596865098 1.2275666269558396 76
1684596865177 1.253829401141154 77
1684596865257 1.2803666629489923 78
1684596865343 1.3070749238609614 79
1684596865423 1.333841702352348 80
1684596865503 1.3605468012857989 81
1684596865582 1.387063187312305 82
1684596865660 1.4132600678057956 83
1684596865739 1.4390042235528697 84
1684596865821 1.4641479733060214 85
1684596865898 1.4885827226387 86
1684596865984 1.5121838801484617 87
1684596866070 1.5348362900394648 88
1684596866156 1.5564384875018287 89
1684596866235 1.5769080977003096 90
1684596866307 1.5961844891628871 91
1684596866382 1.6142310153942256 92
1684596866457 1.6310336798349372 93
1684596866531 1.6466047237116537 94
1684596866603 1.6609695701002003 95
1684596866679 1.6741644753282219 96
1684596866750 1.6862311620531227 97
1684596866823 1.6972128666733652 98
1684596866897 1.707155678688145 99
1684596866971 1.716105697716196 100
1684596867043 1.7240976595289694 101
1684596867115 1.7311684181168152 102
1684596867186 1.7373562459751706 103
1684596867257 1.7427011349542973 104
1684596867330 1.747245071877335 105
1684596867403 1.751032571161225 106
1684596867476 1.7541109712507708 107
1684596867551 1.7565298116444632 108
1684596867623 1.7583404910989056 109
1684596867696 1.7595948932138241 110
1684596867766 1.760346103345101 111
1684596867837 1.7606460897092429 112
1684596867910 1.7605460762330862 113
1684596867987 1.7600952231475397 114
1684596868059 1.759340712237186 115
1684596868130 1.7583269005806845 116
1684596868202 1.7570947428443628 117
1684596868273 1.755682969435263 118
1684596868346 1.75412625069609 119
1684596868419 1.7524568474094178 120
1684596868491 1.7507035809227567 121
1684596868565 1.7488924768700826 122
1684596868638 1.7470468323612232 123
1684596868711 1.7451872612475625 124
1684596868781 1.7433319106580214 125
1684596868854 1.7414974121986764 126
1684596868926 1.7396979893376452 127
1684596869000 1.73794626597549 128
1684596869074 1.7362533009918932 129
1684596869150 1.7346296995768629 130
1684596869222 1.7330837834424626 131
1684596869296 1.7316237178662501 132
1684596869370 1.730256368314826 133
1684596869442 1.7289878486595702 134
1684596869514 1.7278234353976591 135
1684596869588 1.7267670350106075 136
1684596869660 1.725821891022799 137
1684596869732 1.7249902838007454 138
1684596869805 1.7242733157180417 139
1684596869880 1.7236714620711415 140
1684596869951 1.7231843059172118 141
1684596870028 1.722810581563663 142
1684596870101 1.7225483840263465 143
1684596870173 1.7223956245512797 144
1684596870245 1.7223491388070202 145
1684596870316 1.7224061688739085 146
1684596870389 1.7225632339583972 147
1684596870461 1.7228167203016975 148
1684596870532 1.7231632226871478 149
1684596870604 1.7235988720111672 150
1684596870685 1.724120219056641 151
1684596870767 1.724723725569747 152
1684596870841 1.7254063230606964 153
1684596870914 1.72616485801334 154
1684596870986 1.7269961418530189 155
1684596871062 1.7278978927734798 156
1684596871137 1.728867694854918 157
1684596871209 1.7299037709595293 158
1684596871282 1.7310040374582862 159
1684596871358 1.7321674913820524 160
1684596871431 1.733392811223003 161
1684596871504 1.734679448392559 162
1684596871581 1.7360268490064361 163
1684596871662 1.7374347375097936 164
1684596871733 1.7389030888767252 165
1684596871805 1.7404323821773278 166
1684596871879 1.7420227730096833 167
1684596871951 1.7436747909022907 168
1684596872026 1.7453890320211287 169
1684596872103 1.7471663328101128 170
1684596872176 1.7490070955662915 171
1684596872248 1.7509121970634496 172
1684596872320 1.7528821048316807 173
1684596872394 1.7549174257301399 174
1684596872469 1.7570184317184532 175
1684596872541 1.7591856440974378 176
1684596872613 1.7614192476570203 177
1684596872687 1.7637193774776496 178
1684596872760 1.7660856751835259 179
1684596873073 1.768518260765942 180
1684596873176 1.7710165501291446 181
1684596873248 1.7735802657319664 182
1684596873319 1.7762086746873642 183
1684596873399 1.7789010877616227 184
1684596873478 1.7816569274352019 185
1684596873550 1.7844751981816125 186
1684596873621 1.7873549531133686 187
1684596873694 1.7902950840681777 188
1684596873767 1.79329483219751 189
1684596873841 1.7963529390992425 190
1684596873913 1.7994683018705395 191
1684596873984 1.8026399079506215 192
1684596874056 1.8058666779945929 193
1684596874190 1.8091473765544444 194
1684596874374 1.8124810352709764 195
1684596874449 1.8158665445689892 196
1684596874523 1.8193027140468163 197
1684596874596 1.822788596724156 198
1684596874672 1.8263233424308558 199
1684596874743 1.829905837534862 200
1684596874818 1.8335351006866967 201
1684596874891 1.8372104718940254 202
1684596874964 1.8409309070715136 203
1684596875037 1.8446956638841725 204
1684596875114 1.8485040809530013 205
1684596875190 1.8523552132636723 206
1684596875262 1.8562484632486491 207
1684596875335 1.8601833238395082 208
1684596875407 1.8641589909724807 209
1684596875479 1.8681750123813727 210
1684596875562 1.87223083363724 211
1684596875633 1.876325595977028 212
1684596875706 1.8804593082203909 213
1684596875778 1.8846312622225185 214
1684596875851 1.8888409490079079 215
1684596875924 1.8930879833739813 216
1684596875999 1.8973720809471017 217
1684596876075 1.9016926756946089 218
1684596876151 1.9060493725164758 219
1684596876225 1.910442106508346 220
1684596876297 1.9148699947011476 221
1684596876371 1.9193331869168593 222
1684596876443 1.923831092562227 223
1684596876515 1.928363630787473 224
1684596876607 1.9329302621508173 225
1684596876685 1.9375306037565558 226
1684596876757 1.942164570573056 227
1684596876828 1.9468316795959706 228
1684596876902 1.9515318954559495 229
1684596876978 1.9562645296092618 230
1684596877050 1.961029431632412 231
1684596877127 1.965826435432182 232
1684596877201 1.970655079407808 233
1684596877275 1.975515154718317 234
1684596877348 1.9804063066485513 235
1684596877420 1.985328083683525 236
1684596877495 1.9902804279565207 237
1684596877568 1.9952627439570516 238
1684596877641 2.0002750037810673 239
1684596877714 2.00531666478458 240
1684596877786 2.010387463893583 241
1684596877859 2.015487072070817 242
1684596877932 2.020614857584503 243
1684596878008 2.0257710795624684 244
1684596878084 2.0309549161837186 245
1684596878161 2.036166122398045 246
1684596878237 2.04140435796233 247
1684596878309 2.0466691511175807 248
1684596878382 2.0519603488659253 249
1684596878452 2.0572774555747886 250
