1684594849912 1.7547878 1
1684594849991 1.6099138 2
1684594850067 1.4972478 3
1684594850141 1.4163486 4
1684594850216 1.3469043 5
1684594850289 1.277154 6
1684594850361 1.2020197 7
1684594850436 1.1205971 8
1684594850508 1.0345261 9
1684594850581 0.9467492 10
1684594850655 0.8606161 11
1684594850730 0.7792791 12
1684594850817 0.70529544 13
1684594850898 0.6403918 14
1684594850974 0.5853533 15
1684594851050 0.5402116 16
1684594851123 0.5042882 17
1684594851197 0.47649217 18
1684594851269 0.4555558 19
1684594851343 0.4403004 20
1684594851416 0.4296881 21
1684594851489 0.422726 22
1684594851563 0.41853425 23
1684594851635 0.4163985 24
1684594851710 0.41573727 25
1684594851787 0.41620952 26
1684594851863 0.41763958 27
1684594851940 0.41993314 28
1684594852015 0.4230523 29
1684594852086 0.42699808 30
1684594852160 0.4317971 31
1684594852235 0.4374899 32
1684594852307 0.44412094 33
1684594852377 0.4517308 34
1684594852449 0.4603498 35
1684594852522 0.4699937 36
1684594852599 0.48066017 37
1684594852671 0.49232695 38
1684594852744 0.5049583 39
1684594852817 0.51848704 40
1684594852895 0.5328442 41
1684594852969 0.54792523 42
1684594853039 0.5636123 43
1684594853112 0.5797779 44
1684594853184 0.5962861 45
1684594853258 0.6129952 46
1684594853329 0.6297609 47
1684594853402 0.64643985 48
1684594853474 0.66289246 49
1684594853546 0.6789864 50
1684594853618 0.6945987 51
1684594853688 0.7096185 52
1684594853759 0.72394854 53
1684594853830 0.7375071 54
1684594853905 0.7502302 55
1684594853976 0.762069 56
1684594854047 0.77298844 57
1684594854117 0.78296506 58
1684594854188 0.79198325 59
1684594854261 0.800034 60
1684594854336 0.80711305 61
1684594854408 0.81322193 62
1684594854480 0.8183683 63
1684594854551 0.8225656 64
1684594854622 0.82583296 65
1684594854693 0.8281492 66
1684594854764 0.8295816 67
1684594854835 0.8301084 68
1684594854909 0.8298289 69
1684594854980 0.82881075 70
1684594855052 0.827096 71
1684594855124 0.82472104 72
1684594855195 0.8217205 73
1684594855267 0.81812775 74
1684594855338 0.8139756 75
1684594855409 0.8092962 76
1684594855480 0.8041219 77
1684594855551 0.79848516 78
1684594855622 0.7927066 79
1684594855694 0.7871531 80
1684594855767 0.7819264 81
1684594855839 0.777056 82
1684594855920 0.77252877 83
1684594855992 0.768308 84
1684594856065 0.76434124 85
1684594856140 0.76056695 86
1684594856213 0.7569187 87
1684594856288 0.75332934 88
1684594856361 0.7497348 89
1684594856432 0.7460768 90
1684594856506 0.7423053 91
1684594856578 0.73838073 92
1684594856651 0.73427546 93
1684594856724 0.7299737 94
1684594856795 0.725471 95
1684594856867 0.7207743 96
1684594856943 0.71589965 97
1684594857013 0.71087074 98
1684594857086 0.70571744 99
1684594857156 0.7004732 100
1684594857227 0.6951738 101
1684594857298 0.6898551 102
1684594857368 0.68455195 103
1684594857439 0.6792964 104
1684594857510 0.67411697 105
1684594857586 0.66966087 106
1684594857659 0.66550165 107
1684594857730 0.6615096 108
1684594857802 0.6576269 109
1684594857874 0.65382624 110
1684594857949 0.6500915 111
1684594858022 0.64641106 112
1684594858092 0.6427746 113
1684594858163 0.63917255 114
1684594858235 0.6355972 115
1684594858307 0.6331684 116
1684594858379 0.63092744 117
1684594858450 0.6285784 118
1684594858524 0.6260129 119
1684594858595 0.62321705 120
1684594858667 0.6202184 121
1684594858738 0.6170595 122
1684594858811 0.6137856 123
1684594858884 0.61043954 124
1684594858970 0.6070592 125
1684594859050 0.60367733 126
1684594859123 0.60032094 127
1684594859194 0.59701157 128
1684594859267 0.59376514 129
1684594859455 0.59059304 130
1684594859630 0.5875018 131
1684594859702 0.5844946 132
1684594859776 0.5815712 133
1684594859847 0.57872915 134
1684594859918 0.57596433 135
1684594859993 0.5732714 136
1684594860070 0.57064444 137
1684594860141 0.56807756 138
1684594860213 0.5655647 139
1684594860285 0.5631005 140
1684594860356 0.56068003 141
1684594860427 0.55829895 142
1684594860498 0.5559537 143
1684594860569 0.5536414 144
1684594860640 0.5513598 145
1684594860770 0.5491072 146
1684594860842 0.5468824 147
1684594860915 0.5446847 148
1684594860990 0.54251367 149
1684594861066 0.54036903 150
1684594861139 0.5382508 151
1684594861210 0.5361591 152
1684594861282 0.534094 153
1684594861354 0.5320555 154
1684594861425 0.5300437 155
1684594861498 0.52805877 156
1684594861570 0.52610046 157
1684594861642 0.5241687 158
1684594861713 0.52226335 159
1684594861784 0.5203841 160
1684594861854 0.51853055 161
1684594861926 0.5167024 162
1684594861998 0.5148994 163
1684594862077 0.513121 164
1684594862154 0.51136684 165
1684594862225 0.5096367 166
1684594862495 0.50793016 167
1684594862649 0.50624686 168
1684594862754 0.5045867 169
1684594862828 0.50294936 170
1684594862900 0.5013347 171
1684594862971 0.4997427 172
1684594863045 0.49817315 173
1684594863119 0.496626 174
1684594863190 0.49510127 175
1684594863263 0.493599 176
1684594863335 0.492119 177
1684594863408 0.49066162 178
1684594863481 0.48922655 179
1684594863551 0.48781392 180
1684594863624 0.4864237 181
1684594863695 0.48505586 182
1684594863768 0.48371023 183
1684594863840 0.48238677 184
1684594863911 0.48108524 185
1684594863983 0.4798054 186
1684594864054 0.47854695 187
1684594864127 0.47730944 188
1684594864200 0.4760924 189
1684594864272 0.47489518 190
1684594864343 0.47371712 191
1684594864417 0.4725574 192
1684594864488 0.4714151 193
1684594864560 0.47028935 194
1684594864631 0.46917927 195
1684594864703 0.46808395 196
1684594864775 0.46700278 197
1684594864848 0.4659352 198
1684594864920 0.46488106 199
1684594864991 0.46384043 200
1684594865065 0.46281356 201
1684594865137 0.461801 202
1684594865213 0.46080345 203
1684594865285 0.45982152 204
1684594865358 0.458856 205
1684594865430 0.4579074 206
1684594865501 0.45697647 207
1684594865574 0.45606363 208
1684594865645 0.45516938 209
1684594865719 0.4542939 210
1684594865790 0.45343757 211
1684594865862 0.45260048 212
1684594865936 0.45178282 213
1684594866009 0.45098472 214
1684594866084 0.4502061 215
1684594866159 0.4494471 216
1684594866233 0.44870764 217
1684594866305 0.44798774 218
1684594866377 0.44728732 219
1684594866449 0.44660628 220
1684594866521 0.4459446 221
1684594866596 0.44530222 222
1684594866670 0.44467896 223
1684594866743 0.4440748 224
1684594866816 0.4434895 225
1684594866887 0.44292304 226
1684594866959 0.44237527 227
1684594867031 0.441846 228
1684594867123 0.44133517 229
1684594867200 0.44084257 230
1684594867276 0.44036806 231
1684594867349 0.43991154 232
1684594867420 0.43947273 233
1684594867492 0.43905163 234
1684594867755 0.438648 235
1684594867864 0.4382616 236
1684594867939 0.43789238 237
1684594868010 0.4375401 238
1684594868082 0.43720454 239
1684594868155 0.43688563 240
1684594868226 0.4365831 241
1684594868297 0.43629676 242
1684594868369 0.43602648 243
1684594868441 0.43577206 244
1684594868511 0.4355333 245
1684594868582 0.43530992 246
1684594868658 0.4351018 247
1684594868730 0.43490875 248
1684594868802 0.43473053 249
1684594868872 0.43456692 250
