1684595744740 1.8348191 1
1684595744836 1.779881 2
1684595744913 1.7379081 3
1684595744988 1.7166241 4
1684595745064 1.7019839 5
1684595745139 1.683715 6
1684595745211 1.6558723 7
1684595745287 1.6159923 8
1684595745360 1.5642965 9
1684595745433 1.5028099 10
1684595745506 1.4345264 11
1684595745581 1.3627281 12
1684595745655 1.2905035 13
1684595745726 1.2204587 14
1684595745800 1.1545794 15
1684595745873 1.0942056 16
1684595745947 1.0400808 17
1684595746019 0.9924429 18
1684595746091 0.9511325 19
1684595746163 0.91570014 20
1684595746237 0.8855028 21
1684595746312 0.85978436 22
1684595746389 0.83773816 23
1684595746463 0.8185549 24
1684595746535 0.8014595 25
1684595746611 0.78573847 26
1684595746686 0.7707601 27
1684595746765 0.75599 28
1684595746844 0.7409992 29
1684595746917 0.72547066 30
1684595746991 0.7091987 31
1684595747066 0.69208443 32
1684595747141 0.67412686 33
1684595747213 0.6677283 34
1684595747286 0.66922605 35
1684595747362 0.671373 36
1684595747434 0.67427546 37
1684595747507 0.67803293 38
1684595747580 0.6827329 39
1684595747654 0.6884471 40
1684595747725 0.69523025 41
1684595747796 0.7031184 42
1684595747869 0.7121304 43
1684595747939 0.7222681 44
1684595748012 0.7335188 45
1684595748082 0.74585646 46
1684595748153 0.75924486 47
1684595748226 0.7736391 48
1684595748298 0.78898823 49
1684595748373 0.8052372 50
1684595748443 0.8223285 51
1684595748513 0.8402041 52
1684595748584 0.8588065 53
1684595748655 0.87808007 54
1684595748729 0.897972 55
1684595748800 0.9184332 56
1684595748873 0.93941826 57
1684595748945 0.9608857 58
1684595749021 0.98279715 59
1684595749097 1.0051163 60
1684595749171 1.0278087 61
1684595749245 1.0508407 62
1684595749319 1.07418 63
1684595749394 1.097795 64
1684595749467 1.1216556 65
1684595749539 1.1457318 66
1684595749613 1.1699953 67
1684595749685 1.1944171 68
1684595749757 1.2189693 69
1684595749827 1.2436239 70
1684595749900 1.2683524 71
1684595749970 1.2931266 72
1684595750040 1.3179176 73
1684595750112 1.3426961 74
1684595750185 1.3674321 75
1684595750254 1.3920959 76
1684595750326 1.416657 77
1684595750399 1.4410852 78
1684595750470 1.4653493 79
1684595750541 1.4894192 80
1684595750612 1.5132635 81
1684595750683 1.5368509 82
1684595750755 1.5601511 83
1684595750827 1.583133 84
1684595750905 1.6057662 85
1684595750976 1.6280212 86
1684595751046 1.6498687 87
1684595751125 1.6712803 88
1684595751197 1.6922281 89
1684595751268 1.7126861 90
1684595751339 1.7326283 91
1684595751414 1.7520312 92
1684595751485 1.7708719 93
1684595751556 1.7891293 94
1684595751627 1.8067844 95
1684595751698 1.8238201 96
1684595751769 1.840222 97
1684595751840 1.8559773 98
1684595751912 1.871077 99
1684595751983 1.8855137 100
1684595752055 1.8992839 101
1684595752127 1.9123862 102
1684595752198 1.9248215 103
1684595752268 1.936593 104
1684595752342 1.9477072 105
1684595752414 1.9581714 106
1684595752485 1.9679965 107
1684595752559 1.9771953 108
1684595752633 1.9857837 109
1684595752703 1.9937804 110
1684595752774 2.0012064 111
1684595752848 2.0080857 112
1684595752921 2.0144436 113
1684595752994 2.020308 114
1684595753067 2.0257075 115
1684595753141 2.030672 116
1684595753211 2.035231 117
1684595753283 2.0394144 118
1684595753355 2.043251 119
1684595753430 2.0467694 120
1684595753501 2.0499964 121
1684595753572 2.0529583 122
1684595753645 2.0556798 123
1684595753716 2.0581844 124
1684595753787 2.060495 125
1684595753858 2.062633 126
1684595753930 2.064619 127
1684595754000 2.0664744 128
1684595754074 2.0682182 129
1684595754149 2.0698705 130
1684595754221 2.0714507 131
1684595754292 2.0729778 132
1684595754364 2.0744705 133
1684595754438 2.075947 134
1684595754508 2.0774248 135
1684595754579 2.0789201 136
1684595754651 2.0804486 137
1684595754726 2.082024 138
1684595754797 2.083659 139
1684595754872 2.0853646 140
1684595754961 2.0871496 141
1684595755039 2.0890222 142
1684595755112 2.0909877 143
1684595755185 2.09305 144
1684595755257 2.095213 145
1684595755332 2.0974767 146
1684595755406 2.0998416 147
1684595755484 2.1023066 148
1684595755555 2.1048698 149
1684595755628 2.107528 150
1684595755700 2.1102781 151
1684595755771 2.1131165 152
1684595755843 2.116039 153
1684595755918 2.119042 154
1684595755993 2.1221209 155
1684595756064 2.1252718 156
1684595756136 2.1284914 157
1684595756207 2.1317763 158
1684595756279 2.135123 159
1684595756351 2.138529 160
1684595756424 2.1419914 161
1684595756499 2.1455078 162
1684595756572 2.1490755 163
1684595756646 2.152692 164
1684595756718 2.1563554 165
1684595756789 2.1600623 166
1684595756860 2.1638083 167
1684595756931 2.1675897 168
1684595757002 2.1714025 169
1684595757073 2.1752436 170
1684595757145 2.1791098 171
1684595757215 2.1829991 172
1684595757287 2.1869087 173
1684595757358 2.1908376 174
1684595757429 2.1947849 175
1684595757503 2.1987507 176
1684595757575 2.2027364 177
1684595757647 2.2067447 178
1684595757721 2.2107782 179
1684595757794 2.2148418 180
1684595757869 2.2189403 181
1684595757941 2.2230785 182
1684595758013 2.2272623 183
1684595758085 2.2314963 184
1684595758157 2.235786 185
1684595758227 2.2401361 186
1684595758297 2.2445507 187
1684595758369 2.249034 188
1684595758441 2.2535887 189
1684595758515 2.2582178 190
1684595758586 2.2629237 191
1684595758659 2.2677078 192
1684595758729 2.2725716 193
1684595758800 2.2775168 194
1684595758872 2.2825427 195
1684595758944 2.2876503 196
1684595759016 2.2928398 197
1684595759250 2.2981102 198
1684595759375 2.3034616 199
1684595759447 2.3088927 200
1684595759522 2.314403 201
1684595759596 2.3199916 202
1684595759667 2.3256571 203
1684595759740 2.3313985 204
1684595759812 2.3372138 205
1684595759884 2.3431025 206
1684595759957 2.3490624 207
1684595760033 2.3550928 208
1684595760107 2.3611917 209
1684595760179 2.3673582 210
1684595760250 2.3735886 211
1684595760323 2.3798795 212
1684595760393 2.386231 213
1684595760466 2.392641 214
1684595760542 2.3991098 215
1684595760616 2.4056365 216
1684595760688 2.412221 217
1684595760761 2.4188623 218
1684595760832 2.4255605 219
1684595760904 2.4323149 220
1684595760978 2.4391246 221
1684595761053 2.4459898 222
1684595761127 2.4529097 223
1684595761204 2.4598837 224
1684595761277 2.466911 225
1684595761348 2.4739919 226
1684595761421 2.4811254 227
1684595761495 2.4883108 228
1684595761570 2.495548 229
1684595761642 2.5028362 230
1684595761714 2.5101757 231
1684595761785 2.5175648 232
1684595761864 2.5250041 233
1684595761935 2.5324926 234
1684595762006 2.54003 235
1684595762077 2.547616 236
1684595762148 2.55525 237
1684595762220 2.5629315 238
1684595762334 2.57066 239
1684595762406 2.5784354 240
1684595762479 2.586257 241
1684595762554 2.5941238 242
1684595762625 2.602036 243
1684595762699 2.6099925 244
1684595762769 2.617993 245
1684595762842 2.6260366 246
1684595762914 2.6341233 247
1684595762986 2.6422517 248
1684595763071 2.6504214 249
1684595763146 2.6586318 250
