1684598016223 1.779853684561593 1
1684598016327 1.6595165729522705 2
1684598016401 1.5604337283543177 3
1684598016478 1.4881989785603114 4
1684598016555 1.4261481251035417 5
1684598016628 1.36400249174663 6
1684598016700 1.297673531941005 7
1684598016773 1.2269093138831002 8
1684598016846 1.1533886449677604 9
1684598016918 1.0794533320835658 10
1684598016992 1.007430476801736 11
1684598017066 0.939329845564706 12
1684598017137 0.8767148128577641 13
1684598017213 0.8206457155091422 14
1684598017288 0.7717782301562173 15
1684598017360 0.7301639233316694 16
1684598017433 0.6954626015254429 17
1684598017505 0.6670537122658321 18
1684598017580 0.6441524795123509 19
1684598017652 0.6259092007364545 20
1684598017731 0.6114844296659742 21
1684598017802 0.6001467619623456 22
1684598017874 0.5911408109324319 23
1684598017950 0.5838659576007298 24
1684598018022 0.5778354619230542 25
1684598018106 0.5726890223366874 26
1684598018190 0.5681725783007485 27
1684598018263 0.5640386257852826 28
1684598018338 0.5600975496428353 29
1684598018410 0.5562616544110435 30
1684598018485 0.5524813277380807 31
1684598018557 0.5487564078399113 32
1684598018642 0.545119936977114 33
1684598018714 0.5416295869009835 34
1684598018788 0.538361132144928 35
1684598018861 0.5354016976697105 36
1684598018933 0.5328438111713955 37
1684598019005 0.5307797023228237 38
1684598019078 0.5292963896478925 39
1684598019150 0.5284719680036817 40
1684598019224 0.5283064757074628 41
1684598019296 0.5288868716784886 42
1684598019368 0.5303789845534733 43
1684598019438 0.532806362424578 44
1684598019510 0.5362445414066315 45
1684598019586 0.5404676667281559 46
1684598019658 0.5453874894550869 47
1684598019729 0.5509544440678188 48
1684598019801 0.5571335681847164 49
1684598019872 0.5638974692140307 50
1684598019942 0.5712232504572187 51
1684598020014 0.579090029001236 52
1684598020087 0.5874771433217185 53
1684598020160 0.5963625737598964 54
1684598020235 0.605721903698785 55
1684598020309 0.6155285792691367 56
1684598020381 0.6257544926234654 57
1684598020455 0.6363709654126849 58
1684598020529 0.647054135799408 59
1684598020604 0.6579249458653587 60
1684598020676 0.6690138024943215 61
1684598020748 0.6803241797855922 62
1684598020823 0.6918506366865975 63
1684598020898 0.7035841345787048 64
1684598020968 0.7155147663184575 65
1684598021040 0.7276322586195809 66
1684598021114 0.7399262189865112 67
1684598021185 0.7523856673921857 68
1684598021257 0.7649988446916852 69
1684598021328 0.7777527315276009 70
1684598021401 0.7906513299260821 71
1684598021473 0.8036651696477618 72
1684598021544 0.8167748962129865 73
1684598021620 0.8299598778997149 74
1684598021693 0.8431969455310276 75
1684598021768 0.856460954461779 76
1684598021844 0.8692993436540876 77
1684598021917 0.8816162177494594 78
1684598021992 0.8936242801802499 79
1684598022062 0.905366735798972 80
1684598022136 0.9168356657028198 81
1684598022207 0.9280060529708862 82
1684598022282 0.9388471075466701 83
1684598022356 0.9493267791611808 84
1684598022426 0.9594134518078395 85
1684598022501 0.9690766589982169 86
1684598022574 0.9782874413899013 87
1684598022649 0.9870189854076931 88
1684598022719 0.9952474917684283 89
1684598022789 1.0029529758862086 90
1684598022861 1.0101203237261092 91
1684598022937 1.0167406116213118 92
1684598023008 1.022811770439148 93
1684598023078 1.0283396584647042 94
1684598023150 1.0333384701183863 95
1684598023221 1.037830344268254 96
1684598023292 1.0418452024459839 97
1684598023366 1.0454190969467163 98
1684598023439 1.0485929250717163 99
1684598023511 1.0514101811817713 100
1684598023581 1.0539153133119856 101
1684598023658 1.0561518158231462 102
1684598023731 1.0581609606742859 103
1684598023801 1.059980571269989 104
1684598023873 1.0616549338613237 105
1684598023946 1.0632009080478124 106
1684598024017 1.0646409051758903 107
1684598024089 1.065996595791408 108
1684598024162 1.0672870789255415 109
1684598024233 1.06852810723441 110
1684598024303 1.0697324786867415 111
1684598024374 1.0709104452814375 112
1684598024445 1.0720698237419128 113
1684598024514 1.0732167107718331 114
1684598024585 1.0743556022644043 115
1684598024782 1.075489682810647 116
1684598024980 1.0766211577824183 117
1684598025082 1.0777519174984522 118
1684598025154 1.0788824132510595 119
1684598025235 1.0800135050501143 120
1684598025308 1.0811446905136108 121
1684598025378 1.0822754842894418 122
1684598025450 1.083405383995601 123
1684598025522 1.0845338361603873 124
1684598025592 1.0856872371264867 125
1684598025667 1.0868462579590934 126
1684598025737 1.088049522468022 127
1684598025808 1.0892624173845564 128
1684598025880 1.0904749972479684 129
1684598025952 1.0916817699159895 130
1684598026096 1.092879789216178 131
1684598026269 1.094066960471017 132
1684598026347 1.0952417595045907 133
1684598026422 1.09640314749309 134
1684598026496 1.0975503495761327 135
1684598026568 1.098683169909886 136
1684598026642 1.0998015999794006 137
1684598026717 1.100906150681632 138
1684598026788 1.101997537272317 139
1684598026858 1.1030770114489965 140
1684598026930 1.104145986693246 141
1684598027003 1.1052063192640031 142
1684598027075 1.1062599505696977 143
1684598027145 1.1073091200419836 144
1684598027217 1.1083930901118688 145
1684598027288 1.1094865543501717 146
1684598027358 1.1105848721095495 147
1684598027432 1.1116870301110404 148
1684598027504 1.1127940927233015 149
1684598027576 1.1139079162052699 150
1684598027647 1.1150304334504264 151
1684598027719 1.1161637135914393 152
1684598027791 1.1173097320965357 153
1684598027865 1.1184704303741455 154
1684598027944 1.1196475284440177 155
1684598028018 1.1208428399903434 156
1684598028090 1.122057821069445 157
1684598028162 1.1232937574386597 158
1684598028235 1.1245519518852234 159
1684598028339 1.1258334858076913 160
1684598028409 1.127139253275735 161
1684598028483 1.128469901425498 162
1684598028554 1.1298261625426156 163
1684598028626 1.131208517721721 164
1684598028699 1.132617439542498 165
1684598028777 1.134053111076355 166
1684598028850 1.135515889951161 167
1684598028923 1.137005763394492 168
1684598028995 1.1385230932916914 169
1684598029066 1.1400677859783173 170
1684598029137 1.1416399010590144 171
1684598029208 1.1432394811085291 172
1684598029279 1.144866453749793 173
1684598029350 1.1465207466057368 174
1684598029420 1.148202393736158 175
1684598029492 1.1499110928603582 176
1684598029567 1.151646878038134 177
1684598029639 1.1534094044140406 178
1684598029711 1.15519859961101 179
1684598029787 1.1570140421390533 180
1684598029857 1.158855493579592 181
1684598029928 1.1607227069990975 182
1684598030000 1.162615226847785 183
1684598030073 1.1645327849047524 184
1684598030144 1.1664747936385018 185
1684598030216 1.1684409465108598 186
1684598030287 1.1704308262893133 187
1684598030358 1.1724439646516527 188
1684598030429 1.1744798847607203 189
1684598030503 1.1765381055218833 190
1684598030575 1.178618209702628 191
1684598030647 1.1807197885853904 192
1684598030718 1.18284239087786 193
1684598030794 1.1849853694438934 194
1684598030864 1.187148541212082 195
1684598030936 1.1893313569681985 196
1684598031006 1.1915333909647805 197
1684598031078 1.1937542515141624 198
1684598031149 1.1959936618804932 199
1684598031221 1.1982509195804596 200
1684598031295 1.200525939464569 201
1684598031365 1.2028180701392037 202
1684598031436 1.2051272690296173 203
1684598031510 1.207452940089362 204
1684598031583 1.2097948406423842 205
1684598031652 1.2121526556355613 206
1684598031723 1.2145260444709234 207
1684598031794 1.2169145941734314 208
1684598031864 1.2193181897912706 209
1684598031935 1.2217364822115218 210
1684598032006 1.2241691393511636 211
1684598032076 1.2266159696238381 212
1684598032146 1.2290766281741006 213
1684598032218 1.2315508382661002 214
1684598032288 1.2340384423732758 215
1684598032360 1.2365391893046243 216
1684598032431 1.2390528108392442 217
1684598032502 1.2415790813309806 218
1684598032573 1.244117681469236 219
1684598032644 1.2466686069965363 220
1684598032715 1.2492314236504691 221
1684598032790 1.2518059866768974 222
1684598032861 1.2543921087469374 223
1684598032936 1.2569896365915025 224
1684598033006 1.2595981700079781 225
1684598033076 1.262217674936567 226
1684598033148 1.2648479044437408 227
1684598033220 1.2674885519913264 228
1684598033292 1.2701395324298315 229
1684598033366 1.2728006115981512 230
1684598033439 1.2754715425627572 231
1684598033512 1.2781521677970886 232
1684598033582 1.2808422361101424 233
1684598033652 1.2835416282926286 234
1684598033722 1.2862500037465776 235
1684598033794 1.2889673113822937 236
1684598033864 1.2916932787214006 237
1684598033937 1.2944276460579462 238
1684598034011 1.297170226063047 239
1684598034081 1.2999209719044822 240
1684598034150 1.3026794067450933 241
1684598034221 1.3054455987044744 242
1684598034293 1.3082191858972823 243
1684598034373 1.3110000831740243 244
1684598034455 1.3137879967689514 245
1684598034529 1.316582781927926 246
1684598034603 1.319384319441659 247
1684598034676 1.3221919110843114 248
1684598034750 1.3250072726181574 249
1684598034823 1.3278302720614843 250
