1684598150017 1.7433890104293823 1
1684598150106 1.6287063700812203 2
1684598150184 1.5350699424743652 3
1684598150258 1.4675466673714774 4
1684598150331 1.4092527287346976 5
1684598150405 1.3500278506960188 6
1684598150477 1.2860245960099357 7
1684598150550 1.217206129005977 8
1684598150623 1.1453778317996435 9
1684598150697 1.0729287692478724 10
1684598150771 1.0022121582712447 11
1684598150846 0.9352579755442483 12
1684598150919 0.8736327716282436 13
1684598150991 0.8183820801121848 14
1684598151070 0.7700371486800057 15
1684598151143 0.7286579481192997 16
1684598151216 0.6940587546144213 17
1684598151292 0.6656784415245056 18
1684598151366 0.6427653091294425 19
1684598151442 0.6244936457702092 20
1684598151518 0.6100431042058128 21
1684598151591 0.5987890064716339 22
1684598151666 0.5899814367294312 23
1684598151740 0.5829193251473563 24
1684598151813 0.577103819165911 25
1684598151890 0.5721529339041028 26
1684598151964 0.5677728652954102 27
1684598152036 0.5637443278517041 28
1684598152110 0.559912885938372 29
1684598152184 0.5561810689313071 30
1684598152254 0.552563705614635 31
1684598152330 0.5491473717348916 32
1684598152403 0.5459325398717608 33
1684598152475 0.5428992169243949 34
1684598152546 0.5401223429611751 35
1684598152619 0.5377008446625301 36
1684598152692 0.5357330526624408 37
1684598152763 0.534312482391085 38
1684598152835 0.5335240832396916 39
1684598152909 0.5334415265492031 40
1684598152981 0.5341618955135345 41
1684598153056 0.5357485924448285 42
1684598153132 0.5381802277905601 43
1684598153207 0.5414539788450513 44
1684598153280 0.5456262358597347 45
1684598153352 0.550580586705889 46
1684598153424 0.5562752868447985 47
1684598153496 0.5626718742506844 48
1684598153570 0.5697298220225743 49
1684598153644 0.5773448944091797 50
1684598153716 0.5855076270444053 51
1684598153788 0.5941863230296544 52
1684598153859 0.6033441339220319 53
1684598153932 0.6129449009895325 54
1684598154003 0.6229554074151176 55
1684598154075 0.6332521949495588 56
1684598154148 0.6437961118561881 57
1684598154219 0.654604605266026 58
1684598154290 0.6657259208815438 59
1684598154366 0.6771444848605565 60
1684598154440 0.6888226526124137 61
1684598154512 0.7007429684911456 62
1684598154584 0.7129004597663879 63
1684598154657 0.7251969064985003 64
1684598154728 0.7376736232212612 65
1684598154804 0.7503429055213928 66
1684598154878 0.7632070779800415 67
1684598154951 0.7762650336538043 68
1684598155023 0.7895132643835885 69
1684598155096 0.8029458607946124 70
1684598155167 0.81655410357884 71
1684598155240 0.8303258504186358 72
1684598155312 0.8442450506346566 73
1684598155386 0.8582915152822223 74
1684598155458 0.8724409256662641 75
1684598155530 0.8866646545273917 76
1684598155601 0.9009297915867397 77
1684598155672 0.9153312359537397 78
1684598155742 0.9297349197523934 79
1684598155814 0.9440674015453884 80
1684598155885 0.9585191266877311 81
1684598155955 0.9728352512632098 82
1684598156028 0.9868933132716587 83
1684598156098 1.000600210257939 84
1684598156171 1.0138741476195199 85
1684598156242 1.0266377585274833 86
1684598156317 1.0388166989598955 87
1684598156400 1.0503404821668352 88
1684598156481 1.0611444115638733 89
1684598156552 1.0711728845323836 90
1684598156626 1.0803825174059187 91
1684598156697 1.0887451001576014 92
1684598156770 1.0962502104895455 93
1684598156840 1.1029059716633387 94
1684598156912 1.1087393164634705 95
1684598156984 1.11379303250994 96
1684598157055 1.1181230289595467 97
1684598157126 1.1217930146626063 98
1684598157200 1.1248707941600256 99
1684598157272 1.1274237717900957 100
1684598157346 1.129516214132309 101
1684598157421 1.1312069978032793 102
1684598157495 1.1325485834053584 103
1684598157567 1.1335865088871546 104
1684598157639 1.1343596364770616 105
1684598157717 1.134900403874261 106
1684598157790 1.135235811982836 107
1684598157861 1.1353879102638789 108
1684598157934 1.1353749888283866 109
1684598158005 1.1352122936929976 110
1684598158078 1.1349124482699804 111
1684598158154 1.1344868072441645 112
1684598158228 1.133945379938398 113
1684598158303 1.1332977499280656 114
1684598158378 1.1325528068201882 115
1684598158452 1.1317196147782462 116
1684598158522 1.1308072422231947 117
1684598158594 1.12982462985175 118
1684598158666 1.1287808418273926 119
1684598158738 1.1276849891458238 120
1684598158808 1.1265463062695094 121
1684598158879 1.1253736317157745 122
1684598158952 1.1241756975650787 123
1684598159023 1.1229611379759652 124
1684598159094 1.1217379314558846 125
1684598159166 1.1205137882913863 126
1684598159239 1.1192960441112518 127
1684598159314 1.1180915321622575 128
1684598159388 1.1169062512261527 129
1684598159461 1.1157462171145849 130
1684598159543 1.1146165643419539 131
1684598159616 1.1135221081120628 132
1684598159688 1.1124673613480158 133
1684598159759 1.111456309046064 134
1684598159831 1.1104926126343864 135
1684598159902 1.1095795972006661 136
1684598159972 1.1087203664439065 137
1684598160050 1.1079177004950387 138
1684598160122 1.1071740431444985 139
1684598160195 1.106491846697671 140
1684598160266 1.1058729887008667 141
1684598160340 1.1053193168980735 142
1684598160418 1.104832363980157 143
1684598160493 1.1044132666928428 144
1684598160567 1.1040633065359933 145
1684598160638 1.1037830369813102 146
1684598160711 1.1035731860569544 147
1684598160784 1.103433987924031 148
1684598160854 1.1033655107021332 149
1684598160926 1.1033676777567183 150
1684598161181 1.1034401612622398 151
1684598161338 1.1035825652735574 152
1684598161416 1.1037942000797816 153
1684598161487 1.1040742312158858 154
1684598161559 1.1044218965939112 155
1684598161630 1.104836106300354 156
1684598161702 1.1053158938884735 157
1684598161774 1.1058600885527474 158
1684598161846 1.1064675492899758 159
1684598161918 1.1071370882647378 160
1684598161991 1.1078675985336304 161
1684598162061 1.1086578028542655 162
1684598162134 1.1095065900257655 163
1684598162205 1.1104128403323037 164
1684598162277 1.111375310591289 165
1684598162348 1.112393000296184 166
1684598162424 1.1134646832942963 167
1684598162495 1.1145894953182764 168
1684598162566 1.1157661761556352 169
1684598162638 1.1169938615390234 170
1684598162710 1.1182715467044286 171
1684598162782 1.1195982694625854 172
1684598162854 1.1209730974265508 173
1684598162926 1.1223950854369573 174
1684598162997 1.1238634160586767 175
1684598163069 1.1253770887851715 176
1684598163149 1.1269353585583823 177
1684598163222 1.128537356853485 178
1684598163296 1.1301821512835366 179
1684598163370 1.1318690436226981 180
1684598163445 1.1335971312863486 181
1684598163518 1.135365524462291 182
1684598163588 1.1371734568050929 183
1684598163663 1.13902005978993 184
1684598163734 1.1409045117241996 185
1684598163807 1.142825769526618 186
1684598163878 1.1447830711092268 187
1684598163948 1.1467752371515547 188
1684598164021 1.1488014204161507 189
1684598164092 1.1508604671273912 190
1684598164166 1.1529514236109597 191
1684598164238 1.1550730083669936 192
1684598164310 1.157224144254412 193
1684598164383 1.1594037030424391 194
1684598164458 1.1616105096680778 195
1684598164540 1.1638432698590415 196
1684598164621 1.1661009235041482 197
1684598164694 1.1683822870254517 198
1684598164765 1.170686206647328 199
1684598164844 1.173011600971222 200
1684598164915 1.1753573885985784 201
1684598164985 1.1777226030826569 202
1684598165054 1.1801063758986337 203
1684598165127 1.182507540498461 204
1684598165441 1.1849255136081152 205
1684598165611 1.1873593585831779 206
1684598165687 1.1898083601679121 207
1684598165759 1.1922718669686998 208
1684598165831 1.1947492105620248 209
1684598165903 1.197239773614066 210
1684598165973 1.1997430154255457 211
1684598166046 1.2022584634167808 212
1684598166117 1.2047855726310186 213
1684598166188 1.2073239982128143 214
1684598166260 1.2098733655044012 215
1684598166331 1.2124331976686205 216
1684598166402 1.2150031945535116 217
1684598166476 1.2175831156117576 218
1684598166549 1.2201725180659975 219
1684598166620 1.222771291221891 220
1684598166692 1.225378998688289 221
1684598166762 1.227995561701911 222
1684598166836 1.230620563030243 223
1684598166907 1.233253891978945 224
1684598166982 1.2358952164649963 225
1684598167056 1.2385444853987013 226
1684598167128 1.2412013390234538 227
1684598167200 1.2438657794679915 228
1684598167275 1.246537325637681 229
1684598167350 1.2492159392152513 230
1684598167422 1.251901518021311 231
1684598167497 1.254593747002738 232
1684598167570 1.2572925622974123 233
1684598167645 1.2599977595465524 234
1684598167717 1.262709108846528 235
1684598167797 1.2654266293559755 236
1684598167871 1.26815008691379 237
1684598167945 1.2708792963198252 238
1684598168018 1.273614255445344 239
1684598168094 1.2763547854764121 240
1684598168168 1.279100748045104 241
1684598168241 1.2818520941904612 242
1684598168315 1.284608713218144 243
1684598168386 1.2873705050774984 244
1684598168457 1.2901374101638794 245
1684598168532 1.2929093731301171 246
1684598168604 1.2956862981830324 247
1684598168680 1.2984681938375746 248
1684598168752 1.3012549536568778 249
1684598168823 1.3040466415030616 250
