1684615250785 42.53078 1
1684615250866 38.253365 2
1684615250939 21.301096 3
1684615251012 13.908166 4
1684615251084 11.85672 5
1684615251158 11.544657 6
1684615251232 11.24128 7
1684615251308 10.962309 8
1684615251384 10.788614 9
1684615251457 10.737902 10
1684615251532 10.736933 11
1684615251605 10.795454 12
1684615251678 10.885805 13
1684615251754 10.595882 14
1684615251844 9.812502 15
1684615251918 9.316634 16
1684615252001 9.206688 17
1684615252075 9.149797 18
1684615252145 9.121257 19
1684615252218 9.116243 20
1684615252312 9.119496 21
1684615252389 9.124628 22
1684615252459 9.129719 23
1684615252532 9.132999 24
1684615252605 9.133301 25
1684615252679 9.130413 26
1684615252751 9.125916 27
1684615252827 9.121826 28
1684615252898 9.119093 29
1684615252969 9.118672 30
1684615253045 9.120878 31
1684615253120 9.125954 32
1684615253193 9.1339 33
1684615253265 9.144554 34
1684615253338 9.157922 35
1684615253411 9.174156 36
1684615253484 9.192853 37
1684615253557 9.212553 38
1684615253629 9.231143 39
1684615253702 9.246502 40
1684615253775 9.256784 41
1684615253849 9.260629 42
1684615253921 9.257563 43
1684615253992 9.248251 44
1684615254064 9.234257 45
1684615254139 9.217474 46
1684615254212 9.199637 47
1684615254284 9.182057 48
1684615254358 9.165602 49
1684615254435 9.150816 50
1684615254507 9.1380825 51
1684615254583 9.127681 52
1684615254659 9.1197605 53
1684615254736 9.114258 54
1684615254809 9.110878 55
1684615254885 9.109198 56
1684615254958 9.108792 57
1684615255030 9.109327 58
1684615255103 9.110548 59
1684615255179 9.112274 60
1684615255250 9.114357 61
1684615255322 9.116677 62
1684615255394 9.119125 63
1684615255466 9.121601 64
1684615255537 9.124004 65
1684615255609 9.126237 66
1684615255684 9.128204 67
1684615255756 9.129823 68
1684615255829 9.1310215 69
1684615255907 9.131748 70
1684615255979 9.131982 71
1684615256050 9.131717 72
1684615256123 9.13098 73
1684615256196 9.129815 74
1684615256269 9.128291 75
1684615256344 9.126492 76
1684615256421 9.124509 77
1684615256495 9.122446 78
1684615256570 9.120398 79
1684615256643 9.118455 80
1684615256717 9.11669 81
1684615256788 9.115154 82
1684615256863 9.113876 83
1684615256935 9.112867 84
1684615257006 9.112118 85
1684615257079 9.111611 86
1684615257151 9.111317 87
1684615257222 9.111202 88
1684615257293 9.1112385 89
1684615257364 9.11139 90
1684615257439 9.111628 91
1684615257510 9.111923 92
1684615257585 9.112252 93
1684615257664 9.112593 94
1684615257735 9.112925 95
1684615257806 9.1132345 96
1684615257879 9.113507 97
1684615257951 9.113735 98
1684615258025 9.11391 99
1684615258098 9.114029 100
1684615258170 9.114092 101
1684615258241 9.114102 102
1684615258312 9.114063 103
1684615258385 9.113979 104
1684615258458 9.113859 105
1684615258530 9.113712 106
1684615258607 9.113546 107
1684615258690 9.113369 108
1684615258765 9.113189 109
1684615258838 9.113012 110
1684615258912 9.112843 111
1684615258988 9.112689 112
1684615259061 9.112553 113
1684615259135 9.112435 114
1684615259209 9.112339 115
1684615259282 9.112263 116
1684615259354 9.112207 117
1684615259427 9.112168 118
1684615259500 9.112147 119
1684615259572 9.112141 120
1684615259645 9.112144 121
1684615259718 9.112159 122
1684615259791 9.112179 123
1684615259863 9.112205 124
1684615259938 9.112231 125
1684615260008 9.11226 126
1684615260089 9.112286 127
1684615260163 9.1123085 128
1684615260235 9.112329 129
1684615260306 9.112345 130
1684615260380 9.112355 131
1684615260453 9.112361 132
1684615260527 9.112362 133
1684615260600 9.112359 134
1684615260673 9.112351 135
1684615260745 9.112341 136
1684615260817 9.112327 137
1684615260889 9.112311 138
1684615260965 9.112294 139
1684615261038 9.112276 140
1684615261117 9.112257 141
1684615261191 9.11224 142
1684615261263 9.112223 143
1684615261334 9.112207 144
1684615261407 9.112194 145
1684615261480 9.112181 146
1684615261555 9.112171 147
1684615261630 9.112162 148
1684615261701 9.112154 149
1684615261772 9.112148 150
1684615261844 9.112144 151
1684615261917 9.112142 152
1684615261993 9.112141 153
1684615262064 9.11214 154
1684615262137 9.11214 155
1684615262209 9.112141 156
1684615262282 9.112142 157
1684615262354 9.112143 158
1684615262427 9.1121435 159
1684615262679 9.112144 160
1684615262888 9.112145 161
1684615262979 9.112146 162
1684615263097 9.112146 163
1684615263190 9.112146 164
1684615263265 9.112146 165
1684615263338 9.112144 166
1684615263410 9.112143 167
1684615263485 9.112143 168
1684615263558 9.112141 169
1684615263634 9.112139 170
1684615263709 9.112137 171
1684615263781 9.112135 172
1684615263855 9.112133 173
1684615263928 9.112131 174
1684615264002 9.112129 175
1684615264076 9.112127 176
1684615264150 9.112125 177
1684615264222 9.1121235 178
1684615264294 9.112123 179
1684615264369 9.112122 180
1684615264442 9.11212 181
1684615264513 9.11212 182
1684615264586 9.11212 183
1684615264658 9.112118 184
1684615264730 9.112118 185
1684615264804 9.112118 186
1684615264877 9.112118 187
1684615264949 9.112118 188
1684615265022 9.112118 189
1684615265092 9.112116 190
1684615265166 9.112116 191
1684615265239 9.112116 192
1684615265310 9.112116 193
1684615265383 9.112116 194
1684615265455 9.112116 195
1684615265530 9.112116 196
1684615265605 9.112116 197
1684615265677 9.112116 198
1684615265749 9.112116 199
1684615265820 9.112116 200
1684615265893 9.112115 201
1684615265967 9.112115 202
1684615266041 9.112115 203
1684615266112 9.112114 204
1684615266185 9.112114 205
1684615266256 9.112114 206
1684615266328 9.112113 207
1684615266403 9.112113 208
1684615266475 9.112112 209
1684615266547 9.112112 210
1684615266620 9.112112 211
1684615266692 9.112112 212
1684615266770 9.112112 213
1684615266859 9.112112 214
1684615266935 9.112112 215
1684615267012 9.112112 216
1684615267087 9.112112 217
1684615267161 9.112112 218
1684615267235 9.112112 219
1684615267307 9.112112 220
1684615267377 9.112112 221
1684615267449 9.112112 222
1684615267520 9.112113 223
1684615267600 9.112113 224
1684615267674 9.112112 225
1684615267746 9.112112 226
1684615267818 9.112112 227
1684615267890 9.112112 228
1684615267963 9.112112 229
1684615268039 9.112112 230
1684615268110 9.112111 231
1684615268182 9.112111 232
1684615268256 9.112111 233
1684615268328 9.112111 234
1684615268401 9.112111 235
1684615268475 9.112111 236
1684615268546 9.112111 237
1684615268618 9.11211 238
1684615268691 9.11211 239
1684615268763 9.112111 240
1684615268838 9.11211 241
1684615268911 9.11211 242
1684615268985 9.11211 243
1684615269060 9.11211 244
1684615269132 9.11211 245
1684615269206 9.11211 246
1684615269279 9.112111 247
1684615269355 9.112111 248
1684615269426 9.112111 249
1684615269498 9.11211 250
