1684615805061 59.18657862649741 1
1684615805150 52.89166499689938 2
1684615805225 45.58521182852587 3
1684615805298 41.4734184951939 4
1684615805371 38.35765227578374 5
1684615805445 36.28133197050555 6
1684615805519 35.02072613507275 7
1684615805591 32.92923332157099 8
1684615805665 31.51424766192544 9
1684615805738 30.400192488692277 10
1684615805810 29.196134401892134 11
1684615805887 28.31212599577644 12
1684615805961 27.5864711097665 13
1684615806037 26.934770082137796 14
1684615806115 25.821288333799313 15
1684615806187 23.517031157905507 16
1684615806260 20.26606712407998 17
1684615806332 14.420413916824184 18
1684615806405 11.610214296127612 19
1684615806480 10.355485525178642 20
1684615806556 10.392868124549555 21
1684615806630 10.477980711043699 22
1684615806704 10.453135790747016 23
1684615806776 10.357120464751768 24
1684615806848 10.257726884584283 25
1684615806921 10.159699116841738 26
1684615806999 10.05765614731568 27
1684615807074 9.9238669139148 28
1684615807149 9.75678696332898 29
1684615807222 9.61531377570417 30
1684615807295 9.527954098138075 31
1684615807368 9.479569373936402 32
1684615807446 9.455507198618905 33
1684615807521 9.458434436682177 34
1684615807592 9.490497952618664 35
1684615807666 9.543847741510152 36
1684615807739 9.609109456845864 37
1684615807811 9.675824259034108 38
1684615807884 9.729895188762764 39
1684615807957 9.756572515670557 40
1684615808029 9.748367698548906 41
1684615808099 9.707967470799016 42
1684615808172 9.643932583132859 43
1684615808242 9.56636463073858 44
1684615808313 9.486259185805205 45
1684615808386 9.415871130553587 46
1684615808461 9.36379737469498 47
1684615808539 9.329657416035095 48
1684615808610 9.308147186884153 49
1684615808682 9.295212438038298 50
1684615808755 9.288044851364427 51
1684615808826 9.284382212248781 52
1684615808897 9.283016177514032 53
1684615808970 9.283921724929767 54
1684615809041 9.287728270790737 55
1684615809113 9.295142394018804 56
1684615809185 9.306712793507065 57
1684615809261 9.322774547997083 58
1684615809333 9.343420349380482 59
1684615809406 9.36848312934075 60
1684615809477 9.397527768525865 61
1684615809552 9.429850762677972 62
1684615809623 9.464473900601766 63
1684615809695 9.500097551887253 64
1684615809767 9.53510751571633 65
1684615809839 9.567626169809767 66
1684615809911 9.595679268911645 67
1684615809983 9.617447456810458 68
1684615810055 9.63154478661901 69
1684615810129 9.63729643451003 70
1684615810203 9.634876627185596 71
1684615810275 9.62526455213463 72
1684615810350 9.610028351063919 73
1684615810423 9.591010009504933 74
1684615810497 9.570016978113873 75
1684615810572 9.548643640229276 76
1684615810644 9.528185998359394 77
1684615810717 9.509621123515425 78
1684615810791 9.493623611929074 79
1684615810865 9.480592108049104 80
1684615810938 9.470711704833523 81
1684615811010 9.464008865525948 82
1684615811091 9.460415840355486 83
1684615811163 9.459813123189166 84
1684615811234 9.462048173904993 85
1684615811307 9.466940230177034 86
1684615811379 9.474278841072511 87
1684615811452 9.483809657887925 88
1684615811525 9.495226769937766 89
1684615811598 9.508166840827199 90
1684615811671 9.522205267867433 91
1684615811744 9.536863004171687 92
1684615811818 9.551621332459145 93
1684615811889 9.565939265981735 94
1684615811966 9.57928086554891 95
1684615812040 9.591156016811428 96
1684615812129 9.601146310584774 97
1684615812205 9.608940140513267 98
1684615812277 9.614355695361224 99
1684615812348 9.617351731205337 100
1684615812421 9.618030673295715 101
1684615812492 9.616618547830473 102
1684615812563 9.613435425404719 103
1684615812639 9.608862789344784 104
1684615812710 9.603316687874951 105
1684615812780 9.597195463586615 106
1684615812855 9.59087771407638 107
1684615812929 9.584682948793615 108
1684615813001 9.578884842152364 109
1684615813075 9.573693337475113 110
1684615813151 9.569266189254133 111
1684615813227 9.565705171113217 112
1684615813298 9.5630725827524 113
1684615813369 9.561386427156753 114
1684615813444 9.560632144309867 115
1684615813516 9.56076759239124 116
1684615813587 9.561723363925598 117
1684615813659 9.563411368882218 118
1684615813731 9.565730350627309 119
1684615813801 9.568557378141273 120
1684615813872 9.571768301387014 121
1684615813945 9.575232844522647 122
1684615814017 9.578816467808226 123
1684615814088 9.582389102019716 124
1684615814161 9.585829134808085 125
1684615814233 9.589031735007403 126
1684615814303 9.591899554352178 127
1684615814374 9.594356094785589 128
1684615814448 9.596350536924671 129
1684615814520 9.597853460837245 130
1684615814594 9.598857124120237 131
1684615814668 9.599373430038678 132
1684615814740 9.599438097605272 133
1684615814813 9.599099181726773 134
1684615814884 9.59841632972197 135
1684615814959 9.597460736489893 136
1684615815034 9.596302582643677 137
1684615815107 9.595018039702211 138
1684615815179 9.59367658839121 139
1684615815251 9.592341494302664 140
1684615815323 9.591069922099003 141
1684615815394 9.589911615395934 142
1684615815468 9.58890343263727 143
1684615815539 9.58807340109197 144
1684615815610 9.587441193350838 145
1684615815684 9.58701717262128 146
1684615815755 9.586797525756058 147
1684615815826 9.586780237358202 148
1684615815898 9.586947575546747 149
1684615816174 9.587281643618722 150
1684615816264 9.587759745884133 151
1684615816337 9.5883514137718 152
1684615816413 9.589032991346953 153
1684615816488 9.58977176681184 154
1684615816561 9.590538251529853 155
1684615816632 9.591303677977093 156
1684615816705 9.592043568623625 157
1684615816819 9.592732597820863 158
1684615816891 9.593354521167969 159
1684615816962 9.593891814444898 160
1684615817033 9.59433301888328 161
1684615817104 9.594672571231538 162
1684615817179 9.594909497947318 163
1684615817252 9.595046364199389 164
1684615817328 9.59508633520985 165
1684615817401 9.595040469803148 166
1684615817474 9.594915435989002 167
1684615817551 9.594725796326118 168
1684615817624 9.594485694896367 169
1684615817699 9.594211735499877 170
1684615817770 9.593917035943402 171
1684615817842 9.59361430486283 172
1684615817918 9.593319136772616 173
1684615817998 9.593041703756596 174
1684615818071 9.592790131020097 175
1684615818142 9.592575503882863 176
1684615818214 9.592399843420582 177
1684615818286 9.592267380099578 178
1684615818360 9.59218173878589 179
1684615818433 9.59214125815281 180
1684615818506 9.592144388421406 181
1684615818577 9.592185570011939 182
1684615818650 9.592262924827523 183
1684615818728 9.592370252156206 184
1684615818801 9.5925020560484 185
1684615818874 9.592650269527091 186
1684615818949 9.59280975409935 187
1684615819022 9.592975328577882 188
1684615819095 9.593138589277316 189
1684615819166 9.593295024239026 190
1684615819241 9.593440944478502 191
1684615819315 9.593570921216843 192
1684615819387 9.593680313367962 193
1684615819459 9.59376970418243 194
1684615819532 9.593837669021562 195
1684615819608 9.593883353833618 196
1684615819686 9.593906630510105 197
1684615819759 9.59390924990737 198
1684615819832 9.59389376542085 199
1684615819906 9.593861018810381 200
1684615819977 9.59381485287767 201
1684615820052 9.593759723748986 202
1684615820124 9.593697298312444 203
1684615820202 9.593630759573882 204
1684615820288 9.593562580672886 205
1684615820364 9.593497046060941 206
1684615820437 9.593435957974018 207
1684615820515 9.593379433119319 208
1684615820587 9.593330103910436 209
1684615820661 9.593289181876758 210
1684615820735 9.593258324278382 211
1684615820809 9.593236528788623 212
1684615820881 9.593225872296063 213
1684615820952 9.593225375927984 214
1684615821027 9.593233141985129 215
1684615821104 9.593247442252803 216
1684615821176 9.593269641659566 217
1684615821250 9.593296074156443 218
1684615821323 9.593329301733615 219
1684615821396 9.593364199183195 220
1684615821469 9.593400211407063 221
1684615821542 9.593436929270357 222
1684615821614 9.593471973446006 223
1684615821685 9.593505018640549 224
1684615821760 9.593534338119849 225
1684615821834 9.593558491201307 226
1684615821906 9.593578777009089 227
1684615821977 9.59359412946474 228
1684615822050 9.593606093059389 229
1684615822127 9.593612519416224 230
1684615822199 9.593612497506742 231
1684615822270 9.593607902022125 232
1684615822341 9.593601163590934 233
1684615822415 9.593591688654024 234
1684615822486 9.593578268765912 235
1684615822557 9.593564677447636 236
1684615822629 9.593548797261535 237
1684615822700 9.593533516084458 238
1684615822776 9.593519341583894 239
1684615822848 9.59350569560358 240
1684615822920 9.593492510998095 241
1684615822993 9.593480452193027 242
1684615823065 9.593471322754757 243
1684615823137 9.593464662498004 244
1684615823209 9.593458874147366 245
1684615823281 9.593455889139078 246
1684615823352 9.59345535273822 247
1684615823425 9.593456057361584 248
1684615823496 9.593460151273465 249
1684615823568 9.593465256668846 250
