1684613337174 56.774437 1
1684613337266 56.664948 2
1684613337342 56.62634 3
1684613337419 56.301674 4
1684613337493 55.80868 5
1684613337568 54.948334 6
1684613337642 53.722748 7
1684613337718 52.92679 8
1684613337792 52.196274 9
1684613337867 51.211395 10
1684613337941 50.33453 11
1684613338016 49.036835 12
1684613338091 45.907925 13
1684613338169 39.8385 14
1684613338245 32.35131 15
1684613338319 24.629347 16
1684613338394 16.116673 17
1684613338469 12.515064 18
1684613338543 10.282223 19
1684613338619 10.16692 20
1684613338692 8.979542 21
1684613338767 8.947696 22
1684613338850 8.816514 23
1684613338930 8.811045 24
1684613339006 8.806928 25
1684613339087 8.802636 26
1684613339172 8.801456 27
1684613339251 8.800524 28
1684613339327 8.800467 29
1684613339401 8.800383 30
1684613339473 8.800251 31
1684613339548 8.800165 32
1684613339622 8.800146 33
1684613339695 8.80014 34
1684613339770 8.800144 35
1684613339844 8.800167 36
1684613339918 8.800205 37
1684613339993 8.800243 38
1684613340072 8.800265 39
1684613340144 8.800264 40
1684613340219 8.80024 41
1684613340291 8.800193 42
1684613340364 8.80013 43
1684613340436 8.800054 44
1684613340509 8.7999735 45
1684613340579 8.799897 46
1684613340653 8.799828 47
1684613340726 8.799749 48
1684613340801 8.799677 49
1684613340873 8.799647 50
1684613340947 8.799654 51
1684613341023 8.799666 52
1684613341096 8.799671 53
1684613341172 8.799675 54
1684613341249 8.799681 55
1684613341324 8.799684 56
1684613341395 8.7996855 57
1684613341469 8.799686 58
1684613341543 8.7996855 59
1684613341617 8.799683 60
1684613341692 8.799679 61
1684613341765 8.799674 62
1684613341840 8.799667 63
1684613341913 8.799662 64
1684613341987 8.799656 65
1684613342063 8.799652 66
1684613342141 8.79965 67
1684613342218 8.799652 68
1684613342292 8.799652 69
1684613342367 8.799654 70
1684613342442 8.799657 71
1684613342517 8.799658 72
1684613342589 8.79966 73
1684613342664 8.799659 74
1684613342737 8.799656 75
1684613342810 8.799654 76
1684613342883 8.79965 77
1684613342954 8.799645 78
1684613343027 8.79964 79
1684613343100 8.799635 80
1684613343178 8.799629 81
1684613343252 8.7996235 82
1684613343324 8.79962 83
1684613343397 8.799615 84
1684613343469 8.799612 85
1684613343545 8.799609 86
1684613343619 8.799607 87
1684613343694 8.799604 88
1684613343767 8.799606 89
1684613343839 8.799604 90
1684613343912 8.799604 91
1684613343987 8.799604 92
1684613344062 8.799606 93
1684613344135 8.799608 94
1684613344216 8.799608 95
1684613344293 8.799611 96
1684613344366 8.799612 97
1684613344442 8.799615 98
1684613344518 8.799617 99
1684613344592 8.799619 100
1684613344666 8.799621 101
1684613344739 8.799623 102
1684613344811 8.799625 103
1684613344884 8.799627 104
1684613344956 8.799629 105
1684613345029 8.799633 106
1684613345101 8.799635 107
1684613345175 8.799637 108
1684613345251 8.799639 109
1684613345326 8.79964 110
1684613345401 8.799641 111
1684613345477 8.799643 112
1684613345551 8.799643 113
1684613345623 8.799643 114
1684613345700 8.799642 115
1684613345774 8.799641 116
1684613345848 8.79964 117
1684613345921 8.799639 118
1684613345994 8.799637 119
1684613346069 8.799637 120
1684613346142 8.799636 121
1684613346218 8.799635 122
1684613346292 8.799635 123
1684613346364 8.799634 124
1684613346438 8.799633 125
1684613346512 8.799633 126
1684613346586 8.799633 127
1684613346661 8.799633 128
1684613346735 8.799633 129
1684613346807 8.799634 130
1684613346879 8.799633 131
1684613346958 8.799634 132
1684613347035 8.799634 133
1684613347110 8.799635 134
1684613347188 8.799635 135
1684613347269 8.799636 136
1684613347343 8.799636 137
1684613347415 8.799636 138
1684613347489 8.799637 139
1684613347561 8.799637 140
1684613347634 8.799639 141
1684613347706 8.799639 142
1684613347781 8.799639 143
1684613347854 8.79964 144
1684613347926 8.79964 145
1684613347999 8.799641 146
1684613348073 8.79964 147
1684613348148 8.799641 148
1684613348220 8.79964 149
1684613348302 8.799641 150
1684613348377 8.799641 151
1684613348450 8.799641 152
1684613348525 8.799641 153
1684613348711 8.79964 154
1684613348785 8.79964 155
1684613348858 8.79964 156
1684613348931 8.79964 157
1684613349009 8.79964 158
1684613349082 8.799639 159
1684613349155 8.799639 160
1684613349228 8.799639 161
1684613349304 8.799639 162
1684613349378 8.799639 163
1684613349452 8.799639 164
1684613349524 8.799639 165
1684613349598 8.799639 166
1684613349671 8.799639 167
1684613349750 8.799639 168
1684613349823 8.799639 169
1684613349896 8.799639 170
1684613349970 8.799639 171
1684613350048 8.799639 172
1684613350122 8.799639 173
1684613350195 8.799639 174
1684613350267 8.799639 175
1684613350340 8.799639 176
1684613350413 8.79964 177
1684613350486 8.799639 178
1684613350559 8.799639 179
1684613350637 8.799639 180
1684613350712 8.79964 181
1684613350786 8.79964 182
1684613350859 8.79964 183
1684613350933 8.79964 184
1684613351007 8.79964 185
1684613351078 8.79964 186
1684613351151 8.79964 187
1684613351224 8.79964 188
1684613351301 8.799639 189
1684613351374 8.79964 190
1684613351446 8.799639 191
1684613351523 8.79964 192
1684613351595 8.799639 193
1684613351669 8.79964 194
1684613351744 8.79964 195
1684613351818 8.799639 196
1684613351891 8.799639 197
1684613351966 8.799639 198
1684613352040 8.799639 199
1684613352112 8.799639 200
1684613352187 8.799639 201
1684613352419 8.799639 202
1684613352614 8.799639 203
1684613352693 8.799639 204
1684613352764 8.799639 205
1684613352835 8.799639 206
1684613352908 8.799639 207
1684613352981 8.799639 208
1684613353053 8.79964 209
1684613353127 8.799639 210
1684613353200 8.79964 211
1684613353273 8.799639 212
1684613353347 8.79964 213
1684613353420 8.799639 214
1684613353492 8.799639 215
1684613353565 8.799639 216
1684613353642 8.799639 217
1684613353718 8.79964 218
1684613353790 8.799639 219
1684613353862 8.79964 220
1684613353936 8.799639 221
1684613354009 8.79964 222
1684613354081 8.79964 223
1684613354155 8.799639 224
1684613354227 8.79964 225
1684613354299 8.799639 226
1684613354376 8.79964 227
1684613354449 8.79964 228
1684613354521 8.799639 229
1684613354593 8.799639 230
1684613354665 8.799639 231
1684613354739 8.799639 232
1684613354811 8.79964 233
1684613354885 8.79964 234
1684613354957 8.799639 235
1684613355029 8.79964 236
1684613355114 8.79964 237
1684613355191 8.79964 238
1684613355263 8.79964 239
1684613355340 8.79964 240
1684613355413 8.79964 241
1684613355485 8.799639 242
1684613355558 8.79964 243
1684613355630 8.79964 244
1684613355702 8.79964 245
1684613355775 8.79964 246
1684613355847 8.79964 247
1684613355919 8.79964 248
1684613355991 8.79964 249
1684613356063 8.79964 250
