1684613769681 23.113178 1
1684613769809 15.999537 2
1684613769887 11.612144 3
1684613769960 9.843311 4
1684613770043 8.938309 5
1684613770128 8.729212 6
1684613770201 8.689829 7
1684613770275 8.400427 8
1684613770348 8.252646 9
1684613770419 8.177891 10
1684613770494 8.210816 11
1684613770569 8.171347 12
1684613770641 8.243763 13
1684613770716 8.183068 14
1684613770791 8.239825 15
1684613770864 8.177492 16
1684613770938 8.171848 17
1684613771018 8.176454 18
1684613771091 8.200359 19
1684613771163 8.174306 20
1684613771241 8.166001 21
1684613771316 8.166737 22
1684613771389 8.16458 23
1684613771460 8.166982 24
1684613771535 8.167626 25
1684613771608 8.165962 26
1684613771682 8.164605 27
1684613771755 8.163921 28
1684613771829 8.163536 29
1684613771900 8.163376 30
1684613771973 8.163335 31
1684613772049 8.16334 32
1684613772121 8.163212 33
1684613772194 8.16301 34
1684613772268 8.163171 35
1684613772343 8.165468 36
1684613772415 8.168764 37
1684613772489 8.163981 38
1684613772563 8.162689 39
1684613772641 8.16263 40
1684613772714 8.163005 41
1684613772794 8.1629715 42
1684613772872 8.1628 43
1684613772946 8.162781 44
1684613773021 8.162896 45
1684613773093 8.162998 46
1684613773166 8.162967 47
1684613773238 8.162825 48
1684613773310 8.1626835 49
1684613773383 8.162596 50
1684613773457 8.16254 51
1684613773529 8.162485 52
1684613773604 8.162426 53
1684613773676 8.162371 54
1684613773751 8.162325 55
1684613773824 8.162289 56
1684613773901 8.162265 57
1684613773973 8.1622505 58
1684613774047 8.162245 59
1684613774119 8.162247 60
1684613774190 8.162252 61
1684613774263 8.162262 62
1684613774337 8.162272 63
1684613774409 8.162285 64
1684613774481 8.162296 65
1684613774557 8.162308 66
1684613774632 8.162317 67
1684613774705 8.162325 68
1684613774778 8.16233 69
1684613774851 8.162333 70
1684613774924 8.162333 71
1684613774996 8.16206 72
1684613775072 8.161729 73
1684613775150 8.161468 74
1684613775224 8.16127 75
1684613775304 8.161121 76
1684613775386 8.161013 77
1684613775466 8.160932 78
1684613775543 8.16087 79
1684613775620 8.160816 80
1684613775692 8.16077 81
1684613775766 8.160725 82
1684613775838 8.160677 83
1684613775913 8.160627 84
1684613775985 8.160576 85
1684613776061 8.160516 86
1684613776134 8.16045 87
1684613776206 8.1603775 88
1684613776278 8.1602955 89
1684613776349 8.160204 90
1684613776422 8.160102 91
1684613776495 8.15999 92
1684613776569 8.159872 93
1684613776643 8.159746 94
1684613776718 8.159618 95
1684613776790 8.159489 96
1684613776862 8.159363 97
1684613776934 8.159241 98
1684613777009 8.159126 99
1684613777087 8.159019 100
1684613777159 8.158924 101
1684613777230 8.158841 102
1684613777302 8.158769 103
1684613777374 8.158709 104
1684613777445 8.158663 105
1684613777518 8.1586275 106
1684613777593 8.158604 107
1684613777666 8.158589 108
1684613777737 8.158585 109
1684613777811 8.158588 110
1684613777885 8.158599 111
1684613777957 8.158614 112
1684613778028 8.158634 113
1684613778105 8.158655 114
1684613778189 8.158679 115
1684613778266 8.158702 116
1684613778338 8.158724 117
1684613778415 8.158744 118
1684613778487 8.15876 119
1684613778560 8.158773 120
1684613778634 8.158781 121
1684613778707 8.158786 122
1684613778896 8.158785 123
1684613779011 8.15878 124
1684613779094 8.1587715 125
1684613779169 8.158758 126
1684613779243 8.158743 127
1684613779315 8.158726 128
1684613779388 8.158707 129
1684613779460 8.158688 130
1684613779531 8.158668 131
1684613779604 8.158649 132
1684613779679 8.158631 133
1684613779752 8.158616 134
1684613779824 8.158603 135
1684613779897 8.158592 136
1684613779969 8.158584 137
1684613780042 8.158577 138
1684613780115 8.158573 139
1684613780186 8.158572 140
1684613780260 8.158572 141
1684613780334 8.158575 142
1684613780407 8.158579 143
1684613780480 8.158585 144
1684613780551 8.158591 145
1684613780627 8.158599 146
1684613780699 8.158606 147
1684613780772 8.158613 148
1684613780844 8.158619 149
1684613780915 8.158627 150
1684613780986 8.158632 151
1684613781058 8.158637 152
1684613781131 8.158642 153
1684613781205 8.158644 154
1684613781278 8.158646 155
1684613781352 8.158647 156
1684613781425 8.158647 157
1684613781499 8.158646 158
1684613781572 8.158643 159
1684613781645 8.15864 160
1684613781719 8.158636 161
1684613781792 8.158634 162
1684613781864 8.158629 163
1684613781937 8.158626 164
1684613782008 8.158621 165
1684613782085 8.158617 166
1684613782162 8.158613 167
1684613782235 8.15861 168
1684613782310 8.1586075 169
1684613782381 8.158606 170
1684613782454 8.158604 171
1684613782525 8.158603 172
1684613782596 8.158602 173
1684613782668 8.158604 174
1684613782742 8.158604 175
1684613782815 8.158604 176
1684613782893 8.158606 177
1684613782967 8.1586075 178
1684613783045 8.158609 179
1684613783118 8.158609 180
1684613783196 8.158612 181
1684613783270 8.158613 182
1684613783345 8.158616 183
1684613783421 8.158617 184
1684613783603 8.158618 185
1684613783676 8.15862 186
1684613783748 8.158621 187
1684613783820 8.158621 188
1684613783894 8.158622 189
1684613783966 8.158621 190
1684613784038 8.158621 191
1684613784111 8.158621 192
1684613784184 8.15862 193
1684613784257 8.158619 194
1684613784331 8.158618 195
1684613784404 8.158617 196
1684613784476 8.158617 197
1684613784547 8.158615 198
1684613784618 8.158615 199
1684613784690 8.158613 200
1684613784762 8.158613 201
1684613784834 8.158612 202
1684613784909 8.158611 203
1684613784981 8.158611 204
1684613785055 8.158611 205
1684613785127 8.158611 206
1684613785200 8.158611 207
1684613785273 8.158611 208
1684613785345 8.158612 209
1684613785417 8.158611 210
1684613785490 8.158612 211
1684613785564 8.158612 212
1684613785638 8.158613 213
1684613785710 8.158612 214
1684613785781 8.158613 215
1684613785853 8.158613 216
1684613785929 8.158613 217
1684613786003 8.158613 218
1684613786077 8.158613 219
1684613786149 8.158615 220
1684613786224 8.158615 221
1684613786310 8.158615 222
1684613786387 8.158615 223
1684613786458 8.158615 224
1684613786530 8.158615 225
1684613786604 8.158615 226
1684613786677 8.158615 227
1684613786752 8.158615 228
1684613786827 8.158615 229
1684613786899 8.158614 230
1684613786969 8.158613 231
1684613787041 8.158613 232
1684613787113 8.158613 233
1684613787184 8.158613 234
1684613787258 8.158613 235
1684613787329 8.158613 236
1684613787401 8.158613 237
1684613787473 8.158613 238
1684613787548 8.158613 239
1684613787624 8.158612 240
1684613787697 8.158613 241
1684613787772 8.158612 242
1684613787851 8.158613 243
1684613787926 8.158613 244
1684613787997 8.158613 245
1684613788068 8.158613 246
1684613788140 8.158613 247
1684613788212 8.158613 248
1684613788287 8.158613 249
1684613788359 8.158613 250
