1684614778712 28.642319 1
1684614778828 18.603247 2
1684614778911 12.032009 3
1684614778995 10.368588 4
1684614779077 10.633052 5
1684614779159 10.823168 6
1684614779239 9.718278 7
1684614779324 9.614857 8
1684614779409 9.011072 9
1684614779488 8.769315 10
1684614779574 8.547057 11
1684614779656 8.431418 12
1684614779738 8.443524 13
1684614779821 8.4174795 14
1684614779903 8.417831 15
1684614779986 8.415382 16
1684614780077 8.414782 17
1684614780152 8.415282 18
1684614780225 8.331978 19
1684614780298 8.009881 20
1684614780373 7.870945 21
1684614780446 7.82138 22
1684614780522 7.820321 23
1684614780598 7.844296 24
1684614780672 7.8921785 25
1684614780746 7.9745 26
1684614780823 8.092144 27
1684614780897 8.24474 28
1684614780970 8.434854 29
1684614781045 8.433646 30
1684614781120 8.432085 31
1684614781193 8.431682 32
1684614781266 8.432335 33
1684614781340 8.434202 34
1684614781414 8.437289 35
1684614781487 8.44146 36
1684614781560 8.44659 37
1684614781637 8.452554 38
1684614781710 8.458964 39
1684614781783 8.465056 40
1684614781856 8.469865 41
1684614781928 8.472515 42
1684614782005 8.472416 43
1684614782078 8.469444 44
1684614782151 8.464072 45
1684614782224 8.457256 46
1684614782295 8.450066 47
1684614782368 8.443365 48
1684614782440 8.437712 49
1684614782513 8.433344 50
1684614782585 8.430254 51
1684614782660 8.189129 52
1684614782736 7.9305015 53
1684614782809 7.757045 54
1684614782881 7.665095 55
1684614782954 7.626337 56
1684614783028 7.6142054 57
1684614783100 7.617917 58
1684614783172 7.6346874 59
1684614783243 7.6644044 60
1684614783317 7.709258 61
1684614783388 7.7749596 62
1684614783461 7.8687973 63
1684614783530 7.997678 64
1684614783602 8.167685 65
1684614783676 8.384584 66
1684614783748 8.435401 67
1684614783820 8.435419 68
1684614783893 8.435265 69
1684614783964 8.434954 70
1684614784040 8.434509 71
1684614784113 8.433961 72
1684614784186 8.433332 73
1684614784257 8.432653 74
1684614784329 8.431951 75
1684614784402 8.431251 76
1684614784476 8.430573 77
1684614784547 8.429939 78
1684614784620 8.429363 79
1684614784692 8.428858 80
1684614784766 8.4284315 81
1684614784845 8.428087 82
1684614784918 8.427824 83
1684614784989 8.427636 84
1684614785063 8.42752 85
1684614785136 8.427471 86
1684614785208 8.42749 87
1684614785279 8.250067 88
1684614785351 7.9975615 89
1684614785424 7.8441334 90
1684614785496 7.7550125 91
1684614785569 7.7077556 92
1684614785641 7.6887975 93
1684614785714 7.689382 94
1684614785786 7.7040024 95
1684614785857 7.7294827 96
1684614785930 7.7649236 97
1684614786003 7.811729 98
1684614786076 7.8727236 99
1684614786149 7.951 100
1684614786221 8.049154 101
1684614786294 8.168994 102
1684614786369 8.311536 103
1684614786440 8.42971 104
1684614786513 8.429578 105
1684614786586 8.429423 106
1684614786660 8.4292555 107
1684614786733 8.42908 108
1684614786806 8.428905 109
1684614786890 8.428731 110
1684614786966 8.428566 111
1684614787039 8.42841 112
1684614787118 8.428266 113
1684614787191 8.428131 114
1684614787264 8.428008 115
1684614787336 8.427895 116
1684614787409 8.427793 117
1684614787482 8.427702 118
1684614787553 8.427626 119
1684614787624 8.42757 120
1684614787697 8.427538 121
1684614787770 8.427532 122
1684614787843 8.421099 123
1684614787917 8.283604 124
1684614787989 8.18292 125
1684614788060 8.112143 126
1684614788142 8.0653 127
1684614788213 8.037719 128
1684614788285 8.025957 129
1684614788360 8.027612 130
1684614788437 8.041069 131
1684614788509 8.065267 132
1684614788584 8.099492 133
1684614788657 8.143194 134
1684614788727 8.195822 135
1684614788798 8.256674 136
1684614788874 8.324806 137
1684614788946 8.39892 138
1684614789018 8.428606 139
1684614789091 8.428556 140
1684614789167 8.428497 141
1684614789240 8.428431 142
1684614789313 8.42836 143
1684614789386 8.428287 144
1684614789460 8.428213 145
1684614789533 8.428143 146
1684614789606 8.428075 147
1684614789679 8.428013 148
1684614789750 8.427958 149
1684614789822 8.42791 150
1684614789895 8.427872 151
1684614789971 8.427843 152
1684614790046 8.427826 153
1684614790122 8.427818 154
1684614790195 8.427822 155
1684614790270 8.427835 156
1684614790344 8.427857 157
1684614790417 8.427888 158
1684614790490 8.427924 159
1684614790562 8.413939 160
1684614790635 8.394264 161
1684614790707 8.381355 162
1684614790778 8.374765 163
1684614790856 8.3739805 164
1684614790932 8.378434 165
1684614791010 8.387539 166
1684614791084 8.400677 167
1684614791158 8.417194 168
1684614791233 8.4282465 169
1684614791304 8.428249 170
1684614791377 8.428246 171
1684614791448 8.428238 172
1684614791521 8.428224 173
1684614791594 8.428206 174
1684614791667 8.428185 175
1684614791741 8.428163 176
1684614791813 8.42814 177
1684614791885 8.428115 178
1684614791957 8.428092 179
1684614792030 8.42807 180
1684614792101 8.428049 181
1684614792175 8.428032 182
1684614792248 8.428017 183
1684614792319 8.428005 184
1684614792390 8.427998 185
1684614792465 8.427992 186
1684614792540 8.427992 187
1684614792614 8.427993 188
1684614792689 8.427999 189
1684614792761 8.428005 190
1684614792833 8.428015 191
1684614792910 8.428025 192
1684614792983 8.428037 193
1684614793055 8.428049 194
1684614793130 8.428061 195
1684614793205 8.428073 196
1684614793278 8.428083 197
1684614793351 8.428094 198
1684614793422 8.4281025 199
1684614793495 8.428108 200
1684614793703 8.428115 201
1684614793891 8.428116 202
1684614794026 8.428118 203
1684614794148 8.428117 204
1684614794237 8.428115 205
1684614794309 8.428112 206
1684614794382 8.428107 207
1684614794456 8.4281025 208
1684614794528 8.428097 209
1684614794598 8.428089 210
1684614794668 8.428084 211
1684614794740 8.428078 212
1684614794812 8.428071 213
1684614794883 8.428067 214
1684614794963 8.428062 215
1684614795044 8.428058 216
1684614795116 8.428055 217
1684614795190 8.428053 218
1684614795264 8.428052 219
1684614795336 8.428051 220
1684614795410 8.428051 221
1684614795487 8.428053 222
1684614795561 8.428055 223
1684614795633 8.428057 224
1684614795706 8.42806 225
1684614795779 8.428062 226
1684614795852 8.428065 227
1684614795924 8.428068 228
1684614795997 8.428072 229
1684614796069 8.428074 230
1684614796140 8.428078 231
1684614796215 8.428079 232
1684614796288 8.428081 233
1684614796360 8.4280815 234
1684614796432 8.428082 235
1684614796507 8.428082 236
1684614796578 8.428082 237
1684614796649 8.428082 238
1684614796721 8.4280815 239
1684614796792 8.428081 240
1684614796866 8.428079 241
1684614796937 8.428078 242
1684614797010 8.428077 243
1684614797082 8.428076 244
1684614797154 8.428074 245
1684614797229 8.428073 246
1684614797301 8.42807 247
1684614797374 8.42807 248
1684614797444 8.428069 249
1684614797518 8.428068 250
