1684549685176 59.094475 1
1684549685269 57.56634 2
1684549685342 48.976574 3
1684549685401 34.126263 4
1684549685470 18.733406 5
1684549685548 13.6620655 6
1684549685617 11.201413 7
1684549685686 9.2615 8
1684549685765 10.676052 9
1684549685826 10.877271 10
1684549685902 11.135858 11
1684549685971 11.48369 12
1684549686049 11.61649 13
1684549686118 11.581211 14
1684549686187 11.776262 15
1684549686266 11.847009 16
1684549686325 11.905003 17
1684549686403 12.013325 18
1684549686472 12.12707 19
1684549686551 12.209909 20
1684549686604 12.26886 21
1684549686673 12.27454 22
1684549686751 12.197272 23
1684549686825 12.044257 24
1684549686889 11.829434 25
1684549686952 11.561497 26
1684549687021 11.246621 27
1684549687090 10.88516 28
1684549687162 10.481133 29
1684549687236 10.051185 30
1684549687306 9.625323 31
1684549687383 9.238655 32
1684549687438 8.923107 33
1684549687506 8.703405 34
1684549687575 8.574504 35
1684549687653 8.504685 36
1684549687722 8.469986 37
1684549687791 8.457774 38
1684549687854 8.460644 39
1684549687926 8.47353 40
1684549687992 8.49266 41
1684549688054 8.514943 42
1684549688123 8.5376835 43
1684549688192 8.558619 44
1684549688255 8.576096 45
1684549688340 8.589199 46
1684549688409 8.597741 47
1684549688477 8.602114 48
1684549688540 8.603075 49
1684549688609 8.601522 50
1684549688678 8.598331 51
1684549688741 8.594263 52
1684549688810 8.589904 53
1684549688879 8.585678 54
1684549688953 8.581862 55
1684549689021 8.578609 56
1684549689079 8.575981 57
1684549689157 8.573974 58
1684549689226 8.572545 59
1684549689295 8.571622 60
1684549689366 8.57112 61
1684549689442 8.570951 62
1684549689510 8.5710335 63
1684549689571 8.571292 64
1684549689643 8.57166 65
1684549689712 8.572089 66
1684549689781 8.572538 67
1684549689843 8.572975 68
1684549689912 8.573383 69
1684549689981 8.573743 70
1684549690038 8.574054 71
1684549690112 8.574311 72
1684549690182 8.57452 73
1684549690244 8.574679 74
1684549690313 8.574795 75
1684549690398 8.574878 76
1684549690482 8.574931 77
1684549690560 8.574956 78
1684549690629 8.574963 79
1684549690698 8.574951 80
1684549690761 8.574931 81
1684549690830 8.5749035 82
1684549690899 8.574869 83
1684549690977 8.574829 84
1684549691046 8.574785 85
1684549691102 8.57474 86
1684549691184 8.574694 87
1684549691246 8.574647 88
1684549691316 8.574601 89
1684549691385 8.574556 90
1684549691585 8.5745125 91
1684549691763 8.574469 92
1684549691886 8.574424 93
1684549691964 8.574377 94
1684549692033 8.574333 95
1684549692102 8.574289 96
1684549692168 8.574247 97
1684549692233 8.57421 98
1684549692302 8.574175 99
1684549692387 8.5741415 100
1684549692450 8.57411 101
1684549692534 8.574083 102
1684549692603 8.574059 103
1684549692690 8.57404 104
1684549692765 8.574027 105
1684549692888 8.5740185 106
1684549692951 8.574014 107
1684549693035 8.57402 108
1684549693104 8.5740385 109
1684549693167 8.574066 110
1684549693238 8.574104 111
1684549693320 8.574162 112
1684549693389 8.574237 113
1684549693452 8.574333 114
1684549693521 8.574451 115
1684549693590 8.574595 116
1684549693652 8.574765 117
1684549693733 8.574957 118
1684549693790 8.575177 119
1684549693853 8.575436 120
1684549693938 8.575743 121
1684549693991 8.576139 122
1684549694069 8.5766945 123
1684549694138 8.57756 124
1684549694207 8.5790615 125
1684549694281 8.581973 126
1684549694370 8.588326 127
1684549694470 8.604008 128
1684549694555 8.650491 129
1684549694670 8.694777 130
1684549694739 8.69025 131
1684549694812 8.659597 132
1684549694873 8.637515 133
1684549694940 8.631732 134
1684549695009 8.63513 135
1684549695087 8.643425 136
1684549695156 8.657099 137
1684549695225 8.672365 138
1684549695288 8.674528 139
1684549695359 8.667923 140
1684549695425 8.660519 141
1684549695494 8.654752 142
1684549695573 8.649565 143
1684549695642 8.643215 144
1684549695711 8.63523 145
1684549695773 8.626463 146
1684549695851 8.61805 147
1684549695911 8.610722 148
1684549695973 8.604734 149
1684549696042 8.600068 150
1684549696112 8.596588 151
1684549696174 8.594125 152
1684549696243 8.592495 153
1684549696312 8.591514 154
1684549696374 8.591007 155
1684549696457 8.590824 156
1684549696528 8.590842 157
1684549696597 8.590952 158
1684549696660 8.591086 159
1684549696729 8.591193 160
1684549696798 8.59124 161
1684549696860 8.591219 162
1684549696941 8.591124 163
1684549697014 8.590961 164
1684549697076 8.590747 165
1684549697145 8.590492 166
1684549697214 8.59021 167
1684549697277 8.589912 168
1684549697346 8.589612 169
1684549697415 8.589314 170
1684549697489 8.589028 171
1684549697562 8.588756 172
1684549697631 8.588503 173
1684549697700 8.588266 174
1684549697762 8.588045 175
1684549697831 8.587841 176
1684549697900 8.587656 177
1684549697957 8.587488 178
1684549698031 8.587333 179
1684549698100 8.587191 180
1684549698163 8.587065 181
1684549698232 8.586948 182
1684549698520 8.586846 183
1684549698617 8.586751 184
1684549698695 8.586667 185
1684549698765 8.586594 186
1684549698834 8.586527 187
1684549698903 8.586468 188
1684549698965 8.586417 189
1684549699036 8.586372 190
1684549699103 8.586336 191
1684549699166 8.586304 192
1684549699235 8.586276 193
1684549699304 8.586254 194
1684549699370 8.586236 195
1684549699450 8.586222 196
1684549699519 8.58621 197
1684549699583 8.586201 198
1684549699704 8.586195 199
1684549699805 8.586191 200
1684549699905 8.586193 201
1684549699967 8.586196 202
1684549700037 8.586198 203
1684549700105 8.586202 204
1684549700183 8.58621 205
1684549700252 8.586216 206
1684549700321 8.586224 207
1684549700384 8.586234 208
1684549700453 8.586244 209
1684549700522 8.58625 210
1684549700601 8.586257 211
1684549700655 8.586266 212
1684549700737 8.586277 213
1684549700800 8.5862875 214
1684549700869 8.586293 215
1684549700938 8.586301 216
1684549701007 8.58631 217
1684549701069 8.586315 218
1684549701147 8.586324 219
1684549701207 8.586332 220
1684549701270 8.586338 221
1684549701339 8.586346 222
1684549701408 8.586351 223
1684549701486 8.586356 224
1684549701555 8.58636 225
1684549701624 8.586364 226
1684549701687 8.586367 227
1684549701768 8.586371 228
1684549701840 8.586374 229
1684549701909 8.586377 230
1684549701971 8.586379 231
1684549702040 8.586381 232
1684549702109 8.586383 233
1684549702172 8.586386 234
1684549702242 8.586386 235
1684549702309 8.586388 236
1684549702372 8.586389 237
1684549702457 8.586389 238
1684549702526 8.58639 239
1684549702588 8.58639 240
1684549702657 8.58639 241
1684549702733 8.586387 242
1684549702791 8.586388 243
1684549702858 8.586384 244
1684549702927 8.586384 245
1684549703005 8.586382 246
1684549703058 8.586382 247
1684549703127 8.58638 248
1684549703205 8.58638 249
1684549703273 8.58638 250
