1684550335416 59.73812464681359 1
1684550335488 60.124066035015716 2
1684550335566 58.35707052929909 3
1684550335621 51.79291434384465 4
1684550335700 48.58292110935051 5
1684550335769 45.42355305039747 6
1684550335838 40.17894340851088 7
1684550335917 36.9727895737844 8
1684550335986 35.01370497143352 9
1684550336055 33.91231591482169 10
1684550336121 33.37556599069788 11
1684550336202 33.10932371365034 12
1684550336271 32.76422618673327 13
1684550336355 32.43600777006748 14
1684550336433 32.28447690608027 15
1684550336502 32.02955197251153 16
1684550336571 31.88200339297494 17
1684550336650 31.56919317941051 18
1684550336717 31.290817090147627 19
1684550336787 31.073063744216896 20
1684550336856 30.836223283440127 21
1684550336934 30.58199965490442 22
1684550337003 30.39509918179272 23
1684550337072 30.21765771025883 24
1684550337151 29.94326363627333 25
1684550337217 29.610170382647183 26
1684550337304 29.21631132387507 27
1684550337373 28.57071556133676 28
1684550337442 27.599366928593156 29
1684550337520 26.390072170572324 30
1684550337589 25.03375376785858 31
1684550337667 23.49044810460704 32
1684550337742 21.751532485928536 33
1684550337805 19.697545013204756 34
1684550337874 17.434839767863917 35
1684550337943 15.256983150202192 36
1684550338021 12.612688573107203 37
1684550338090 10.345157331949553 38
1684550338159 9.41471438824364 39
1684550338230 9.162560623925582 40
1684550338290 9.004033477710308 41
1684550338359 8.986800049582284 42
1684550338437 9.019194735853354 43
1684550338506 9.078842751568919 44
1684550338576 9.129214393457028 45
1684550338645 9.143257906418787 46
1684550338707 9.148485069567347 47
1684550338779 9.146419621228853 48
1684550338845 9.1302259410604 49
1684550338907 9.107133440266034 50
1684550338976 9.083604782644167 51
1684550339045 9.06121754626104 52
1684550339108 9.041575040560815 53
1684550339177 9.025850072497143 54
1684550339246 9.01385380569472 55
1684550339329 9.004944468391392 56
1684550339393 8.99857661813705 57
1684550339462 8.994211560510019 58
1684550339540 8.9913130847626 59
1684550339609 8.989428394762992 60
1684550339678 8.988201308091469 61
1684550339747 8.987346891405112 62
1684550339825 8.986655136881426 63
1684550339878 8.98598630469194 64
1684550339947 8.985256466795228 65
1684550340025 8.984428437918762 66
1684550340094 8.983500847041944 67
1684550340163 8.982489877479937 68
1684550340226 8.981423789508845 69
1684550340295 8.980337107491836 70
1684550340377 8.979259897737375 71
1684550340448 8.97821957304443 72
1684550340511 8.977236301482186 73
1684550340580 8.976324329215533 74
1684550340649 8.975489515978273 75
1684550340711 8.97473335520824 76
1684550340780 8.974055495513811 77
1684550340849 8.973451402993014 78
1684550340929 8.972915701516797 79
1684550340996 8.972438943344672 80
1684550341065 8.97201532823519 81
1684550341143 8.97163718763141 82
1684550341213 8.971298725504214 83
1684550341282 8.970994295319125 84
1684550341366 8.970718822128472 85
1684550341430 8.970467726551997 86
1684550341513 8.970239842353706 87
1684550341582 8.970032048562485 88
1684550341651 8.969842124760994 89
1684550341714 8.969667275911986 90
1684550341798 8.969507517320563 91
1684550341872 8.969359790756478 92
1684550341929 8.969223324341701 93
1684550341993 8.969098143349521 94
1684550342068 8.968979902839965 95
1684550342130 8.968871120613189 96
1684550342199 8.968769355343495 97
1684550342268 8.968674019204272 98
1684550342346 8.968584808341852 99
1684550342415 8.96850148788336 100
1684550342503 8.968421336735554 101
1684550342569 8.96834499974381 102
1684550342653 8.968271663160946 103
1684550342732 8.968202950351358 104
1684550342816 8.968135498966582 105
1684550342885 8.968071536433623 106
1684550342954 8.96800857400813 107
1684550343021 8.967948870609876 108
1684550344159 8.967890322528357 109
1684550344237 8.967834124568158 110
1684550344306 8.96777976294537 111
1684550344375 8.96772667928867 112
1684550344453 8.967674520041161 113
1684550344522 8.967623401238859 114
1684550344596 8.967575008788328 115
1684550344660 8.967527449252248 116
1684550344738 8.967481772886327 117
1684550344807 8.967436537736399 118
1684550344876 8.967392906380764 119
1684550344939 8.967350850619365 120
1684550345008 8.96731160793178 121
1684550345077 8.967274669329024 122
1684550345161 8.96723748094823 123
1684550345223 8.967200588489366 124
1684550345293 8.967165158543128 125
1684550345362 8.967133000911016 126
1684550345440 8.967099647770473 127
1684550345509 8.967067864287445 128
1684550345578 8.96703651960666 129
1684550345652 8.967007982399142 130
1684550345725 8.966979347173927 131
1684550345809 8.966952298888634 132
1684550345879 8.966925270069233 133
1684550345941 8.966901106476612 134
1684550346010 8.966878009670781 135
1684550346079 8.966856451874438 136
1684550346152 8.966834500324921 137
1684550346229 8.966814194151187 138
1684550346295 8.966793705748039 139
1684550346364 8.96677548762952 140
1684550346427 8.966757869573913 141
1684550346496 8.966741460016996 142
1684550346565 8.966725145006265 143
1684550346643 8.966709909677341 144
1684550346697 8.966695181862708 145
1684550346780 8.966682284715622 146
1684550346843 8.966669089271692 147
1684550346912 8.96665612626723 148
1684550346981 8.96664338467748 149
1684550347059 8.966630957071402 150
1684550347128 8.966619190777642 151
1684550347202 8.966609056620772 152
1684550347266 8.96659869093259 153
1684550347329 8.966590138769392 154
1684550347398 8.966581771430702 155
1684550347467 8.966572934301297 156
1684550347545 8.966564886877984 157
1684550347614 8.96655710204353 158
1684550347683 8.96655033364169 159
1684550347746 8.966542608735718 160
1684550347812 8.966536092867214 161
1684550347883 8.966529772106792 162
1684550347961 8.966524130621618 163
1684550348030 8.966518407388161 164
1684550348099 8.966512086139879 165
1684550348169 8.966506807337195 166
1684550348231 8.966502854429072 167
1684550348306 8.966499630583971 168
1684550348369 8.966496620002198 169
1684550348431 8.966494480295815 170
1684550348500 8.966491312844928 171
1684550348569 8.966488337464723 172
1684550348647 8.966485251555168 173
1684550348770 8.966482269049095 174
1684550348845 8.966479431581803 175
1684550348917 8.966477241632246 176
1684550348986 8.966474628660663 177
1684550349049 8.966471791084746 178
1684550349118 8.96646853025915 179
1684550349187 8.966466703389436 180
1684550349249 8.966464470087166 181
1684550349326 8.966461390745929 182
1684550349387 8.96645976206107 183
1684550349465 8.966457945213886 184
1684550349550 8.966456732755134 185
1684550349619 8.966454865645613 186
1684550349688 8.966454492546289 187
1684550349766 8.966454304155802 188
1684550349835 8.966453511377122 189
1684550349906 8.966453138278581 190
1684550349973 8.966453138278581 191
1684550350051 8.966451690848663 192
1684550350120 8.966450656531553 193
1684550350173 8.966448604713818 194
1684550350251 8.966447530383979 195
1684550350320 8.966445898246324 196
1684550350374 8.966445898246324 197
1684550350455 8.966444880745765 198
1684550350521 8.96644445081793 199
1684550350590 8.966443842748252 200
1684550350668 8.96644427267608 201
1684550350737 8.966444262427506 202
1684550350790 8.966444507646354 203
1684550350869 8.96644408428591 204
1684550350938 8.966443895895972 205
1684550351006 8.966442441899881 206
1684550351075 8.966441787251012 207
1684550351138 8.966441182862267 208
1684550351207 8.96644053846233 209
1684550351455 8.966439739115591 210
1684550351552 8.96643968885631 211
1684550351624 8.96643931575588 212
1684550351693 8.966439127365627 213
1684550351771 8.966439547044644 214
1684550351825 8.966438288007787 215
1684550351910 8.966437683618954 216
1684550351981 8.966437683618954 217
1684550352037 8.966437683618954 218
1684550352111 8.966437683618954 219
1684550352195 8.966437495228673 220
1684550352258 8.966437683618954 221
1684550352327 8.966437495228673 222
1684550352396 8.966437310518847 223
1684550352458 8.966437730197876 224
1684550352538 8.96643713951217 225
1684550352659 8.96643713951217 226
1684550352728 8.966435262157724 227
1684550352797 8.966433583442843 228
1684550352859 8.966432747766593 229
1684550352928 8.966432559375695 230
1684550352997 8.966431726811928 231
1684550353071 8.966431726811928 232
1684550353144 8.966431531853978 233
1684550353213 8.966430692497134 234
1684550353282 8.966429853140554 235
1684550353345 8.966429668430512 236
1684550353414 8.966429668430512 237
1684550353483 8.966430507787233 238
1684550353565 8.966430323077558 239
1684550353632 8.966430323077558 240
1684550353699 8.966431162434674 241
1684550353761 8.966431162434674 242
1684550353830 8.966431209013184 243
1684550353899 8.96643078933439 244
1684550353977 8.96643078933439 245
1684550354046 8.966430604625266 246
1684550354117 8.966431024304127 247
1684550354184 8.966431024304127 248
1684550354247 8.966431024304127 249
1684550354316 8.9664308395953 250
