1684550258417 55.19635949647185 1
1684550258494 48.98947162510534 2
1684550258576 48.008736738840526 3
1684550258654 46.74416543058312 4
1684550258727 41.5313807874635 5
1684550258807 39.38200266008824 6
1684550258876 38.40079387548528 7
1684550258961 34.10066222866005 8
1684550259039 32.766616235307204 9
1684550259108 32.351444648570244 10
1684550259193 31.97468931686962 11
1684550259262 31.773097736292343 12
1684550259340 31.3911456448577 13
1684550259424 31.145791620146376 14
1684550259509 30.97448141541569 15
1684550259578 30.58766319004454 16
1684550259662 30.309832881754215 17
1684550259725 29.774580486859286 18
1684550259796 29.604562121958082 19
1684550259862 28.693040797502274 20
1684550259941 28.41390249345536 21
1684550260025 28.179349756659775 22
1684550260094 27.195876219211073 23
1684550260163 26.845978493892353 24
1684550260241 23.920770590669395 25
1684550260314 22.377516812616257 26
1684550260379 20.75841851977512 27
1684550260452 18.734989372621136 28
1684550260526 15.706055090541753 29
1684550260595 13.851404414571903 30
1684550260664 13.403351072243355 31
1684550260726 13.366818355031656 32
1684550260795 13.351728885172907 33
1684550260864 13.338295937617554 34
1684550260942 13.333956581931059 35
1684550261011 13.356760285594344 36
1684550261080 13.38019156833133 37
1684550261158 13.403266457926595 38
1684550261227 13.425449286250752 39
1684550261296 13.446258959488405 40
1684550261365 13.46488503374351 41
1684550261433 13.48027780251124 42
1684550261513 13.491945262564977 43
1684550261582 13.500202255063984 44
1684550261644 13.505796038239986 45
1684550261713 13.509542204565847 46
1684550261782 13.512074859624722 47
1684550261845 13.513772238347109 48
1684550261920 13.514805530361143 49
1684550261983 13.51524682356688 50
1684550262061 13.515119939685635 51
1684550262130 13.51443619446458 52
1684550262199 13.513204594989475 53
1684550262268 13.51143539831229 54
1684550262330 13.509134520815385 55
1684550262407 13.50630956293398 56
1684550262468 13.502966955120302 57
1684550262531 13.499118164235599 58
1684550262600 13.49478467641659 59
1684550262669 13.489992029622504 60
1684550262747 13.484776449577899 61
1684550262816 13.479183767642803 62
1684550262885 13.47326304786499 63
1684550262947 13.467068641936677 64
1684550263028 13.460653582336896 65
1684550263086 13.454070661117816 66
1684550263171 13.447368532121496 67
1684550263233 13.440594537415112 68
1684550263302 13.433788092762716 69
1684550263371 13.4269852139262 70
1684550263434 13.420215755476054 71
1684550263514 13.413507998803569 72
1684550263572 13.406884292792027 73
1684550263650 13.400365938586662 74
1684550263719 13.393969818367152 75
1684550263788 13.387711123691703 76
1684550263866 13.38160054200542 77
1684550263935 13.375651701542768 78
1684550263997 13.369875032991835 79
1684550264062 13.364276563512632 80
1684550264135 13.35886328377442 81
1684550264204 13.35364247028742 82
1684550264273 13.348617967701422 83
1684550264336 13.343792244959827 84
1684550264421 13.339170488849183 85
1684550264490 13.334750220178897 86
1684550264565 13.330536154808511 87
1684550264628 13.326524039114863 88
1684550264690 13.32271466805251 89
1684550264768 13.319106418058118 90
1684550264837 13.315696677360581 91
1684550264906 13.312481056884671 92
1684550264975 13.30945786332542 93
1684550265038 13.306624086676765 94
1684550265125 13.30397451929339 95
1684550265191 13.301503866749623 96
1684550265276 13.299210364279993 97
1684550265338 13.297085833659992 98
1684550265407 13.295126392903782 99
1684550265476 13.293327382146076 100
1684550265554 13.291684507079468 101
1684550265628 13.290190518918244 102
1684550265692 13.288841241536934 103
1684550265770 13.28763138293302 104
1684550265839 13.286555263150117 105
1684550265908 13.285606564114241 106
1684550265977 13.284780848621429 107
1684550266040 13.284073199336637 108
1684550266113 13.283476495789719 109
1684550266178 13.282988312980818 110
1684550266256 13.282600733664877 111
1684550266325 13.282308788189606 112
1684550266394 13.282106965452723 113
1684550266456 13.281990528821973 114
1684550266525 13.281953296249021 115
1684550266594 13.281988429005251 116
1684550266673 13.28209242808598 117
1684550266879 13.282258602447438 118
1684550267042 13.282482039035472 119
1684550267111 13.282755073610936 120
1684550267181 13.283074529082898 121
1684550267246 13.283430694050024 122
1684550267311 13.283820380160064 123
1684550267396 13.284236359472597 124
1684550267458 13.284672574877353 125
1684550267527 13.285121577040794 126
1684550267596 13.285575313712245 127
1684550267659 13.286028992389772 128
1684550267729 13.28647261572161 129
1684550267794 13.286901410615178 130
1684550267857 13.287304061727585 131
1684550267928 13.287673422872453 132
1684550267997 13.28800041710913 133
1684550268060 13.288275399915968 134
1684550268182 13.288488423685294 135
1684550268267 13.288628491924085 136
1684550268329 13.288688882188612 137
1684550268398 13.288651802832675 138
1684550268476 13.288507694390862 139
1684550268545 13.28824487724617 140
1684550268614 13.287847614313964 141
1684550268683 13.287303184000285 142
1684550268746 13.2865934903554 143
1684550268816 13.285704444532339 144
1684550268883 13.28461805279103 145
1684550269084 13.283317100641304 146
1684550269147 13.281778355751879 147
1684550269216 13.279984321314787 148
1684550269285 13.277912439210487 149
1684550269367 13.275537516881009 150
1684550269432 13.272836198157002 151
1684550269501 13.269783877498504 152
1684550269563 13.266351776586 153
1684550269632 13.26251000312643 154
1684550269701 13.25822888029089 155
1684550269779 13.253477612181664 156
1684550269853 13.248219484186393 157
1684550269917 13.242421435040308 158
1684550269986 13.23604495055355 159
1684550270049 13.229052365872722 160
1684550270118 13.221403604918407 161
1684550270187 13.213055382030978 162
1684550270249 13.203964609296186 163
1684550270318 13.194085664210576 164
1684550270400 13.183371140690168 165
1684550270462 13.171773472332353 166
1684550270535 13.159240566503263 167
1684550270604 13.145722791505317 168
1684550270666 13.131163301955583 169
1684550270751 13.115508939404087 170
1684550270820 13.098701812089566 171
1684550270891 13.080680734431013 172
1684550270948 13.061386889010025 173
1684550271020 13.040756060572349 174
1684550271089 13.018723497019442 175
1684550271152 12.99521793203865 176
1684550271221 12.970172141517793 177
1684550271290 12.943507605415325 178
1684550271368 12.915150275202281 179
1684550271449 12.88501625604045 180
1684550271506 12.853021423578037 181
1684550271584 12.819076626339498 182
1684550271653 12.783086901530433 183
1684550271722 12.74495343537483 184
1684550271791 12.70457622315027 185
1684550271854 12.661844935162259 186
1684550271923 12.616654029079069 187
1684550271991 12.56888574267727 188
1684550272054 12.518431735808726 189
1684550272123 12.46518049851224 190
1684550272192 12.40902730368897 191
1684550272254 12.349884864955065 192
1684550272323 12.287674483073772 193
1684550272392 12.222348530335205 194
1684550272472 12.153893001428596 195
1684550272527 12.082341228403564 196
1684550272608 12.007783534349283 197
1684550272671 11.930380125095429 198
1684550272740 11.850367394704083 199
1684550272809 11.768071246471013 200
1684550272871 11.683902669443185 201
1684550272940 11.59835916782554 202
1684550273020 11.512002285686757 203
1684550273076 11.425445073913384 204
1684550273141 11.339325256805001 205
1684550273210 11.25426807958183 206
1684550273288 11.170860372003432 207
1684550273357 11.08962249975198 208
1684550273426 11.01098948363661 209
1684550273495 10.935299465069743 210
1684550273696 10.862791288168212 211
1684550273874 10.793608761604712 212
1684550273943 10.727813757599778 213
1684550273996 10.665393314244431 214
1684550274075 10.606281738480696 215
1684550274141 10.55036870712637 216
1684550274213 10.497516070220959 217
1684550274291 10.447563111700623 218
1684550274360 10.400342664876995 219
1684550274429 10.355683437429448 220
1684550274498 10.313414928753232 221
1684550274576 10.273373786513142 222
1684550274643 10.235402415656027 223
1684550274714 10.19935437783326 224
1684550274777 10.165094187685078 225
1684550274861 10.13249417046902 226
1684550274915 10.101438222160509 227
1684550274993 10.07182166179401 228
1684550275062 10.043544828445567 229
1684550275135 10.016517476070863 230
1684550275200 9.990658707819351 231
1684550275262 9.965893247049813 232
1684550275347 9.942152032321824 233
1684550275416 9.919371205186897 234
1684550275478 9.897491311123296 235
1684550275547 9.876458719789204 236
1684550275616 9.856222308780396 237
1684550275692 9.836734431647033 238
1684550275763 9.817951763167603 239
1684550275817 9.7998327000018 240
1684550275895 9.782338593220482 241
1684550275964 9.765432716612931 242
1684550276033 9.74908180219318 243
1684550276095 9.733253578891059 244
1684550276164 9.717916115536692 245
1684550276236 9.703042735601837 246
1684550276318 9.688604034393922 247
1684550276396 9.674576105483053 248
1684550276465 9.660932866349755 249
1684550276534 9.647652558641964 250
