1684548456753 24.418982 1
1684548456830 17.748314 2
1684548456911 12.713507 3
1684548456980 10.565006 4
1684548457068 11.021292 5
1684548457143 9.876999 6
1684548457212 8.940847 7
1684548457297 8.63393 8
1684548457381 8.635788 9
1684548457460 8.630789 10
1684548457529 8.630528 11
1684548457620 8.634111 12
1684548457698 8.637296 13
1684548457767 8.64375 14
1684548457845 8.649478 15
1684548457914 8.658321 16
1684548457999 8.664374 17
1684548458068 8.674479 18
1684548458139 8.684025 19
1684548458199 8.693975 20
1684548458268 8.706036 21
1684548458346 8.71687 22
1684548458400 8.727861 23
1684548458469 8.739171 24
1684548458547 8.751721 25
1684548458616 8.76523 26
1684548458695 8.779551 27
1684548458767 8.794183 28
1684548458831 8.808764 29
1684548458901 8.823233 30
1684548458970 8.837179 31
1684548459032 8.846289 32
1684548459117 8.857241 33
1684548459179 8.868204 34
1684548459259 8.876438 35
1684548459317 8.883663 36
1684548459386 8.889558 37
1684548459464 8.893449 38
1684548459533 8.895824 39
1684548459602 8.896573 40
1684548459671 8.895521 41
1684548459741 8.892826 42
1684548459803 8.888481 43
1684548459872 8.882493 44
1684548459934 8.874965 45
1684548460003 8.865956 46
1684548460072 8.855544 47
1684548460150 8.843827 48
1684548460220 8.830898 49
1684548460288 8.816856 50
1684548460351 8.801807 51
1684548460420 8.785852 52
1684548460489 8.769093 53
1684548460551 8.751633 54
1684548460636 8.733573 55
1684548460705 8.7150135 56
1684548460784 8.696058 57
1684548460838 8.676812 58
1684548460921 8.6573925 59
1684548460990 8.637924 60
1684548461052 8.618563 61
1684548461121 8.5994835 62
1684548461190 8.580907 63
1684548461253 8.563099 64
1684548461336 8.546371 65
1684548461406 8.531076 66
1684548461475 8.517576 67
1684548461538 8.506195 68
1684548461607 8.49715 69
1684548461676 8.49048 70
1684548461754 8.485993 71
1684548461824 8.483307 72
1684548461892 8.481928 73
1684548461954 8.481338 74
1684548462023 8.481131 75
1684548462092 8.481068 76
1684548462155 8.481037 77
1684548462224 8.481002 78
1684548462293 8.480959 79
1684548462375 8.480917 80
1684548462436 8.480883 81
1684548462509 8.48086 82
1684548462578 8.48085 83
1684548462640 8.480851 84
1684548462709 8.480858 85
1684548462778 8.480867 86
1684548462841 8.480877 87
1684548462922 8.480885 88
1684548462979 8.480888 89
1684548463057 8.48089 90
1684548463110 8.480888 91
1684548463179 8.480885 92
1684548463257 8.480881 93
1684548463326 8.480875 94
1684548463395 8.48087 95
1684548463470 8.4808655 96
1684548463527 8.480861 97
1684548463596 8.480857 98
1684548463674 8.480854 99
1684548463743 8.480853 100
1684548463859 8.480852 101
1684548463981 8.480851 102
1684548464043 8.480851 103
1684548464112 8.480852 104
1684548464181 8.480852 105
1684548464244 8.480853 106
1684548464313 8.480854 107
1684548464382 8.480854 108
1684548464461 8.480854 109
1684548464516 8.480856 110
1684548464598 8.480856 111
1684548464660 8.480856 112
1684548464729 8.480858 113
1684548464798 8.480858 114
1684548464877 8.480858 115
1684548464946 8.480858 116
1684548465014 8.480858 117
1684548465083 8.480858 118
1684548465146 8.480858 119
1684548465215 8.480858 120
1684548465284 8.480859 121
1684548465347 8.480858 122
1684548465416 8.480858 123
1684548465485 8.480858 124
1684548465569 8.48086 125
1684548465631 8.480858 126
1684548465716 8.480858 127
1684548465785 8.480859 128
1684548465863 8.480859 129
1684548465932 8.480858 130
1684548466001 8.480858 131
1684548466066 8.480859 132
1684548466130 8.480859 133
1684548466202 8.480858 134
1684548466280 8.480858 135
1684548466349 8.480858 136
1684548466418 8.480858 137
1684548466487 8.480858 138
1684548466550 8.480858 139
1684548466619 8.480858 140
1684548466687 8.480858 141
1684548466766 8.480858 142
1684548466835 8.480858 143
1684548466904 8.480858 144
1684548466966 8.480856 145
1684548467035 8.480858 146
1684548467104 8.480856 147
1684548467195 8.480856 148
1684548467273 8.480857 149
1684548467341 8.480856 150
1684548467410 8.480856 151
1684548467473 8.480856 152
1684548467542 8.480856 153
1684548467611 8.480856 154
1684548467683 8.480856 155
1684548467758 8.480856 156
1684548467827 8.480856 157
1684548467896 8.480856 158
1684548467958 8.480856 159
1684548468027 8.480855 160
1684548468096 8.480856 161
1684548468176 8.480855 162
1684548468230 8.480855 163
1684548468312 8.480855 164
1684548468375 8.480856 165
1684548468444 8.480855 166
1684548468513 8.480855 167
1684548468575 8.480855 168
1684548468644 8.480855 169
1684548468721 8.480854 170
1684548468779 8.480855 171
1684548468860 8.480855 172
1684548468914 8.480855 173
1684548468992 8.480855 174
1684548469061 8.480855 175
1684548469130 8.480854 176
1684548469192 8.480854 177
1684548469266 8.480855 178
1684548469330 8.480855 179
1684548469399 8.480855 180
1684548469462 8.480854 181
1684548469531 8.480854 182
1684548469600 8.480854 183
1684548469678 8.480854 184
1684548469731 8.480854 185
1684548469812 8.480854 186
1684548469875 8.480854 187
1684548469947 8.480855 188
1684548470016 8.480854 189
1684548470078 8.480854 190
1684548470147 8.480855 191
1684548470216 8.480855 192
1684548470279 8.480854 193
1684548470360 8.480854 194
1684548470417 8.480854 195
1684548470495 8.480854 196
1684548470564 8.480854 197
1684548470633 8.480854 198
1684548470702 8.480854 199
1684548470764 8.480854 200
1684548470849 8.480854 201
1684548470918 8.480854 202
1684548470980 8.480854 203
1684548471049 8.480854 204
1684548471319 8.480855 205
1684548471435 8.480854 206
1684548471504 8.480854 207
1684548471566 8.480854 208
1684548471635 8.480854 209
1684548471704 8.480854 210
1684548471767 8.480854 211
1684548471836 8.480854 212
1684548471922 8.480854 213
1684548471985 8.480854 214
1684548472052 8.480854 215
1684548472121 8.480854 216
1684548472183 8.480854 217
1684548472252 8.480854 218
1684548472321 8.480854 219
1684548472400 8.480854 220
1684548472522 8.480854 221
1684548472600 8.480854 222
1684548472653 8.480854 223
1684548472722 8.480854 224
1684548472800 8.480854 225
1684548472870 8.480854 226
1684548472950 8.480854 227
1684548473007 8.480854 228
1684548473085 8.480854 229
1684548473139 8.480854 230
1684548473208 8.480854 231
1684548473286 8.480854 232
1684548473355 8.480854 233
1684548473424 8.480854 234
1684548473488 8.480854 235
1684548473568 8.480854 236
1684548473624 8.480854 237
1684548473702 8.480854 238
1684548473771 8.480854 239
1684548473840 8.480854 240
1684548473909 8.480854 241
1684548473972 8.480854 242
1684548474049 8.480854 243
1684548474109 8.480854 244
1684548474172 8.480854 245
1684548474241 8.480854 246
1684548474326 8.480854 247
1684548474388 8.480854 248
1684548474457 8.480854 249
1684548474526 8.480854 250
