1684550835601 12.601896147803565 1
1684550835688 12.78623426755761 2
1684550835750 13.891006260723135 3
1684550835829 15.048352101633775 4
1684550835899 13.931367224452718 5
1684550835966 13.066291084988524 6
1684550836045 13.091643284101988 7
1684550836114 8.135253247559906 8
1684550836183 6.784073198781412 9
1684550836252 5.899646704503148 10
1684550836330 5.578695485219963 11
1684550836411 5.294940648692577 12
1684550836468 5.134015277509701 13
1684550836546 4.89058957090146 14
1684550836615 4.75679277868723 15
1684550836684 4.656320180288739 16
1684550836753 4.512837634147805 17
1684550836831 4.362182393242117 18
1684550836900 4.221524184196685 19
1684550836971 4.0897029220673575 20
1684550837033 3.969043355136636 21
1684550837100 3.8596737828187555 22
1684550837170 3.7596321286921284 23
1684550837232 3.6671035963605068 24
1684550837301 3.5811176892057817 25
1684550837386 3.500511687138726 26
1684550837455 3.424486881726528 27
1684550837519 3.352727091139518 28
1684550837602 3.284723625149514 29
1684550837686 3.2197004360421144 30
1684550837755 3.156534093919581 31
1684550837834 3.093626469487247 32
1684550837903 3.030116499196239 33
1684550837972 2.96621307469665 34
1684550838056 2.902082311558192 35
1684550838119 2.837770931825298 36
1684550838188 2.77330719866196 37
1684550838257 2.708770439726351 38
1684550838335 2.644273347686641 39
1684550838404 2.579905045620807 40
1684550838473 2.515719603583773 41
1684550838536 2.4517386239059027 42
1684550838616 2.3879490774636025 43
1684550838673 2.3243110159942066 44
1684550838751 2.260766927183697 45
1684550838820 2.197248948558907 46
1684550838889 2.133683437473527 47
1684550838958 2.0699891058483124 48
1684550839021 2.0060834357916577 49
1684550839099 1.9418739002022176 50
1684550839158 1.8772645991521857 51
1684550839237 1.812147029775263 52
1684550839306 1.7464054896435617 53
1684550839375 1.6799156105371906 54
1684550839437 1.6125532752812086 55
1684550839506 1.5442152806763438 56
1684550839578 1.4748351677687312 57
1684550839635 1.4044333501713013 58
1684550839706 1.3331626977323685 59
1684550839776 1.2613690330154832 60
1684550839838 1.1896436412621714 61
1684550839907 1.1188425304260254 62
1684550839976 1.0500361791193968 63
1684550840039 0.9843865103592866 64
1684550840114 0.9229509323264187 65
1684550840176 0.8665058805776544 66
1684550840255 0.8154364459346014 67
1684550840324 0.7697416346698658 68
1684550840393 0.729125698120134 69
1684550840462 0.6931169045092064 70
1684550840524 0.6611687011203841 71
1684550840593 0.6327244765719396 72
1684550840671 0.6072584196670476 73
1684550840727 0.5842850273080064 74
1684550840809 0.5633627243954792 75
1684550840878 0.5440868013335577 76
1684550840941 0.5260838234718006 77
1684550841010 0.5090093897119143 78
1684550841079 0.4925816488418892 79
1684550841141 0.47676535843685186 80
1684550841212 0.462633298150066 81
1684550841279 0.4559156627162563 82
1684550841357 0.4728607579500735 83
1684550841426 0.5138218994404035 84
1684550841495 0.5458204746572785 85
1684550841564 0.5583219387806686 86
1684550841643 0.5576040086780031 87
1684550841710 0.5523349835334815 88
1684550841765 0.5465828446439797 89
1684550841843 0.541682136908207 90
1684550841912 0.5378445708765355 91
1684550841981 0.5349449797646932 92
1684550842044 0.5328126192126024 93
1684550842229 0.5312948595245728 94
1684550842330 0.5302711002184602 95
1684550842397 0.5296375799418165 96
1684550842466 0.5293015948424766 97
1684550842529 0.5291792686575103 98
1684550842598 0.5292011938026775 99
1684550842667 0.529310740066563 100
1684550842748 0.5294618862294357 101
1684550842820 0.5296186221209719 102
1684550842883 0.529757818868025 103
1684550842946 0.5298662028461958 104
1684550843015 0.5299380612290655 105
1684550843084 0.5299720324428676 106
1684550843146 0.5299732352568393 107
1684550843215 0.5299477296395126 108
1684550843290 0.5299028449690385 109
1684550843348 0.5298456910098881 110
1684550843469 0.5297837992571941 111
1684550843547 0.5297205305609616 112
1684550843616 0.5296605880822641 113
1684550843685 0.5296061156455384 114
1684550843748 0.5295588349029019 115
1684550843826 0.5295181521685232 116
1684550843886 0.5294837965243313 117
1684550843948 0.5294548838237754 118
1684550844017 0.5294304754026401 119
1684550844133 0.5294088919438261 120
1684550844202 0.5293894940190118 121
1684550844271 0.529371529661978 122
1684550844334 0.5293539418082597 123
1684550844405 0.5293363557987218 124
1684550844472 0.5293182467036623 125
1684550844534 0.5292995523386974 126
1684550844603 0.5292799880613355 127
1684550844672 0.5292605742586803 128
1684550844735 0.5292407611674271 129
1684550844804 0.5292200751021942 130
1684550844873 0.5291994563324003 131
1684550844952 0.5291799659086762 132
1684550845004 0.5291611206099515 133
1684550845073 0.529142549953958 134
1684550845136 0.5291253578998024 135
1684550845205 0.5291088911345386 136
1684550845274 0.529093026551852 137
1684550845352 0.5290784727026059 138
1684550845419 0.5290656116692952 139
1684550845490 0.5290533109547437 140
1684550845553 0.5290418202394437 141
1684550845622 0.529031404882352 142
1684550845691 0.5290208219743526 143
1684550845775 0.5290117430807482 144
1684550845853 0.5290029933019482 145
1684550845923 0.5289947847334872 146
1684550846000 0.5289879211115446 147
1684550846063 0.5289821543624904 148
1684550846138 0.5289765231258742 149
1684550846207 0.5289711716964816 150
1684550846276 0.528966641563377 151
1684550846339 0.5289627059858988 152
1684550846408 0.5289586617194977 153
1684550846485 0.528955251599022 154
1684550846549 0.5289521514858289 155
1684550846624 0.5289491098555432 156
1684550846693 0.5289467530553227 157
1684550846755 0.5289443232733527 158
1684550846824 0.5289422791704446 159
1684550846894 0.5289411149045572 160
1684550846956 0.5289394192485116 161
1684550847033 0.5289381707684632 162
1684550847094 0.5289364232327783 163
1684550847156 0.5289355141693667 164
1684550847225 0.5289343478977406 165
1684550847294 0.5289337394957867 166
1684550847357 0.528934185057955 167
1684550847442 0.5289344737759272 168
1684550847511 0.5289344887769215 169
1684550847579 0.5289343956939134 170
1684550847642 0.5289355642002681 171
1684550847711 0.5289361109566532 172
1684550847780 0.5289370293458299 173
1684550847858 0.5289371963320805 174
1684550847927 0.528937097897276 175
1684550847996 0.5289372162747357 176
1684550848065 0.5289375542246674 177
1684550848145 0.5289378121401482 178
1684550848212 0.5289384519063375 179
1684550848281 0.5289385438299185 180
1684550848344 0.5289383794823247 181
1684550848413 0.5289382890347943 182
1684550848482 0.5289387838929871 183
1684550848560 0.5289391702550883 184
1684550848630 0.5289394735839962 185
1684550848698 0.5289400403123307 186
1684550848760 0.5289401785991811 187
1684550848829 0.5289397690393941 188
1684550849099 0.528940134004019 189
1684550849215 0.5289399460455169 190
1684550849284 0.5289409500911911 191
1684550849346 0.5289410061515611 192
1684550849415 0.5289420820447551 193
1684550849484 0.5289414809533743 194
1684550849562 0.5289417922142337 195
1684550849631 0.5289418574294493 196
1684550849697 0.5289407622175134 197
1684550849759 0.5289408121259419 198
1684550849831 0.5289410676383056 199
1684550849916 0.5289409413079255 200
1684550849985 0.5289414520136023 201
1684550850048 0.5289416901824349 202
1684550850117 0.5289417806346122 203
1684550850187 0.5289419003537822 204
1684550850246 0.5289422277097633 205
1684550850317 0.528942228978935 206
1684550850386 0.5289423487003897 207
1684550850449 0.5289419924086008 208
1684550850533 0.5289423115611609 209
1684550850602 0.5289421852387628 210
1684550850680 0.5289420749933903 211
1684550850747 0.5289424383032172 212
1684550850803 0.528942401165995 213
1684550850887 0.5289427111772144 214
1684550850950 0.5289428680386645 215
1684550851019 0.5289429027371724 216
1684550851088 0.5289429200867412 217
1684550851150 0.5289429758455765 218
1684550851219 0.5289427322624345 219
1684550851288 0.5289423677658563 220
1684550851366 0.528941201510079 221
1684550851435 0.5289404341091488 222
1684550851489 0.5289396241447671 223
1684550851567 0.5289390775755408 224
1684550851636 0.5289388315321469 225
1684550851705 0.5289388488820599 226
1684550851778 0.5289388488820599 227
1684550851838 0.528938738638694 228
1684550851905 0.5289387559890661 229
1684550851983 0.5289392377490644 230
1684550852037 0.5289388348442331 231
1684550852106 0.528938817493688 232
1684550852184 0.5289389624375933 233
1684550852237 0.5289388348442331 234
1684550852319 0.5289392084811019 235
1684550852387 0.5289394000435564 236
1684550852453 0.5289394000435564 237
1684550852522 0.5289396460871422 238
1684550852591 0.5289396460871422 239
1684550852654 0.5289396460871422 240
1684550852723 0.528939289801288 241
1684550852792 0.5289396634380812 242
1684550852873 0.5289396460871422 243
1684550852939 0.5289396460871422 244
1684550853008 0.5289390437577471 245
1684550853070 0.5289386966152477 246
1684550853140 0.5289386792642068 247
1684550853209 0.5289385516709537 248
1684550853287 0.5289384332209786 249
1684550853340 0.5289380769355707 250
