1684363668874 0.5095392 1
1684363668962 0.44487014 2
1684363669022 0.38441962 3
1684363669100 0.33306453 4
1684363669163 0.29349613 5
1684363669241 0.26600927 6
1684363669303 0.24914435 7
1684363669381 0.24054648 8
1684363669444 0.23769502 9
1684363669522 0.23837267 10
1684363669585 0.24087873 11
1684363669647 0.24405459 12
1684363669725 0.24720335 13
1684363669788 0.24997039 14
1684363669866 0.25222686 15
1684363669944 0.2539759 16
1684363670006 0.2552866 17
1684363670085 0.256252 18
1684363670147 0.25696522 19
1684363670210 0.25750837 20
1684363670288 0.2579479 21
1684363670350 0.258335 22
1684363670413 0.25870708 23
1684363670475 0.25909045 24
1684363670663 0.2595027 25
1684363670835 0.25995484 26
1684363670954 0.26045316 27
1684363671032 0.26100057 28
1684363671095 0.2615977 29
1684363671157 0.26224342 30
1684363671236 0.26293594 31
1684363671298 0.2636727 32
1684363671376 0.26445106 33
1684363671439 0.26526824 34
1684363671501 0.26612163 35
1684363671564 0.26700872 36
1684363671642 0.26792735 37
1684363671704 0.26887545 38
1684363671767 0.2698513 39
1684363671829 0.2708534 40
1684363671892 0.2718804 41
1684363671970 0.2729313 42
1684363672095 0.27400517 43
1684363672157 0.27510124 44
1684363672220 0.27621892 45
1684363672282 0.27735776 46
1684363672360 0.2785173 47
1684363672423 0.27969724 48
1684363672486 0.28089726 49
1684363672564 0.28211713 50
1684363672626 0.28335667 51
1684363672689 0.28461567 52
1684363672751 0.285894 53
1684363672829 0.28719154 54
1684363672892 0.28850815 55
1684363672954 0.28984368 56
1684363673017 0.29119807 57
1684363673079 0.29257125 58
1684363673142 0.29396307 59
1684363673220 0.2953735 60
1684363673282 0.2968024 61
1684363673345 0.29824978 62
1684363673439 0.29971546 63
1684363673517 0.30119944 64
1684363673579 0.3027016 65
1684363673642 0.30422193 66
1684363673720 0.3057603 67
1684363673782 0.30731672 68
1684363673845 0.30889103 69
1684363673923 0.31048325 70
1684363673985 0.31209332 71
1684363674064 0.31372115 72
1684363674126 0.3153667 73
1684363674189 0.31702986 74
1684363674267 0.31871063 75
1684363674329 0.32040894 76
1684363674392 0.32212478 77
1684363674470 0.32385808 78
1684363674532 0.3256088 79
1684363674610 0.3273769 80
1684363674673 0.32916233 81
1684363674814 0.3309651 82
1684363674986 0.33278507 83
1684363675048 0.33462226 84
1684363675110 0.33647665 85
1684363675189 0.33834812 86
1684363675251 0.34023666 87
1684363675329 0.34214228 88
1684363675392 0.3440649 89
1684363675454 0.34600446 90
1684363675532 0.34796095 91
1684363675595 0.34993434 92
1684363675657 0.3519245 93
1684363675720 0.3539315 94
1684363675782 0.35595518 95
1684363675860 0.3579956 96
1684363675923 0.3600527 97
1684363675986 0.3621264 98
1684363676064 0.3642167 99
1684363676282 0.36632356 100
1684363676423 0.36844683 101
1684363676501 0.3705866 102
1684363676579 0.3727428 103
1684363676657 0.37491536 104
1684363676720 0.37710422 105
1684363676798 0.37930936 106
1684363676860 0.38153076 107
1684363676923 0.38376832 108
1684363677001 0.38602203 109
1684363677064 0.38829184 110
1684363677126 0.3905777 111
1684363677204 0.3928796 112
1684363677267 0.39519745 113
1684363677329 0.3975312 114
1684363677407 0.3998809 115
1684363677470 0.40224636 116
1684363677689 0.40462762 117
1684363677751 0.40702462 118
1684363677829 0.40943736 119
1684363677892 0.41186565 120
1684363677969 0.4143096 121
1684363678032 0.41676906 122
1684363678094 0.419244 123
1684363678172 0.42173448 124
1684363678235 0.4242403 125
1684363678313 0.42676145 126
1684363678375 0.42929792 127
1684363678438 0.4318497 128
1684363678516 0.4344166 129
1684363678579 0.4369987 130
1684363678672 0.4395959 131
1684363678750 0.44220817 132
1684363678813 0.44483542 133
1684363678891 0.4474776 134
1684363678954 0.4501347 135
1684363679016 0.45280665 136
1684363679094 0.4554934 137
1684363679157 0.45819485 138
1684363679235 0.46091098 139
1684363679297 0.46364176 140
1684363679360 0.46638715 141
1684363679438 0.46914703 142
1684363679500 0.47192138 143
1684363679563 0.4747101 144
1684363679641 0.47751325 145
1684363679704 0.48033062 146
1684363679766 0.48316222 147
1684363679829 0.4860081 148
1684363679907 0.48886806 149
1684363679969 0.49174207 150
1684363680047 0.4946301 151
1684363680110 0.49753213 152
1684363680297 0.500448 153
1684363680485 0.5033777 154
1684363680547 0.50632113 155
1684363680610 0.50927836 156
1684363680688 0.5122492 157
1684363680750 0.51523364 158
1684363680813 0.5182316 159
1684363680891 0.521243 160
1684363680954 0.5242678 161
1684363681032 0.52730596 162
1684363681094 0.5303574 163
1684363681157 0.53342205 164
1684363681235 0.53649986 165
1684363681297 0.5395907 166
1684363681360 0.5426946 167
1684363681438 0.5458115 168
1684363681500 0.54894125 169
1684363681672 0.5520838 170
1684363681891 0.5552391 171
1684363682000 0.55840707 172
1684363682079 0.5615877 173
1684363682141 0.5647809 174
1684363682204 0.5679865 175
1684363682282 0.5712046 176
1684363682344 0.574435 177
1684363682407 0.57767767 178
1684363682485 0.58093256 179
1684363682547 0.58419955 180
1684363682610 0.58747864 181
1684363682688 0.59076977 182
1684363682750 0.59407276 183
1684363682813 0.5973876 184
1684363682891 0.60071427 185
1684363682954 0.60405254 186
1684363683016 0.60740256 187
1684363683094 0.61076415 188
1684363683157 0.6141371 189
1684363683219 0.6175216 190
1684363683297 0.62091744 191
1684363683360 0.6243244 192
1684363683438 0.6277427 193
1684363683500 0.63117206 194
1684363683563 0.63461244 195
1684363683625 0.63806385 196
1684363683704 0.6415261 197
1684363683766 0.64499927 198
1684363683829 0.64848316 199
1684363683891 0.65197814 200
1684363683969 0.6554847 201
1684363684032 0.6590025 202
1684363684094 0.6625317 203
1684363684157 0.66607225 204
1684363684235 0.6696238 205
1684363684297 0.6731865 206
1684363684360 0.6767602 207
1684363684422 0.68034476 208
1684363684500 0.68394005 209
1684363684563 0.68754613 210
1684363684625 0.6911629 211
1684363684704 0.6947903 212
1684363684782 0.6984282 213
1684363684844 0.7020767 214
1684363684922 0.70573556 215
1684363684985 0.7094049 216
1684363685047 0.7130844 217
1684363685125 0.71677434 218
1684363685188 0.72047436 219
1684363685250 0.7241845 220
1684363685313 0.72790474 221
1684363685375 0.731635 222
1684363685454 0.73537505 223
1684363685516 0.7391251 224
1684363685579 0.74288476 225
1684363685657 0.7466543 226
1684363685719 0.75043327 227
1684363685782 0.7542219 228
1684363685844 0.7580201 229
1684363685922 0.7618276 230
1684363685985 0.76564455 231
1684363686047 0.7694707 232
1684363686110 0.7733061 233
1684363686172 0.7771506 234
1684363686250 0.7810042 235
1684363686313 0.7848667 236
1684363686375 0.78873813 237
1684363686454 0.7926185 238
1684363686516 0.7965076 239
1684363686579 0.8004053 240
1684363686657 0.80431175 241
1684363686719 0.8082268 242
1684363686782 0.81215024 243
1684363686860 0.8160821 244
1684363686922 0.8200224 245
1684363686985 0.8239709 246
1684363687282 0.82792765 247
1684363687391 0.83189255 248
1684363687454 0.8358655 249
1684363687532 0.83984643 250
