1684363335929 0.5056461 1
1684363335996 0.44257593 2
1684363336074 0.38365832 3
1684363336152 0.33365244 4
1684363336215 0.29517853 5
1684363336293 0.26851425 6
1684363336355 0.25222355 7
1684363336418 0.24399772 8
1684363336496 0.24136862 9
1684363336558 0.24216709 10
1684363336637 0.24473065 11
1684363336699 0.24792817 12
1684363336777 0.25108057 13
1684363336855 0.25384372 14
1684363336918 0.25609437 15
1684363336996 0.25783828 16
1684363337059 0.25914538 17
1684363337137 0.26010883 18
1684363337199 0.2608215 19
1684363337277 0.26136497 20
1684363337340 0.26180542 21
1684363337402 0.26219368 22
1684363337465 0.26256695 23
1684363337543 0.26295137 24
1684363337605 0.26336437 25
1684363337668 0.26381692 26
1684363337746 0.26431522 27
1684363337809 0.26486212 28
1684363337887 0.2654582 29
1684363337944 0.26610234 30
1684363338022 0.26679274 31
1684363338085 0.26752692 32
1684363338163 0.26830214 33
1684363338225 0.26911578 34
1684363338288 0.2699651 35
1684363338366 0.27084777 36
1684363338428 0.27176157 37
1684363338491 0.27270466 38
1684363338569 0.27367532 39
1684363338632 0.27467206 40
1684363338694 0.27569366 41
1684363338772 0.27673897 42
1684363338835 0.27780715 43
1684363338913 0.27889737 44
1684363338975 0.28000906 45
1684363339038 0.28114164 46
1684363339116 0.28229466 47
1684363339178 0.28346786 48
1684363339241 0.28466088 49
1684363339303 0.28587344 50
1684363339382 0.28710538 51
1684363339678 0.2883565 52
1684363339757 0.28962666 53
1684363339819 0.29091573 54
1684363339897 0.29222357 55
1684363339960 0.29355037 56
1684363340022 0.29489627 57
1684363340100 0.2962612 58
1684363340163 0.29764497 59
1684363340225 0.29904747 60
1684363340303 0.3004686 61
1684363340366 0.30190817 62
1684363340428 0.303366 63
1684363340507 0.30484203 64
1684363340569 0.30633605 65
1684363340632 0.30784798 66
1684363340694 0.30937773 67
1684363340757 0.31092522 68
1684363340944 0.3124903 69
1684363341022 0.31407303 70
1684363341100 0.3156732 71
1684363341163 0.31729087 72
1684363341225 0.3189259 73
1684363341303 0.32057828 74
1684363341366 0.32224792 75
1684363341444 0.32393482 76
1684363341507 0.32563895 77
1684363341569 0.32736015 78
1684363341647 0.32909852 79
1684363341710 0.33085394 80
1684363341772 0.33262637 81
1684363341850 0.3344158 82
1684363341913 0.33622214 83
1684363341991 0.33804542 84
1684363342053 0.33988553 85
1684363342132 0.34174246 86
1684363342194 0.34361616 87
1684363342257 0.34550658 88
1684363342335 0.34741372 89
1684363342397 0.34933752 90
1684363342460 0.35127795 91
1684363342522 0.35323492 92
1684363342600 0.35520843 93
1684363342663 0.35719845 94
1684363342741 0.35920486 95
1684363342819 0.36122763 96
1684363342882 0.36326674 97
1684363342960 0.36532214 98
1684363343022 0.36739373 99
1684363343085 0.3694805 100
1684363343163 0.37158203 101
1684363343225 0.37369812 102
1684363343288 0.37582886 103
1684363343350 0.3779744 104
1684363343428 0.38013488 105
1684363343491 0.38231054 106
1684363343553 0.38450164 107
1684363343616 0.38670832 108
1684363343694 0.38893074 109
1684363343757 0.39116892 110
1684363343819 0.393423 111
1684363343882 0.39569294 112
1684363343960 0.39797887 113
1684363344022 0.40028074 114
1684363344100 0.40259844 115
1684363344163 0.40493208 116
1684363344225 0.40728152 117
1684363344288 0.4096468 118
1684363344366 0.41202784 119
1684363344428 0.4144246 120
1684363344507 0.41683704 121
1684363344569 0.41926515 122
1684363344647 0.4217089 123
1684363344710 0.42416817 124
1684363344788 0.42664298 125
1684363344850 0.42913324 126
1684363344928 0.43163902 127
1684363344991 0.43416014 128
1684363345053 0.4366966 129
1684363345132 0.4392484 130
1684363345194 0.4418155 131
1684363345272 0.44439778 132
1684363345335 0.44699526 133
1684363345397 0.44960782 134
1684363345460 0.45223555 135
1684363345538 0.4548783 136
1684363345600 0.45753607 137
1684363345678 0.46020874 138
1684363345741 0.46289635 139
1684363345803 0.4655988 140
1684363345882 0.46831608 141
1684363345944 0.4710481 142
1684363346022 0.47379482 143
1684363346100 0.47655615 144
1684363346163 0.47933218 145
1684363346382 0.48212266 146
1684363346507 0.4849277 147
1684363346585 0.48774716 148
1684363346647 0.49058104 149
1684363346710 0.49342924 150
1684363346788 0.49629176 151
1684363346850 0.49916852 152
1684363346928 0.5020594 153
1684363346991 0.5049644 154
1684363347053 0.50788355 155
1684363347132 0.5108167 156
1684363347194 0.5137638 157
1684363347257 0.5167247 158
1684363347335 0.5196996 159
1684363347397 0.52268827 160
1684363347460 0.52569056 161
1684363347522 0.5287066 162
1684363347600 0.53173625 163
1684363347663 0.5347795 164
1684363347741 0.5378362 165
1684363347803 0.5409063 166
1684363347866 0.5439899 167
1684363347944 0.5470867 168
1684363348008 0.5501968 169
1684363348086 0.5533201 170
1684363348149 0.55645657 171
1684363348211 0.5596061 172
1684363348274 0.5627686 173
1684363348352 0.5659441 174
1684363348414 0.5691324 175
1684363348493 0.5723336 176
1684363348555 0.57554746 177
1684363348618 0.57877403 178
1684363348680 0.5820133 179
1684363348758 0.5852651 180
1684363348821 0.5885294 181
1684363348883 0.5918061 182
1684363348961 0.59509516 183
1684363349024 0.59839654 184
1684363349086 0.6017101 185
1684363349149 0.6050358 186
1684363349227 0.60837364 187
1684363349289 0.6117234 188
1684363349352 0.61508524 189
1684363349430 0.6184588 190
1684363349493 0.6218443 191
1684363349555 0.6252414 192
1684363349633 0.62865025 193
1684363349696 0.63207066 194
1684363349758 0.63550246 195
1684363349821 0.6389459 196
1684363349899 0.64240056 197
1684363349961 0.64586663 198
1684363350024 0.6493437 199
1684363350102 0.65283215 200
1684363350164 0.65633154 201
1684363350243 0.659842 202
1684363350305 0.6633634 203
1684363350368 0.6668956 204
1684363350461 0.6704387 205
1684363350524 0.67399246 206
1684363350602 0.67755675 207
1684363350664 0.6811316 208
1684363350743 0.68471694 209
1684363350805 0.6883125 210
1684363350899 0.6919185 211
1684363350961 0.6955345 212
1684363351039 0.69916034 213
1684363351102 0.70279557 214
1684363351180 0.7064401 215
1684363351243 0.71009386 216
1684363351305 0.7137569 217
1684363351383 0.71742946 218
1684363351446 0.7211114 219
1684363351508 0.72480273 220
1684363351586 0.7285036 221
1684363351649 0.732214 222
1684363351711 0.7359338 223
1684363351789 0.739663 224
1684363351852 0.7434015 225
1684363351914 0.74714947 226
1684363351993 0.7509066 227
1684363352055 0.7546729 228
1684363352118 0.75844824 229
1684363352180 0.76223266 230
1684363352258 0.7660259 231
1684363352321 0.7698279 232
1684363352383 0.7736388 233
1684363352461 0.7774583 234
1684363352524 0.7812863 235
1684363352586 0.7851228 236
1684363352649 0.7889677 237
1684363352727 0.79282093 238
1684363352789 0.79668236 239
1684363352852 0.8005519 240
1684363352914 0.80442953 241
1684363352993 0.80831504 242
1684363353211 0.8122085 243
1684363353383 0.81610966 244
1684363353446 0.8200186 245
1684363353524 0.82393515 246
1684363353586 0.8278592 247
1684363353649 0.83179075 248
1684363353727 0.8357297 249
1684363353789 0.8396759 250
