1684364445809 0.50792617 1
1684364445902 0.4419039 2
1684364445964 0.3796265 3
1684364446042 0.326006 4
1684364446105 0.28384382 5
1684364446183 0.2535907 6
1684364446245 0.23395342 7
1684364446324 0.22272438 8
1684364446386 0.21749216 9
1684364446464 0.21610413 10
1684364446527 0.21688282 11
1684364446589 0.21866027 12
1684364446667 0.22070847 13
1684364446730 0.22263011 14
1684364446808 0.22424981 15
1684364446886 0.22552608 16
1684364446949 0.22648798 17
1684364447027 0.22719476 18
1684364447089 0.2277123 19
1684364447167 0.22810121 20
1684364447230 0.2284119 21
1684364447292 0.22868367 22
1684364447370 0.22894567 23
1684364447433 0.22921857 24
1684364447495 0.22951633 25
1684364447558 0.22984783 26
1684364447636 0.23021829 27
1684364447699 0.23063023 28
1684364447761 0.2310844 29
1684364447834 0.23158026 30
1684364447896 0.2321165 31
1684364447974 0.2326914 32
1684364448037 0.233303 33
1684364448099 0.23394923 34
1684364448162 0.23462817 35
1684364448240 0.23533796 36
1684364448303 0.23607698 37
1684364448365 0.2368437 38
1684364448443 0.2376368 39
1684364448506 0.23845512 40
1684364448568 0.23929763 41
1684364448631 0.24016349 42
1684364448693 0.24105199 43
1684364448756 0.2419625 44
1684364448834 0.24289452 45
1684364448896 0.24384761 46
1684364448959 0.2448214 47
1684364449021 0.24581566 48
1684364449099 0.24683006 49
1684364449162 0.24786443 50
1684364449224 0.24891862 51
1684364449303 0.24999245 52
1684364449381 0.2510858 53
1684364449443 0.25219852 54
1684364449521 0.25333056 55
1684364449584 0.2544818 56
1684364449662 0.2556521 57
1684364449724 0.25684145 58
1684364449787 0.25804976 59
1684364449849 0.2592769 60
1684364449928 0.26052284 61
1684364449990 0.2617875 62
1684364450053 0.26307082 63
1684364450131 0.2643727 64
1684364450193 0.26569313 65
1684364450256 0.267032 66
1684364450318 0.26838923 67
1684364450396 0.26976478 68
1684364450459 0.27115867 69
1684364450521 0.27257076 70
1684364450584 0.27400103 71
1684364450662 0.27544945 72
1684364450724 0.27691594 73
1684364450787 0.27840048 74
1684364450849 0.27990302 75
1684364450928 0.28142354 76
1684364450990 0.28296196 77
1684364451053 0.28451824 78
1684364451115 0.28609234 79
1684364451193 0.2876843 80
1684364451256 0.28929397 81
1684364451318 0.2909214 82
1684364451396 0.29256648 83
1684364451459 0.2942292 84
1684364451521 0.29590955 85
1684364451599 0.29760745 86
1684364451662 0.2993229 87
1684364451740 0.30105585 88
1684364451803 0.3028063 89
1684364451881 0.30457413 90
1684364451943 0.3063594 91
1684364452006 0.308162 92
1684364452068 0.309982 93
1684364452131 0.31181926 94
1684364452209 0.3136738 95
1684364452271 0.3155455 96
1684364452334 0.31743446 97
1684364452412 0.3193406 98
1684364452474 0.3212638 99
1684364452537 0.32320416 100
1684364452599 0.32516155 101
1684364452678 0.32713598 102
1684364452740 0.32912743 103
1684364452803 0.33113584 104
1684364452881 0.33316115 105
1684364452943 0.33520335 106
1684364453006 0.33726245 107
1684364453084 0.3393384 108
1684364453146 0.34143108 109
1684364453209 0.3435406 110
1684364453287 0.34566677 111
1684364453349 0.3478097 112
1684364453412 0.34996933 113
1684364453474 0.3521455 114
1684364453537 0.3543383 115
1684364453615 0.35654765 116
1684364453678 0.35877356 117
1684364453740 0.36101595 118
1684364453803 0.3632748 119
1684364453865 0.3655501 120
1684364453943 0.36784178 121
1684364454006 0.37014982 122
1684364454068 0.3724742 123
1684364454131 0.37481484 124
1684364454193 0.37717175 125
1684364454271 0.37954488 126
1684364454334 0.38193423 127
1684364454396 0.38433972 128
1684364454474 0.3867613 129
1684364454553 0.38919896 130
1684364454615 0.39165273 131
1684364454678 0.39412248 132
1684364454756 0.39660817 133
1684364454818 0.39910984 134
1684364454881 0.40162742 135
1684364454959 0.4041609 136
1684364455021 0.4067102 137
1684364455084 0.40927526 138
1684364455162 0.4118561 139
1684364455224 0.41445273 140
1684364455287 0.41706502 141
1684364455349 0.41969293 142
1684364455428 0.42233652 143
1684364455490 0.42499563 144
1684364455553 0.4276703 145
1684364455631 0.4303605 146
1684364455709 0.4330662 147
1684364455771 0.43578726 148
1684364455841 0.43852377 149
1684364455935 0.44127566 150
1684364455997 0.4440428 151
1684364456076 0.44682533 152
1684364456138 0.449623 153
1684364456201 0.45243594 154
1684364456263 0.455264 155
1684364456341 0.45810723 156
1684364456404 0.4609655 157
1684364456466 0.46383888 158
1684364456529 0.46672726 159
1684364456607 0.4696306 160
1684364456669 0.47254884 161
1684364456732 0.475482 162
1684364456810 0.47843003 163
1684364456872 0.4813928 164
1684364456935 0.4843704 165
1684364457013 0.48736277 166
1684364457076 0.49036974 167
1684364457138 0.49339142 168
1684364457216 0.49642766 169
1684364457279 0.4994785 170
1684364457341 0.5025438 171
1684364457419 0.5056236 172
1684364457497 0.5087179 173
1684364457576 0.5118265 174
1684364457638 0.5149495 175
1684364457701 0.5180868 176
1684364457779 0.5212383 177
1684364457841 0.52440417 178
1684364457919 0.5275841 179
1684364457982 0.53077817 180
1684364458060 0.53398633 181
1684364458122 0.5372085 182
1684364458185 0.5404447 183
1684364458247 0.54369485 184
1684364458326 0.54695886 185
1684364458388 0.55023676 186
1684364458451 0.5535285 187
1684364458513 0.5568339 188
1684364458591 0.5601531 189
1684364458654 0.563486 190
1684364458716 0.5668325 191
1684364458779 0.57019246 192
1684364458841 0.5735661 193
1684364458919 0.5769532 194
1684364458982 0.5803536 195
1684364459044 0.5837675 196
1684364459107 0.5871946 197
1684364459169 0.5906351 198
1684364459247 0.5940888 199
1684364459310 0.5975557 200
1684364459372 0.60103565 201
1684364459451 0.6045287 202
1684364459513 0.60803485 203
1684364459576 0.6115539 204
1684364459654 0.6150859 205
1684364459716 0.61863077 206
1684364459779 0.62218845 207
1684364459857 0.62575895 208
1684364459919 0.62934214 209
1684364459982 0.6329379 210
1684364460060 0.6365464 211
1684364460122 0.64016736 212
1684364460185 0.64380085 213
1684364460247 0.64744675 214
1684364460326 0.6511051 215
1684364460388 0.65477574 216
1684364460466 0.6584587 217
1684364460529 0.66215384 218
1684364460591 0.6658612 219
1684364460669 0.66958064 220
1684364460732 0.67331207 221
1684364460794 0.6770556 222
1684364460857 0.6808109 223
1684364460935 0.68457836 224
1684364460997 0.6883575 225
1684364461060 0.6921483 226
1684364461138 0.695951 227
1684364461201 0.69976526 228
1684364461279 0.7035911 229
1684364461341 0.70742846 230
1684364461404 0.7112773 231
1684364461482 0.7151376 232
1684364461544 0.7190092 233
1684364461607 0.7228921 234
1684364461669 0.7267863 235
1684364461747 0.7306917 236
1684364461810 0.73460805 237
1684364461873 0.7385355 238
1684364461935 0.74247396 239
1684364461997 0.7464234 240
1684364462076 0.75038373 241
1684364462138 0.7543547 242
1684364462216 0.75833666 243
1684364462279 0.7623291 244
1684364462341 0.76633227 245
1684364462404 0.7703459 246
1684364462482 0.77437013 247
1684364462544 0.7784047 248
1684364462607 0.7824497 249
1684364462810 0.786505 250
