1684366631748 0.5431925654411316 1
1684366631843 0.4750588536262512 2
1684366631914 0.41100361943244934 3
1684366631976 0.3561192921229771 4
1684366632055 0.31327504771096365 5
1684366632117 0.28287871394838604 6
1684366632195 0.26352136049951824 7
1684366632258 0.25285138402666363 8
1684366632320 0.24832031556538173 9
1684366632383 0.24766616097518376 10
1684366632461 0.24913672251360758 11
1684366632523 0.2515217193535396 12
1684366632586 0.2540763318538666 13
1684366632664 0.25640362075396944 14
1684366632726 0.25833877069609507 15
1684366632805 0.25985531296048847 16
1684366632867 0.260998398065567 17
1684366632945 0.26184225508144926 18
1684366633008 0.26246560897145954 19
1684366633070 0.2629395084721701 20
1684366633148 0.263322468314852 21
1684366633226 0.2636598306042807 22
1684366633289 0.26398507186344694 23
1684366633367 0.26432181681905476 24
1684366633430 0.26468597139631 25
1684366633492 0.2650876428399767 26
1684366633570 0.2655326511178698 27
1684366633633 0.26602377210344585 28
1684366633711 0.266561712537493 29
1684366633768 0.2671457656792232 30
1684366633846 0.267774373292923 31
1684366633908 0.2684454492160252 32
1684366633971 0.26915669441223145 33
1684366634033 0.2699057459831238 34
1684366634112 0.2706902878625052 35
1684366634174 0.2715081742831639 36
1684366634237 0.2723574127469744 37
1684366634299 0.2732362449169159 38
1684366634377 0.2741430870124272 39
1684366634440 0.27507661070142475 40
1684366634502 0.2760356366634369 41
1684366634565 0.2770191558769771 42
1684366634643 0.27802637219429016 43
1684366634705 0.27905657035963877 44
1684366634768 0.2801091841288975 45
1684366634830 0.2811837238924844 46
1684366634908 0.2822798064776829 47
1684366634971 0.2833970955439976 48
1684366635033 0.2845353100981031 49
1684366635096 0.2856942798410143 50
1684366635174 0.28687383021627155 51
1684366635237 0.28807379943983896 52
1684366635299 0.2892940470150539 53
1684366635362 0.2905344239303044 54
1684366635440 0.2917948194912502 55
1684366635502 0.2930751272610256 56
1684366635565 0.2943752110004425 57
1684366635643 0.29569501110485624 58
1684366635705 0.29703442113740103 59
1684366635768 0.2983933516911098 60
1684366635846 0.2997717091015407 61
1684366635908 0.3011694550514221 62
1684366635971 0.30258652142116 63
1684366636033 0.304022878408432 64
1684366636112 0.3054784451212202 65
1684366636174 0.30695317898477825 66
1684366636237 0.308447003364563 67
1684366636299 0.3099598416260311 68
1684366636377 0.311491642679487 69
1684366636440 0.3130423554352352 70
1684366636502 0.31461189900125774 71
1684366636580 0.3162002308028085 72
1684366636643 0.3178072784628187 73
1684366636705 0.3194329994065421 74
1684366636768 0.3210773595741817 75
1684366636846 0.3227402865886688 76
1684366636908 0.32442176767757963 77
1684366636971 0.32612172194889616 78
1684366637033 0.327840119600296 79
1684366637112 0.3295769436018808 80
1684366637174 0.3313321088041578 81
1684366637237 0.3331056066921779 82
1684366637315 0.33489739894866943 83
1684366637377 0.33670743874141146 84
1684366637440 0.3385357218129294 85
1684366637502 0.34038218004362925 86
1684366637580 0.3422467964036124 87
1684366637643 0.3441295453480312 88
1684366637705 0.34603039281708853 89
1684366637783 0.34794929197856356 90
1684366637862 0.34988623006003244 91
1684366637922 0.35184116874422344 92
1684366637985 0.3538140654563904 93
1684366638063 0.35580489465168547 94
1684366638125 0.357813618012837 95
1684366638219 0.35984018445014954 96
1684366638282 0.3618846195084708 97
1684366638360 0.3639468124934605 98
1684366638422 0.3660267038004739 99
1684366638485 0.3681242721421378 100
1684366638563 0.37023944514138357 101
1684366638625 0.3723721887384142 102
1684366638688 0.3745224816458566 103
1684366638766 0.37669036218098234 104
1684366638829 0.3788757494517735 105
1684366638907 0.3810786817755018 106
1684366638969 0.38329910806247164 107
1684366639032 0.3855370155402592 108
1684366639094 0.3877923956939152 109
1684366639172 0.3900652016912188 110
1684366639235 0.3923554165022714 111
1684366639297 0.39466301458222525 112
1684366639360 0.3969879576138088 113
1684366639438 0.39933022005217417 114
1684366639500 0.4016897550651005 115
1684366639563 0.40406654136521475 116
1684366639641 0.40646051509039743 117
1684366639704 0.40887169752802166 118
1684366639766 0.41130000352859497 119
1684366639844 0.41374541180474417 120
1684366639907 0.41620790532657076 121
1684366639969 0.4186874032020569 122
1684366640047 0.42118393949099947 123
1684366640110 0.4236974077565329 124
1684366640172 0.4262278122561319 125
1684366640250 0.42877511041504995 126
1684366640313 0.4313392426286425 127
1684366640438 0.43392020889690947 128
1684366640625 0.43651794110025677 129
1684366640750 0.43913244775363375 130
1684366640813 0.4417636437075479 131
1684366640875 0.44441152044704985 132
1684366640954 0.4470760353973934 133
1684366641016 0.44975713746888296 134
1684366641094 0.4524548053741455 135
1684366641157 0.4551690178258078 136
1684366641219 0.45789971947669983 137
1684366641282 0.46064685923712595 138
1684366641360 0.46341041581971304 139
1684366641422 0.46619035942213877 140
1684366641485 0.46898663469723295 141
1684366641547 0.47179922461509705 142
1684366641625 0.47462806531361174 143
1684366641688 0.4774731312479292 144
1684366641750 0.48033441390310017 145
1684366641829 0.483211840902056 146
1684366641891 0.48610538244247437 147
1684366641954 0.4890149746622358 148
1684366642032 0.49194063033376423 149
1684366642094 0.49488228133746553 150
1684366642157 0.4978398893560682 151
1684366642219 0.5008134288447244 152
1684366642282 0.5038028529712132 153
1684366642360 0.5068081149033138 154
1684366642422 0.5098291805812291 155
1684366642500 0.5128660159451621 156
1684366642563 0.5159185699054173 157
1684366642625 0.5189867998872485 158
1684366642704 0.5220707058906555 159
1684366642782 0.5251701899937221 160
1684366642844 0.5282852649688721 161
1684366642922 0.5314158541815621 162
1684366643000 0.5345619406018939 163
1684366643063 0.5377234475953239 164
1684366643141 0.5409003836768014 165
1684366643204 0.5440926551818848 166
1684366643266 0.5473002535956246 167
1684366643344 0.5505231278283256 168
1684366643407 0.5537612778799874 169
1684366643469 0.5570145845413208 170
1684366643547 0.5602830818721226 171
1684366643610 0.5635666506631034 172
1684366643672 0.5668652823993138 173
1684366643735 0.5701789941106524 174
1684366643813 0.5735076325280326 175
1684366643875 0.5768512487411499 176
1684366643938 0.5802097405706134 177
1684366644000 0.5835831080164228 178
1684366644079 0.5869712574141366 179
1684366644141 0.590374197278704 180
1684366644204 0.593791833945683 181
1684366644266 0.5972241674150739 182
1684366644344 0.6006711295672825 183
1684366644407 0.6041326778275626 184
1684366644469 0.6076087696211678 185
1684366644532 0.6110993453434536 186
1684366644610 0.6146044135093689 187
1684366644672 0.6181238378797259 188
1684366644735 0.6216576269694737 189
1684366644813 0.6252057552337646 190
1684366644875 0.6287681375231061 191
1684366644938 0.632344765322549 192
1684366645000 0.6359355279377529 193
1684366645063 0.6395404253687177 194
1684366645141 0.6431594065257481 195
1684366645204 0.6467924203191485 196
1684366645266 0.6504394241741726 197
1684366645329 0.6541003584861755 198
1684366645407 0.6577751806804112 199
1684366645469 0.6614638141223362 200
1684366645532 0.6651662673269 201
1684366645594 0.668882429599762 202
1684366645672 0.6726122583661761 203
1684366645735 0.6763557962008885 204
1684366645797 0.680112864289965 205
1684366645875 0.6838834966932025 206
1684366645938 0.6876676423209054 207
1684366646000 0.6914651989936829 208
1684366646079 0.6952761241367885 209
1684366646141 0.6991003836904254 210
1684366646204 0.7029379606246948 211
1684366646282 0.7067887357303074 212
1684366646360 0.7106526919773647 213
1684366646438 0.7145297953060695 214
1684366646500 0.718419977596828 215
1684366646563 0.7223231622150966 216
1684366646625 0.7262393406459263 217
1684366646704 0.7301684021949768 218
1684366646797 0.734110346862248 219
1684366646922 0.7380650809832981 220
1684366646985 0.7420325875282288 221
1684366647063 0.746012772832598 222
1684366647125 0.7500056283814567 223
1684366647188 0.7540109838758197 224
1684366647250 0.7580287626811436 225
1684366647329 0.7620589562824794 226
1684366647391 0.7661014114107404 227
1684366647454 0.7701561791556222 228
1684366647532 0.7742231913975307 229
1684366647594 0.7783023629869733 230
1684366647672 0.7823937024388995 231
1684366647735 0.7864971501486642 232
1684366647813 0.7906126465116229 233
1684366647875 0.7947401744978768 234
1684366647939 0.7988796745027814 235
1684366648001 0.8030310358319964 236
1684366648080 0.8071942840303693 237
1684366648142 0.8113693424633571 238
1684366648205 0.8155561089515686 239
1684366648283 0.8197545834950039 240
1684366648345 0.8239646809441703 241
1684366648408 0.8281863331794739 242
1684366648470 0.8324195061411176 243
1684366648548 0.8366641572543553 244
1684366648611 0.8409202098846436 245
1684366648673 0.8451875788824899 246
1684366648751 0.8494662046432495 247
1684366648814 0.8537560956818717 248
1684366648876 0.8580571242741176 249
1684366648955 0.8623692393302917 250
