1684364936879 0.5636059105391377 1
1684364936954 0.49204230845778785 2
1684364937016 0.42353531170770475 3
1684364937095 0.3632911611049965 4
1684364937157 0.3144384742562958 5
1684364937220 0.277727389220456 6
1684364937313 0.2521064060105802 7
1684364937391 0.23553751643421456 8
1684364937462 0.22570374242811406 9
1684364937525 0.22047794178599103 10
1684364937587 0.21815238287535954 11
1684364937665 0.21749002577362855 12
1684364937728 0.21767191007095488 13
1684364937806 0.21820216619670213 14
1684364937868 0.21880980469273198 15
1684364937947 0.21936684409483703 16
1684364938009 0.219828207223361 17
1684364938072 0.22019200662889457 18
1684364938212 0.2204754912122553 19
1684364938368 0.22070166934210794 20
1684364938447 0.2208928576957703 21
1684364938525 0.2210679099825792 22
1684364938587 0.22124162368307151 23
1684364938665 0.22142502424854477 24
1684364938728 0.22162597712604853 25
1684364938806 0.22184987656719396 26
1684364938868 0.22210019762840844 27
1684364938941 0.2223790803196151 28
1684364939019 0.22268760450066186 29
1684364939082 0.2230261694927308 30
1684364939144 0.22339463264443818 31
1684364939222 0.22379254640066135 32
1684364939285 0.2242192385054689 33
1684364939347 0.22467391885176988 34
1684364939410 0.22515578097149555 35
1684364939472 0.22566393001709606 36
1684364939551 0.2261975810899429 37
1684364939613 0.2267559641798281 38
1684364939676 0.22733839514674037 39
1684364939754 0.2279442199678438 40
1684364939816 0.22857290082315188 41
1684364939879 0.2292239542731423 42
1684364939957 0.22989695557489512 43
1684364940019 0.23059158213050654 44
1684364940082 0.23130750258907667 45
1684364940160 0.23204448032404637 46
1684364940222 0.23280230910075927 47
1684364940285 0.23358080538441833 48
1684364940347 0.23437981589874418 49
1684364940426 0.23519922802473933 50
1684364940488 0.23603893121274755 51
1684364940551 0.2368988111998622 52
1684364940613 0.23777884120425788 53
1684364940676 0.23867892687392667 54
1684364940754 0.23959901443560708 55
1684364940816 0.2405390478949244 56
1684364940879 0.24149899874201947 57
1684364940941 0.24247877423481992 58
1684364941019 0.24347837127329136 59
1684364941082 0.24449772309035542 60
1684364941144 0.24553681041242664 61
1684364941222 0.24659555990351653 62
1684364941285 0.24767393686752523 63
1684364941347 0.24877190004149324 64
1684364941426 0.24988944373782476 65
1684364941488 0.25102648643051345 66
1684364941551 0.25218300654732945 67
1684364941629 0.2533589673842619 68
1684364941707 0.2545543429273508 69
1684364941785 0.2557690775433587 70
1684364941863 0.2570031655733702 71
1684364941957 0.2582565846005045 72
1684364942035 0.2595292542335663 73
1684364942113 0.26082117207357414 74
1684364942176 0.2621323204683516 75
1684364942254 0.26346265419249226 76
1684364942316 0.26481213841277934 77
1684364942379 0.26618078914270005 78
1684364942457 0.26756852011402427 79
1684364942519 0.2689753394980568 80
1684364942597 0.270401240498383 81
1684364942660 0.2718461529265293 82
1684364942722 0.2733100843076155 83
1684364942785 0.2747930106243981 84
1684364942863 0.276294935031163 85
1684364942926 0.2778157860943601 86
1684364943004 0.27935554166854126 87
1684364943066 0.2809142351164563 88
1684364943129 0.2824917906937582 89
1684364943191 0.28408822705621867 90
1684364943254 0.2857035153561565 91
1684364943332 0.2873376108469559 92
1684364943394 0.28899050139282045 93
1684364943457 0.2906621773615067 94
1684364943519 0.2923526279165766 95
1684364943582 0.2940618088838189 96
1684364943660 0.2957897058933157 97
1684364943722 0.29753632378653866 98
1684364943785 0.29930158223856657 99
1684364943847 0.30108555639428347 100
1684364943926 0.3028881284559898 101
1684364943988 0.30470935095705487 102
1684364944051 0.3065491684135258 103
1684364944113 0.30840754851627167 104
1684364944191 0.3102845264052017 105
1684364944254 0.3121800182123002 106
1684364944316 0.31409404537773233 107
1684364944379 0.31602658916748627 108
1684364944441 0.31797758547292426 109
1684364944519 0.31994708695297563 110
1684364944582 0.3219349988430658 111
1684364944644 0.32394135363489557 112
1684364944707 0.3259661155889769 113
1684364944769 0.3280092436452855 114
1684364944847 0.3300707538264436 115
1684364944910 0.3321505990884413 116
1684364944972 0.33424878644473754 117
1684364945035 0.3363652741554404 118
1684364945113 0.33850004443970244 119
1684364945176 0.3406530721503063 120
1684364945254 0.3428243674229735 121
1684364945316 0.3450138830604287 122
1684364945394 0.347221585827399 123
1684364945472 0.3494474958731872 124
1684364945535 0.35169157274136215 125
1684364945597 0.3539537853762317 126
1684364945676 0.3562341448668858 127
1684364945738 0.3585325905607147 128
1684364945801 0.36084912935318714 129
1684364945863 0.3631837195602087 130
1684364945926 0.3655363627143211 131
1684364945988 0.36790703362295296 132
1684364946066 0.3702956898365129 133
1684364946129 0.37270235687291414 134
1684364946191 0.3751269735845318 135
1684364946254 0.3775695316325443 136
1684364946332 0.38003001601209324 137
1684364946394 0.3825083769041762 138
1684364946457 0.38500465009246715 139
1684364946519 0.3875187578198568 140
1684364946597 0.3900507007498827 141
1684364946660 0.3926004625403041 142
1684364946722 0.39516803497248854 143
1684364946941 0.39775334442255655 144
1684364947129 0.4003564404272362 145
1684364947222 0.40297724127967005 146
1684364947285 0.4056157496061138 147
1684364947347 0.4082719527799912 148
1684364947426 0.4109458158186818 149
1684364947488 0.4136373132050894 150
1684364947566 0.4163464597135409 151
1684364947629 0.4190731700954322 152
1684364947691 0.4218174839750615 153
1684364947754 0.4245793082477024 154
1684364947816 0.4273586882871043 155
1684364947879 0.43015556171249303 156
1684364947957 0.4329699355099125 157
1684364948019 0.4358017796571631 158
1684364948113 0.4386510410341476 159
1684364948238 0.44151772878376616 160
1684364948301 0.4444018004971756 161
1684364948363 0.44730324172226543 162
1684364948441 0.45022202705440684 163
1684364948504 0.45315814814099 164
1684364948566 0.4561115586533959 165
1684364948644 0.4590822256654158 166
1684364948707 0.4620701581831803 167
1684364948769 0.4650753058364685 168
1684364948832 0.46809764373731416 169
1684364948910 0.47113718869216 170
1684364948972 0.474193866779739 171
1684364949035 0.477267681303844 172
1684364949097 0.4803586116281316 173
1684364949160 0.4834665947388029 174
1684364949222 0.48659164425753987 175
1684364949301 0.489733706052991 176
1684364949363 0.49289277249247215 177
1684364949426 0.4960688280094029 178
1684364949488 0.49926183809010666 179
1684364949551 0.5024717327953275 180
1684364949629 0.5056985423948146 181
1684364949691 0.5089422529182962 182
1684364949754 0.512202772962033 183
1684364949816 0.5154801742884133 184
1684364949894 0.5187743317492867 185
1684364949957 0.5220851977412393 186
1684364950019 0.5254128855370879 187
1684364950082 0.5287572626311295 188
1684364950160 0.532118306635013 189
1684364950222 0.5354959963434235 190
1684364950285 0.5388903314905934 191
1684364950363 0.542301280203719 192
1684364950426 0.5457287922152636 193
1684364950488 0.549172865090491 194
1684364950551 0.5526334367148478 195
1684364950613 0.5561105268031864 196
1684364950691 0.5596040418578299 197
1684364950754 0.5631140058941585 198
1684364950816 0.5666403861416511 199
1684364950879 0.5701831504278936 200
1684364950941 0.5737422509171503 201
1684364951019 0.5773176966735528 202
1684364951082 0.5809094672560455 203
1684364951144 0.5845175399145862 204
1684364951207 0.5881419042185986 205
1684364951285 0.5917825307526348 206
1684364951347 0.595439426227715 207
1684364951410 0.5991125495902797 208
1684364951472 0.6028019085096934 209
1684364951535 0.6065074042290989 210
1684364951613 0.6102291072047512 211
1684364951676 0.6139669154924581 212
1684364951738 0.6177208607994512 213
1684364951801 0.6214909038902321 214
1684364951879 0.625277033335241 215
1684364951941 0.62907916221479 216
1684364952004 0.6328972977091959 217
1684364952066 0.6367313998247289 218
1684364952129 0.6405815077363116 219
1684364952207 0.6444474808222062 220
1684364952269 0.6483292969422474 221
1684364952332 0.6522270225635826 222
1684364952410 0.6561406266362115 223
1684364952472 0.6600701349578081 224
1684364952535 0.6640154089033935 225
1684364952597 0.6679765126396274 226
1684364952676 0.67195342485704 227
1684364952738 0.6759460953591945 228
1684364952801 0.6799545569057914 229
1684364952863 0.6839786656114458 230
1684364952926 0.6880184109868253 231
1684364953004 0.6920737189844273 232
1684364953066 0.696144639050608 233
1684364953129 0.7002311015658226 234
1684364953191 0.7043331235329338 235
1684364953269 0.708450694943453 236
1684364953332 0.7125838381271196 237
1684364953394 0.7167325209322942 238
1684364953457 0.7208967859195483 239
1684364953535 0.7250765315845403 240
1684364953613 0.7292718501494599 241
1684364953676 0.7334826186700161 242
1684364953754 0.7377088777463856 243
1684364953816 0.7419505336330642 244
1684364953879 0.7462075788519597 245
1684364953941 0.7504800484601984 246
1684364954004 0.754767849283824 247
1684364954082 0.7590709732582104 248
1684364954144 0.7633894106804364 249
1684364954207 0.7677231110513734 250
