1684365561936 0.5448954119949587 1
1684365562181 0.48451292989947464 2
1684365562244 0.42770471464688486 3
1684365562322 0.37897109376016686 4
1684365562400 0.34085077770354943 5
1684365562463 0.3137124352102951 6
1684365562525 0.29632465247432 7
1684365562603 0.2866241821051667 8
1684365562666 0.28237045995078563 9
1684365562744 0.2815701532275574 10
1684365562806 0.28267507794054797 11
1684365562884 0.2846130781251388 12
1684365562947 0.28672264368507155 13
1684365563025 0.28865024309307225 14
1684365563088 0.29024846354419986 15
1684365563150 0.29149277299325166 16
1684365563228 0.2924223013243874 17
1684365563291 0.2931018565188096 18
1684365563400 0.2935996996265572 19
1684365563572 0.2939769712684793 20
1684365563681 0.29428346472765904 21
1684365563744 0.2945573778362402 22
1684365563822 0.2948265506183575 23
1684365563884 0.29511047192991735 24
1684365563957 0.29542210600259866 25
1684365564035 0.29576952126739653 26
1684365564113 0.296157308496543 27
1684365564176 0.2965874745860946 28
1684365564254 0.2970604034415778 29
1684365564317 0.29757522409123033 30
1684365564379 0.29813049703941014 31
1684365564457 0.29872430027630364 32
1684365564520 0.2993545802536736 33
1684365564582 0.30001917871394435 34
1684365564660 0.30071606290444114 35
1684365564723 0.30144333083560315 36
1684365564785 0.30219924592337466 37
1684365564863 0.3029822050269948 38
1684365564926 0.30379084587409333 39
1684365564988 0.30462399922747435 40
1684365565067 0.30548063682878807 41
1684365565129 0.30635992540815316 42
1684365565207 0.30726113787416187 43
1684365565270 0.30818369290687664 44
1684365565332 0.3091270279723526 45
1684365565410 0.31009075408476094 46
1684365565473 0.3110745294031047 47
1684365565535 0.31207808386967906 48
1684365565598 0.3131011960774852 49
1684365565707 0.31414367156254497 50
1684365565769 0.3152053803205481 51
1684365565832 0.3162861845172911 52
1684365565894 0.3173859935153756 53
1684365565957 0.3185047278502434 54
1684365566035 0.3196422653098477 55
1684365566098 0.3207985849388701 56
1684365566160 0.321973588097653 57
1684365566238 0.3231672265889691 58
1684365566301 0.3243794498609908 59
1684365566363 0.3256101744270263 60
1684365566426 0.3268593752645564 61
1684365566488 0.3281269912651438 62
1684365566566 0.3294129555892963 63
1684365566629 0.3307172469050404 64
1684365566691 0.3320397946674029 65
1684365566754 0.33338054963291575 66
1684365566832 0.3347394898436968 67
1684365566894 0.33611656339853824 68
1684365566957 0.3375117053703788 69
1684365567035 0.3389249487357087 70
1684365567098 0.34035623461381287 71
1684365567160 0.34180554177621864 72
1684365567238 0.34327279984175474 73
1684365567301 0.34475801935747263 74
1684365567363 0.3462611557851459 75
1684365567426 0.34778223261633096 76
1684365567504 0.3493211609451323 77
1684365567785 0.3508779550932628 78
1684365567973 0.3524525319554807 79
1684365568113 0.3540449422575107 80
1684365568176 0.3556551044394103 81
1684365568254 0.35728305169302704 82
1684365568316 0.35892874278489895 83
1684365568379 0.36059209428128497 84
1684365568457 0.36227318264145586 85
1684365568519 0.36397193525561217 86
1684365568598 0.36568832611739427 87
1684365568660 0.36742236357357017 88
1684365568723 0.36917399933667494 89
1684365568785 0.3709432637026294 90
1684365568863 0.3727300702066372 91
1684365568926 0.374534435581827 92
1684365568988 0.37635636374932147 93
1684365569051 0.37819578618420013 94
1684365569113 0.3800527385394795 95
1684365569191 0.38192715851915915 96
1684365569254 0.3838190394791673 97
1684365569316 0.38572836511704917 98
1684365569379 0.3876551420767764 99
1684365569457 0.38959930993194974 100
1684365569519 0.3915608773948479 101
1684365569582 0.39353982315537733 102
1684365569644 0.3955361524842477 103
1684365569707 0.3975497928628233 104
1684365569785 0.39958075086897793 105
1684365569848 0.4016290278871785 106
1684365569910 0.4036945909442094 107
1684365569988 0.4057774090350158 108
1684365570051 0.4078774633166459 109
1684365570129 0.40999479529267047 110
1684365570191 0.41212932089708626 111
1684365570254 0.4142810309416858 112
1684365570316 0.41644995113281813 113
1684365570394 0.4186360116052329 114
1684365570457 0.42083921001848723 115
1684365570519 0.42305954961683084 116
1684365570582 0.4252969893879262 117
1684365570660 0.42755152305144517 118
1684365570723 0.42982315776909463 119
1684365570785 0.4321118644182959 120
1684365570863 0.4344176352543604 121
1684365570926 0.4367404285736869 122
1684365570988 0.4390802431053882 123
1684365571066 0.44143704532925004 124
1684365571129 0.443810853629248 125
1684365571223 0.446201609871084 126
1684365571348 0.4486092881764199 127
1684365571441 0.4510338890410336 128
1684365571504 0.45347539826137784 129
1684365571582 0.45593374788149843 130
1684365571644 0.4584090019236469 131
1684365571707 0.4609010561416688 132
1684365571769 0.46340992669563086 133
1684365571832 0.46593562268137223 134
1684365571910 0.46847810168222936 135
1684365571973 0.4710373169977398 136
1684365572035 0.47361327466428504 137
1684365572098 0.4762059705728396 138
1684365572176 0.47881535537522096 139
1684365572254 0.48144142429135983 140
1684365572316 0.48408415882394296 141
1684365572379 0.4867435595015111 142
1684365572457 0.4894195911841796 143
1684365572519 0.4921121772946875 144
1684365572582 0.49482136085572265 145
1684365572644 0.497547104185045 146
1684365572723 0.5002894479352257 147
1684365572785 0.5030482815338868 148
1684365572848 0.5058236203396987 149
1684365572910 0.5086154385926956 150
1684365572988 0.5114237157163943 151
1684365573051 0.5142484593573898 152
1684365573113 0.517089616978439 153
1684365573176 0.5199471399852561 154
1684365573254 0.5228210751528148 155
1684365573316 0.5257113677474881 156
1684365573394 0.5286180075644098 157
1684365573457 0.5315409706828568 158
1684365573535 0.5344801975491115 159
1684365573598 0.5374356942761405 160
1684365573660 0.5404074630915613 161
1684365573723 0.5433954769467871 162
1684365573801 0.546399666098882 163
1684365573863 0.5494200980520867 164
1684365573926 0.5524566763272368 165
1684365574004 0.5555094104393248 166
1684365574066 0.5585782299625301 167
1684365574129 0.5616632116626111 168
1684365574191 0.5647642970973009 169
1684365574254 0.5678813682002183 170
1684365574332 0.571014540245228 171
1684365574394 0.5741637062901255 172
1684365574457 0.5773289320226747 173
1684365574519 0.5805100377579855 174
1684365574582 0.5837071499958909 175
1684365574660 0.5869201655941315 176
1684365574723 0.5901490596125251 177
1684365574785 0.5933938981037027 178
1684365574848 0.5966545328093747 179
1684365574926 0.5999309951718262 180
1684365574988 0.6032233316170711 181
1684365575051 0.6065313838879893 182
1684365575113 0.609855215018875 183
1684365575191 0.6131947708434377 184
1684365575426 0.6165499433271743 185
1684365575611 0.6199207424422191 186
1684365575689 0.6233070603160138 187
1684365575752 0.626709027572757 188
1684365575815 0.6301264921544354 189
1684365575893 0.6335595362670269 190
1684365575955 0.637008144769975 191
1684365576033 0.640472251146566 192
1684365576096 0.6439519104050534 193
1684365576158 0.6474470100413257 194
1684365576236 0.6509576347057895 195
1684365576299 0.6544837073622668 196
1684365576361 0.658025173245146 197
1684365576424 0.6615820639723557 198
1684365576502 0.665154335352172 199
1684365576596 0.6687419642330685 200
1684365576752 0.6723449088378491 201
1684365576814 0.6759631461379093 202
1684365576893 0.6795966924835933 203
1684365576955 0.6832454369507086 204
1684365577033 0.6869091974076299 205
1684365577096 0.6905880457830188 206
1684365577158 0.6942819033413622 207
1684365577236 0.6979907179356846 208
1684365577299 0.7017146559001453 209
1684365577377 0.7054535443523235 210
1684365577439 0.7092074824278416 211
1684365577502 0.7129764179282061 212
1684365577580 0.7167603573328563 213
1684365577643 0.7205592552524573 214
1684365577705 0.7243731793808706 215
1684365577783 0.7282019674598674 216
1684365577846 0.7320457143596003 217
1684365577908 0.7359043188873677 218
1684365577986 0.7397778383922156 219
1684365578049 0.743666171933525 220
1684365578111 0.747569328635346 221
1684365578189 0.7514872971208638 222
1684365578252 0.7554199818651054 223
1684365578314 0.7593673750006997 224
1684365578377 0.7633295259403222 225
1684365578455 0.7673062907717886 226
1684365578518 0.771297722733958 227
1684365578580 0.7753037762692178 228
1684365578643 0.7793243654972615 229
1684365578705 0.7833595203286211 230
1684365578783 0.7874093834470158 231
1684365578846 0.7914740152028348 232
1684365578908 0.7955533503571595 233
1684365578971 0.799647415345541 234
1684365579049 0.8037560776082823 235
1684365579111 0.8078793437363038 236
1684365579174 0.8120170355883555 237
1684365579236 0.8161692891988271 238
1684365579314 0.8203357987356299 239
1684365579377 0.8245168775400841 240
1684365579439 0.8287125055165859 241
1684365579518 0.8329226437725715 242
1684365579580 0.8371472142690619 243
1684365579643 0.8413862041045711 244
1684365579705 0.8456394906060314 245
1684365579768 0.8499069808304673 246
1684365579846 0.8541886364863144 247
1684365579908 0.8584844174936102 248
1684365579971 0.8627942406061218 249
1684365580033 0.8671179580952205 250
