1684367199753 0.48288998 1
1684367199816 0.4193771 2
1684367199894 0.35948196 3
1684367199957 0.30793726 4
1684367200035 0.26744145 5
1684367200097 0.23842695 6
1684367200175 0.21964535 7
1684367200238 0.20896655 8
1684367200316 0.20406397 9
1684367200378 0.20286085 10
1684367200441 0.2037395 11
1684367200519 0.20557389 12
1684367200582 0.20766254 13
1684367200660 0.20962287 14
1684367200738 0.21128649 15
1684367200800 0.21261397 16
1684367200863 0.21363407 17
1684367200941 0.21440458 18
1684367201003 0.2149896 19
1684367201082 0.21544807 20
1684367201144 0.2158291 21
1684367201222 0.216171 22
1684367201285 0.21650214 23
1684367201363 0.21684273 24
1684367201425 0.21720637 25
1684367201488 0.21760187 26
1684367201566 0.21803427 27
1684367201628 0.2185061 28
1684367201701 0.21901807 29
1684367201764 0.21956995 30
1684367201826 0.22016056 31
1684367201889 0.22078833 32
1684367201967 0.22145139 33
1684367202029 0.22214775 34
1684367202092 0.22287549 35
1684367202154 0.22363272 36
1684367202232 0.22441782 37
1684367202295 0.2252292 38
1684367202357 0.22606556 39
1684367202420 0.2269257 40
1684367202482 0.22780862 41
1684367202560 0.22871351 42
1684367202623 0.22963956 43
1684367202685 0.23058628 44
1684367202748 0.23155311 45
1684367202810 0.23253962 46
1684367202889 0.23354551 47
1684367202951 0.23457049 48
1684367203014 0.23561431 49
1684367203076 0.2366768 50
1684367203154 0.23775777 51
1684367203217 0.23885712 52
1684367203279 0.2399747 53
1684367203342 0.24111044 54
1684367203420 0.24226423 55
1684367203482 0.24343598 56
1684367203560 0.24462563 57
1684367203623 0.24583307 58
1684367203685 0.24705827 59
1684367203764 0.2483011 60
1684367203826 0.24956155 61
1684367203889 0.25083953 62
1684367203967 0.25213498 63
1684367204029 0.25344786 64
1684367204092 0.2547781 65
1684367204154 0.25612563 66
1684367204232 0.25749043 67
1684367204310 0.25887245 68
1684367204373 0.26027185 69
1684367204435 0.26168868 70
1684367204498 0.26312295 71
1684367204576 0.2645746 72
1684367204639 0.2660435 73
1684367204701 0.26752967 74
1684367204779 0.26903304 75
1684367204842 0.2705537 76
1684367204904 0.27209157 77
1684367204974 0.27364653 78
1684367205037 0.27521867 79
1684367205099 0.27680784 80
1684367205161 0.27841392 81
1684367205240 0.280037 82
1684367205302 0.28167695 83
1684367205365 0.2833337 84
1684367205427 0.28500724 85
1684367205490 0.2866975 86
1684367205568 0.28840446 87
1684367205630 0.2901281 88
1684367205693 0.2918684 89
1684367205771 0.29362524 90
1684367205833 0.29539868 91
1684367205896 0.2971887 92
1684367205958 0.2989952 93
1684367206037 0.30081818 94
1684367206099 0.30265763 95
1684367206162 0.3045135 96
1684367206224 0.30638582 97
1684367206302 0.30827445 98
1684367206365 0.3101795 99
1684367206443 0.31210083 100
1684367206505 0.3140385 101
1684367206583 0.31599241 102
1684367206646 0.3179626 103
1684367206708 0.31994897 104
1684367206787 0.3219515 105
1684367206849 0.32397026 106
1684367206912 0.32600516 107
1684367206990 0.32805613 108
1684367207052 0.33012325 109
1684367207115 0.33220637 110
1684367207177 0.33430555 111
1684367207255 0.3364207 112
1684367207318 0.33855188 113
1684367207380 0.34069902 114
1684367207443 0.34286204 115
1684367207521 0.34504098 116
1684367207599 0.34723577 117
1684367207677 0.34944645 118
1684367207740 0.35167295 119
1684367207802 0.35391518 120
1684367207865 0.35617322 121
1684367207943 0.358447 122
1684367208005 0.3607365 123
1684367208068 0.36304164 124
1684367208146 0.36536247 125
1684367208208 0.36769894 126
1684367208271 0.37005103 127
1684367208333 0.37241867 128
1684367208396 0.3748018 129
1684367208474 0.37720054 130
1684367208537 0.37961477 131
1684367208615 0.38204446 132
1684367208677 0.38448963 133
1684367208740 0.38695014 134
1684367208802 0.3894261 135
1684367208880 0.3919174 136
1684367208943 0.39442405 137
1684367209005 0.396946 138
1684367209068 0.39948323 139
1684367209146 0.4020357 140
1684367209208 0.40460342 141
1684367209271 0.40718633 142
1684367209349 0.4097844 143
1684367209412 0.4123976 144
1684367209474 0.41502592 145
1684367209552 0.4176693 146
1684367209615 0.4203278 147
1684367209677 0.42300123 148
1684367209740 0.42568976 149
1684367209818 0.4283932 150
1684367209880 0.43111154 151
1684367209943 0.43384486 152
1684367210021 0.43659303 153
1684367210083 0.43935603 154
1684367210162 0.44213384 155
1684367210224 0.4449265 156
1684367210287 0.44773388 157
1684367210365 0.450556 158
1684367210427 0.4533928 159
1684367210490 0.4562443 160
1684367210552 0.45911038 161
1684367210630 0.46199113 162
1684367210693 0.4648864 163
1684367210755 0.46779627 164
1684367210818 0.47072062 165
1684367210880 0.47365946 166
1684367210943 0.4766127 167
1684367211021 0.4795804 168
1684367211099 0.4825625 169
1684367211161 0.48555893 170
1684367211240 0.4885697 171
1684367211318 0.49159473 172
1684367211396 0.49463403 173
1684367211474 0.4976876 174
1684367211552 0.50075525 175
1684367211630 0.50383717 176
1684367211708 0.5069331 177
1684367211787 0.51004314 178
1684367211865 0.51316726 179
1684367211927 0.51630545 180
1684367212021 0.5194576 181
1684367212099 0.52262366 182
1684367212177 0.5258036 183
1684367212255 0.5289975 184
1684367212333 0.5322052 185
1684367212411 0.53542674 186
1684367212599 0.538662 187
1684367212677 0.541911 188
1684367212755 0.5451737 189
1684367212818 0.5484501 190
1684367212880 0.5517401 191
1684367212958 0.5550437 192
1684367213021 0.55836076 193
1684367213083 0.5616914 194
1684367213161 0.5650355 195
1684367213224 0.5683931 196
1684367213287 0.571764 197
1684367213349 0.57514834 198
1684367213427 0.578546 199
1684367213490 0.58195686 200
1684367213568 0.585381 201
1684367213630 0.58881825 202
1684367213693 0.5922688 203
1684367213755 0.59573245 204
1684367213880 0.5992091 205
1684367213958 0.6026988 206
1684367214021 0.6062015 207
1684367214099 0.6097172 208
1684367214177 0.6132457 209
1684367214240 0.6167872 210
1684367214302 0.6203414 211
1684367214365 0.6239085 212
1684367214443 0.6274883 213
1684367214505 0.63108075 214
1684367214583 0.63468593 215
1684367214646 0.63830364 216
1684367214708 0.641934 217
1684367214787 0.64557683 218
1684367214849 0.6492322 219
1684367214911 0.65290004 220
1684367214990 0.65658045 221
1684367215052 0.6602733 222
1684367215115 0.66397864 223
1684367215193 0.6676965 224
1684367215255 0.67142665 225
1684367215333 0.67516935 226
1684367215396 0.67892456 227
1684367215458 0.68269205 228
1684367215536 0.68647206 229
1684367215599 0.6902643 230
1684367215677 0.6940689 231
1684367215755 0.6978858 232
1684367215818 0.701715 233
1684367215880 0.7055562 234
1684367216005 0.7094097 235
1684367216146 0.7132753 236
1684367216208 0.71715295 237
1684367216287 0.72104263 238
1684367216349 0.7249443 239
1684367216411 0.72885776 240
1684367216474 0.73278314 241
1684367216552 0.7367203 242
1684367216615 0.74066925 243
1684367216677 0.7446299 244
1684367216755 0.74860215 245
1684367216818 0.752586 246
1684367216880 0.7565814 247
1684367216943 0.76058835 248
1684367217021 0.76460665 249
1684367217083 0.7686364 250
