1684603731035 1.9150395 1
1684603731114 1.7458924 2
1684603731191 1.6281439 3
1684603731263 1.6017096 4
1684603731338 1.6214867 5
1684603731409 1.6529386 6
1684603731482 1.6800492 7
1684603731554 1.6964176 8
1684603731630 1.7004163 9
1684603731703 1.6931424 10
1684603731780 1.6770856 11
1684603731859 1.6551671 12
1684603731934 1.6301476 13
1684603732012 1.6043334 14
1684603732086 1.5794784 15
1684603732157 1.5568001 16
1684603732230 1.5370533 17
1684603732302 1.5206232 18
1684603732378 1.5076178 19
1684603732453 1.497951 20
1684603732524 1.4914083 21
1684603732601 1.4877002 22
1684603732675 1.486501 23
1684603732747 1.487478 24
1684603732826 1.4903107 25
1684603732905 1.4947044 26
1684603732980 1.5003988 27
1684603733054 1.5071704 28
1684603733126 1.5148354 29
1684603733200 1.5232462 30
1684603733272 1.5322908 31
1684603733346 1.5418875 32
1684603733419 1.5519817 33
1684603733491 1.56254 34
1684603733564 1.5735478 35
1684603733637 1.5850034 36
1684603733710 1.596915 37
1684603733783 1.6092978 38
1684603733856 1.6221709 39
1684603733931 1.6355556 40
1684603734003 1.6494727 41
1684603734075 1.6639421 42
1684603734147 1.6789818 43
1684603734219 1.6946069 44
1684603734297 1.7108297 45
1684603734373 1.7276592 46
1684603734445 1.7451015 47
1684603734519 1.7631593 48
1684603734591 1.7818332 49
1684603734665 1.8011208 50
1684603734737 1.8210177 51
1684603734810 1.8415177 52
1684603734884 1.862613 53
1684603734958 1.8842946 54
1684603735030 1.906552 55
1684603735101 1.9293745 56
1684603735173 1.9527507 57
1684603735248 1.9766684 58
1684603735320 2.0011158 59
1684603735394 2.026081 60
1684603735467 2.0515513 61
1684603735540 2.0775151 62
1684603735613 2.10396 63
1684603735683 2.1308753 64
1684603735754 2.1582491 65
1684603735826 2.1860704 66
1684603735899 2.2143288 67
1684603735975 2.2430136 68
1684603736047 2.272115 69
1684603736121 2.301623 70
1684603736193 2.3315287 71
1684603736264 2.3618221 72
1684603736337 2.3924954 73
1684603736410 2.4235392 74
1684603736482 2.4549458 75
1684603736553 2.4867067 76
1684603736637 2.5188146 77
1684603736714 2.5512614 78
1684603736787 2.5840397 79
1684603736859 2.6171427 80
1684603736936 2.6505632 81
1684603737014 2.6842937 82
1684603737085 2.718329 83
1684603737157 2.7526612 84
1684603737230 2.7872844 85
1684603737304 2.8221927 86
1684603737377 2.8573792 87
1684603737449 2.8928387 88
1684603737521 2.9285655 89
1684603737594 2.9645534 90
1684603737667 3.0007973 91
1684603737740 3.0372913 92
1684603737812 3.0740309 93
1684603737886 3.1110106 94
1684603737996 3.1482255 95
1684603738186 3.1856706 96
1684603738266 3.2233415 97
1684603738344 3.2612336 98
1684603738418 3.2993426 99
1684603738489 3.337664 100
1684603738564 3.376193 101
1684603738639 3.4149265 102
1684603738710 3.4538608 103
1684603738783 3.4929914 104
1684603738857 3.5323145 105
1684603738932 3.5718267 106
1684603739008 3.611525 107
1684603739081 3.6514049 108
1684603739153 3.6914637 109
1684603739224 3.7316978 110
1684603739300 3.7721043 111
1684603739375 3.8126788 112
1684603739446 3.8534193 113
1684603739517 3.8943224 114
1684603739590 3.9353843 115
1684603739663 3.9766026 116
1684603739734 4.0179734 117
1684603739804 4.0594945 118
1684603739876 4.101162 119
1684603739947 4.1429744 120
1684603740024 4.184927 121
1684603740097 4.2270184 122
1684603740170 4.269245 123
1684603740241 4.311604 124
1684603740312 4.3540926 125
1684603740386 4.396709 126
1684603740456 4.43945 127
1684603740528 4.4823127 128
1684603740600 4.5252957 129
1684603740675 4.568396 130
1684603740750 4.611611 131
1684603740824 4.6549387 132
1684603740898 4.698377 133
1684603740971 4.7419243 134
1684603741050 4.785578 135
1684603741123 4.8293357 136
1684603741197 4.8731956 137
1684603741270 4.917156 138
1684603741344 4.9612155 139
1684603741416 5.005371 140
1684603741489 5.0496216 141
1684603741562 5.0939646 142
1684603741634 5.1383986 143
1684603741710 5.1829224 144
1684603741781 5.227532 145
1684603741853 5.2722273 146
1684603741925 5.3170056 147
1684603742003 5.3618655 148
1684603742076 5.4068036 149
1684603742168 5.4518194 150
1684603742239 5.496909 151
1684603742311 5.5420723 152
1684603742384 5.587305 153
1684603742455 5.632606 154
1684603742528 5.677973 155
1684603742598 5.723402 156
1684603742672 5.768892 157
1684603742747 5.81444 158
1684603742820 5.8600435 159
1684603742893 5.9056993 160
1684603742966 5.9514055 161
1684603743040 5.997159 162
1684603743111 6.0429573 163
1684603743183 6.088797 164
1684603743253 6.1346765 165
1684603743324 6.180592 166
1684603743399 6.226541 167
1684603743469 6.2725215 168
1684603743539 6.3185306 169
1684603743609 6.364565 170
1684603743683 6.4106226 171
1684603743755 6.4567013 172
1684603743827 6.502798 173
1684603743900 6.548911 174
1684603743971 6.5950375 175
1684603744044 6.6411753 176
1684603744116 6.6873226 177
1684603744188 6.733477 178
1684603744260 6.7796364 179
1684603744333 6.8257985 180
1684603744407 6.8719625 181
1684603744478 6.918126 182
1684603744548 6.9642887 183
1684603744619 7.010445 184
1684603744689 7.0565977 185
1684603744773 7.1027427 186
1684603744851 7.1488795 187
1684603744924 7.1950073 188
1684603744995 7.241123 189
1684603745071 7.287226 190
1684603745144 7.333316 191
1684603745215 7.3793907 192
1684603745288 7.4254494 193
1684603745359 7.471492 194
1684603745431 7.5175147 195
1684603745502 7.563519 196
1684603745574 7.609503 197
1684603745645 7.655465 198
1684603745716 7.7014065 199
1684603745788 7.747324 200
1684603745861 7.793217 201
1684603745933 7.8390865 202
1684603746005 7.884929 203
1684603746077 7.930746 204
1684603746285 7.976536 205
1684603746393 8.022298 206
1684603746464 8.068031 207
1684603746540 8.113736 208
1684603746612 8.15941 209
1684603746685 8.205054 210
1684603746757 8.250668 211
1684603746830 8.296248 212
1684603746902 8.341797 213
1684603746977 8.387313 214
1684603747052 8.4327965 215
1684603747127 8.478245 216
1684603747199 8.523658 217
1684603747273 8.5690365 218
1684603747346 8.614381 219
1684603747418 8.659689 220
1684603747491 8.704961 221
1684603747564 8.7501955 222
1684603747640 8.795393 223
1684603747713 8.840553 224
1684603747785 8.885675 225
1684603747859 8.930759 226
1684603747931 8.975805 227
1684603748003 9.020812 228
1684603748077 9.065779 229
1684603748157 9.110706 230
1684603748230 9.155594 231
1684603748301 9.200441 232
1684603748372 9.245249 233
1684603748444 9.290016 234
1684603748514 9.334742 235
1684603748586 9.379426 236
1684603748660 9.424068 237
1684603748733 9.468672 238
1684603748809 9.513231 239
1684603748882 9.55775 240
1684603748952 9.602225 241
1684603749024 9.646659 242
1684603749096 9.6910515 243
1684603749170 9.7354 244
1684603749242 9.779708 245
1684603749314 9.823972 246
1684603749385 9.868193 247
1684603749456 9.912372 248
1684603749526 9.956509 249
1684603749598 10.000601 250
