1684604076060 1.6971217 1
1684604076135 1.4393897 2
1684604076207 1.2934903 3
1684604076279 1.2526436 4
1684604076353 1.2501619 5
1684604076427 1.2523166 6
1684604076498 1.2458124 7
1684604076572 1.2263056 8
1684604076644 1.1934612 9
1684604076717 1.1489729 10
1684604076794 1.0955316 11
1684604076870 1.0361634 12
1684604076943 0.9738125 13
1684604077020 0.9111006 14
1684604077095 0.8502044 15
1684604077166 0.7928026 16
1684604077239 0.74006367 17
1684604077312 0.6926613 18
1684604077387 0.65081775 19
1684604077466 0.61452687 20
1684604077542 0.58394504 21
1684604077618 0.5581435 22
1684604077692 0.53604114 23
1684604077766 0.5167828 24
1684604077839 0.4997408 25
1684604077916 0.48445573 26
1684604077989 0.47059166 27
1684604078062 0.45790443 28
1684604078135 0.44621807 29
1684604078219 0.43540615 30
1684604078301 0.42563227 31
1684604078374 0.41680902 32
1684604078448 0.40878794 33
1684604078521 0.40141365 34
1684604078595 0.39457434 35
1684604078667 0.38819498 36
1684604078741 0.38222492 37
1684604078816 0.37662983 38
1684604078890 0.371386 39
1684604078962 0.36647582 40
1684604079038 0.36188477 41
1684604079111 0.35759896 42
1684604079183 0.35360396 43
1684604079256 0.34988442 44
1684604079330 0.34642383 45
1684604079405 0.34320503 46
1684604079478 0.3402105 47
1684604079550 0.3374226 48
1684604079624 0.33482432 49
1684604079697 0.33239922 50
1684604079768 0.33013168 51
1684604079842 0.32800704 52
1684604079919 0.32601178 53
1684604079994 0.3241333 54
1684604080067 0.32236007 55
1684604080144 0.3206815 56
1684604080219 0.31908792 57
1684604080292 0.3175705 58
1684604080370 0.31612125 59
1684604080446 0.31473285 60
1684604080518 0.31339875 61
1684604080593 0.31211293 62
1684604080665 0.31087 63
1684604080737 0.30966514 64
1684604080809 0.308494 65
1684604080888 0.30735266 66
1684604080960 0.30623764 67
1684604081037 0.30514577 68
1684604081111 0.30407435 69
1684604081184 0.3030209 70
1684604081257 0.30198318 71
1684604081331 0.30095935 72
1684604081404 0.2999477 73
1684604081625 0.29894674 74
1684604081773 0.29795513 75
1684604081850 0.29697177 76
1684604081924 0.29599565 77
1684604081996 0.29502594 78
1684604082070 0.2940619 79
1684604082141 0.29310286 80
1684604082213 0.29214832 81
1684604082285 0.29119784 82
1684604082356 0.290251 83
1684604082428 0.28930748 84
1684604082502 0.28836715 85
1684604082578 0.28742966 86
1684604082651 0.286495 87
1684604082723 0.285563 88
1684604082796 0.28463358 89
1684604082869 0.28370678 90
1684604082942 0.28278252 91
1684604083013 0.28186092 92
1684604083087 0.28094196 93
1684604083160 0.28002572 94
1684604083230 0.2791124 95
1684604083301 0.27820197 96
1684604083372 0.27729464 97
1684604083447 0.27639052 98
1684604083521 0.27548978 99
1684604083596 0.27459258 100
1684604083668 0.27369905 101
1684604083741 0.27280942 102
1684604083816 0.2719238 103
1684604083889 0.27104244 104
1684604083959 0.27016544 105
1684604084030 0.269293 106
1684604084102 0.26842535 107
1684604084176 0.2675625 108
1684604084247 0.26670474 109
1684604084318 0.26585215 110
1684604084400 0.26500487 111
1684604084473 0.26416296 112
1684604084545 0.26332662 113
1684604084630 0.26249588 114
1684604084704 0.26167083 115
1684604084776 0.26085153 116
1684604084848 0.26003802 117
1684604084922 0.2592304 118
1684604084995 0.25842866 119
1684604085070 0.25763282 120
1684604085142 0.25684288 121
1684604085214 0.25605887 122
1684604085286 0.25528076 123
1684604085359 0.25450855 124
1684604085433 0.25374222 125
1684604085509 0.25298175 126
1684604085584 0.25222707 127
1684604085660 0.25147825 128
1684604085741 0.25073516 129
1684604085816 0.24999776 130
1684604085898 0.24926609 131
1684604085979 0.24854001 132
1684604086065 0.24781954 133
1684604086147 0.24710459 134
1684604086227 0.24639517 135
1684604086310 0.24569115 136
1684604086400 0.24499257 137
1684604086483 0.24429932 138
1684604086564 0.24361137 139
1684604086647 0.24292864 140
1684604086727 0.2422511 141
1684604086812 0.24157874 142
1684604086892 0.24091142 143
1684604086974 0.24024919 144
1684604087055 0.23959193 145
1684604087141 0.23893961 146
1684604087221 0.23829219 147
1684604087300 0.2376496 148
1684604087375 0.23701179 149
1684604087452 0.23637874 150
1684604087527 0.23575036 151
1684604087606 0.23512666 152
1684604087678 0.23450753 153
1684604087750 0.23389296 154
1684604087823 0.23328286 155
1684604087898 0.23267725 156
1684604087971 0.23207605 157
1684604088043 0.2314792 158
1684604088114 0.23088668 159
1684604088188 0.23029843 160
1684604088261 0.22971442 161
1684604088334 0.2291346 162
1684604088410 0.22855893 163
1684604088483 0.22798736 164
1684604088558 0.22741988 165
1684604088631 0.22685638 166
1684604088704 0.2262969 167
1684604088777 0.22574136 168
1684604088848 0.22518972 169
1684604088922 0.22464195 170
1684604088993 0.224098 171
1684604089066 0.22355784 172
1684604089136 0.22302145 173
1684604089209 0.22248878 174
1684604089280 0.22195978 175
1684604089352 0.22143443 176
1684604089425 0.2209127 177
1684604089501 0.22039455 178
1684604089579 0.21987994 179
1684604089657 0.21936883 180
1684604089732 0.21886119 181
1684604089807 0.21835703 182
1684604089879 0.21785627 183
1684604089953 0.21735889 184
1684604090025 0.21686482 185
1684604090096 0.21637413 186
1684604090167 0.21588671 187
1684604090240 0.21540254 188
1684604090311 0.2149216 189
1684604090384 0.21444388 190
1684604090459 0.2139693 191
1684604090531 0.21349788 192
1684604090607 0.21302956 193
1684604090680 0.21256435 194
1684604090752 0.2121022 195
1684604090824 0.21164307 196
1684604090896 0.21118696 197
1684604090969 0.21073383 198
1684604091235 0.21028367 199
1684604091405 0.2098364 200
1684604091504 0.20939204 201
1684604091577 0.20895056 202
1684604091651 0.20851193 203
1684604091724 0.20807615 204
1684604091795 0.20764315 205
1684604091869 0.20721295 206
1684604091942 0.2067855 207
1684604092015 0.20636079 208
1684604092091 0.20593879 209
1684604092163 0.20551944 210
1684604092238 0.20510277 211
1684604092309 0.20468877 212
1684604092424 0.20427737 213
1684604092499 0.20386855 214
1684604092576 0.20346233 215
1684604092655 0.20305866 216
1684604092729 0.20265752 217
1684604092801 0.20225888 218
1684604092873 0.20186275 219
1684604092946 0.20146908 220
1684604093019 0.20107785 221
1684604093095 0.20068908 222
1684604093167 0.20030269 223
1684604093239 0.19991869 224
1684604093310 0.19953707 225
1684604093382 0.19915777 226
1684604093454 0.19860719 227
1684604093526 0.1980921 228
1684604093600 0.19763893 229
1684604093678 0.1972213 230
1684604093758 0.1968222 231
1684604093838 0.19643381 232
1684604093912 0.19605218 233
1684604093988 0.19567505 234
1684604094061 0.19530125 235
1684604094135 0.1949302 236
1684604094207 0.1945618 237
1684604094280 0.19419596 238
1684604094380 0.19383284 239
1684604094454 0.1934719 240
1684604094538 0.19311312 241
1684604094615 0.19275662 242
1684604094687 0.19240241 243
1684604094760 0.19205044 244
1684604094834 0.19170062 245
1684604094907 0.19135273 246
1684604094978 0.19100657 247
1684604095052 0.19066185 248
1684604095123 0.19031824 249
1684604095199 0.18997543 250
