1684603987917 1.948003 1
1684603988022 1.7921004 2
1684603988109 1.6853178 3
1684603988191 1.6717114 4
1684603988278 1.706717 5
1684603988362 1.7549759 6
1684603988446 1.7995579 7
1684603988529 1.833262 8
1684603988611 1.8538156 9
1684603988693 1.8618559 10
1684603988792 1.8595929 11
1684603988876 1.8498209 12
1684603988960 1.835287 13
1684603989044 1.8183625 14
1684603989126 1.8009125 15
1684603989211 1.7842877 16
1684603989301 1.7693785 17
1684603989386 1.7566974 18
1684603989459 1.7464616 19
1684603989533 1.738672 20
1684603989606 1.7331791 21
1684603989678 1.7297366 22
1684603989752 1.7280436 23
1684603989824 1.7277765 24
1684603989898 1.728613 25
1684603989970 1.7302481 26
1684603990046 1.7324052 27
1684603990119 1.7348425 28
1684603990192 1.737357 29
1684603990269 1.739784 30
1684603990344 1.7419959 31
1684603990417 1.7438993 32
1684603990490 1.7454314 33
1684603990563 1.7465549 34
1684603990635 1.7472551 35
1684603990708 1.747534 36
1684603990782 1.7474078 37
1684603990856 1.746902 38
1684603990930 1.7460492 39
1684603991002 1.7448856 40
1684603991075 1.7434497 41
1684603991146 1.7417798 42
1684603991218 1.7399131 43
1684603991294 1.7378852 44
1684603991367 1.735728 45
1684603991439 1.7334714 46
1684603991517 1.7311413 47
1684603991597 1.7287605 48
1684603991674 1.7263483 49
1684603991749 1.7239214 50
1684603991830 1.7214937 51
1684603991903 1.7190762 52
1684603991976 1.7166781 53
1684603992050 1.7143065 54
1684603992121 1.7119664 55
1684603992191 1.7096617 56
1684603992262 1.7073944 57
1684603992336 1.7051654 58
1684603992414 1.7029741 59
1684603992486 1.700819 60
1684603992561 1.7085586 61
1684603992636 1.731921 62
1684603992714 1.7557752 63
1684603992790 1.7801107 64
1684603992863 1.8049163 65
1684603992937 1.8301815 66
1684603993009 1.8558962 67
1684603993083 1.8820506 68
1684603993155 1.9086347 69
1684603993232 1.9356394 70
1684603993309 1.9630551 71
1684603993382 1.9908731 72
1684603993458 2.019085 73
1684603993532 2.0476813 74
1684603993603 2.0766544 75
1684603993676 2.1059961 76
1684603993749 2.1356978 77
1684603993821 2.165752 78
1684603993896 2.1961505 79
1684603993971 2.226886 80
1684603994044 2.2579508 81
1684603994115 2.289337 82
1684603994187 2.3210378 83
1684603994258 2.3530452 84
1684603994332 2.3853524 85
1684603994406 2.4179518 86
1684603994482 2.4508367 87
1684603994557 2.4839988 88
1684603994631 2.5174322 89
1684603994703 2.5511289 90
1684603994774 2.5850825 91
1684603994847 2.6192856 92
1684603994919 2.6537309 93
1684603994990 2.6884115 94
1684603995063 2.7233202 95
1684603995136 2.7584505 96
1684603995208 2.7937942 97
1684603995283 2.8293452 98
1684603995357 2.865096 99
1684603995432 2.9010396 100
1684603995504 2.9371688 101
1684603995579 2.9734762 102
1684603995653 3.0099554 103
1684603995727 3.0465982 104
1684603995803 3.0833983 105
1684603995875 3.120348 106
1684603995946 3.1574407 107
1684603996018 3.194669 108
1684603996089 3.2320256 109
1684603996161 3.269504 110
1684603996232 3.3070967 111
1684603996309 3.3447971 112
1684603996386 3.3825982 113
1684603996462 3.4204926 114
1684603996533 3.4584744 115
1684603996606 3.4965365 116
1684603996679 3.5346723 117
1684603996749 3.5728757 118
1684603996823 3.6111395 119
1684603996909 3.649459 120
1684603997027 3.6878266 121
1684603997099 3.7262375 122
1684603997172 3.7646854 123
1684603997243 3.803165 124
1684603997315 3.8416703 125
1684603997390 3.880196 126
1684603997464 3.918738 127
1684603997534 3.9572897 128
1684603997608 3.9958477 129
1684603997679 4.0344067 130
1684603997751 4.0729623 131
1684603997823 4.1115103 132
1684603997895 4.1500463 133
1684603997966 4.188567 134
1684603998037 4.2270675 135
1684603998111 4.265545 136
1684603998184 4.303996 137
1684603998254 4.342417 138
1684603998328 4.3808045 139
1684603998402 4.4191556 140
1684603998476 4.457468 141
1684603998547 4.4957385 142
1684603998621 4.533965 143
1684603998692 4.5721445 144
1684603998764 4.6102753 145
1684603998838 4.648355 146
1684603998909 4.6863813 147
1684603998980 4.7243533 148
1684603999052 4.762268 149
1684603999127 4.800125 150
1684603999199 4.837922 151
1684603999271 4.8756576 152
1684603999347 4.913331 153
1684603999422 4.9509416 154
1684603999499 4.9884872 155
1684603999573 5.025967 156
1684603999645 5.063381 157
1684603999717 5.100729 158
1684603999790 5.1380086 159
1684603999863 5.1752205 160
1684603999934 5.2123637 161
1684604000006 5.2494383 162
1684604000078 5.2864447 163
1684604000153 5.3233805 164
1684604000225 5.360248 165
1684604000299 5.397046 166
1684604000372 5.433774 167
1684604000448 5.470434 168
1684604000524 5.507025 169
1684604000597 5.543546 170
1684604000669 5.5800004 171
1684604000742 5.6163855 172
1684604000814 5.6527033 173
1684604000885 5.688954 174
1684604000959 5.7251377 175
1684604001031 5.7612557 176
1684604001104 5.7973084 177
1684604001176 5.833296 178
1684604001247 5.8692193 179
1684604001320 5.905079 180
1684604001394 5.940876 181
1684604001469 5.976612 182
1684604001545 6.0122857 183
1684604001617 6.0478992 184
1684604001690 6.083454 185
1684604001760 6.11895 186
1684604001831 6.1543875 187
1684604001905 6.189769 188
1684604001977 6.225094 189
1684604002049 6.260365 190
1684604002122 6.2955813 191
1684604002195 6.3307457 192
1684604002267 6.365857 193
1684604002339 6.400917 194
1684604002566 6.435929 195
1684604002754 6.4708905 196
1684604002829 6.505804 197
1684604002902 6.540672 198
1684604002975 6.575493 199
1684604003048 6.610269 200
1684604003120 6.645001 201
1684604003196 6.6796913 202
1684604003268 6.7143383 203
1684604003342 6.7489457 204
1684604003416 6.783513 205
1684604003488 6.818041 206
1684604003566 6.8525314 207
1684604003639 6.8869853 208
1684604003711 6.921404 209
1684604003784 6.9557867 210
1684604003857 6.9901357 211
1684604003929 7.024452 212
1684604004002 7.0587378 213
1684604004074 7.0929914 214
1684604004146 7.1272154 215
1684604004220 7.1614094 216
1684604004294 7.195576 217
1684604004367 7.229716 218
1684604004439 7.263829 219
1684604004513 7.297917 220
1684604004588 7.3319807 221
1684604004660 7.36602 222
1684604004737 7.400038 223
1684604004814 7.4340315 224
1684604005034 7.4680057 225
1684604005110 7.50196 226
1684604005189 7.5358944 227
1684604005262 7.56981 228
1684604005336 7.6037083 229
1684604005408 7.6375885 230
1684604005483 7.6714544 231
1684604005564 7.7053037 232
1684604005642 7.739138 233
1684604005719 7.772958 234
1684604005793 7.8067665 235
1684604005869 7.840561 236
1684604005942 7.8743434 237
1684604006049 7.9081144 238
1684604006148 7.9418764 239
1684604006225 7.9756284 240
1684604006303 8.009371 241
1684604006377 8.043104 242
1684604006461 8.07683 243
1684604006539 8.110549 244
1684604006610 8.144262 245
1684604006697 8.177968 246
1684604006783 8.211669 247
1684604006868 8.245365 248
1684604006946 8.279057 249
1684604007028 8.312746 250
