1684602520067 1.982941 1
1684602520151 1.8262897 2
1684602520225 1.7188939 3
1684602520298 1.7049761 4
1684602520375 1.7398075 5
1684602520453 1.7879016 6
1684602520526 1.8322778 7
1684602520601 1.8657211 8
1684602520677 1.8859583 9
1684602520751 1.893631 10
1684602520825 1.8909557 11
1684602520899 1.8807317 12
1684602520974 1.8657122 13
1684602521050 1.8482721 14
1684602521129 1.8302796 15
1684602521203 1.8130872 16
1684602521277 1.7975867 17
1684602521352 1.7842891 18
1684602521429 1.7734104 19
1684602521505 1.7649498 20
1684602521580 1.7587559 21
1684602521655 1.7545816 22
1684602521730 1.7521255 23
1684602521805 1.7510645 24
1684602521880 1.751077 25
1684602521955 1.7518592 26
1684602522036 1.7531359 27
1684602522111 1.7546673 28
1684602522189 1.7562516 29
1684602522263 1.7577254 30
1684602522338 1.7589622 31
1684602522414 1.7598691 32
1684602522489 1.7603838 33
1684602522563 1.7604697 34
1684602522636 1.7601113 35
1684602522710 1.759311 36
1684602522782 1.758084 37
1684602522853 1.7564555 38
1684602522924 1.7544576 39
1684602522995 1.7521259 40
1684602523070 1.7494979 41
1684602523145 1.7466118 42
1684602523218 1.7435042 43
1684602523292 1.74021 44
1684602523367 1.7367609 45
1684602523446 1.7331862 46
1684602523518 1.7295115 47
1684602523589 1.7257593 48
1684602523660 1.7219486 49
1684602523734 1.7180963 50
1684602523806 1.7142154 51
1684602523879 1.7103171 52
1684602523950 1.7064102 53
1684602524022 1.7025015 54
1684602524093 1.6985965 55
1684602524171 1.6946988 56
1684602524245 1.6908112 57
1684602524316 1.6869353 58
1684602524390 1.6830721 59
1684602524463 1.6792222 60
1684602524540 1.6753855 61
1684602524614 1.6715616 62
1684602524686 1.6677501 63
1684602524762 1.6639504 64
1684602524834 1.6601617 65
1684602524920 1.6563836 66
1684602525000 1.6526151 67
1684602525073 1.6488559 68
1684602525144 1.6451054 69
1684602525217 1.6413629 70
1684602525292 1.6376286 71
1684602525369 1.633902 72
1684602525440 1.6301831 73
1684602525512 1.6264719 74
1684602525584 1.6227682 75
1684602525656 1.6190726 76
1684602525730 1.6153847 77
1684602525802 1.6117054 78
1684602525873 1.6080346 79
1684602525945 1.6043727 80
1684602526017 1.6007203 81
1684602526088 1.5970776 82
1684602526161 1.5934451 83
1684602526235 1.5898231 84
1684602526309 1.5862122 85
1684602526384 1.5826125 86
1684602526456 1.5790249 87
1684602526529 1.5754493 88
1684602526600 1.5718865 89
1684602526672 1.5683367 90
1684602526743 1.5648005 91
1684602526815 1.5612779 92
1684602526886 1.5577691 93
1684602526960 1.5542748 94
1684602527035 1.5507953 95
1684602527108 1.5473306 96
1684602527181 1.5438813 97
1684602527254 1.5404472 98
1684602527328 1.537029 99
1684602527404 1.5336267 100
1684602527592 1.5302404 101
1684602527804 1.5268705 102
1684602527936 1.523517 103
1684602528008 1.5201803 104
1684602528083 1.5168602 105
1684602528154 1.5135572 106
1684602528227 1.5102713 107
1684602528301 1.5070028 108
1684602528374 1.5037515 109
1684602528448 1.5005176 110
1684602528520 1.4973012 111
1684602528591 1.4941026 112
1684602528680 1.4909217 113
1684602528753 1.4877589 114
1684602528827 1.4846137 115
1684602528897 1.4814866 116
1684602528972 1.4783776 117
1684602529044 1.4752865 118
1684602529116 1.4722139 119
1684602529192 1.4691594 120
1684602529264 1.466123 121
1684602529338 1.4631051 122
1684602529409 1.4601054 123
1684602529484 1.4571241 124
1684602529558 1.4541613 125
1684602529630 1.4512168 126
1684602529702 1.4482906 127
1684602529779 1.4453831 128
1684602529863 1.4424938 129
1684602529938 1.4396229 130
1684602530014 1.4367703 131
1684602530088 1.4339362 132
1684602530161 1.4311204 133
1684602530236 1.4283233 134
1684602530307 1.4255441 135
1684602530379 1.4227834 136
1684602530454 1.4200411 137
1684602530526 1.4173168 138
1684602530597 1.4146109 139
1684602530669 1.411923 140
1684602530742 1.4092534 141
1684602530814 1.4066019 142
1684602530888 1.4039685 143
1684602530963 1.401353 144
1684602531039 1.3987554 145
1684602531109 1.3961757 146
1684602531180 1.3936139 147
1684602531252 1.39107 148
1684602531325 1.3885436 149
1684602531398 1.3860351 150
1684602531471 1.3835441 151
1684602531544 1.3810706 152
1684602531616 1.3786145 153
1684602531688 1.376176 154
1684602531759 1.3737549 155
1684602531830 1.371351 156
1684602531905 1.3689642 157
1684602531978 1.3665946 158
1684602532049 1.364242 159
1684602532120 1.3619065 160
1684602532194 1.3595877 161
1684602532265 1.357286 162
1684602532336 1.3550009 163
1684602532409 1.3527325 164
1684602532485 1.3504808 165
1684602532556 1.3482454 166
1684602532627 1.3460267 167
1684602532698 1.3438243 168
1684602532770 1.3416381 169
1684602532841 1.3394682 170
1684602532912 1.3373144 171
1684602532987 1.3351766 172
1684602533075 1.3330548 173
1684602533152 1.3309488 174
1684602533225 1.3288589 175
1684602533296 1.3267844 176
1684602533369 1.3247256 177
1684602533439 1.3226825 178
1684602533514 1.3206546 179
1684602533585 1.3186424 180
1684602533656 1.3166454 181
1684602533730 1.3146635 182
1684602533804 1.3126967 183
1684602533875 1.3107452 184
1684602533946 1.3088086 185
1684602534020 1.3068867 186
1684602534093 1.3049798 187
1684602534164 1.3030876 188
1684602534235 1.3012099 189
1684602534306 1.2993467 190
1684602534440 1.2974982 191
1684602534559 1.295664 192
1684602534630 1.2938441 193
1684602534704 1.2920384 194
1684602534776 1.290247 195
1684602534848 1.2884694 196
1684602534921 1.286706 197
1684602534996 1.2849563 198
1684602535073 1.2832205 199
1684602535146 1.2814987 200
1684602535220 1.2797903 201
1684602535290 1.2780955 202
1684602535360 1.2764142 203
1684602535433 1.2747464 204
1684602535514 1.2730918 205
1684602535587 1.2714505 206
1684602535800 1.2698226 207
1684602535975 1.2682077 208
1684602536051 1.2666056 209
1684602536123 1.2650168 210
1684602536194 1.2634405 211
1684602536267 1.2618768 212
1684602536339 1.2603257 213
1684602536413 1.2587869 214
1684602536485 1.2572607 215
1684602536561 1.2557467 216
1684602536638 1.254245 217
1684602536711 1.2527556 218
1684602536784 1.2512784 219
1684602536854 1.2498132 220
1684602536929 1.24836 221
1684602537000 1.2469187 222
1684602537073 1.2454894 223
1684602537147 1.244072 224
1684602537218 1.2426662 225
1684602537290 1.2412721 226
1684602537360 1.2398896 227
1684602537430 1.238519 228
1684602537504 1.2371595 229
1684602537579 1.2358117 230
1684602537650 1.2344751 231
1684602537722 1.2331501 232
1684602537794 1.2318366 233
1684602537865 1.2305341 234
1684602537935 1.2292428 235
1684602538009 1.2279627 236
1684602538084 1.2266939 237
1684602538156 1.2254361 238
1684602538227 1.2241894 239
1684602538298 1.2229537 240
1684602538373 1.2217288 241
1684602538444 1.220515 242
1684602538517 1.2193121 243
1684602538592 1.2181197 244
1684602538664 1.2169381 245
1684602538737 1.2157671 246
1684602538808 1.2146065 247
1684602538880 1.2134564 248
1684602538950 1.2123165 249
1684602539020 1.211187 250
