1684603179090 1.9992437 1
1684603179252 1.8464309 2
1684603179354 1.7414358 3
1684603179429 1.7275276 4
1684603179504 1.7611219 5
1684603179578 1.8075761 6
1684603179651 1.8503377 7
1684603179724 1.8824029 8
1684603179798 1.9015875 9
1684603179874 1.9085392 10
1684603179952 1.9054322 11
1684603180031 1.8950018 12
1684603180108 1.8799334 13
1684603180182 1.8625437 14
1684603180255 1.8446543 15
1684603180329 1.8275838 16
1684603180402 1.8122015 17
1684603180481 1.7990052 18
1684603180557 1.7882043 19
1684603180636 1.7797965 20
1684603180712 1.7736325 21
1684603180785 1.7694695 22
1684603180858 1.7670113 23
1684603180932 1.7659411 24
1684603181005 1.7659433 25
1684603181085 1.76672 26
1684603181161 1.768002 27
1684603181235 1.769554 28
1684603181307 1.7711787 29
1684603181378 1.7727159 30
1684603181450 1.7740417 31
1684603181521 1.7750654 32
1684603181594 1.7757258 33
1684603181666 1.7759867 34
1684603181737 1.7758327 35
1684603181810 1.7752659 36
1684603181882 1.7743005 37
1684603181955 1.7729609 38
1684603182028 1.7712773 39
1684603182099 1.7692842 40
1684603182175 1.7670176 41
1684603182247 1.764514 42
1684603182321 1.7618082 43
1684603182396 1.7589333 44
1684603182470 1.7559202 45
1684603182542 1.7547723 46
1684603182614 1.7700534 47
1684603182685 1.7859445 48
1684603182757 1.802451 49
1684603182831 1.8195748 50
1684603182902 1.837316 51
1684603182976 1.8556726 52
1684603183049 1.8746419 53
1684603183119 1.8942187 54
1684603183191 1.9143977 55
1684603183270 1.9351722 56
1684603183341 1.9565353 57
1684603183412 1.9784796 58
1684603183488 2.0009975 59
1684603183566 2.0240808 60
1684603183639 2.0477214 61
1684603183715 2.0719118 62
1684603183798 2.0966442 63
1684603183879 2.1219103 64
1684603183951 2.1477032 65
1684603184024 2.1740153 66
1684603184096 2.2008395 67
1684603184168 2.2281692 68
1684603184243 2.2559974 69
1684603184314 2.284318 70
1684603184386 2.3131244 71
1684603184457 2.342411 72
1684603184530 2.3721716 73
1684603184608 2.4024007 74
1684603184687 2.433093 75
1684603184760 2.464243 76
1684603184839 2.4958448 77
1684603184912 2.5278945 78
1684603184986 2.5603857 79
1684603185060 2.5933144 80
1684603185133 2.6266756 81
1684603185205 2.6604643 82
1684603185282 2.6946754 83
1684603185354 2.7293048 84
1684603185427 2.7643473 85
1684603185501 2.799799 86
1684603185573 2.8356545 87
1684603185645 2.8719094 88
1684603185716 2.9085593 89
1684603185789 2.9456 90
1684603185863 2.983026 91
1684603185934 3.0208337 92
1684603186008 3.0590184 93
1684603186085 3.0975752 94
1684603186156 3.1365 95
1684603186227 3.1757882 96
1684603186300 3.2154355 97
1684603186373 3.2554374 98
1684603186447 3.2957892 99
1684603186523 3.336487 100
1684603186596 3.3775268 101
1684603186669 3.4189026 102
1684603186741 3.4606118 103
1684603186813 3.5026493 104
1684603186884 3.545011 105
1684603186955 3.5876927 106
1684603187027 3.6306899 107
1684603187098 3.6739986 108
1684603187169 3.7176151 109
1684603187240 3.7615342 110
1684603187370 3.805753 111
1684603187445 3.8502665 112
1684603187517 3.895071 113
1684603187588 3.9401627 114
1684603187662 3.985537 115
1684603187733 4.031191 116
1684603187805 4.07712 117
1684603187877 4.12332 118
1684603187950 4.169787 119
1684603188022 4.2165174 120
1684603188096 4.2635083 121
1684603188170 4.3107543 122
1684603188244 4.358252 123
1684603188319 4.405998 124
1684603188389 4.4539886 125
1684603188460 4.5022197 126
1684603188532 4.550688 127
1684603188603 4.5993886 128
1684603188675 4.648319 129
1684603188745 4.697475 130
1684603188816 4.7468524 131
1684603188889 4.7964487 132
1684603188960 4.846258 133
1684603189031 4.8962793 134
1684603189103 4.946507 135
1684603189176 4.9969387 136
1684603189246 5.0475693 137
1684603189320 5.098396 138
1684603189392 5.1494155 139
1684603189463 5.200623 140
1684603189537 5.2520156 141
1684603189608 5.30359 142
1684603189680 5.355342 143
1684603189750 5.4072676 144
1684603189821 5.459364 145
1684603189893 5.511627 146
1684603189966 5.5640535 147
1684603190043 5.616639 148
1684603190115 5.66938 149
1684603190190 5.722275 150
1684603190264 5.7753177 151
1684603190337 5.8285055 152
1684603190412 5.8818355 153
1684603190484 5.9353037 154
1684603190558 5.988907 155
1684603190630 6.04264 156
1684603190703 6.096501 157
1684603190776 6.150487 158
1684603190849 6.2045927 159
1684603190921 6.2588153 160
1684603190991 6.313153 161
1684603191065 6.3675995 162
1684603191136 6.4221535 163
1684603191210 6.4768114 164
1684603191285 6.5315685 165
1684603191363 6.586423 166
1684603191436 6.64137 167
1684603191523 6.696408 168
1684603191598 6.751533 169
1684603191670 6.8067403 170
1684603191742 6.862029 171
1684603191814 6.9173937 172
1684603191894 6.97283 173
1684603191978 7.028331 174
1684603192053 7.0838933 175
1684603192128 7.1395154 176
1684603192202 7.1951942 177
1684603192274 7.250927 178
1684603192350 7.306711 179
1684603192429 7.362545 180
1684603192503 7.4184256 181
1684603192575 7.474352 182
1684603192649 7.530321 183
1684603192896 7.5863285 184
1684603193007 7.642371 185
1684603193078 7.6984477 186
1684603193150 7.7545557 187
1684603193221 7.8106933 188
1684603193292 7.8668604 189
1684603193370 7.9230537 190
1684603193443 7.979274 191
1684603193674 8.035518 192
1684603193757 8.091785 193
1684603193830 8.148076 194
1684603193901 8.204388 195
1684603193971 8.260721 196
1684603194042 8.317074 197
1684603194115 8.373446 198
1684603194187 8.429839 199
1684603194259 8.486249 200
1684603194331 8.542675 201
1684603194406 8.599119 202
1684603194477 8.655579 203
1684603194547 8.712053 204
1684603194619 8.768542 205
1684603194690 8.825047 206
1684603194761 8.881562 207
1684603194832 8.93809 208
1684603194903 8.994629 209
1684603194973 9.051178 210
1684603195043 9.107736 211
1684603195115 9.1643 212
1684603195186 9.22087 213
1684603195257 9.277445 214
1684603195328 9.3340225 215
1684603195401 9.390604 216
1684603195474 9.4471855 217
1684603195545 9.503767 218
1684603195619 9.560348 219
1684603195692 9.616926 220
1684603195764 9.673502 221
1684603195836 9.730071 222
1684603195908 9.786634 223
1684603195979 9.843192 224
1684603196051 9.89974 225
1684603196126 9.95628 226
1684603196197 10.012809 227
1684603196268 10.0693245 228
1684603196339 10.125828 229
1684603196413 10.182317 230
1684603196484 10.2387905 231
1684603196555 10.295246 232
1684603196627 10.351685 233
1684603196698 10.408104 234
1684603196775 10.464502 235
1684603196854 10.520881 236
1684603196926 10.577236 237
1684603196997 10.633566 238
1684603197069 10.689872 239
1684603197142 10.746153 240
1684603197216 10.802406 241
1684603197289 10.858631 242
1684603197361 10.914827 243
1684603197435 10.970995 244
1684603197507 11.027129 245
1684603197578 11.083233 246
1684603197651 11.139302 247
1684603197723 11.195339 248
1684603197796 11.251341 249
1684603197868 11.307307 250
