1684603647523 2.0197306 1
1684603647609 1.8158484 2
1684603647691 1.672853 3
1684603647774 1.6289754 4
1684603647857 1.6335392 5
1684603647940 1.6495277 6
1684603648024 1.6603798 7
1684603648104 1.6597373 8
1684603648186 1.6461647 9
1684603648271 1.6210034 10
1684603648355 1.5869496 11
1684603648439 1.5470477 12
1684603648522 1.5041002 13
1684603648604 1.4603912 14
1684603648686 1.4176118 15
1684603648771 1.3768983 16
1684603648853 1.3389225 17
1684603648935 1.3039966 18
1684603649019 1.2721722 19
1684603649103 1.2433252 20
1684603649185 1.2172217 21
1684603649272 1.193568 22
1684603649356 1.1720479 23
1684603649442 1.152347 24
1684603649527 1.1341702 25
1684603649613 1.1172519 26
1684603649697 1.101361 27
1684603649782 1.0863035 28
1684603649864 1.0719209 29
1684603649936 1.0580891 30
1684603650006 1.0447143 31
1684603650080 1.0317285 32
1684603650152 1.0190864 33
1684603650224 1.00676 34
1684603650299 0.99473554 35
1684603650369 0.9830097 36
1684603650442 0.9715864 37
1684603650515 0.9604741 38
1684603650589 0.949684 39
1684603650662 0.93922836 40
1684603650734 0.9291187 41
1684603650817 0.9193655 42
1684603650889 0.9099778 43
1684603650963 0.9009619 44
1684603651036 0.8923223 45
1684603651110 0.884061 46
1684603651182 0.87617767 47
1684603651254 0.8686702 48
1684603651328 0.8615344 49
1684603651399 0.85476446 50
1684603651471 0.8483534 51
1684603651544 0.84229267 52
1684603651615 0.83657336 53
1684603651688 0.83118564 54
1684603651762 0.82611907 55
1684603651840 0.82136285 56
1684603651912 0.8169064 57
1684603651986 0.8127387 58
1684603652060 0.8088491 59
1684603652347 0.8052267 60
1684603652429 0.80186117 61
1684603652502 0.7987423 62
1684603652574 0.7958602 63
1684603652645 0.7932053 64
1684603652719 0.79076856 65
1684603652790 0.7885411 66
1684603652864 0.7865144 67
1684603652936 0.78468055 68
1684603653009 0.78303176 69
1684603653081 0.7815606 70
1684603653153 0.7802602 71
1684603653225 0.7791237 72
1684603653298 0.77814484 73
1684603653372 0.77731746 74
1684603653528 0.7766359 75
1684603653685 0.7760944 76
1684603653758 0.7756878 77
1684603653834 0.775411 78
1684603653905 0.77525926 79
1684603653977 0.7752279 80
1684603654052 0.77531254 81
1684603654127 0.7755091 82
1684603654200 0.7758134 83
1684603654271 0.77622175 84
1684603654345 0.7767303 85
1684603654415 0.7773358 86
1684603654487 0.7780347 87
1684603654564 0.77882385 88
1684603654635 0.77970016 89
1684603654706 0.78066087 90
1684603654777 0.78170294 91
1684603654857 0.7828239 92
1684603654929 0.78402126 93
1684603655001 0.7852924 94
1684603655073 0.7866351 95
1684603655145 0.7880472 96
1684603655218 0.78952646 97
1684603655292 0.79107094 98
1684603655375 0.79267883 99
1684603655450 0.79434824 100
1684603655523 0.7960773 101
1684603655597 0.7978646 102
1684603655669 0.7997085 103
1684603655742 0.80160743 104
1684603655815 0.80356 105
1684603655892 0.80556494 106
1684603655965 0.8076209 107
1684603656039 0.8097267 108
1684603656111 0.81188124 109
1684603656184 0.81408334 110
1684603656256 0.816332 111
1684603656330 0.8186263 112
1684603656405 0.82096523 113
1684603656483 0.82334787 114
1684603656553 0.8257736 115
1684603656627 0.82824147 116
1684603656699 0.8307507 117
1684603656771 0.8333007 118
1684603656848 0.8358907 119
1684603656922 0.83852017 120
1684603656996 0.8411885 121
1684603657068 0.843895 122
1684603657141 0.8466393 123
1684603657214 0.8494208 124
1684603657286 0.8522391 125
1684603657358 0.85509354 126
1684603657433 0.85798395 127
1684603657504 0.8609097 128
1684603657577 0.86387056 129
1684603657649 0.8668661 130
1684603657723 0.8698959 131
1684603657796 0.8729596 132
1684603657869 0.87605697 133
1684603657943 0.8791876 134
1684603658021 0.8823513 135
1684603658094 0.8855475 136
1684603658169 0.88877624 137
1684603658243 0.89203703 138
1684603658314 0.8953298 139
1684603658385 0.89865404 140
1684603658456 0.90200967 141
1684603658527 0.90539646 142
1684603658598 0.90881413 143
1684603658668 0.91226244 144
1684603658740 0.91574126 145
1684603658813 0.91925037 146
1684603658886 0.92278945 147
1684603658960 0.9263586 148
1684603659032 0.9299574 149
1684603659106 0.93358576 150
1684603659178 0.9372435 151
1684603659252 0.9409305 152
1684603659325 0.9446466 153
1684603659398 0.94839156 154
1684603659468 0.95216525 155
1684603659540 0.95596766 156
1684603659612 0.95979846 157
1684603659685 0.96365774 158
1684603659757 0.96754515 159
1684603659831 0.9714607 160
1684603659904 0.97540426 161
1684603659980 0.9793756 162
1684603660054 0.9833746 163
1684603660127 0.98740125 164
1684603660199 0.99145526 165
1684603660425 0.9955367 166
1684603660581 0.99964523 167
1684603660657 1.003781 168
1684603660731 1.0079436 169
1684603660803 1.0121331 170
1684603660875 1.0163493 171
1684603660950 1.0205922 172
1684603661022 1.0248616 173
1684603661093 1.0291573 174
1684603661166 1.0334792 175
1684603661237 1.0378274 176
1684603661309 1.0422015 177
1684603661381 1.0466015 178
1684603661455 1.0510273 179
1684603661526 1.0554789 180
1684603661599 1.0599561 181
1684603661673 1.0644586 182
1684603661751 1.0689864 183
1684603661827 1.0735396 184
1684603661900 1.0781178 185
1684603661974 1.0827211 186
1684603662047 1.0873492 187
1684603662119 1.0920019 188
1684603662193 1.0966794 189
1684603662267 1.1013815 190
1684603662342 1.106108 191
1684603662414 1.1108589 192
1684603662487 1.1156337 193
1684603662557 1.1204329 194
1684603662631 1.125256 195
1684603662704 1.1301029 196
1684603662777 1.1349735 197
1684603662851 1.1398678 198
1684603662925 1.1447856 199
1684603663000 1.1497269 200
1684603663073 1.1546916 201
1684603663145 1.1596793 202
1684603663219 1.1646903 203
1684603663290 1.1697241 204
1684603663362 1.1747808 205
1684603663434 1.1798604 206
1684603663519 1.1849626 207
1684603663593 1.1900874 208
1684603663665 1.1952347 209
1684603663738 1.2004042 210
1684603663810 1.2055962 211
1684603663881 1.2108102 212
1684603663953 1.2160461 213
1684603664028 1.2213042 214
1684603664103 1.226584 215
1684603664177 1.2318857 216
1684603664248 1.237209 217
1684603664320 1.2425538 218
1684603664394 1.24792 219
1684603664470 1.2533077 220
1684603664545 1.2587167 221
1684603664621 1.2641468 222
1684603664693 1.269598 223
1684603664765 1.2750702 224
1684603664842 1.2805632 225
1684603664914 1.2860771 226
1684603664986 1.2916117 227
1684603665061 1.2971671 228
1684603665135 1.3027428 229
1684603665208 1.3083391 230
1684603665280 1.3139558 231
1684603665354 1.3195927 232
1684603665426 1.3252499 233
1684603665499 1.3309273 234
1684603665575 1.3366246 235
1684603665646 1.3423419 236
1684603665722 1.3480793 237
1684603665794 1.3538365 238
1684603665865 1.3596134 239
1684603665938 1.3654099 240
1684603666013 1.3712261 241
1684603666089 1.3770618 242
1684603666163 1.3829172 243
1684603666240 1.3887918 244
1684603666312 1.3946857 245
1684603666386 1.400599 246
1684603666458 1.4065316 247
1684603666534 1.4124835 248
1684603666607 1.4184542 249
1684603666679 1.4244442 250
