1684601446291 1.8797849150361576 1
1684601446380 1.7153615107642781 2
1684601446457 1.5975815717279709 3
1684601446532 1.5696869376231775 4
1684601446606 1.5879386156057882 5
1684601446679 1.6180929138102838 6
1684601446750 1.6440612443643416 7
1684601446827 1.6592901880621953 8
1684601446907 1.66200823212944 9
1684601446980 1.6531868631422877 10
1684601447051 1.6352110871303607 11
1684601447127 1.6109200831543147 12
1684601447199 1.5830180470636195 13
1684601447279 1.5537760516075967 14
1684601447351 1.52492956472281 15
1684601447422 1.4976884563118023 16
1684601447496 1.4728052086959675 17
1684601447570 1.4506639115989022 18
1684601447642 1.4313718928587322 19
1684601447715 1.4148397177727756 20
1684601447788 1.4008490496548858 21
1684601447861 1.3891053467219587 22
1684601447932 1.379278222377801 23
1684601448005 1.371030267570626 24
1684601448078 1.3640384883764 25
1684601448152 1.3580073296025739 26
1684601448232 1.352676994259384 27
1684601448311 1.3478273851607872 28
1684601448385 1.343279352287886 29
1684601448456 1.3388932880714635 30
1684601448527 1.3345666060463448 31
1684601448597 1.3302298098698584 32
1684601448669 1.3258425936027494 33
1684601448741 1.321389200513897 34
1684601448814 1.316874316408324 35
1684601448886 1.3123186184256304 36
1684601448958 1.3077548823486063 37
1684601449029 1.3032244355970448 38
1684601449100 1.2987736969916703 39
1684601449173 1.2944516061769618 40
1684601449245 1.2903069315276263 41
1684601449318 1.286386499851133 42
1684601449389 1.2827335323558589 43
1684601449462 1.2793869391789803 44
1684601449535 1.276379951007951 45
1684601449608 1.2737405058678493 46
1684601449681 1.2714907631233607 47
1684601449754 1.2696477842967704 48
1684601449826 1.268223703225511 49
1684601449899 1.2672262666418925 50
1684601449970 1.2666596569865747 51
1684601450048 1.2665247378632172 52
1684601450130 1.2668200480426504 53
1684601450202 1.267541810843961 54
1684601450275 1.2686850860764345 55
1684601450347 1.2702435529838498 56
1684601450421 1.2722101378459567 57
1684601450494 1.2745774163694015 58
1684601450567 1.277337416930104 59
1684601450639 1.2804824706448608 60
1684601451407 1.2840049452915465 61
1684601451512 1.287896895788513 62
1684601451585 1.2921507287900513 63
1684601451658 1.2967592692475414 64
1684601451731 1.3017157223608802 65
1684601451804 1.3070134884441704 66
1684601451876 1.312646378723222 67
1684601451951 1.318608343315415 68
1684601452028 1.3248939120948167 69
1684601452104 1.3314975242173772 70
1684601452175 1.3384140358443064 71
1684601452253 1.345638531512876 72
1684601452330 1.353166343969453 73
1684601452402 1.3609930460276838 74
1684601452474 1.36911380732051 75
1684601452545 1.3775247787877225 76
1684601452618 1.3862215949304564 77
1684601452690 1.3952002546373015 78
1684601452762 1.4044567144012703 79
1684601452835 1.413987059974331 80
1684601452905 1.4237874209238854 81
1684601452976 1.4338540133651665 82
1684601453047 1.4441828203628406 83
1684601453119 1.4547702549107562 84
1684601453191 1.4656124918410809 85
1684601453265 1.4767056816628372 86
1684601453342 1.4880462286190344 87
1684601453417 1.49963016452917 88
1684601453491 1.5114539360690449 89
1684601453563 1.5235138665146557 90
1684601453635 1.5358061384336248 91
1684601453708 1.5483270639080167 92
1684601453784 1.5610728363985586 93
1684601453860 1.5740400832189345 94
1684601453932 1.5872248570709737 95
1684601454005 1.6006235020519461 96
1684601454080 1.6142325000709334 97
1684601454151 1.6280483851323335 98
1684601454225 1.6420673063085067 99
1684601454295 1.6562858586391171 100
1684601454375 1.6707005301608673 101
1684601454456 1.685307657920796 102
1684601454537 1.7001040138970422 103
1684601454614 1.7150862062350125 104
1684601455219 1.730250680088237 105
1684601455356 1.745594143328606 106
1684601455431 1.7611131976256738 107
1684601455503 1.7768047091752426 108
1684601455576 1.7926656040706912 109
1684601455649 1.8086923640686088 110
1684601455720 1.824882112993802 111
1684601455791 1.841231678627441 112
1684601455863 1.8577378710071413 113
1684601455933 1.8743979702345683 114
1684601456004 1.8912087122948114 115
1684601456075 1.9081671601677868 116
1684601456452 1.925270766443715 117
1684601456584 1.9425162646487033 118
1684601456658 1.959901102507028 119
1684601456734 1.9774223447167985 120
1684601456806 1.9950774680203343 121
1684601456877 2.012863585007901 122
1684601456949 2.0307783075696118 123
1684601457020 2.0488185886616157 124
1684601457092 2.066982181510326 125
1684601457163 2.085266437827593 126
1684601457238 2.1036689293435824 127
1684601457309 2.122187109218762 128
1684601457380 2.1408185292194437 129
1684601457454 2.159560866768784 130
1684601457527 2.17841156223335 131
1684601457601 2.1973685643093113 132
1684601457672 2.2164296117468982 133
1684601457748 2.235592114584969 134
1684601457821 2.254854196716896 135
1684601457893 2.2742135473867524 136
1684601457965 2.2936679534941122 137
1684601458036 2.313215418635777 138
1684601458108 2.3328538154323457 139
1684601458190 2.352580951824847 140
1684601458274 2.3723951938636683 141
1684601458370 2.392294370879092 142
1684601458449 2.412276562434787 143
1684601458521 2.432339427494159 144
1684601458594 2.452481963488526 145
1684601458665 2.4727016295899125 146
1684601458737 2.492996798846896 147
1684601458812 2.513365838591996 148
1684601458886 2.53380717140669 149
1684601458958 2.5543189275439584 150
1684601459031 2.574898880905508 151
1684601459104 2.595546146144407 152
1684601459175 2.6162589069396645 153
1684601459249 2.6370353841311953 154
1684601459319 2.657874252353321 155
1684601459401 2.67877384082861 156
1684601459480 2.699732998671416 157
1684601459551 2.720749796282984 158
1684601459625 2.7418231987680133 159
1684601459696 2.7629517308348266 160
1684601459768 2.7841338630238024 161
1684601459838 2.805368588224761 162
1684601459911 2.8266540299040552 163
1684601459982 2.8479896141109493 164
1684601460057 2.8693737052181385 165
1684601460130 2.8908050311808884 166
1684601460202 2.9122828730835186 167
1684601460272 2.9338055770680116 168
1684601460343 2.955371994510655 169
1684601460416 2.97698155129698 170
1684601460492 2.998632680242478 171
1684601460564 3.020324686643601 172
1684601460639 3.0420559060309196 173
1684601460711 3.0638263281668854 174
1684601460784 3.0856343757468867 175
1684601460859 3.1074788841366177 176
1684601460930 3.129359679967298 177
1684601461002 3.151275092428586 178
1684601461074 3.1732247530945203 179
1684601461146 3.1952077425088 180
1684601461220 3.217223187721327 181
1684601461298 3.2392699811686243 182
1684601461369 3.261347658813502 183
1684601461443 3.2834554206903572 184
1684601461519 3.3055928154439673 185
1684601461592 3.327758773836556 186
1684601461663 3.3499526450345476 187
1684601461736 3.3721736019964945 188
1684601461808 3.394421215752099 189
1684601461880 3.4166951356331268 190
1684601461952 3.4389942950494925 191
1684601462025 3.461318282914612 192
1684601462100 3.483666300394969 193
1684601462173 3.5060381550286865 194
1684601462245 3.5284328681560555 195
1684601462318 3.550850683980038 196
1684601462389 3.573290375462346 197
1684601462461 3.595751605435449 198
1684601462535 3.6182341781575973 199
1684601462608 3.640737091875012 200
1684601462679 3.663260446373343 201
1684601462752 3.685803690959254 202
1684601462824 3.708365992872669 203
1684601462916 3.730947511570843 204
1684601462989 3.7535478404523146 205
1684601463063 3.776166267497331 206
1684601463135 3.7988026469369096 207
1684601463207 3.8214564132935545 208
1684601463277 3.8441279505084855 209
1684601463350 3.866815764222644 210
1684601463425 3.8895204614706147 211
1684601463499 3.912241278942542 212
1684601463573 3.934978313759938 213
1684601463644 3.957730814724389 214
1684601463718 3.980499364540825 215
1684601463792 4.003282814238134 216
1684601463865 4.026080779938674 217
1684601463937 4.048894299896421 218
1684601464008 4.071722017509443 219
1684601464080 4.094564004890411 220
1684601464153 4.117420199772553 221
1684601464226 4.140290571612293 222
1684601464296 4.163174560934505 223
1684601464367 4.186071393159412 224
1684601464439 4.20898196381691 225
1684601464516 4.2319061767381 226
1684601464588 4.254843040072504 227
1684601464660 4.2777927390964425 228
1684601464732 4.3007554401033925 229
1684601464802 4.323730415233971 230
1684601464873 4.346718242695378 231
1684601464945 4.369718450426845 232
1684601465018 4.392730515657298 233
1684601465090 4.4157543342649515 234
1684601465162 4.438790847041788 235
1684601465233 4.461839055464653 236
1684601465305 4.484899341319149 237
1684601465378 4.507970274098284 238
1684601465450 4.53105414672918 239
1684601465522 4.554148573755823 240
1684601465594 4.577254455082329 241
1684601465667 4.6003721705182326 242
1684601465740 4.6235003205234 243
1684601465812 4.646640686157508 244
1684601465886 4.669790948390705 245
1684601465958 4.692952859373285 246
1684601466031 4.716126447460538 247
1684601466104 4.739309744393378 248
1684601466175 4.762504637515919 249
1684601466249 4.785710101239443 250
