1684336058736 12.422516 1
1684336058842 12.948359 2
1684336058911 14.445662 3
1684336058984 16.513023 4
1684336059056 18.834124 5
1684336059124 21.134575 6
1684336059193 23.204727 7
1684336059264 25.512081 8
1684336059338 28.162918 9
1684336059418 30.248518 10
1684336059489 31.793728 11
1684336059561 32.88221 12
1684336059632 33.613327 13
1684336059704 34.07812 14
1684336059774 34.350906 15
1684336059845 34.488968 16
1684336059914 34.53449 17
1684336059985 34.517193 18
1684336060054 34.457703 19
1684336060124 34.370544 20
1684336060194 34.26587 21
1684336060262 34.15075 22
1684336060336 34.030075 23
1684336060405 33.90669 24
1684336060474 33.78186 25
1684336060543 33.65576 26
1684336060615 33.526344 27
1684336060685 33.381958 28
1684336060755 33.20755 29
1684336060824 32.99231 30
1684336060891 32.722885 31
1684336060960 32.382214 32
1684336061028 31.951395 33
1684336061097 31.40912 34
1684336061165 30.730873 35
1684336061233 29.885021 36
1684336061302 28.831125 37
1684336061372 27.53046 38
1684336061441 25.972002 39
1684336061511 24.199474 40
1684336061580 22.304089 41
1684336061650 20.392942 42
1684336061723 18.56262 43
1684336061789 16.867268 44
1684336061859 15.292191 45
1684336061927 13.7899275 46
1684336061996 12.322444 47
1684336062064 11.248264 48
1684336062133 10.903126 49
1684336062203 10.625507 50
1684336062271 10.403569 51
1684336062341 10.226175 52
1684336062410 10.083431 53
1684336062482 9.96689 54
1684336062551 9.869554 55
1684336062623 9.7857685 56
1684336062692 9.711055 57
1684336062760 9.64188 58
1684336062828 9.57543 59
1684336062898 9.509394 60
1684336062969 9.441869 61
1684336063040 9.371434 62
1684336063110 9.2973 63
1684336063178 9.21945 64
1684336063247 9.1386385 65
1684336063316 9.056157 66
1684336063385 8.973418 67
1684336063456 8.891635 68
1684336063525 8.811704 69
1684336063597 8.734219 70
1684336063665 8.659539 71
1684336063733 8.587836 72
1684336063800 8.519115 73
1684336063868 8.453206 74
1684336063937 8.38972 75
1684336064005 8.32799 76
1684336064075 8.267055 77
1684336064146 8.205813 78
1684336064216 8.143345 79
1684336064285 8.079218 80
1684336064354 8.148638 81
1684336064422 8.23193 82
1684336064489 8.3156395 83
1684336064558 8.40011 84
1684336064629 8.485682 85
1684336064699 8.5726185 86
1684336064773 8.661078 87
1684336064842 8.751107 88
1684336064911 8.842644 89
1684336064977 8.935541 90
1684336065045 9.02958 91
1684336065114 9.124464 92
1684336065181 9.219795 93
1684336065250 9.3150215 94
1684336065317 9.409365 95
1684336065386 9.50177 96
1684336065457 9.590969 97
1684336065527 9.675712 98
1684336065613 9.755115 99
1684336065687 9.828985 100
1684336065758 9.897982 101
1684336065829 9.963525 102
1684336065899 10.027494 103
1684336065968 10.091852 104
1684336066038 10.158304 105
1684336066108 10.228099 106
1684336066179 10.301971 107
1684336066248 10.380159 108
1684336066318 10.462505 109
1684336066386 10.548531 110
1684336066455 10.637532 111
1684336066523 10.728624 112
1684336066591 10.820771 113
1684336066661 10.912821 114
1684336066731 11.00354 115
1684336066801 11.091737 116
1684336066870 11.176413 117
1684336066939 11.256956 118
1684336067008 11.333283 119
1684336067077 11.405897 120
1684336067146 11.475817 121
1684336067218 11.544397 122
1684336067285 11.613129 123
1684336067353 11.6834 124
1684336067422 11.756342 125
1684336067495 11.832735 126
1684336067564 11.912982 127
1684336067635 11.997131 128
1684336067704 12.084943 129
1684336067772 12.175935 130
1684336067840 12.269453 131
1684336067909 12.364727 132
1684336067977 12.4609165 133
1684336068046 12.557178 134
1684336068114 12.652721 135
1684336068184 12.746891 136
1684336068253 12.839243 137
1684336068321 12.929598 138
1684336068390 13.018057 139
1684336068459 13.104996 140
1684336068528 13.190989 141
1684336068597 13.276719 142
1684336068668 13.362888 143
1684336068736 13.450118 144
1684336068805 13.538893 145
1684336068877 13.62952 146
1684336068946 13.722128 147
1684336069016 13.816662 148
1684336069084 13.912922 149
1684336069154 14.010589 150
1684336069221 14.109261 151
1684336069288 14.208499 152
1684336069356 14.307867 153
1684336069423 14.406977 154
1684336069491 14.505539 155
1684336069558 14.603375 156
1684336069628 14.700457 157
1684336069700 14.796883 158
1684336069768 14.892866 159
1684336069838 14.988701 160
1684336069909 15.0847025 161
1684336069979 15.181181 162
1684336070047 15.278393 163
1684336070116 15.376514 164
1684336070186 15.475637 165
1684336070254 15.575763 166
1684336070323 15.676803 167
1684336070394 15.778607 168
1684336070463 15.880974 169
1684336070531 15.983683 170
1684336070598 16.086514 171
1684336070669 16.18928 172
1684336070738 16.291836 173
1684336070808 16.39412 174
1684336070882 16.496132 175
1684336070955 16.597942 176
1684336071025 16.69968 177
1684336071093 16.801506 178
1684336071165 16.903595 179
1684336071233 17.0061 180
1684336071300 17.109144 181
1684336071369 17.21281 182
1684336071438 17.317123 183
1684336071506 17.422054 184
1684336071574 17.527534 185
1684336071645 17.633453 186
1684336071717 17.739687 187
1684336071784 17.846098 188
1684336071853 17.952557 189
1684336071923 18.058968 190
1684336071997 18.165264 191
1684336072067 18.271416 192
1684336072137 18.377445 193
1684336072206 18.48341 194
1684336072275 18.589397 195
1684336072344 18.695505 196
1684336072412 18.801834 197
1684336072480 18.90847 198
1684336072550 19.01548 199
1684336072619 19.122894 200
1684336072688 19.230711 201
1684336072756 19.338905 202
1684336072826 19.447416 203
1684336072895 19.55617 204
1684336072963 19.665077 205
1684336073189 19.774055 206
1684336073301 19.88303 207
1684336073369 19.99194 208
1684336073438 20.10075 209
1684336073506 20.209454 210
1684336073575 20.318066 211
1684336073643 20.426624 212
1684336073725 20.535185 213
1684336073799 20.643799 214
1684336073868 20.75253 215
1684336073938 20.861416 216
1684336074005 20.97049 217
1684336074072 21.079763 218
1684336074140 21.18923 219
1684336074207 21.298862 220
1684336074276 21.40862 221
1684336074346 21.518461 222
1684336074450 21.628332 223
1684336074518 21.738182 224
1684336074588 21.847977 225
1684336074660 21.957687 226
1684336074732 22.067295 227
1684336074801 22.176805 228
1684336074868 22.286236 229
1684336074937 22.3956 230
1684336075006 22.504936 231
1684336075074 22.614271 232
1684336075143 22.723629 233
1684336075212 22.833027 234
1684336075282 22.94247 235
1684336075350 23.051958 236
1684336075455 23.161472 237
1684336075524 23.270996 238
1684336075592 23.380497 239
1684336075660 23.48995 240
1684336075730 23.59932 241
1684336075798 23.70858 242
1684336075867 23.81772 243
1684336075936 23.926722 244
1684336076007 24.035587 245
1684336076077 24.144318 246
1684336076147 24.25293 247
1684336076215 24.361427 248
1684336076285 24.469831 249
1684336076353 24.57815 250
