1684335268969 11.982391 1
1684335269045 12.923233 2
1684335269118 14.420271 3
1684335269186 16.423885 4
1684335269253 18.739132 5
1684335269321 21.093515 6
1684335269389 23.24148 7
1684335269460 25.029102 8
1684335269530 26.40239 9
1684335269598 27.360916 10
1684335269667 27.951046 11
1684335269739 28.24607 12
1684335269808 28.321148 13
1684335269876 28.236153 14
1684335269945 28.030968 15
1684335270015 27.728397 16
1684335270085 27.341246 17
1684335270156 26.879261 18
1684335270226 26.353542 19
1684335270298 25.77813 20
1684335270365 25.169239 21
1684335270433 24.54197 22
1684335270501 23.902409 23
1684335270569 23.240263 24
1684335270639 22.544935 25
1684335270710 21.812798 26
1684335270781 21.04115 27
1684335270850 20.224482 28
1684335270919 19.363026 29
1684335270987 18.463127 30
1684335271054 17.535376 31
1684335271122 16.595318 32
1684335271212 15.666674 33
1684335271383 14.784147 34
1684335271510 13.986131 35
1684335271599 13.298215 36
1684335271668 12.727369 37
1684335271737 12.264754 38
1684335271807 11.889707 39
1684335271877 11.576481 40
1684335271945 11.305212 41
1684335272012 11.066811 42
1684335272081 10.846882 43
1684335272150 10.6185875 44
1684335272221 10.337446 45
1684335272291 9.953983 46
1684335272360 9.439995 47
1684335272429 8.79669 48
1684335272499 8.05141 49
1684335272568 7.2504053 50
1684335272636 6.448733 51
1684335272704 5.6992936 52
1684335272776 5.043638 53
1684335272843 4.503287 54
1684335272911 4.0796814 55
1684335272981 3.7636292 56
1684335273050 3.5423758 57
1684335273117 3.3943133 58
1684335273185 3.2961102 59
1684335273253 3.2280827 60
1684335273321 3.176416 61
1684335273388 3.1333365 62
1684335273455 3.0957074 63
1684335273527 3.062577 64
1684335273595 3.0341234 65
1684335273664 3.0108387 66
1684335273732 2.9925365 67
1684335273800 2.9783282 68
1684335273867 2.9628394 69
1684335274047 2.940585 70
1684335274166 2.9094658 71
1684335274236 2.87033 72
1684335274305 2.8265305 73
1684335274374 2.7815437 74
1684335274442 2.737511 75
1684335274512 2.694797 76
1684335274581 2.6524744 77
1684335274649 2.6097102 78
1684335274718 2.5665987 79
1684335274789 2.5240984 80
1684335274859 2.4837148 81
1684335274930 2.4471602 82
1684335274998 2.4160457 83
1684335275075 2.3916135 84
1684335275149 2.3745856 85
1684335275219 2.3651505 86
1684335275292 2.3630364 87
1684335275361 2.3676238 88
1684335275429 2.378045 89
1684335275497 2.3932624 90
1684335275566 2.412111 91
1684335275633 2.4333189 92
1684335275701 2.4555082 93
1684335275769 2.4772055 94
1684335275840 2.496881 95
1684335275909 2.5130296 96
1684335275977 2.5243015 97
1684335276046 2.5296526 98
1684335276115 2.5284803 99
1684335276183 2.5207176 100
1684335276251 2.5068572 101
1684335276319 2.4878986 102
1684335276389 2.4652314 103
1684335276467 2.4404685 104
1684335276544 2.4152708 105
1684335276613 2.3911781 106
1684335276684 2.3694835 107
1684335276753 2.3511539 108
1684335276826 2.3368006 109
1684335276896 2.3266873 110
1684335276966 2.3207688 111
1684335277036 2.3187375 112
1684335277105 2.3200772 113
1684335277173 2.3241155 114
1684335277242 2.3300734 115
1684335277310 2.3371115 116
1684335277379 2.3443792 117
1684335277447 2.3510656 118
1684335277516 2.356452 119
1684335277585 2.359963 120
1684335277654 2.3612134 121
1684335277723 2.360036 122
1684335277792 2.3564932 123
1684335277863 2.35086 124
1684335277933 2.3435898 125
1684335278005 2.3352587 126
1684335278075 2.3265035 127
1684335278144 2.317957 128
1684335278212 2.310195 129
1684335278279 2.3036919 130
1684335278348 2.2987936 131
1684335278415 2.2957034 132
1684335278486 2.2944841 133
1684335278556 2.295063 134
1684335278626 2.2972534 135
1684335278695 2.300772 136
1684335278765 2.3052654 137
1684335278835 2.3103347 138
1684335278904 2.3155632 139
1684335278972 2.3205447 140
1684335279039 2.3249109 141
1684335279109 2.3283548 142
1684335279178 2.330655 143
1684335279246 2.331688 144
1684335279315 2.3314342 145
1684335279551 2.329977 146
1684335279688 2.327487 147
1684335279759 2.324202 148
1684335279829 2.3204017 149
1684335279897 2.3163774 150
1684335279968 2.3124084 151
1684335280037 2.308735 152
1684335280103 2.3055444 153
1684335280173 2.3029585 154
1684335280282 2.3010285 155
1684335280351 2.2997384 156
1684335280418 2.2990112 157
1684335280487 2.2987185 158
1684335280556 2.2986956 159
1684335280625 2.2987568 160
1684335280693 2.2987113 161
1684335280763 2.2983809 162
1684335280834 2.2976136 163
1684335280904 2.2962976 164
1684335280974 2.2943692 165
1684335281042 2.2918167 166
1684335281109 2.2886794 167
1684335281178 2.285042 168
1684335281247 2.2810242 169
1684335281317 2.276768 170
1684335281385 2.2724226 171
1684335281454 2.2681332 172
1684335281527 2.2640252 173
1684335281595 2.2601986 174
1684335281665 2.2567198 175
1684335281733 2.2536204 176
1684335281804 2.2508984 177
1684335281873 2.248522 178
1684335281941 2.246436 179
1684335282009 2.2445722 180
1684335282077 2.2428539 181
1684335282146 2.2412095 182
1684335282214 2.2395787 183
1684335282283 2.2379189 184
1684335282355 2.2362103 185
1684335282423 2.2344577 186
1684335282492 2.232688 187
1684335282560 2.230948 188
1684335282627 2.2292986 189
1684335282694 2.227807 190
1684335282763 2.2265413 191
1684335282833 2.225562 192
1684335282900 2.2249184 193
1684335282968 2.2246437 194
1684335283037 2.2247539 195
1684335283104 2.2252483 196
1684335283171 2.2261114 197
1684335283240 2.2273166 198
1684335283308 2.2288318 199
1684335283377 2.2306213 200
1684335283447 2.2326553 201
1684335283520 2.234911 202
1684335283589 2.2373765 203
1684335283660 2.2400522 204
1684335283729 2.2429516 205
1684335283799 2.2460983 206
1684335283868 2.249524 207
1684335283939 2.2532644 208
1684335284007 2.2573543 209
1684335284076 2.261823 210
1684335284146 2.266693 211
1684335284213 2.2719772 212
1684335284281 2.277676 213
1684335284350 2.2837806 214
1684335284419 2.2902722 215
1684335284486 2.2971277 216
1684335284558 2.3043194 217
1684335284636 2.3118231 218
1684335284709 2.3196173 219
1684335284781 2.3276887 220
1684335284851 2.3360329 221
1684335284919 2.3446565 222
1684335284987 2.3535738 223
1684335285054 2.3628068 224
1684335285122 2.3723822 225
1684335285190 2.382327 226
1684335285259 2.3926663 227
1684335285326 2.4034195 228
1684335285397 2.4145982 229
1684335285466 2.426205 230
1684335285536 2.4382339 231
1684335285603 2.450671 232
1684335285670 2.463496 233
1684335285738 2.476687 234
1684335285808 2.490221 235
1684335285876 2.5040786 236
1684335285944 2.5182462 237
1684335286011 2.5327182 238
1684335286080 2.5474977 239
1684335286148 2.562595 240
1684335286336 2.5780277 241
1684335286428 2.5938172 242
1684335286517 2.6099865 243
1684335286593 2.6265562 244
1684335286659 2.6435437 245
1684335286726 2.660959 246
1684335286794 2.6788044 247
1684335286867 2.6970756 248
1684335286935 2.71576 249
1684335287003 2.7348416 250
