1684335268975 10.68144 1
1684335269051 11.063296 2
1684335269124 11.8359585 3
1684335269191 13.171944 4
1684335269259 15.03945 5
1684335269326 17.193998 6
1684335269394 19.273458 7
1684335269466 20.954243 8
1684335269535 21.986141 9
1684335269604 22.217876 10
1684335269672 21.703537 11
1684335269744 20.651505 12
1684335269814 19.320387 13
1684335269881 17.924109 14
1684335269951 16.61126 15
1684335270020 15.465148 16
1684335270091 14.513635 17
1684335270161 13.750702 18
1684335270231 13.153032 19
1684335270303 12.690955 20
1684335270370 12.335082 21
1684335270438 12.05929 22
1684335270506 11.829061 23
1684335270574 11.606985 24
1684335270644 11.370541 25
1684335270716 11.105241 26
1684335270786 10.801964 27
1684335270856 10.450486 28
1684335270925 10.029415 29
1684335270992 9.514223 30
1684335271059 8.900237 31
1684335271127 8.213179 32
1684335271227 7.512619 33
1684335271393 6.8391776 34
1684335271518 6.213658 35
1684335271605 5.659999 36
1684335271674 5.186813 37
1684335271742 4.7903466 38
1684335271813 4.4589033 39
1684335271882 4.181222 40
1684335271950 3.9455795 41
1684335272017 3.7386696 42
1684335272086 3.5454514 43
1684335272155 3.343666 44
1684335272227 3.102188 45
1684335272296 2.792272 46
1684335272365 2.4169126 47
1684335272434 2.0074153 48
1684335272504 1.6102219 49
1684335272573 1.2712902 50
1684335272641 1.0210927 51
1684335272710 0.8660404 52
1684335272781 0.793734 53
1684335272848 0.78010476 54
1684335272916 0.7969693 55
1684335272987 0.8194133 56
1684335273055 0.8301923 57
1684335273122 0.82076246 58
1684335273191 0.78987 59
1684335273258 0.7410728 60
1684335273327 0.6802859 61
1684335273393 0.6139121 62
1684335273461 0.5476799 63
1684335273532 0.48608726 64
1684335273600 0.43224642 65
1684335273669 0.38793567 66
1684335273738 0.35372195 67
1684335273806 0.3291188 68
1684335273873 0.31279495 69
1684335274061 0.3028474 70
1684335274172 0.29712057 71
1684335274241 0.2935236 72
1684335274311 0.2902959 73
1684335274379 0.28617257 74
1684335274448 0.28043437 75
1684335274517 0.27284867 76
1684335274586 0.26354796 77
1684335274654 0.25288546 78
1684335274724 0.24131761 79
1684335274794 0.22932671 80
1684335274864 0.21738292 81
1684335274935 0.20593321 82
1684335275003 0.19538742 83
1684335275081 0.1860957 84
1684335275155 0.1783118 85
1684335275224 0.17215733 86
1684335275298 0.16760519 87
1684335275366 0.16449033 88
1684335275434 0.1625462 89
1684335275502 0.16145921 90
1684335275571 0.1609197 91
1684335275638 0.16066514 92
1684335275706 0.16050568 93
1684335275774 0.16033025 94
1684335275845 0.1601016 95
1684335275914 0.15984023 96
1684335275983 0.15960586 97
1684335276051 0.15947938 98
1684335276121 0.15954922 99
1684335276188 0.15990137 100
1684335276256 0.16061692 101
1684335276324 0.16177239 102
1684335276395 0.16344479 103
1684335276473 0.16571513 104
1684335276551 0.16867432 105
1684335276618 0.17242457 106
1684335276689 0.17707975 107
1684335276758 0.18276137 108
1684335276832 0.18959367 109
1684335276901 0.1976953 110
1684335276972 0.20716769 111
1684335277041 0.21808837 112
1684335277110 0.23050213 113
1684335277178 0.24441674 114
1684335277247 0.2598007 115
1684335277315 0.27658516 116
1684335277384 0.2946679 117
1684335277452 0.31391698 118
1684335277521 0.3341792 119
1684335277590 0.35528898 120
1684335277660 0.3770793 121
1684335277729 0.39939663 122
1684335277798 0.422114 123
1684335277868 0.44514817 124
1684335277938 0.46846974 125
1684335278010 0.49211055 126
1684335278081 0.51616234 127
1684335278149 0.5407684 128
1684335278216 0.5661096 129
1684335278284 0.59238636 130
1684335278353 0.619799 131
1684335278421 0.6485315 132
1684335278492 0.6787374 133
1684335278562 0.7105316 134
1684335278631 0.743984 135
1684335278700 0.7791209 136
1684335278770 0.8159259 137
1684335278841 0.8543453 138
1684335278909 0.89429337 139
1684335278977 0.9356605 140
1684335279044 0.9783212 141
1684335279114 1.0221431 142
1684335279183 1.0669966 143
1684335279251 1.1127656 144
1684335279320 1.159358 145
1684335279565 1.2067119 146
1684335279694 1.2548034 147
1684335279765 1.3036461 148
1684335279834 1.3532902 149
1684335279903 1.4038143 150
1684335279973 1.4553163 151
1684335280042 1.5079006 152
1684335280109 1.561668 153
1684335280178 1.6167035 154
1684335280287 1.6730695 155
1684335280356 1.7307987 156
1684335280424 1.7898943 157
1684335280492 1.8503275 158
1684335280561 1.91204 159
1684335280630 1.9749509 160
1684335280698 2.0389595 161
1684335280769 2.103955 162
1684335280839 2.1698234 163
1684335280909 2.2364569 164
1684335280979 2.303761 165
1684335281047 2.371665 166
1684335281115 2.440123 167
1684335281183 2.5091205 168
1684335281253 2.578672 169
1684335281322 2.6488147 170
1684335281390 2.719606 171
1684335281459 2.791112 172
1684335281532 2.8633986 173
1684335281600 2.9365234 174
1684335281670 3.010529 175
1684335281738 3.085436 176
1684335281809 3.161243 177
1684335281878 3.2379231 178
1684335281947 3.3154292 179
1684335282015 3.3936958 180
1684335282083 3.4726462 181
1684335282151 3.552198 182
1684335282219 3.632271 183
1684335282288 3.7127967 184
1684335282361 3.7937214 185
1684335282428 3.8750114 186
1684335282497 3.956656 187
1684335282565 4.0386667 188
1684335282632 4.12107 189
1684335282699 4.203909 190
1684335282769 4.2872267 191
1684335282837 4.3710666 192
1684335282905 4.4554634 193
1684335282974 4.5404367 194
1684335283043 4.62599 195
1684335283109 4.7121067 196
1684335283176 4.7987537 197
1684335283245 4.885884 198
1684335283314 4.97344 199
1684335283382 5.061363 200
1684335283453 5.149596 201
1684335283525 5.2380924 202
1684335283594 5.3268194 203
1684335283665 5.4157624 204
1684335283734 5.5049257 205
1684335283803 5.594331 206
1684335283874 5.6840096 207
1684335283944 5.7740026 208
1684335284012 5.864351 209
1684335284081 5.955087 210
1684335284151 6.046233 211
1684335284218 6.1377954 212
1684335284286 6.229761 213
1684335284355 6.322102 214
1684335284424 6.4147744 215
1684335284491 6.5077243 216
1684335284563 6.600897 217
1684335284642 6.694236 218
1684335284714 6.7876973 219
1684335284786 6.8812513 220
1684335284856 6.974884 221
1684335284924 7.0686064 222
1684335284992 7.1624427 223
1684335285060 7.2564306 224
1684335285127 7.3506193 225
1684335285196 7.445053 226
1684335285264 7.539774 227
1684335285331 7.634809 228
1684335285402 7.7301674 229
1684335285471 7.825841 230
1684335285541 7.921801 231
1684335285608 8.018005 232
1684335285675 8.114398 233
1684335285743 8.210922 234
1684335285813 8.307521 235
1684335285881 8.404149 236
1684335285950 8.500779 237
1684335286016 8.597399 238
1684335286085 8.694021 239
1684335286153 8.790674 240
1684335286346 8.887403 241
1684335286435 8.984257 242
1684335286524 9.081285 243
1684335286598 9.178533 244
1684335286664 9.276025 245
1684335286732 9.37377 246
1684335286799 9.471757 247
1684335286872 9.569958 248
1684335286940 9.668323 249
1684335287008 9.7668 250
