1684336289820 9.947799575072885 1
1684336289906 10.094157287104185 2
1684336289981 10.871447290990313 3
1684336290061 12.515494006237459 4
1684336290135 14.89266041004052 5
1684336290205 17.543554980145796 6
1684336290275 19.864685283719815 7
1684336290344 21.59457283987439 8
1684336290415 22.787713519565543 9
1684336290484 23.528507722822805 10
1684336290555 23.89013429951886 11
1684336290624 23.92208846175656 12
1684336290693 23.646070046147408 13
1684336290763 23.026422535370514 14
1684336290832 21.987784075711982 15
1684336290902 20.49728279844917 16
1684336290970 18.639506640932794 17
1684336291038 16.595261825641664 18
1684336291107 14.568299366423824 19
1684336291179 12.732703439975811 20
1684336291247 11.195717154420796 21
1684336291317 9.988317843200694 22
1684336291386 9.08048627228904 23
1684336291455 8.40534561976996 24
1684336291524 7.8822011103268785 25
1684336291593 7.436027394620471 26
1684336291666 7.005254219407838 27
1684336291736 6.549069067011921 28
1684336291805 6.049852772000325 29
1684336291873 5.509660095445113 30
1684336291941 4.945267960115476 31
1684336292010 4.382445831336048 32
1684336292078 3.8475200199511903 33
1684336292150 3.361456096579577 34
1684336292220 2.9349059548359566 35
1684336292289 2.5645675013477387 36
1684336292357 2.235024622176967 37
1684336292425 1.9285386880885529 38
1684336292495 1.6368633706748632 39
1684336292564 1.3643023540664352 40
1684336292633 1.1232362720466877 41
1684336292702 0.923862459788019 42
1684336292772 0.7670037930005051 43
1684336292839 0.6439684418663845 44
1684336292909 0.5409949886793548 45
1684336292978 0.44438027438716254 46
1684336293046 0.34391367397303974 47
1684336293114 0.23488870638170312 48
1684336293185 0.11828000274049266 49
1684336293255 0.0003602442735868294 50
1684336293334 -0.10929970375025455 51
1684336293407 -0.20198797049473072 52
1684336293474 -0.2716381254287228 53
1684336293542 -0.3132529367481265 54
1684336293611 -0.32800039066541586 55
1684336293680 -0.32083554545882365 56
1684336293748 -0.29796171434943197 57
1684336293817 -0.26575755336640317 58
1684336293884 -0.23047965387997316 59
1684336293952 -0.19827926617075153 60
1684336294019 -0.1749829141329764 61
1684336294086 -0.16528671993859767 62
1684336294156 -0.17156647272400694 63
1684336294225 -0.19310653969448932 64
1684336294292 -0.22639771300036138 65
1684336294360 -0.2663374943572405 66
1684336294429 -0.30766298478546883 67
1684336294505 -0.3460432414392063 68
1684336294581 -0.3786135952773497 69
1684336294666 -0.40403592959034373 70
1684336294746 -0.42226754700081237 71
1684336294828 -0.43419681706567825 72
1684336294908 -0.4412461614480918 73
1684336294987 -0.4450131178038328 74
1684336295064 -0.4469958435665369 75
1684336295134 -0.4484232065912641 76
1684336295205 -0.45019701029338943 77
1684336295276 -0.45292299114026857 78
1684336295347 -0.45699448729216563 79
1684336295417 -0.46268086782919315 80
1684336295485 -0.47018627364201304 81
1684336295553 -0.47966548751117344 82
1684336295624 -0.49121107797137675 83
1684336295693 -0.504836069179956 84
1684336295761 -0.5204799447704929 85
1684336295831 -0.5380541134942503 86
1684336295900 -0.5575153803183062 87
1684336295975 -0.5789334356212974 88
1684336296061 -0.6025162082524913 89
1684336296144 -0.6285604606570097 90
1684336296223 -0.657337424339131 91
1684336296299 -0.688944889554223 92
1684336296374 -0.7231800291311394 93
1684336296453 -0.7594827373573141 94
1684336296530 -0.7969626045039093 95
1684336296623 -0.8345068570518528 96
1684336296836 -0.8709236362288437 97
1684336296998 -0.905087752610306 98
1684336297078 -0.9360495309212662 99
1684336297151 -0.9630989282771862 100
1684336297221 -0.9857781719416345 101
1684336297296 -1.0038581886242386 102
1684336297375 -1.017299442191181 103
1684336297459 -1.0262043251724422 104
1684336297551 -1.0307774119949844 105
1684336297633 -1.031287521810344 106
1684336297714 -1.0280345233046706 107
1684336297791 -1.0213277491796795 108
1684336297865 -1.0114688466701747 109
1684336297936 -0.9987443094740818 110
1684336298003 -0.9834214808229067 111
1684336298072 -0.9657412874226128 112
1684336298142 -0.9459123793952711 113
1684336298210 -0.9240991502406621 114
1684336298280 -0.9004063607136734 115
1684336298348 -0.8748716940044532 116
1684336298417 -0.847463718872608 117
1684336298484 -0.8180935244498095 118
1684336298552 -0.786637409051937 119
1684336298620 -0.7529675933351814 120
1684336298688 -0.7169865786372385 121
1684336298757 -0.6786564950372638 122
1684336298825 -0.6380225769967973 123
1684336298896 -0.5952241715344417 124
1684336298963 -0.5504921711174937 125
1684336299031 -0.5041380041978498 126
1684336299100 -0.45652860903693027 127
1684336299169 -0.4080641063386663 128
1684336299237 -0.35915233869561547 129
1684336299305 -0.31018967422963817 130
1684336299372 -0.26154819929881423 131
1684336299441 -0.21356639261611088 132
1684336299510 -0.16654783537598083 133
1684336299579 -0.12076185184128185 134
1684336299652 -0.07644529030708558 135
1684336299720 -0.033805742057066546 136
1684336299820 0.006976149844573953 137
1684336299994 0.04574409464932572 138
1684336300070 0.08236650645982513 139
1684336300141 0.11673475529472865 140
1684336300211 0.14876289995535164 141
1684336300279 0.17838523292204345 142
1684336300348 0.20554775179216112 143
1684336300417 0.2301752410678617 144
1684336300485 0.2520648499792797 145
1684336300553 0.27058347695928875 146
1684336300623 0.28406033387371377 147
1684336300692 0.28929427012014486 148
1684336300760 0.28217940108124173 149
1684336300827 0.259550397605663 150
1684336300895 0.22114977527379853 151
1684336300962 0.17039027583687671 152
1684336301031 0.11328322649022704 153
1684336301103 0.0561685263670455 154
1684336301173 0.0035948695181544643 155
1684336301241 -0.042598572552420055 156
1684336301310 -0.08279278084653674 157
1684336301398 -0.11853354496997204 158
1684336301474 -0.15152879382067974 159
1684336301545 -0.18279149116759985 160
1684336301616 -0.21228264329361402 161
1684336301685 -0.23910163141305096 162
1684336301754 -0.26205140255326764 163
1684336301823 -0.2803145593962575 164
1684336301891 -0.2938973339050115 165
1684336301959 -0.3036832581879194 166
1684336302028 -0.3110350163858029 167
1684336302097 -0.3171978327241103 168
1684336302168 -0.3229321018079081 169
1684336302236 -0.3284351367564535 170
1684336302305 -0.3334566264398009 171
1684336302375 -0.3374874316846914 172
1684336302444 -0.33995967444584796 173
1684336302513 -0.3404418221778087 174
1684336302585 -0.33882997144275206 175
1684336302656 -0.33547674180412024 176
1684336302724 -0.33111780123071677 177
1684336302793 -0.3266008857612359 178
1684336302861 -0.32258111571937187 179
1684336302929 -0.3193281296875514 180
1684336302997 -0.3167006948823001 181
1684336303065 -0.3142602434775026 182
1684336303134 -0.3114567152618237 183
1684336303204 -0.30782066893464144 184
1684336303273 -0.30310371127968816 185
1684336303342 -0.2973275731345493 186
1684336303411 -0.29072729973444744 187
1684336303479 -0.2836207477121966 188
1684336303737 -0.2762751749399226 189
1684336303882 -0.2688249212545739 190
1684336303951 -0.2612575879024934 191
1684336304018 -0.2534499472980296 192
1684336304085 -0.24522800545345325 193
1684336304156 -0.23642760826948095 194
1684336304224 -0.22694219733771748 195
1684336304291 -0.2167493132960172 196
1684336304359 -0.20591548890057165 197
1684336304427 -0.19458399238307234 198
1684336304495 -0.1829435723953594 199
1684336304564 -0.17119186930874442 200
1684336304632 -0.15949446394249378 201
1684336304701 -0.1479539019340459 202
1684336304769 -0.13659640967601927 203
1684336304837 -0.12537606272404211 204
1684336304907 -0.11419964380806658 205
1684336304975 -0.10295713352690772 206
1684336305046 -0.09155494191609481 207
1684336305115 -0.07993403894845841 208
1684336305186 -0.06807885661246882 209
1684336305254 -0.05600613759786377 210
1684336305321 -0.0437472189469581 211
1684336305389 -0.03133121585801035 212
1684336305458 -0.01877208945661213 213
1684336305526 -0.006068625176508746 214
1684336305596 0.00678871333108777 215
1684336305687 0.019805432314486282 216
1684336305863 0.03297056557196587 217
1684336305936 0.046252193218315085 218
1684336306005 0.05959879395345613 219
1684336306075 0.07294804054896264 220
1684336306143 0.0862408396527794 221
1684336306212 0.09943281629353518 222
1684336306281 0.112502635885944 223
1684336306347 0.1254541205487536 224
1684336306417 0.13831108248106094 225
1684336306485 0.15111063697724703 226
1684336306553 0.1638926574449826 227
1684336306620 0.17669429554808325 228
1684336306688 0.18954521823345782 229
1684336306756 0.202464818376475 230
1684336306823 0.21546305803534782 231
1684336306892 0.2285388804738666 232
1684336306962 0.24168182250307169 233
1684336307031 0.2548722283860023 234
1684336307099 0.268084042942891 235
1684336307166 0.28128910711340094 236
1684336307234 0.29446109168638124 237
1684336307302 0.3075807290885395 238
1684336307369 0.3206376496181145 239
1684336307438 0.33362973844867927 240
1684336307505 0.34656265782877504 241
1684336307572 0.3594466529685354 242
1684336307643 0.37229388711748523 243
1684336307711 0.3851179237883793 244
1684336307778 0.39793438020437044 245
1684336307846 0.41075827267359966 246
1684336307917 0.4236049516051361 247
1684336307986 0.4364840628107931 248
1684336308054 0.4493976682654255 249
1684336308122 0.46233793198365714 250
