1684335549767 11.693769 1
1684335549840 11.888291 2
1684335549914 12.828838 3
1684335549985 14.778101 4
1684335550056 17.630142 5
1684335550126 20.991781 6
1684335550196 24.385477 7
1684335550265 27.430222 8
1684335550336 29.925652 9
1684335550405 31.834091 10
1684335550476 33.218437 11
1684335550549 34.18271 12
1684335550619 34.83323 13
1684335550688 35.260056 14
1684335550760 35.531868 15
1684335550829 35.697678 16
1684335550902 35.790985 17
1684335550972 35.83413 18
1684335551045 35.84144 19
1684335551117 35.82011 20
1684335551187 35.775223 21
1684335551256 35.71057 22
1684335551326 35.629627 23
1684335551395 35.5358 24
1684335551464 35.432426 25
1684335551535 35.322636 26
1684335551609 35.209133 27
1684335551678 35.094414 28
1684335551748 34.98153 29
1684335551817 34.87216 30
1684335551886 34.767113 31
1684335551953 34.666496 32
1684335552024 34.569912 33
1684335552093 34.476494 34
1684335552162 34.384094 35
1684335552230 34.288578 36
1684335552300 34.18525 37
1684335552367 34.07155 38
1684335552435 33.94918 39
1684335552502 33.820915 40
1684335552571 33.688843 41
1684335552642 33.55392 42
1684335552709 33.417904 43
1684335552776 33.28236 44
1684335552845 33.148735 45
1684335552914 33.017727 46
1684335552983 32.88914 47
1684335553062 32.762253 48
1684335553134 32.63663 49
1684335553202 32.51241 50
1684335553271 32.389908 51
1684335553340 32.26928 52
1684335553407 32.15019 53
1684335553475 32.03176 54
1684335553544 31.912754 55
1684335553614 31.791859 56
1684335553684 31.667982 57
1684335553752 31.540424 58
1684335553821 31.408987 59
1684335553896 31.273958 60
1684335553966 31.13601 61
1684335554035 30.995934 62
1684335554105 30.854332 63
1684335554176 30.711014 64
1684335554245 30.563927 65
1684335554314 30.408401 66
1684335554380 30.23928 67
1684335554448 30.054283 68
1684335554515 29.85582 69
1684335554585 29.64991 70
1684335554651 29.442875 71
1684335554718 29.239428 72
1684335554786 29.0422 73
1684335554853 28.85191 74
1684335554922 28.667843 75
1684335554992 28.48851 76
1684335555059 28.312265 77
1684335555129 28.137741 78
1684335555196 27.964008 79
1684335555265 27.790558 80
1684335555332 27.61709 81
1684335555400 27.443325 82
1684335555468 27.268747 83
1684335555537 27.092422 84
1684335555610 26.91287 85
1684335555679 26.728325 86
1684335555750 26.537529 87
1684335555822 26.340527 88
1684335555891 26.138702 89
1684335555960 25.934116 90
1684335556028 25.728748 91
1684335556260 25.52404 92
1684335556397 25.320755 93
1684335556468 25.119057 94
1684335556538 24.918753 95
1684335556608 24.719543 96
1684335556679 24.521202 97
1684335556748 24.323648 98
1684335556817 24.12688 99
1684335556884 23.930855 100
1684335556953 23.735321 101
1684335557024 23.539738 102
1684335557096 23.34329 103
1684335557165 23.145128 104
1684335557234 22.944712 105
1684335557301 22.74209 106
1684335557370 22.53785 107
1684335557438 22.33281 108
1684335557508 22.127707 109
1684335557578 21.923008 110
1684335557645 21.71886 111
1684335557713 21.515198 112
1684335557782 21.31187 113
1684335557851 21.108791 114
1684335557921 20.906006 115
1684335557990 20.703661 116
1684335558060 20.501892 117
1684335558127 20.300694 118
1684335558194 20.099806 119
1684335558262 19.89875 120
1684335558331 19.697018 121
1684335558399 19.494383 122
1684335558467 19.291058 123
1684335558536 19.087624 124
1684335558604 18.88474 125
1684335558672 18.68293 126
1684335558739 18.482422 127
1684335558809 18.28318 128
1684335558880 18.085024 129
1684335558952 17.88778 130
1684335559030 17.691391 131
1684335559101 17.495949 132
1684335559169 17.301617 133
1684335559238 17.108486 134
1684335559305 16.916458 135
1684335559372 16.725197 136
1684335559441 16.534271 137
1684335559510 16.343409 138
1684335559581 16.152676 139
1684335559649 15.96245 140
1684335559716 15.773206 141
1684335559799 15.585288 142
1684335559867 15.3988 143
1684335559936 15.213622 144
1684335560006 15.029564 145
1684335560076 14.846516 146
1684335560144 14.664559 147
1684335560215 14.483953 148
1684335560283 14.305018 149
1684335560350 14.127959 150
1684335560417 13.952744 151
1684335560486 13.779107 152
1684335560555 13.60671 153
1684335560624 13.435375 154
1684335560693 13.265191 155
1684335560764 13.09642 156
1684335560832 12.929291 157
1684335560900 12.763823 158
1684335560969 12.599796 159
1684335561039 12.436859 160
1684335561109 12.274731 161
1684335561195 12.11338 162
1684335561267 11.953081 163
1684335561334 11.794302 164
1684335561403 11.637501 165
1684335561472 11.4829235 166
1684335561544 11.330521 167
1684335561612 11.180054 168
1684335561680 11.03129 169
1684335561749 10.884172 170
1684335561817 10.738811 171
1684335561884 10.595332 172
1684335561952 10.453688 173
1684335562022 10.31355 174
1684335562089 10.174378 175
1684335562160 10.035652 176
1684335562231 9.89712 177
1684335562300 9.758955 178
1684335562370 9.621687 179
1684335562441 9.485966 180
1684335562510 9.352259 181
1684335562579 9.220679 182
1684335562650 9.091019 183
1684335562718 8.962933 184
1684335562788 8.83614 185
1684335562857 8.710521 186
1684335563097 8.586033 187
1684335563264 8.462493 188
1684335563400 8.3393345 189
1684335563482 8.21553 190
1684335563552 8.089839 191
1684335563620 7.961282 192
1684335563689 7.829608 193
1684335563758 7.695475 194
1684335563826 7.560198 195
1684335563898 7.4251666 196
1684335563966 7.291317 197
1684335564035 7.1589594 198
1684335564105 7.027961 199
1684335564173 6.898076 200
1684335564240 6.769223 201
1684335564382 6.6415644 202
1684335564452 6.5153475 203
1684335564519 6.3905945 204
1684335564588 6.266843 205
1684335564658 6.143249 206
1684335564726 6.0191345 207
1684335564796 5.894656 208
1684335564866 5.7711306 209
1684335564935 5.6508102 210
1684335565002 5.5362396 211
1684335565069 5.4295382 212
1684335565138 5.3320255 213
1684335565208 5.2442036 214
1684335565276 5.165939 215
1684335565344 5.0966816 216
1684335565413 5.035657 217
1684335565483 4.981995 218
1684335565553 4.9348097 219
1684335565644 4.8932314 220
1684335565788 4.856422 221
1684335565862 4.823594 222
1684335565932 4.794047 223
1684335566003 4.767225 224
1684335566070 4.742751 225
1684335566139 4.7204266 226
1684335566209 4.700188 227
1684335566277 4.6820374 228
1684335566344 4.6659803 229
1684335566413 4.6519957 230
1684335566481 4.640026 231
1684335566549 4.629986 232
1684335566616 4.621775 233
1684335566687 4.615285 234
1684335566754 4.610403 235
1684335566820 4.607006 236
1684335566888 4.604943 237
1684335566956 4.604022 238
1684335567027 4.6040096 239
1684335567102 4.604663 240
1684335567170 4.6057925 241
1684335567237 4.6073194 242
1684335567305 4.6093106 243
1684335567373 4.61195 244
1684335567442 4.6154804 245
1684335567509 4.620132 246
1684335567577 4.626072 247
1684335567644 4.6333885 248
1684335567712 4.6420894 249
1684335567780 4.652112 250
