1684335227489 11.848713522270442 1
1684335227569 12.859136273523974 2
1684335227642 14.517280333642866 3
1684335227726 16.6560256178675 4
1684335227803 19.050015962939952 5
1684335227872 21.509437072599358 6
1684335227944 23.82004748343769 7
1684335228019 25.878738840841937 8
1684335228089 27.624278662777517 9
1684335228159 28.983218994589418 10
1684335228229 29.92010922751207 11
1684335228301 30.45937121396883 12
1684335228372 30.664150083888607 13
1684335228443 30.618725380282108 14
1684335228517 30.415304292894362 15
1684335228586 30.139551803482924 16
1684335228656 29.85558598121095 17
1684335228728 29.596481441254358 18
1684335228800 29.3644820452605 19
1684335228873 29.14359318020628 20
1684335228944 28.917495974528997 21
1684335229015 28.676723156817804 22
1684335229085 28.423503131341636 23
1684335229154 28.15448735155936 24
1684335229223 27.86371042560174 25
1684335229294 27.546814990333516 26
1684335229367 27.204453841548585 27
1684335229436 26.84311057479985 28
1684335229505 26.4751276777954 29
1684335229576 26.117906889427754 30
1684335229646 25.77882526268058 31
1684335229718 25.453201856126867 32
1684335229788 25.13099474031926 33
1684335229861 24.810243830298525 34
1684335229930 24.49887363264203 35
1684335229998 24.203959356543173 36
1684335230069 23.930263684444633 37
1684335230140 23.679885858059244 38
1684335230208 23.452436650403847 39
1684335230276 23.245762390559584 40
1684335230346 23.056579952586844 41
1684335230416 22.880234918500932 42
1684335230485 22.712860830013803 43
1684335230553 22.551913956320654 44
1684335230622 22.396105480354613 45
1684335230688 22.244402152736672 46
1684335230756 22.09412756312321 47
1684335230828 21.939548510624427 48
1684335230897 21.771902755464815 49
1684335230963 21.58230126290824 50
1684335231032 21.362972549366496 51
1684335231099 21.110520338313798 52
1684335231168 20.820620672965752 53
1684335231236 20.484376694814177 54
1684335231303 20.095765044196213 55
1684335231372 19.659440738169977 56
1684335231440 19.19226053469066 57
1684335231507 18.720009214901893 58
1684335231575 18.271134466148442 59
1684335231643 17.86989878857699 60
1684335231711 17.53166350739737 61
1684335231781 17.260159012206106 62
1684335231851 17.047900102027604 63
1684335231918 16.882062897382582 64
1684335231987 16.749638446798254 65
1684335232056 16.63985707377372 66
1684335232125 16.544914914856527 67
1684335232193 16.459704262378573 68
1684335232260 16.381185855910278 69
1684335232329 16.30762979506024 70
1684335232396 16.2379574807377 71
1684335232466 16.171358843160778 72
1684335232535 16.107168913953394 73
1684335232605 16.04488139029455 74
1684335232673 15.984177257147806 75
1684335232745 15.924899688844715 76
1684335232814 15.866982972102116 77
1684335232883 15.810314059807034 78
1684335232952 15.754648989408707 79
1684335233020 15.699539453813205 80
1684335233088 15.644334894459423 81
1684335233158 15.588242541507288 82
1684335233225 15.530460428933743 83
1684335233293 15.470347763165705 84
1684335233363 15.407552419830253 85
1684335233435 15.342052478915676 86
1684335233505 15.274140341138605 87
1684335233574 15.20433036633677 88
1684335233643 15.133247384493991 89
1684335233712 15.06152552550166 90
1684335233781 14.989766537605686 91
1684335233850 14.918543769777518 92
1684335233918 14.848406324818502 93
1684335233985 14.779808799462547 94
1684335234054 14.713002425044184 95
1684335234125 14.647937059827647 96
1684335234194 14.58423964222288 97
1684335234262 14.521256979514039 98
1684335234329 14.458196222094864 99
1684335234461 14.39427732660635 100
1684335234561 14.328888380754963 101
1684335234637 14.261690434735533 102
1684335234705 14.192629366167012 103
1684335234773 14.121879807386396 104
1684335234842 14.049692428327102 105
1684335234910 13.976220745566717 106
1684335234980 13.901344294791064 107
1684335235048 13.82463291478609 108
1684335235116 13.745493684915445 109
1684335235184 13.663438446734048 110
1684335235256 13.578199140123157 111
1684335235325 13.489604972904413 112
1684335235396 13.397293213727647 113
1684335235466 13.300523325456865 114
1684335235534 13.198216833908898 115
1684335235603 13.08921527851307 116
1684335235671 12.972648416974817 117
1684335235740 12.848291292804443 118
1684335235817 12.716788557710984 119
1684335235892 12.579678290157997 120
1684335235961 12.439157885094858 121
1684335236031 12.29765238265994 122
1684335236100 12.157289126504068 123
1684335236169 12.019484580055968 124
1684335236238 11.884879428807237 125
1684335236306 11.753604581251748 126
1684335236381 11.625609401303377 127
1684335236451 11.500762599796069 128
1684335236519 11.378685571615026 129
1684335236589 11.25862278539671 130
1684335236656 11.139572974670202 131
1684335236724 11.020677768819152 132
1684335236793 10.901703561973111 133
1684335236866 10.78338087772276 134
1684335236939 10.66747957048101 135
1684335237006 10.55659753024876 136
1684335237073 10.453726049007713 137
1684335237141 10.36171864945662 138
1684335237210 10.282804764505158 139
1684335237277 10.218279438426883 140
1684335237347 10.168436781607273 141
1684335237414 10.132717885162702 142
1684335237481 10.109968834907074 143
1684335237549 10.098683826047168 144
1684335237620 10.097168569257656 145
1684335237688 10.103611328321442 146
1684335237759 10.116122050125295 147
1684335237829 10.132809443653919 148
1684335237899 10.151911785576463 149
1684335237968 10.171979978710763 150
1684335238037 10.192043157175952 151
1684335238105 10.211721821802639 152
1684335238173 10.231235761759464 153
1684335238241 10.251300080140659 154
1684335238309 10.272940174304589 155
1684335238378 10.297240043362347 156
1684335238448 10.32512329434553 157
1684335238517 10.357211852974256 158
1684335238599 10.393783869567862 159
1684335238677 10.434809144125033 160
1684335238744 10.480019342158492 161
1684335238813 10.528948746007785 162
1684335238885 10.580969505917519 163
1684335238955 10.635315704458524 164
1684335239024 10.691144222274138 165
1684335239092 10.747640840337603 166
1684335239159 10.80415899148428 167
1684335239227 10.860344789477343 168
1684335239294 10.916211039922107 169
1684335239363 10.972134080952035 170
1684335239430 11.028772543717263 171
1684335239497 11.086915619083516 172
1684335239564 11.14731933167725 173
1684335239632 11.210560027609635 174
1684335239699 11.276954113483924 175
1684335239768 11.346541019411923 176
1684335239972 11.419112474248472 177
1684335240155 11.494257555007405 178
1684335240224 11.571404023675782 179
1684335240298 11.649850364422589 180
1684335240366 11.72880905455765 181
1684335240435 11.807462340550087 182
1684335240502 11.885072209371572 183
1684335240571 11.961097335966906 184
1684335240639 12.03530700160815 185
1684335240706 12.107843890101346 186
1684335240776 12.179203791941003 187
1684335240846 12.25015287479403 188
1684335240917 12.32158051919361 189
1684335240987 12.394335097039923 190
1684335241058 12.469106306992959 191
1684335241126 12.54633806217253 192
1684335241194 12.626213858446697 193
1684335241264 12.708669602644967 194
1684335241331 12.79343937042399 195
1684335241399 12.88009568620714 196
1684335241466 12.968098056334224 197
1684335241535 13.056838752697168 198
1684335241602 13.145716613303417 199
1684335241669 13.23419885656586 200
1684335241740 13.321910179208977 201
1684335241807 13.408687945523493 202
1684335241876 13.494612890842477 203
1684335241946 13.579993774645185 204
1684335242017 13.66531098814944 205
1684335242087 13.751125068377178 206
1684335242155 13.837986113041222 207
1684335242222 13.92634960948384 208
1684335242290 14.01652577703103 209
1684335242357 14.108647160822983 210
1684335242533 14.202679296051961 211
1684335242628 14.298430576681907 212
1684335242698 14.39558819308062 213
1684335242767 14.493747415542018 214
1684335242832 14.592459358201785 215
1684335242900 14.691268596043887 216
1684335242967 14.789764472371772 217
1684335243037 14.887626361868044 218
1684335243104 14.984655709693872 219
1684335243172 15.080798539124213 220
1684335243240 15.176147197371701 221
1684335243309 15.27091494329722 222
1684335243378 15.365398541963096 223
1684335243448 15.459926091335745 224
1684335243517 15.554806385318408 225
1684335243586 15.6502828956467 226
1684335243655 15.746500856567316 227
1684335243723 15.843497088895809 228
1684335243792 15.9411990242229 229
1684335243860 16.039434998165145 230
1684335243940 16.137966778814913 231
1684335244015 16.236528112835586 232
1684335244084 16.334867178838216 233
1684335244152 16.432793017506295 234
1684335244220 16.53022754522926 235
1684335244288 16.627219903042267 236
1684335244356 16.723970734531378 237
1684335244425 16.82080767126144 238
1684335244493 16.918147967302232 239
1684335244562 17.016443190800768 240
1684335244628 17.116108510108354 241
1684335244697 17.217441444406774 242
1684335244763 17.320561855068192 243
1684335244831 17.425359867936024 244
1684335244896 17.53146707061098 245
1684335244963 17.63826478336724 246
1684335245030 17.744927485134188 247
1684335245095 17.850547937814333 248
1684335245162 17.95430170792805 249
1684335245229 18.055580686738537 250
