1684689636520 1.9970729879469673 1
1684689636604 2.0196611017618484 2
1684689636683 1.9436033952743599 3
1684689636761 1.8227237988383265 4
1684689636835 1.7001688887578685 5
1684689636912 1.5971581978956222 6
1684689636985 1.5185804110976238 7
1684689637060 1.461246274297485 8
1684689637134 1.4190886558880966 9
1684689637211 1.3861599510708518 10
1684689637285 1.3578127431239806 11
1684689637363 1.3309452851018597 12
1684689637437 1.3038074559015351 13
1684689637514 1.2756427534169783 14
1684689637591 1.246321172382719 15
1684689637668 1.2160384022915878 16
1684689637746 1.18510773709438 17
1684689637819 1.1538382147126358 18
1684689637894 1.1224800409458995 19
1684689637970 1.0912117774958645 20
1684689638044 1.060151477149857 21
1684689638118 1.0293840118813105 22
1684689638193 0.9989624764893723 23
1684689638268 0.9689299382701194 24
1684689638344 0.9393316190430965 25
1684689638417 0.9102193987742204 26
1684689638493 0.8816524610471133 27
1684689638566 0.8536949416543826 28
1684689638640 0.8264124352904438 29
1684689638715 0.7998687251585936 30
1684689638793 0.774122265771001 31
1684689638871 0.7492238382912495 32
1684689638943 0.7252153969408288 33
1684689639021 0.7021289740154246 34
1684689639097 0.6799868036833459 35
1684689639170 0.6588018975623134 36
1684689639243 0.6385786340621075 37
1684689639316 0.6193142266183729 38
1684689639391 0.6009994333467981 39
1684689639462 0.5836198947043848 40
1684689639536 0.5671573229374474 41
1684689639620 0.5515900701098698 42
1684689639695 0.5368943721797956 43
1684689639768 0.5230447707206114 44
1684689639848 0.5100148699509917 45
1684689639922 0.49777761018888445 46
1684689640004 0.4863058698794398 47
1684689640076 0.4755724732941093 48
1684689640151 0.46555064406514235 49
1684689640224 0.45621398416344616 50
1684689640297 0.44753666006463644 51
1684689640372 0.43949347377741677 52
1684689640445 0.43205980363414886 53
1684689640517 0.42521183129315765 54
1684689640591 0.4189262875831911 55
1684689640664 0.4131807124912402 56
1684689640739 0.4079532904169643 57
1684689640812 0.40322276765531706 58
1684689640888 0.39896864697129214 59
1684689640960 0.3951709432294981 60
1684689641032 0.3918104186041713 61
1684689641105 0.3888682399693629 62
1684689641177 0.38632623234096874 63
1684689641250 0.38416670651605545 64
1684689641320 0.3823724457867089 65
1684689641393 0.3809267563193575 66
1684689641470 0.379813343452097 67
1684689641542 0.3790163718637173 68
1684689641617 0.3785203750956948 69
1684689641689 0.3783102862694563 70
1684689641761 0.3783713231350192 71
1684689641833 0.37868915845509865 72
1684689641907 0.3792496135194061 73
1684689641979 0.38003886571297407 74
1684689642052 0.3810432909480682 75
1684689642124 0.38224952263309026 76
1684689642196 0.38364434115264845 77
1684689642268 0.3852147355352843 78
1684689642339 0.3869477791370299 79
1684689642410 0.3888306538458223 80
1684689642482 0.3908506354185736 81
1684689642555 0.3929949841353423 82
1684689642628 0.39525100669048574 83
1684689642700 0.3976059421792892 84
1684689642810 0.40004698420011686 85
1684689642942 0.4025612636108952 86
1684689643015 0.40513577505715875 87
1684689643086 0.4077574035649244 88
1684689643158 0.4104129437341554 89
1684689643229 0.4130890963447767 90
1684689643305 0.41577259517016374 91
1684689643377 0.4184502603044778 92
1684689643451 0.4211090344636319 93
1684689643524 0.42373640577465305 94
1684689643597 0.42632042640535533 95
1684689643669 0.42885018240951983 96
1684689643741 0.4313160652190525 97
1684689643814 0.4337117822554303 98
1684689643891 0.43603181219583387 99
1684689643965 0.4382752003066329 100
1684689644040 0.440441178432976 101
1684689644111 0.4425306992100342 102
1684689644189 0.444547378753504 103
1684689644262 0.4464976637539266 104
1684689644336 0.4483905111746005 105
1684689644408 0.45024358489295313 106
1684689644483 0.4520698417957577 107
1684689644557 0.4538813152491793 108
1684689644629 0.45569029879005013 109
1684689644704 0.45747923375025074 110
1684689644777 0.45923914346550165 111
1684689644854 0.4609906230450406 112
1684689644927 0.4627598543440772 113
1684689645000 0.4645705231183675 114
1684689645070 0.46644111881894723 115
1684689645144 0.46838507402352514 116
1684689645217 0.4704115665472114 117
1684689645289 0.4725266530951711 118
1684689645361 0.47473407767916365 119
1684689645435 0.4770358466910038 120
1684689645511 0.4794327163420791 121
1684689645586 0.48192454577102906 122
1684689645660 0.4845102655707402 123
1684689645733 0.4871882196878857 124
1684689645806 0.4899560510518688 125
1684689645880 0.4928106742872438 126
1684689645952 0.49574850859415015 127
1684689646025 0.49876533239279375 128
1684689646096 0.5018564377816578 129
1684689646168 0.5050165617998748 130
1684689646240 0.5082400690642749 131
1684689646314 0.5115208181062887 132
1684689646387 0.5148524239550483 133
1684689646555 0.5182280649414871 134
1684689646639 0.5216409009962112 135
1684689646713 0.5250837514832968 136
1684689646786 0.5285494538606056 137
1684689646858 0.5320306838202192 138
1684689646933 0.5355203271579184 139
1684689647006 0.539077981183442 140
1684689647078 0.5428172222957734 141
1684689647152 0.5467146113939412 142
1684689647224 0.5507093213423204 143
1684689647299 0.5547393285709336 144
1684689647372 0.558755380224496 145
1684689647447 0.562723435339242 146
1684689647523 0.5666232568067572 147
1684689647597 0.570444312811464 148
1684689647670 0.5741827308429921 149
1684689647758 0.5778384390605951 150
1684689647832 0.5814129819664678 151
1684689647907 0.5849084868301178 152
1684689647981 0.588326778813004 153
1684689648056 0.5916709705386918 154
1684689648129 0.5949379159653088 155
1684689648202 0.5981269752642973 156
1684689648498 0.6012268209674946 157
1684689648616 0.6042383582074198 158
1684689648690 0.6071664759540603 159
1684689648763 0.6100169294239665 160
1684689648838 0.612794721699822 161
1684689648914 0.6155039198252823 162
1684689648989 0.6181478014546382 163
1684689649063 0.6207289666291026 164
1684689649139 0.6232497045908261 165
1684689649214 0.6257120165166384 166
1684689649289 0.6281180615388708 167
1684689649366 0.6304698495862403 168
1684689649438 0.632769467115844 169
1684689649510 0.6350189868259429 170
1684689649583 0.6372206247753668 171
1684689649820 0.6393765891051815 172
1684689649898 0.6414888149091362 173
1684689649969 0.6435595143302327 174
1684689650040 0.6455906169830856 175
1684689650113 0.6475840142890792 176
1684689650185 0.6495415230394691 177
1684689650257 0.6514648887075853 178
1684689650330 0.6533527474899712 179
1684689650403 0.6552067510433385 180
1684689650478 0.6570289153390623 181
1684689650550 0.6588213405991477 182
1684689650624 0.6605857744649395 183
1684689650699 0.6623236475025865 184
1684689650771 0.6640362411279872 185
1684689650845 0.665724433479004 186
1684689650918 0.6672221917586336 187
1684689650998 0.6685313173161197 188
1684689651070 0.6697009540895627 189
1684689651144 0.6707857067735428 190
1684689651217 0.6718287598724215 191
1684689651290 0.6728591018775372 192
1684689651361 0.6738926242232667 193
1684689651434 0.6749360557419307 194
1684689651506 0.6759901371849484 195
1684689651579 0.6770524400928462 196
1684689651652 0.6781193778516222 197
1684689651725 0.679187295253735 198
1684689651797 0.6802528740491945 199
1684689651870 0.6813137392192109 200
1684689651942 0.6823680805439709 201
1684689652015 0.6834145664224969 202
1684689652086 0.6844526069187598 203
1684689652160 0.6854815786151103 204
1684689652231 0.6865012911035504 205
1684689652304 0.6875113407063445 206
1684689652380 0.68851163542112 207
1684689652452 0.6895018011249584 208
1684689652527 0.6904817777158958 209
1684689652601 0.6914512629655114 210
1684689652675 0.6924099430420223 211
1684689652748 0.6933576258332794 212
1684689652821 0.6942940695494701 213
1684689652893 0.6952189699888172 214
1684689652966 0.6961322426040344 215
1684689653040 0.6970336116694782 216
1684689653113 0.6979230221415568 217
1684689653191 0.6988002629755884 218
1684689653265 0.6996652346882984 219
1684689653341 0.7005179055439286 220
1684689653416 0.7013581455261259 221
1684689653488 0.7021860158127275 222
1684689653560 0.7030014426913243 223
1684689653632 0.703804446004923 224
1684689653708 0.7045950134170215 225
1684689653781 0.7053732674662432 226
1684689653852 0.7061392741999666 227
1684689653924 0.7068930967154152 228
1684689653996 0.7076348530617292 229
1684689654066 0.7083646822503488 230
1684689654139 0.7090828392994237 231
1684689654210 0.7097894086760068 232
1684689654282 0.7104845726671764 233
1684689654354 0.711168604450881 234
1684689654425 0.7118417269033762 235
1684689654496 0.712504184078329 236
1684689654567 0.713156339006757 237
1684689654639 0.7137983045319426 238
1684689654712 0.7144305515617759 239
1684689654785 0.7150532634891078 240
1684689654861 0.7156669124235004 241
1684689654934 0.7162716404409594 242
1684689655007 0.7168679789433374 243
1684689655086 0.7174562277733352 244
1684689655161 0.7180367852611179 245
1684689655234 0.7186099961317903 246
1684689655306 0.7191762506892563 247
1684689655377 0.7197358741193915 248
1684689655448 0.7202893956257647 249
1684689655522 0.7208371194017169 250
