1684689809262 0.02520309309068011 1
1684689809346 0.04959263038925557 2
1684689809422 0.07703980479528477 3
1684689809499 0.10316094570376158 4
1684689809576 0.1259289780213311 5
1684689809652 0.14529857805473073 6
1684689809725 0.16207018366553133 7
1684689809798 0.17711085450244973 8
1684689809873 0.19104622383578318 9
1684689809947 0.2042302729480285 10
1684689810021 0.21681451602781238 11
1684689810097 0.22882844128065838 12
1684689810173 0.240241794519085 13
1684689810248 0.25100550583029585 14
1684689810321 0.261074797807193 15
1684689810394 0.2704194359061092 16
1684689810476 0.2790253182729312 17
1684689810558 0.2868914854336867 18
1684689810631 0.2940255928190886 19
1684689810708 0.30043972331792657 20
1684689810786 0.30614763379757315 21
1684689810870 0.31116314516188776 22
1684689810947 0.31551211455691347 23
1684689811030 0.3192074466787449 24
1684689811110 0.322260911861119 25
1684689811192 0.3246867300169785 26
1684689811277 0.3265032570306142 27
1684689811354 0.32773287694526393 28
1684689811434 0.3284019876718323 29
1684689811513 0.3285397216799766 30
1684689811592 0.32817756564554396 31
1684689811671 0.3273481224940643 32
1684689811751 0.32608447765460286 33
1684689811828 0.3244193985368498 34
1684689811906 0.3223847645532616 35
1684689811983 0.3200110737377291 36
1684689812059 0.31732732958490056 37
1684689812139 0.3143603123018437 38
1684689812217 0.3111351931270894 39
1684689812297 0.3076748642462186 40
1684689812375 0.30400041432253916 41
1684689812456 0.3001309807852229 42
1684689812534 0.2960840828864907 43
1684689812619 0.2918755924193715 44
1684689812698 0.28751985466230784 45
1684689812776 0.2830301458953709 46
1684689812856 0.27841844497742274 47
1684689812934 0.27369579684862827 48
1684689813013 0.26887236968079886 49
1684689813088 0.2639575758469986 50
1684689813171 0.25896009583923363 51
1684689813254 0.25388824140892147 52
1684689813331 0.24874970490134626 53
1684689813406 0.24355182786052768 54
1684689813481 0.2383017671598664 55
1684689813553 0.23300635156901764 56
1684689813631 0.2276722290289576 57
1684689813708 0.22230595426086644 58
1684689813782 0.21691397286133465 59
1684689813866 0.21150267319625946 60
1684689813949 0.20607836340466795 61
1684689814021 0.20064210241275457 62
1684689814102 0.1952011893326163 63
1684689814177 0.18976401889775021 64
1684689814251 0.18433875182654202 65
1684689814328 0.1789328086416678 66
1684689814408 0.17355300100814677 67
1684689814480 0.16820569266765456 68
1684689814554 0.16289704477687814 69
1684689814627 0.15763303079160343 70
1684689814700 0.15241964087324514 71
1684689814774 0.14726289283055596 72
1684689814846 0.14216891909141177 73
1684689814922 0.1371438544129662 74
1684689814994 0.13219403879547686 75
1684689815068 0.12732593081627117 76
1684689815147 0.12254612062706528 77
1684689815220 0.11786140076658314 78
1684689815295 0.11327882964201773 79
1684689815370 0.1088056661036719 80
1684689815443 0.10444947193093596 81
1684689815515 0.10021810303262894 82
1684689815588 0.09611973903927723 83
1684689815662 0.09216294475368386 84
1684689815737 0.08835658524646392 85
1684689815810 0.08470986311802889 86
1684689815885 0.08123229004598943 87
1684689815957 0.07793360059243366 88
1684689816029 0.07482356541464291 89
1684689816105 0.0719119627432793 90
1684689816178 0.06920825585724455 91
1684689816250 0.0667216755064592 92
1684689816323 0.06446003505079521 93
1684689816400 0.06242952958397634 94
1684689816474 0.06063486228206763 95
1684689816548 0.05907869085572899 96
1684689816622 0.05776122183141084 97
1684689816697 0.05667972336412824 98
1684689816771 0.055828444556483295 99
1684689816843 0.05519885521757835 100
1684689816916 0.054779817321201636 101
1684689816995 0.05455790328309861 102
1684689817067 0.054517765214991916 103
1684689817140 0.054642656322304625 104
1684689817213 0.05491494615149538 105
1684689817287 0.05531670274616492 106
1684689817360 0.055830219595564695 107
1684689817432 0.05643843691449292 108
1684689817505 0.05712524871525371 109
1684689817578 0.057873379524674334 110
1684689817651 0.058669343505625575 111
1684689817724 0.059501060401855786 112
1684689817798 0.06035748251769929 113
1684689817872 0.06124097881699818 114
1684689817947 0.06215481419544319 115
1684689818020 0.06308692913411335 116
1684689818092 0.06402329008818829 117
1684689818167 0.06495218895467383 118
1684689818240 0.06586532253835092 119
1684689818315 0.06675734812519885 120
1684689818390 0.06762522047992463 121
1684689818466 0.06846756198293441 122
1684689818539 0.06928429158798437 123
1684689818631 0.07007625228436047 124
1684689818710 0.07084505681994681 125
1684689818782 0.07159319084960498 126
1684689818857 0.07232378994977996 127
1684689818930 0.0730407944988283 128
1684689819003 0.07374890601976981 129
1684689819075 0.07445352055042334 130
1684689819151 0.0751607934170224 131
1684689819226 0.07587761417641269 132
1684689819299 0.07661154196882132 133
1684689819372 0.0773490992399584 134
1684689819446 0.0780729092069989 135
1684689819520 0.07880073448385003 136
1684689819592 0.07955589195591038 137
1684689819666 0.08035944789808447 138
1684689819741 0.08122820841599923 139
1684689819813 0.08217533903614263 140
1684689819884 0.08321119050347627 141
1684689819956 0.08434418577782571 142
1684689820029 0.08558137132090612 143
1684689820104 0.08692880456186182 144
1684689820179 0.08839169948657191 145
1684689820251 0.0899726993918371 146
1684689820323 0.09166708776719944 147
1684689820395 0.09347953158902488 148
1684689820469 0.09541494589731221 149
1684689820541 0.09747729493704527 150
1684689820612 0.09966869511097767 151
1684689820687 0.10199020662404924 152
1684689820761 0.10444155268925873 153
1684689820833 0.10702168969739234 154
1684689820906 0.10972878411680706 155
1684689820978 0.11256046391282577 156
1684689821051 0.11551410642995819 157
1684689821123 0.11858703221179655 158
1684689821198 0.12177606687653195 159
1684689821271 0.12507793063498981 160
1684689821344 0.1284895874709116 161
1684689821417 0.13200819134910996 162
1684689821490 0.13563106157410046 163
1684689821563 0.13935560720332157 164
1684689821638 0.14317953255831875 165
1684689821711 0.14710054109641152 166
1684689821782 0.15111659484662357 167
1684689821853 0.15522575591846183 168
1684689821926 0.15942621055647804 169
1684689821998 0.16371628095674073 170
1684689822072 0.16809453337181776 171
1684689822146 0.1725595082808115 172
1684689822220 0.1771100520803264 173
1684689822292 0.18174504451433968 174
1684689822363 0.1864634772256662 175
1684689822442 0.19126459822447323 176
1684689822515 0.1961854387886483 177
1684689822587 0.2012267915753875 178
1684689822666 0.20637845402269844 179
1684689822743 0.21163043887477348 180
1684689822819 0.21697543896113097 181
1684689822898 0.22240863685753534 182
1684689822972 0.22792761049557422 183
1684689823045 0.23353093046452597 184
1684689823121 0.23930504165344957 185
1684689823196 0.24524890572632704 186
1684689823268 0.2513379444980456 187
1684689823339 0.2575457384911743 188
1684689823412 0.26385157970813516 189
1684689823487 0.27024165890371277 190
1684689823559 0.27670835547962713 191
1684689823629 0.28324815492678945 192
1684689823705 0.2898602284107796 193
1684689823776 0.2965450694573252 194
1684689823848 0.30330362305503394 195
1684689823921 0.31013683980650864 196
1684689823992 0.31704541038499406 197
1684689824064 0.32402964601631906 198
1684689824135 0.33108977054204675 199
1684689824207 0.33822551831051945 200
1684689824280 0.3454364473364031 201
1684689824351 0.3527221340467974 202
1684689824423 0.3600819394015719 203
1684689824497 0.3675152950510158 204
1684689824572 0.3750214203468749 205
1684689824645 0.3825998829697377 206
1684689824717 0.39024978486924305 207
1684689824790 0.3979705697825704 208
1684689824864 0.405761633146848 209
1684689824936 0.41362220227768814 210
1684689825009 0.4215516516534873 211
1684689825083 0.42954922236147125 212
1684689825156 0.43761429065264873 213
1684689825234 0.4457460500762389 214
1684689825306 0.45398008125264155 215
1684689825379 0.4623145609153526 216
1684689825452 0.4707388860607957 217
1684689825525 0.47924227636645544 218
1684689825598 0.4878164830359862 219
1684689825671 0.4964558596289019 220
1684689825745 0.5051571653010067 221
1684689825817 0.5139182387055193 222
1684689825890 0.5227382174229661 223
1684689825963 0.5316159723080681 224
1684689826034 0.540550917597359 225
1684689826109 0.5495424242502717 226
1684689826181 0.5585894424262402 227
1684689826255 0.5676914437052903 228
1684689826326 0.5768472691645524 229
1684689826398 0.5860558226094799 230
1684689826470 0.5953161406569658 231
1684689826542 0.6046271551084199 232
1684689826616 0.6139877720673287 233
1684689826688 0.6233968451308746 234
1684689826777 0.6328531222593133 235
1684689826852 0.6423556689871956 236
1684689826925 0.6519031484950625 237
1684689826998 0.6614945487773229 238
1684689827070 0.6711286704991212 239
1684689827142 0.6808040973328675 240
1684689827216 0.6905200299886008 241
1684689827291 0.700274939692635 242
1684689827362 0.710067839479147 243
1684689827436 0.7198974110788505 244
1684689827509 0.7297623762316562 245
1684689827580 0.739661500269811 246
1684689827652 0.7495935586954213 247
1684689827727 0.7595572552636267 248
1684689827799 0.7696474485563057 249
1684689827873 0.7798629867309875 250
