1684690161667 0.02328141950665715 1
1684690161764 0.049240366003152 2
1684690161844 0.07828507514278453 3
1684690161920 0.10556938196094023 4
1684690161998 0.12896178127236846 5
1684690162075 0.14848682748215836 6
1684690162148 0.16509282529503724 7
1684690162226 0.1797964854548783 8
1684690162299 0.19334493764537092 9
1684690162371 0.20618001141626882 10
1684690162446 0.2185912386985605 11
1684690162522 0.230637705171355 12
1684690162595 0.24227217550405594 13
1684690162671 0.2534176758423349 14
1684690162744 0.2640005632412819 15
1684690162817 0.27396436491080467 16
1684690162891 0.28327286730568035 17
1684690162966 0.2919066005455948 18
1684690163041 0.2998578655548178 19
1684690163115 0.3071253285874025 20
1684690163192 0.31371102325276345 21
1684690163267 0.3196182710132884 22
1684690163342 0.324851208180683 23
1684690163417 0.3294154087903906 24
1684690163489 0.3333185622533131 25
1684690163567 0.33657135649402886 26
1684690163643 0.33918821912895736 27
1684690163717 0.34118756532071665 28
1684690163791 0.34259148434026526 29
1684690163865 0.3434256076598352 30
1684690163939 0.34371818259476233 31
1684690164013 0.3434994854935498 32
1684690164086 0.34280087454614844 33
1684690164159 0.34165398931281876 34
1684690164232 0.3400960374340464 35
1684690164308 0.33815691002671355 36
1684690164380 0.3358638232786523 37
1684690164452 0.333242705489438 38
1684690164526 0.3303182062757669 39
1684690164598 0.32711377693268356 40
1684690164669 0.32365158315232884 41
1684690164741 0.31995221504481686 42
1684690164812 0.31603480155180663 43
1684690164886 0.3119170439702339 44
1684690164959 0.30761525017347624 45
1684690165033 0.30314445564634895 46
1684690165145 0.29851872996198775 47
1684690165221 0.2937510519813379 48
1684690165296 0.28885373352436844 49
1684690165367 0.2838381780476274 50
1684690165438 0.2787154054056153 51
1684690165509 0.2734957495901897 52
1684690165585 0.2681838934697623 53
1684690165660 0.2627904344730385 54
1684690165732 0.2573267217969592 55
1684690165804 0.2518034778597188 56
1684690165876 0.24623051415729333 57
1684690165949 0.2406167112637455 58
1684690166021 0.23497037599891438 59
1684690166099 0.22929927749935278 60
1684690166173 0.2236108237791884 61
1684690166246 0.2179121704534117 62
1684690166320 0.2122102408569868 63
1684690166395 0.20651173469819678 64
1684690166466 0.2008232106651487 65
1684690166540 0.19515100163731952 66
1684690166615 0.18950144050135442 67
1684690166690 0.18388063564819748 68
1684690166762 0.17829467059456852 69
1684690166835 0.17274949463328065 70
1684690166908 0.1672511342975451 71
1684690166982 0.16180548810918072 72
1684690167054 0.1564184886135344 73
1684690167129 0.15109614854642814 74
1684690167202 0.14584442400076236 75
1684690167277 0.1406693898594592 76
1684690167350 0.1355772016663811 77
1684690167423 0.13057417753759795 78
1684690167496 0.12566671845605298 79
1684690167574 0.1208613775313115 80
1684690167649 0.11616496439220549 81
1684690167724 0.11158444752711752 82
1684690167799 0.10712705355440906 83
1684690167870 0.10280030553082498 84
1684690167945 0.09861193650742897 85
1684690168017 0.09457004558774773 86
1684690168096 0.090682971565657 87
1684690168168 0.0869593775243212 88
1684690168256 0.08340813344403121 89
1684690168334 0.08003830813229654 90
1684690168409 0.07685906823867861 91
1684690168481 0.07387943835285565 92
1684690168555 0.07110827219083803 93
1684690168628 0.06855389054060278 94
1684690168699 0.06622384106375144 95
1684690168771 0.06412463247364361 96
1684690168846 0.06226091247833612 97
1684690168918 0.06063540713973149 98
1684690168994 0.05924869988574053 99
1684690169068 0.058098955112903104 100
1684690169144 0.05718167877423257 101
1684690169216 0.05648943685848224 102
1684690169290 0.05601233837483504 103
1684690169363 0.055738251459617576 104
1684690169436 0.05565332801877121 105
1684690169511 0.05574236492338405 106
1684690169585 0.055989239349019865 107
1684690169658 0.05637746135343346 108
1684690169731 0.05689072180683715 109
1684690169804 0.05751312981519164 110
1684690169878 0.05822849140850131 111
1684690169956 0.05902298428867212 112
1684690170029 0.05988429861486331 113
1684690170102 0.06080121008966449 114
1684690170177 0.06176383685135288 115
1684690170251 0.06276344288498764 116
1684690170324 0.06379265143619477 117
1684690170397 0.06488000680823204 118
1684690170466 0.06602032996639641 119
1684690170538 0.06720044640050708 120
1684690170610 0.06840746919547604 121
1684690170684 0.06963189875382074 122
1684690170756 0.070867733382359 123
1684690170828 0.07211224612554187 124
1684690170900 0.07336511276256867 125
1684690170972 0.0746276650615154 126
1684690171047 0.07590251610595888 127
1684690171122 0.07717223736524467 128
1684690171196 0.07840339265304812 129
1684690171270 0.07960493380936075 130
1684690171342 0.08079753069679063 131
1684690171414 0.08200251199193971 132
1684690171486 0.0832378006400858 133
1684690171559 0.08451697751024512 134
1684690171633 0.08584990970512987 135
1684690171707 0.08724377062227877 136
1684690171780 0.0887039678868214 137
1684690171853 0.0902349072525904 138
1684690171925 0.09184071418252789 139
1684690171998 0.09352518797630495 140
1684690172072 0.0952923356712302 141
1684690172146 0.09714614060446004 142
1684690172218 0.09909065914329954 143
1684690172289 0.10112994818409482 144
1684690172364 0.10326751457790272 145
1684690172437 0.10551011962058333 146
1684690172511 0.10786257698602333 147
1684690172586 0.11032824619972721 148
1684690172659 0.11290951847439806 149
1684690172734 0.11560832033417079 150
1684690172812 0.11842593663409241 151
1684690172888 0.12136339090863235 152
1684690172962 0.12442125878484762 153
1684690173037 0.12759980853900907 154
1684690173344 0.1308989305539201 155
1684690173466 0.1343182999944272 156
1684690173547 0.13785727737538422 157
1684690173619 0.14151491319444495 158
1684690173692 0.1452902368815487 159
1684690173764 0.1491818585971287 160
1684690173834 0.1531884572204889 161
1684690173904 0.1573084183964997 162
1684690173978 0.16154013164423095 163
1684690174051 0.16588189405168918 164
1684690174124 0.17033199210577668 165
1684690174195 0.17488856240165107 166
1684690174265 0.17954954984193455 167
1684690174335 0.18431301975343392 168
1684690174408 0.18917707759727714 169
1684690174482 0.19413993728538848 170
1684690174553 0.1991996990222088 171
1684690174625 0.20435473059032805 172
1684690174695 0.2096032192451134 173
1684690174769 0.21494343662668897 174
1684690174840 0.2203738550109767 175
1684690174911 0.22589285672291623 176
1684690174985 0.23149891680978102 177
1684690175056 0.23719064587528535 178
1684690175128 0.24296664450921632 179
1684690175201 0.2488256074355442 180
1684690175273 0.25476623666485515 181
1684690175345 0.2607873689344145 182
1684690175415 0.26688792262603456 183
1684690175487 0.27306680705358066 184
1684690175557 0.2793230184944973 185
1684690175634 0.2856555205696618 186
1684690175708 0.29206350131963404 187
1684690175779 0.2985460142393679 188
1684690175849 0.30510235341552505 189
1684690175922 0.3117315506138263 190
1684690175994 0.31843300984627076 191
1684690176064 0.3252059396442846 192
1684690176135 0.3320497553880759 193
1684690176208 0.3389637018677035 194
1684690176281 0.34594709288521325 195
1684690176462 0.3529995746753456 196
1684690176534 0.3601202407777869 197
1684690176605 0.36730863019071947 198
1684690176681 0.37456440007574987 199
1684690176755 0.38188669765797684 200
1684690176826 0.38927516003540696 201
1684690176899 0.3967276384798831 202
1684690176972 0.4042435950291121 203
1684690177045 0.4118228816086683 204
1684690177116 0.41946536486555575 205
1684690177187 0.4271707599207995 206
1684690177262 0.43493876506327056 207
1684690177336 0.4427691121119735 208
1684690177410 0.4506610454575221 209
1684690177483 0.4586143208959756 210
1684690177554 0.46662804112455725 211
1684690177626 0.47470170239070875 212
1684690177698 0.4828345883115142 213
1684690177770 0.49102623417231556 214
1684690177844 0.4992758043594956 215
1684690177915 0.5075826000196685 216
1684690177987 0.515946040109262 217
1684690178060 0.5243652557249334 218
1684690178133 0.5328395381363581 219
1684690178209 0.5413680992619693 220
1684690178282 0.5499500539856597 221
1684690178356 0.5585846157878954 222
1684690178428 0.5672708013940139 223
1684690178501 0.5760078820414746 224
1684690178575 0.5847945232657664 225
1684690178651 0.5936298632878858 226
1684690178726 0.6025129558841608 227
1684690178799 0.6114424362938072 228
1684690178871 0.6204172836671041 229
1684690178943 0.6294360177670741 230
1684690179015 0.6384976853341516 231
1684690179087 0.6476007509740692 232
1684690179161 0.6567439095410047 233
1684690179235 0.6659256270765902 234
1684690179307 0.6751443930341295 235
1684690179380 0.6843987010285331 236
1684690179452 0.6936868640365998 237
1684690179529 0.7030070752946159 238
1684690179602 0.7123577562942652 239
1684690179676 0.7217369339339699 240
1684690179751 0.7311428608903283 241
1684690179823 0.7405735673189134 242
1684690179896 0.750026953818396 243
1684690179971 0.7595011724672112 244
1684690180044 0.7689940599807616 245
1684690180115 0.7785033375426859 246
1684690180187 0.7880269836403665 247
1684690180262 0.7975626635197536 248
1684690180335 0.8071082062851559 249
1684690180407 0.8166612737369672 250
