1684687972585 1.9866112 1
1684687972677 2.0573025 2
1684687972754 2.036871 3
1684687972835 1.9697273 4
1684687972909 1.894507 5
1684687972982 1.8319583 6
1684687973056 1.788368 7
1684687973130 1.7620742 8
1684687973204 1.7483406 9
1684687973279 1.7420903 10
1684687973351 1.7391471 11
1684687973425 1.7366046 12
1684687973500 1.7327472 13
1684687973573 1.7267776 14
1684687973651 1.7185044 15
1684687973726 1.7080717 16
1684687973798 1.6957624 17
1684687973871 1.6818771 18
1684687973944 1.6666732 19
1684687974018 1.650346 20
1684687974092 1.6330342 21
1684687974165 1.6148354 22
1684687974238 1.595824 23
1684687974314 1.5760672 24
1684687974387 1.5556349 25
1684687974464 1.5346043 26
1684687974543 1.5130641 27
1684687974619 1.4911094 28
1684687974697 1.4688408 29
1684687974771 1.4463607 30
1684687974845 1.4237683 31
1684687974918 1.4011567 32
1684687974994 1.378611 33
1684687975066 1.3562064 34
1684687975140 1.3340076 35
1684687975212 1.3120682 36
1684687975288 1.290432 37
1684687975363 1.2691324 38
1684687975436 1.2481953 39
1684687975513 1.2276385 40
1684687975587 1.2074742 41
1684687975661 1.1877091 42
1684687975732 1.1683459 43
1684687975805 1.1493841 44
1684687975876 1.1308212 45
1684687975949 1.1126525 46
1684687976022 1.0948725 47
1684687976097 1.0774747 48
1684687976168 1.0604525 49
1684687976240 1.0437988 50
1684687976315 1.0275074 51
1684687976390 1.0115716 52
1684687976463 0.9959857 53
1684687976535 0.98074365 54
1684687976608 0.96584064 55
1684687976682 0.951272 56
1684687976756 0.9370335 57
1684687976830 0.9231215 58
1684687976902 0.9095327 59
1684687976977 0.89626443 60
1684687977049 0.88331395 61
1684687977125 0.8706793 62
1684687977199 0.85835874 63
1684687977272 0.84635067 64
1684687977345 0.8346537 65
1684687977420 0.82326686 66
1684687977496 0.8121892 67
1684687977568 0.8014201 68
1684687977641 0.79095876 69
1684687977716 0.78080493 70
1684687977790 0.7709582 71
1684687977865 0.761418 72
1684687977938 0.75218433 73
1684687978014 0.743257 74
1684687978088 0.73463583 75
1684687978161 0.7263205 76
1684687978234 0.7183114 77
1684687978309 0.71060807 78
1684687978386 0.70321065 79
1684687978458 0.69611907 80
1684687978535 0.68933326 81
1684687978611 0.6828533 82
1684687978686 0.676679 83
1684687978760 0.6708105 84
1684687978833 0.6652477 85
1684687978909 0.65999055 86
1684687978986 0.65503895 87
1684687979060 0.6503929 88
1684687979134 0.6460525 89
1684687979207 0.64201736 90
1684687979279 0.63828766 91
1684687979353 0.63486326 92
1684687979455 0.631744 93
1684687979530 0.62892985 94
1684687979604 0.6264207 95
1684687979679 0.6242163 96
1684687979753 0.62231666 97
1684687979827 0.62072164 98
1684687979901 0.619431 99
1684687979979 0.61844474 100
1684687980070 0.61776257 101
1684687980148 0.6173843 102
1684687980222 0.61730987 103
1684687980296 0.617539 104
1684687980370 0.61807156 105
1684687980443 0.61890733 106
1684687980516 0.62004614 107
1684687980591 0.62148774 108
1684687980668 0.6232319 109
1684687980742 0.6252784 110
1684687980822 0.6276271 111
1684687980896 0.63027763 112
1684687980970 0.63322985 113
1684687981045 0.63648343 114
1684687981118 0.6400381 115
1684687981192 0.64389354 116
1684687981265 0.6480497 117
1684687981339 0.65250605 118
1684687981412 0.65726244 119
1684687981487 0.66231847 120
1684687981559 0.6676739 121
1684687981633 0.67332834 122
1684687981706 0.6792815 123
1684687981779 0.68553305 124
1684687981854 0.69208264 125
1684687981928 0.6989298 126
1684687982005 0.7060743 127
1684687982080 0.71351564 128
1684687982157 0.7212535 129
1684687982231 0.7292874 130
1684687982303 0.737617 131
1684687982381 0.74624187 132
1684687982454 0.7551614 133
1684687982528 0.7643754 134
1684687982600 0.7738831 135
1684687982676 0.7836842 136
1684687982760 0.79377806 137
1684687982837 0.80416423 138
1684687982912 0.8148421 139
1684687982993 0.82581127 140
1684687983067 0.837071 141
1684687983140 0.8486208 142
1684687983211 0.8604599 143
1684687983283 0.8725878 144
1684687983357 0.8850038 145
1684687983430 0.8977072 146
1684687983505 0.91069746 147
1684687983578 0.92397356 148
1684687983651 0.9375349 149
1684687983722 0.9513809 150
1684687983794 0.9655105 151
1684687983866 0.97992307 152
1684687983939 0.99461764 153
1684687984013 1.0095934 154
1684687984086 1.0248494 155
1684687984161 1.040385 156
1684687984233 1.0561992 157
1684687984306 1.0722909 158
1684687984379 1.0886595 159
1684687984451 1.1053038 160
1684687984525 1.1222228 161
1684687984597 1.1394154 162
1684687984671 1.1568807 163
1684687984744 1.1746174 164
1684687984815 1.1926243 165
1684687985943 1.2109004 166
1684687986019 1.2294443 167
1684687986093 1.2482547 168
1684687986166 1.2673302 169
1684687986241 1.2866697 170
1684687986316 1.3062718 171
1684687986389 1.3261347 172
1684687986462 1.3462572 173
1684687986535 1.3666378 174
1684687986642 1.3872749 175
1684687986716 1.4081668 176
1684687986790 1.4293116 177
1684687986862 1.4507079 178
1684687986935 1.4723539 179
1684687987007 1.4942476 180
1684687987079 1.5163873 181
1684687987152 1.5387707 182
1684687987225 1.5613961 183
1684687987297 1.5842612 184
1684687987371 1.6073639 185
1684687987444 1.6307021 186
1684687987516 1.6542734 187
1684687987589 1.6780754 188
1684687987664 1.702106 189
1684687987742 1.7263622 190
1684687987818 1.7508419 191
1684687987897 1.7755421 192
1684687987970 1.8004603 193
1684687988046 1.8255938 194
1684687988120 1.8509395 195
1684687988209 1.8764946 196
1684687988284 1.9022563 197
1684687988361 1.9282211 198
1684687988435 1.9543861 199
1684687988507 1.9807479 200
1684687988580 2.0073032 201
1684687988653 2.0340493 202
1684687988726 2.0609818 203
1684687988800 2.0880973 204
1684687988873 2.1153927 205
1684687988946 2.1428638 206
1684687989022 2.1705072 207
1684687989097 2.1983185 208
1684687989171 2.2262948 209
1684687989245 2.2544312 210
1684687989316 2.282724 211
1684687989388 2.3111691 212
1684687989463 2.3397622 213
1684687989535 2.3684988 214
1684687989609 2.3973753 215
1684687989685 2.4263866 216
1684687989758 2.4555287 217
1684687989831 2.484797 218
1684687989904 2.5141869 219
1684687989978 2.5436933 220
1684687990051 2.573312 221
1684687990124 2.6030383 222
1684687990196 2.6328673 223
1684687990270 2.6627939 224
1684687990343 2.6928134 225
1684687990416 2.722921 226
1684687990490 2.7531116 227
1684687990562 2.78338 228
1684687990637 2.8137217 229
1684687990710 2.8441305 230
1684687990783 2.8746023 231
1684687990855 2.9051318 232
1684687990926 2.9357135 233
1684687990999 2.9663424 234
1684687991071 2.9970133 235
1684687991141 3.027721 236
1684687991213 3.05846 237
1684687991286 3.089225 238
1684687991357 3.1200118 239
1684687991430 3.1508138 240
1684687991505 3.1816263 241
1684687991578 3.2124443 242
1684687991651 3.2432623 243
1684687991727 3.274075 244
1684687991801 3.3048778 245
1684687991877 3.3356647 246
1684687991950 3.3664315 247
1684687992025 3.3971722 248
1684687992098 3.4278822 249
1684687992174 3.4585567 250
