1684688149667 2.0157733 1
1684688149759 2.0157714 2
1684688149838 1.9123635 3
1684688149915 1.7654846 4
1684688149991 1.6218891 5
1684688150069 1.5038117 6
1684688150143 1.415624 7
1684688150217 1.3528715 8
1684688150292 1.3083352 9
1684688150367 1.2750778 10
1684688150444 1.2476399 11
1684688150520 1.2222853 12
1684688150595 1.1968045 13
1684688150673 1.1701441 14
1684688150752 1.1425967 15
1684688150825 1.1142204 16
1684688150912 1.0850946 17
1684688150988 1.0553397 18
1684688151061 1.0251026 19
1684688151138 0.9945389 20
1684688151215 0.96380496 21
1684688151289 0.9330543 22
1684688151361 0.9024386 23
1684688151433 0.87210834 24
1684688151505 0.8422128 25
1684688151578 0.8130511 26
1684688151666 0.78473544 27
1684688151739 0.75732875 28
1684688151813 0.7308854 29
1684688151886 0.70546144 30
1684688151958 0.6811122 31
1684688152032 0.65788656 32
1684688152106 0.63582295 33
1684688152181 0.6149455 34
1684688152253 0.59526354 35
1684688152325 0.57677233 36
1684688152400 0.5594545 37
1684688152473 0.54328203 38
1684688152548 0.52821887 39
1684688152623 0.51422286 40
1684688152696 0.5012479 41
1684688152770 0.48924485 42
1684688152843 0.47816363 43
1684688152918 0.46795368 44
1684688152990 0.4585647 45
1684688153064 0.44994715 46
1684688153139 0.4420529 47
1684688153214 0.43483514 48
1684688153287 0.42824864 49
1684688153362 0.42225015 50
1684688153436 0.4167982 51
1684688153509 0.41185316 52
1684688153592 0.40737763 53
1684688153665 0.4033361 54
1684688153737 0.3996952 55
1684688153816 0.39642358 56
1684688153893 0.3934921 57
1684688153965 0.39087367 58
1684688154038 0.38854343 59
1684688154111 0.38647848 60
1684688154185 0.38465834 61
1684688154258 0.3830645 62
1684688154331 0.38168117 63
1684688154405 0.38049448 64
1684688154476 0.37949288 65
1684688154550 0.37866616 66
1684688154623 0.37800604 67
1684688154695 0.37750527 68
1684688154769 0.3771581 69
1684688154842 0.37695977 70
1684688154914 0.3769065 71
1684688154986 0.37699538 72
1684688155059 0.377224 73
1684688155134 0.37759024 74
1684688155207 0.3780921 75
1684688155283 0.3787278 76
1684688155356 0.37949505 77
1684688155428 0.38039178 78
1684688155501 0.38141534 79
1684688155575 0.3825628 80
1684688155648 0.38383096 81
1684688155723 0.38521647 82
1684688155797 0.3867154 83
1684688155870 0.38832384 84
1684688155942 0.39003742 85
1684688156015 0.3918517 86
1684688156092 0.39376205 87
1684688156167 0.3957637 88
1684688156242 0.3978518 89
1684688156314 0.40002134 90
1684688156387 0.40226737 91
1684688156459 0.40458474 92
1684688156530 0.40696892 93
1684688156603 0.40941483 94
1684688156677 0.4119173 95
1684688156750 0.4144718 96
1684688156823 0.41707343 97
1684688156897 0.41971692 98
1684688156970 0.4223975 99
1684688157041 0.42511022 100
1684688157116 0.42785054 101
1684688157188 0.43061405 102
1684688157260 0.43339646 103
1684688157335 0.43619353 104
1684688157412 0.43900138 105
1684688157486 0.44181615 106
1684688157561 0.44463396 107
1684688157634 0.44745135 108
1684688157706 0.45026574 109
1684688157779 0.4530754 110
1684688157852 0.4558804 111
1684688157927 0.458682 112
1684688158001 0.4614815 113
1684688158073 0.462489 114
1684688158147 0.4628658 115
1684688158219 0.46345222 116
1684688158290 0.46427143 117
1684688158362 0.46534377 118
1684688158435 0.46668223 119
1684688158507 0.46829334 120
1684688158580 0.47017926 121
1684688158653 0.47233966 122
1684688158726 0.47477356 123
1684688158801 0.47747958 124
1684688158874 0.4804563 125
1684688158951 0.4837024 126
1684688159035 0.48721644 127
1684688159115 0.49099696 128
1684688159188 0.49504218 129
1684688159263 0.49934983 130
1684688159335 0.50365007 131
1684688159515 0.5063366 132
1684688159589 0.50934684 133
1684688159664 0.5125797 134
1684688159738 0.5159272 135
1684688159812 0.5193029 136
1684688159885 0.5226498 137
1684688159961 0.52593946 138
1684688160038 0.5291661 139
1684688160110 0.5323403 140
1684688160182 0.5354824 141
1684688160254 0.5386175 142
1684688160325 0.5417721 143
1684688160398 0.544972 144
1684688160469 0.5482407 145
1684688160541 0.5516 146
1684688160616 0.5550692 147
1684688160690 0.5586665 148
1684688160806 0.5623669 149
1684688160880 0.56618303 150
1684688160952 0.57013965 151
1684688161024 0.57426333 152
1684688161097 0.57857794 153
1684688161169 0.58310694 154
1684688161242 0.58786654 155
1684688161314 0.59286875 156
1684688161390 0.59812325 157
1684688161463 0.60363877 158
1684688161536 0.60942304 159
1684688161609 0.6154833 160
1684688161682 0.62182605 161
1684688161755 0.628457 162
1684688161829 0.63538086 163
1684688161901 0.64260125 164
1684688161975 0.65012 165
1684688162048 0.6579238 166
1684688162127 0.66598207 167
1684688162204 0.6742526 168
1684688162279 0.6754742 169
1684688162352 0.67595834 170
1684688162427 0.6764245 171
1684688162502 0.6768744 172
1684688162575 0.67730933 173
1684688162651 0.6777303 174
1684688162723 0.67813826 175
1684688162842 0.67853403 176
1684688162916 0.6789178 177
1684688162986 0.6792903 178
1684688163058 0.6796518 179
1684688163129 0.6800028 180
1684688163201 0.68034375 181
1684688163281 0.68067515 182
1684688163359 0.68099755 183
1684688163433 0.68131167 184
1684688163505 0.681618 185
1684688163577 0.6819174 186
1684688163649 0.68221045 187
1684688163723 0.68249786 188
1684688163798 0.6827804 189
1684688163871 0.68305844 190
1684688163944 0.6833329 191
1684688164019 0.68360424 192
1684688164092 0.6838732 193
1684688164162 0.6841401 194
1684688164234 0.68440557 195
1684688164308 0.6846702 196
1684688164379 0.6849344 197
1684688164451 0.68519866 198
1684688164522 0.68546337 199
1684688164594 0.685729 200
1684688164667 0.68599623 201
1684688164739 0.6862658 202
1684688164816 0.6865387 203
1684688164889 0.68681574 204
1684688164963 0.68709755 205
1684688165035 0.68738467 206
1684688165108 0.6876774 207
1684688165181 0.687976 208
1684688165256 0.6882804 209
1684688165329 0.6885909 210
1684688165402 0.6889074 211
1684688165473 0.68922997 212
1684688165546 0.6895586 213
1684688165616 0.6898935 214
1684688165688 0.6902344 215
1684688165761 0.6905817 216
1684688165835 0.6909351 217
1684688165908 0.6912947 218
1684688165981 0.6916607 219
1684688166054 0.69203293 220
1684688166126 0.6924114 221
1684688166202 0.69279623 222
1684688166281 0.6931872 223
1684688166356 0.6935845 224
1684688166430 0.6939888 225
1684688166503 0.69440037 226
1684688166575 0.69481987 227
1684688166645 0.69524765 228
1684688166715 0.6956837 229
1684688166787 0.69612813 230
1684688166862 0.6965809 231
1684688166933 0.69704145 232
1684688167007 0.6975099 233
1684688167079 0.69798577 234
1684688167159 0.6984688 235
1684688167236 0.6989588 236
1684688167310 0.6994557 237
1684688167386 0.69995904 238
1684688167462 0.7004688 239
1684688167536 0.7009847 240
1684688167610 0.70150673 241
1684688167680 0.7020347 242
1684688167751 0.7025683 243
1684688167828 0.7031075 244
1684688167900 0.70365214 245
1684688167976 0.70420206 246
1684688168050 0.70475703 247
1684688168123 0.7053169 248
1684688168199 0.7058817 249
1684688168273 0.7064511 250
