1684686951034 2.0713425 1
1684686951115 2.1431506 2
1684686951188 2.1200662 3
1684686951262 2.0483546 4
1684686951338 1.9682004 5
1684686951416 1.9012103 6
1684686951491 1.8539522 7
1684686951564 1.8247037 8
1684686951638 1.8085259 9
1684686951711 1.8001227 10
1684686951788 1.7951387 11
1684686951865 1.7905471 12
1684686951939 1.7845662 13
1684686952015 1.7763727 14
1684686952091 1.7657752 15
1684686952166 1.7529312 16
1684686952240 1.7381421 17
1684686952311 1.7217264 18
1684686952386 1.7039562 19
1684686952462 1.6850386 20
1684686952537 1.6651208 21
1684686952611 1.644305 22
1684686952684 1.6226729 23
1684686952758 1.6002973 24
1684686952832 1.5772539 25
1684686952909 1.5536256 26
1684686952988 1.529504 27
1684686953060 1.5049891 28
1684686953135 1.4801853 29
1684686953210 1.4551975 30
1684686953286 1.4301269 31
1684686953362 1.4050684 32
1684686953436 1.3801081 33
1684686953509 1.3553209 34
1684686953582 1.330772 35
1684686953656 1.3065152 36
1684686953728 1.2825936 37
1684686953800 1.2590413 38
1684686953878 1.2358831 39
1684686953951 1.2131367 40
1684686954025 1.1908131 41
1684686954099 1.1689181 42
1684686954171 1.1474535 43
1684686954246 1.1264174 44
1684686954324 1.105806 45
1684686954399 1.0856128 46
1684686954479 1.0658312 47
1684686954563 1.046453 48
1684686954640 1.02747 49
1684686954716 1.0088742 50
1684686954789 0.990657 51
1684686954865 0.97281086 52
1684686954939 0.95532835 53
1684686955010 0.93820226 54
1684686955083 0.9214262 55
1684686955157 0.90499425 56
1684686955230 0.888901 57
1684686955302 0.8731415 58
1684686955378 0.85771143 59
1684686955452 0.84260666 60
1684686955526 0.82782376 61
1684686955601 0.8133595 62
1684686955676 0.79921126 63
1684686955750 0.7853765 64
1684686955824 0.77185297 65
1684686955898 0.7586388 66
1684686955972 0.7457323 67
1684686956046 0.733132 68
1684686956119 0.7208366 69
1684686956194 0.7088446 70
1684686956266 0.69715536 71
1684686956341 0.68576765 72
1684686956416 0.67468065 73
1684686956491 0.6638936 74
1684686956565 0.65340567 75
1684686956638 0.6432162 76
1684686956712 0.6333245 77
1684686956785 0.62372994 78
1684686956858 0.614432 79
1684686956936 0.6054298 80
1684686957012 0.5967231 81
1684686957090 0.58831096 82
1684686957165 0.5801929 83
1684686957240 0.5723684 84
1684686957314 0.5648368 85
1684686957389 0.5575974 86
1684686957483 0.5506495 87
1684686957671 0.5439926 88
1684686957753 0.5376258 89
1684686957838 0.5315485 90
1684686957926 0.52576005 91
1684686958008 0.5202595 92
1684686958089 0.5150461 93
1684686958170 0.5101268 94
1684686958261 0.5055 95
1684686958341 0.5011621 96
1684686958418 0.4971096 97
1684686958493 0.4933396 98
1684686958569 0.48985952 99
1684686958644 0.48666677 100
1684686958724 0.48375678 101
1684686958802 0.4811253 102
1684686958879 0.47876918 103
1684686958955 0.47668603 104
1684686959029 0.4748743 105
1684686959103 0.47333276 106
1684686959177 0.4720648 107
1684686959253 0.4710685 108
1684686959326 0.47034097 109
1684686959400 0.4698794 110
1684686959477 0.4696836 111
1684686959550 0.46975112 112
1684686959624 0.4700786 113
1684686959698 0.4706626 114
1684686959974 0.47150055 115
1684686960069 0.47259054 116
1684686960143 0.47393134 117
1684686960222 0.4755221 118
1684686960296 0.4773623 119
1684686960370 0.47945154 120
1684686960455 0.4817892 121
1684686960530 0.48437467 122
1684686960608 0.4872071 123
1684686960688 0.49028552 124
1684686960765 0.49360862 125
1684686960928 0.49717507 126
1684686961113 0.50098336 127
1684686961236 0.5050317 128
1684686961312 0.5093186 129
1684686961385 0.5138638 130
1684686961458 0.5186637 131
1684686961530 0.52370965 132
1684686961602 0.5289934 133
1684686961687 0.5345084 134
1684686961769 0.5402498 135
1684686961850 0.54621375 136
1684686961932 0.5523973 137
1684686962016 0.55879766 138
1684686962098 0.56541204 139
1684686962184 0.5722376 140
1684686962268 0.57927144 141
1684686962343 0.5865105 142
1684686962419 0.59395134 143
1684686962496 0.6016034 144
1684686962574 0.6094623 145
1684686962674 0.6175213 146
1684686962761 0.6257738 147
1684686962834 0.6342145 148
1684686962910 0.642839 149
1684686962983 0.6516435 150
1684686963058 0.6606245 151
1684686963132 0.6697784 152
1684686963204 0.6791019 153
1684686963278 0.68859124 154
1684686963351 0.6982298 155
1684686963427 0.7080128 156
1684686963503 0.71793973 157
1684686963575 0.7280101 158
1684686963650 0.7382231 159
1684686963724 0.74857676 160
1684686963804 0.7590687 161
1684686963879 0.7696955 162
1684686963953 0.78045374 163
1684686964030 0.7913393 164
1684686964108 0.80234826 165
1684686964182 0.81347674 166
1684686964258 0.82472074 167
1684686964336 0.8360761 168
1684686964410 0.8475391 169
1684686964485 0.8591058 170
1684686964558 0.8707723 171
1684686964632 0.8825347 172
1684686964706 0.89438915 173
1684686964783 0.9063317 174
1684686964872 0.9183587 175
1684686964957 0.9304439 176
1684686965031 0.94258225 177
1684686965105 0.95477533 178
1684686965179 0.9670249 179
1684686965259 0.97933215 180
1684686965333 0.9916964 181
1684686965409 1.0041157 182
1684686965492 1.0165868 183
1684686965568 1.0291061 184
1684686965648 1.0416696 185
1684686965724 1.0542729 186
1684686965800 1.0669117 187
1684686965877 1.0795817 188
1684686965953 1.0922793 189
1684686966030 1.1050003 190
1684686966104 1.1177415 191
1684686966195 1.1304994 192
1684686966272 1.1432706 193
1684686966348 1.1560518 194
1684686966427 1.1688392 195
1684686966505 1.1816294 196
1684686966583 1.194419 197
1684686966658 1.207204 198
1684686966733 1.219981 199
1684686966807 1.2327464 200
1684686966880 1.2454964 201
1684686966953 1.2582276 202
1684686967025 1.2709366 203
1684686967102 1.2836199 204
1684686967176 1.296274 205
1684686967248 1.3088956 206
1684686967322 1.3214815 207
1684686967394 1.3340282 208
1684686967468 1.3465328 209
1684686967541 1.3589919 210
1684686967618 1.3714025 211
1684686967691 1.3837619 212
1684686967766 1.3960667 213
1684686967840 1.4083139 214
1684686968044 1.4205012 215
1684686968236 1.4326258 216
1684686968323 1.4446845 217
1684686968398 1.4566755 218
1684686968472 1.4686079 219
1684686968545 1.4804806 220
1684686968620 1.4922893 221
1684686968712 1.504031 222
1684686968788 1.5157019 223
1684686968865 1.5273001 224
1684686968939 1.5388234 225
1684686969014 1.5502691 226
1684686969089 1.5616357 227
1684686969163 1.5729206 228
1684686969237 1.5841212 229
1684686969315 1.5952358 230
1684686969388 1.606262 231
1684686969461 1.6171978 232
1684686969537 1.6280411 233
1684686969610 1.6387907 234
1684686969685 1.6494448 235
1684686969759 1.6600018 236
1684686969836 1.6704601 237
1684686969913 1.680819 238
1684686969990 1.691077 239
1684686970064 1.7012328 240
1684686970137 1.7112856 241
1684686970213 1.7212342 242
1684686970285 1.731078 243
1684686970362 1.7408159 244
1684686970438 1.750447 245
1684686970519 1.759971 246
1684686970595 1.769387 247
1684686970669 1.7786945 248
1684686970749 1.7878932 249
1684686970835 1.7969823 250
