1684298411696 12.59009 1
1684298411771 13.247454 2
1684298411843 14.301609 3
1684298411915 15.849318 4
1684298411983 17.87576 5
1684298412055 20.195204 6
1684298412127 22.483778 7
1684298412199 24.442516 8
1684298412267 25.915009 9
1684298412339 26.867838 10
1684298412407 27.342651 11
1684298412475 27.409893 12
1684298412543 27.139748 13
1684298412611 26.590553 14
1684298412686 25.8097 15
1684298412758 24.840046 16
1684298412826 23.726017 17
1684298412894 22.517109 18
1684298412962 21.269049 19
1684298413038 20.04741 20
1684298413108 18.92833 21
1684298413179 17.958282 22
1684298413251 17.151556 23
1684298413319 16.501667 24
1684298413387 15.989922 25
1684298413459 15.59212 26
1684298413527 15.285123 27
1684298413595 15.0446 28
1684298413667 14.853386 29
1684298413735 14.697914 30
1684298413803 14.562375 31
1684298413871 14.360359 32
1684298413943 14.020081 33
1684298414011 13.512762 34
1684298414079 12.844005 35
1684298414147 12.045155 36
1684298414215 11.160633 37
1684298414287 10.237083 38
1684298414355 9.316095 39
1684298414423 8.430172 40
1684298414495 7.60114 41
1684298414562 6.840379 42
1684298414634 6.1505737 43
1684298414706 5.529002 44
1684298414778 4.9734335 45
1684298414846 4.48946 46
1684298414918 4.084215 47
1684298414986 3.756882 48
1684298415054 3.5000145 49
1684298415122 3.3025024 50
1684298415190 3.1526012 51
1684298415258 3.0399127 52
1684298415332 2.9561322 53
1684298415397 2.8949838 54
1684298415469 2.8518097 55
1684298415541 2.8231194 56
1684298415613 2.8062248 57
1684298415677 2.7989888 58
1684298415745 2.7996666 59
1684298415813 2.8068109 60
1684298415881 2.8192155 61
1684298415951 2.835878 62
1684298416022 2.8559651 63
1684298416090 2.8787868 64
1684298416158 2.9037693 65
1684298416230 2.9304342 66
1684298416299 2.9583817 67
1684298416367 2.98728 68
1684298416435 3.0168576 69
1684298416507 3.0468957 70
1684298416575 3.0772321 71
1684298416642 3.1077573 72
1684298416714 3.1384234 73
1684298416782 3.1692498 74
1684298416854 3.2003226 75
1684298416922 3.2317886 76
1684298416990 3.263843 77
1684298417062 3.2967079 78
1684298417129 3.3306127 79
1684298417199 3.365771 80
1684298417280 3.4023638 81
1684298417356 3.4405265 82
1684298417424 3.4803445 83
1684298417496 3.521851 84
1684298417560 3.5650342 85
1684298417628 3.609845 86
1684298417700 3.6562066 87
1684298417768 3.7040262 88
1684298417840 3.7532034 89
1684298417908 3.8036413 90
1684298417972 3.8552508 91
1684298418044 3.9079611 92
1684298418116 3.9617214 93
1684298418184 4.01651 94
1684298418252 4.0723333 95
1684298418324 4.1292286 96
1684298418392 4.1872644 97
1684298418463 4.246535 98
1684298418559 4.3071556 99
1684298418626 4.369254 100
1684298418694 4.43296 101
1684298418810 4.4983964 102
1684298418878 4.56567 103
1684298418946 4.6348686 104
1684298419018 4.706053 105
1684298419086 4.7792625 106
1684298419162 4.854512 107
1684298419238 4.931796 108
1684298419306 5.0110927 109
1684298419376 5.0923696 110
1684298419449 5.1755886 111
1684298419517 5.2607093 112
1684298419585 5.347696 113
1684298419657 5.4365196 114
1684298419725 5.5271635 115
1684298419793 5.61962 116
1684298419861 5.7138953 117
1684298419929 5.810008 118
1684298419997 5.907989 119
1684298420065 6.0078783 120
1684298420133 6.109723 121
1684298420201 6.2135715 122
1684298420269 6.3194566 123
1684298420337 6.427378 124
1684298420409 6.537295 125
1684298420477 6.6491323 126
1684298420545 6.7627935 127
1684298420613 6.878175 128
1684298420681 6.995167 129
1684298420749 7.113656 130
1684298420824 7.233511 131
1684298420894 7.354556 132
1684298420962 7.4765873 133
1684298421030 7.599409 134
1684298421098 7.7227716 135
1684298421166 7.8461094 136
1684298421234 7.9685216 137
1684298421310 8.089159 138
1684298421378 8.207346 139
1684298421450 8.322674 140
1684298421526 8.4350605 141
1684298421598 8.544825 142
1684298421666 8.652693 143
1684298421738 8.759805 144
1684298421810 8.867601 145
1684298421878 8.977541 146
1684298421950 9.090765 147
1684298422018 9.207951 148
1684298422086 9.329337 149
1684298422154 9.454805 150
1684298422222 9.583988 151
1684298422290 9.7163515 152
1684298422358 9.851252 153
1684298422426 9.987951 154
1684298422494 10.125591 155
1684298422562 10.263109 156
1684298422630 10.399225 157
1684298422698 10.532587 158
1684298422766 10.662054 159
1684298422838 10.786982 160
1684298422906 10.907433 161
1684298422974 11.024242 162
1684298423046 11.138885 163
1684298423114 11.253121 164
1684298423194 11.368616 165
1684298423266 11.486652 166
1684298423334 11.608045 167
1684298423406 11.733119 168
1684298423474 11.861789 169
1684298423546 11.993614 170
1684298423617 12.127867 171
1684298423685 12.26355 172
1684298423757 12.399396 173
1684298423825 12.533836 174
1684298423893 12.665032 175
1684298423966 12.791038 176
1684298424034 12.91016 177
1684298424102 13.021402 178
1684298424178 13.12479 179
1684298424246 13.221468 180
1684298424314 13.313463 181
1684298424382 13.403236 182
1684298424450 13.493187 183
1684298424518 13.585293 184
1684298424590 13.680922 185
1684298424662 13.780778 186
1684298424730 13.884949 187
1684298424798 13.992989 188
1684298424866 14.104 189
1684298424934 14.216721 190
1684298425002 14.329582 191
1684298425074 14.4407835 192
1684298425142 14.548392 193
1684298425210 14.650532 194
1684298425282 14.745647 195
1684298425350 14.832814 196
1684298425418 14.91197 197
1684298425486 14.983976 198
1684298425686 15.050465 199
1684298425818 15.113537 200
1684298425894 15.1753845 201
1684298425962 15.23798 202
1684298426030 15.30285 203
1684298426106 15.370973 204
1684298426175 15.442774 205
1684298426245 15.518162 206
1684298426313 15.596604 207
1684298426381 15.67723 208
1684298426456 15.758905 209
1684298426524 15.840338 210
1684298426596 15.920182 211
1684298426664 15.997155 212
1684298426734 16.070179 213
1684298426802 16.138515 214
1684298426870 16.201874 215
1684298427068 16.260468 216
1684298427207 16.314974 217
1684298427287 16.366428 218
1684298427363 16.416063 219
1684298427431 16.465137 220
1684298427499 16.514778 221
1684298427567 16.565865 222
1684298427635 16.618965 223
1684298427707 16.67432 224
1684298427775 16.73185 225
1684298427847 16.791206 226
1684298427911 16.85183 227
1684298427983 16.913008 228
1684298428051 16.97396 229
1684298428119 17.033913 230
1684298428188 17.092178 231
1684298428260 17.148226 232
1684298428328 17.201742 233
1684298428396 17.252666 234
1684298428464 17.301195 235
1684298428532 17.347748 236
1684298428600 17.392918 237
1684298428668 17.437378 238
1684298428736 17.48183 239
1684298428808 17.526894 240
1684298428876 17.573067 241
1684298428948 17.620682 242
1684298429016 17.669884 243
1684298429088 17.720642 244
1684298429152 17.772755 245
1684298429224 17.825886 246
1684298429292 17.879612 247
1684298429360 17.933456 248
1684298429428 17.986938 249
1684298429496 18.039623 250
