1684298065875 10.338902 1
1684298065947 10.864401 2
1684298066023 11.988417 3
1684298066095 13.780743 4
1684298066163 15.989965 5
1684298066235 18.179482 6
1684298066303 19.898527 7
1684298066367 20.838028 8
1684298066435 20.872274 9
1684298066503 20.05741 10
1684298066571 18.630703 11
1684298066639 16.928133 12
1684298066707 15.237423 13
1684298066775 13.738836 14
1684298066843 12.50606 15
1684298066915 11.5432005 16
1684298066983 10.81842 17
1684298067051 10.287252 18
1684298067119 9.905055 19
1684298067267 9.632095 20
1684298067335 9.434612 21
1684298067407 9.284495 22
1684298067475 9.153698 23
1684298067543 8.986704 24
1684298067611 8.752828 25
1684298067683 8.441858 26
1684298067755 8.06028 27
1684298067821 7.624565 28
1684298067889 7.155554 29
1684298067957 6.6744957 30
1684298068029 6.1987963 31
1684298068097 5.7412443 32
1684298068169 5.316558 33
1684298068237 4.9368277 34
1684298068309 4.604372 35
1684298068381 4.3174543 36
1684298068445 4.071808 37
1684298068517 3.8578207 38
1684298068585 3.6685739 39
1684298068653 3.5050669 40
1684298068725 3.3658457 41
1684298068793 3.2486906 42
1684298068857 3.1503568 43
1684298068929 3.0650399 44
1684298068997 2.986295 45
1684298069065 2.9057856 46
1684298069133 2.8158398 47
1684298069205 2.713195 48
1684298069269 2.5989137 49
1684298069341 2.4769921 50
1684298069409 2.352158 51
1684298069485 2.2286088 52
1684298069561 2.1095996 53
1684298069629 1.9976885 54
1684298069697 1.8948733 55
1684298069765 1.8025029 56
1684298069837 1.721281 57
1684298069905 1.6513892 58
1684298069973 1.5926094 59
1684298070041 1.5443999 60
1684298070109 1.5059494 61
1684298070177 1.476263 62
1684298070245 1.4543045 63
1684298070313 1.4391356 64
1684298070381 1.4299839 65
1684298070465 1.4262103 66
1684298070537 1.4272316 67
1684298070605 1.432473 68
1684298070673 1.4413502 69
1684298070745 1.4532568 70
1684298070813 1.4675329 71
1684298070885 1.4834218 72
1684298070953 1.500041 73
1684298071021 1.5164471 74
1684298071089 1.5318202 75
1684298071157 1.5456051 76
1684298071232 1.5574834 77
1684298071300 1.5672218 78
1684298071368 1.5744969 79
1684298071440 1.578837 80
1684298071508 1.5797701 81
1684298071579 1.5770988 82
1684298071643 1.5711439 83
1684298071715 1.5628216 84
1684298071783 1.553521 85
1684298071855 1.5448418 86
1684298071923 1.5383384 87
1684298071991 1.5353534 88
1684298072059 1.536933 89
1684298072132 1.543788 90
1684298072205 1.5562874 91
1684298072277 1.5744779 92
1684298072341 1.5981323 93
1684298072409 1.6268135 94
1684298072617 1.6599417 95
1684298072802 1.6968563 96
1684298072902 1.7368724 97
1684298072970 1.7793249 98
1684298073046 1.8235995 99
1684298073114 1.8691511 100
1684298073185 1.9155071 101
1684298073255 1.9622642 102
1684298073323 2.0090842 103
1684298073447 2.0556927 104
1684298073515 2.1018841 105
1684298073583 2.147533 106
1684298073651 2.192599 107
1684298073719 2.2371366 108
1684298073787 2.2812853 109
1684298073859 2.325257 110
1684298073927 2.3693137 111
1684298073995 2.4137385 112
1684298074067 2.4588075 113
1684298074135 2.504764 114
1684298074203 2.5517993 115
1684298074271 2.6000366 116
1684298074339 2.6495335 117
1684298074407 2.7002814 118
1684298074475 2.7522142 119
1684298074543 2.8052232 120
1684298074611 2.8591695 121
1684298074679 2.913899 122
1684298074747 2.9692526 123
1684298074815 3.0250795 124
1684298074887 3.0812423 125
1684298074955 3.1376247 126
1684298075027 3.1941364 127
1684298075099 3.2507153 128
1684298075167 3.3073285 129
1684298075251 3.3639748 130
1684298075322 3.4206786 131
1684298075390 3.477488 132
1684298075458 3.5344706 133
1684298075526 3.5917048 134
1684298075598 3.649276 135
1684298075662 3.7072678 136
1684298075730 3.7657576 137
1684298075802 3.8248122 138
1684298075873 3.8844824 139
1684298075946 3.944803 140
1684298076015 4.005789 141
1684298076084 4.0674353 142
1684298076155 4.1297193 143
1684298076223 4.192599 144
1684298076295 4.2560167 145
1684298076369 4.3199024 146
1684298076436 4.384177 147
1684298076505 4.4487543 148
1684298076575 4.513548 149
1684298076643 4.578473 150
1684298076715 4.643454 151
1684298076787 4.7084255 152
1684298076855 4.7733364 153
1684298076925 4.8381543 154
1684298076993 4.902864 155
1684298077063 4.96747 156
1684298077142 5.031994 157
1684298077212 5.0964694 158
1684298077280 5.160942 159
1684298077350 5.225462 160
1684298077425 5.2900753 161
1684298077493 5.354825 162
1684298077561 5.419742 163
1684298077644 5.4848423 164
1684298077718 5.550128 165
1684298077789 5.615583 166
1684298077858 5.6811757 167
1684298077926 5.7468653 168
1684298077995 5.812599 169
1684298078063 5.878322 170
1684298078133 5.943979 171
1684298078202 6.0095196 172
1684298078273 6.074903 173
1684298078342 6.1400995 174
1684298078410 6.205091 175
1684298078481 6.2698727 176
1684298078550 6.334453 177
1684298078623 6.3988457 178
1684298078691 6.46307 179
1684298078758 6.527148 180
1684298078828 6.591099 181
1684298078898 6.6549377 182
1684298078968 6.71867 183
1684298079037 6.7822943 184
1684298079105 6.8458014 185
1684298079172 6.909173 186
1684298079239 6.972387 187
1684298079335 7.0354185 188
1684298079403 7.098241 189
1684298079476 7.160834 190
1684298079544 7.223181 191
1684298079615 7.2852707 192
1684298079684 7.347103 193
1684298079750 7.4086833 194
1684298079820 7.4700236 195
1684298079887 7.5311403 196
1684298079953 7.5920553 197
1684298080025 7.6527867 198
1684298080095 7.7133527 199
1684298080166 7.7737646 200
1684298080234 7.8340297 201
1684298080302 7.894145 202
1684298080369 7.9541035 203
1684298080440 8.013889 204
1684298080508 8.073481 205
1684298080575 8.132856 206
1684298080644 8.191996 207
1684298080712 8.250878 208
1684298080779 8.309486 209
1684298080848 8.367813 210
1684298080917 8.425855 211
1684298080986 8.483618 212
1684298081061 8.541115 213
1684298081126 8.598362 214
1684298081194 8.655379 215
1684298081262 8.712189 216
1684298081330 8.76881 217
1684298081394 8.825261 218
1684298081462 8.881555 219
1684298081530 8.937695 220
1684298081598 8.993683 221
1684298081666 9.049515 222
1684298081734 9.105179 223
1684298081802 9.160663 224
1684298081870 9.215951 225
1684298081938 9.271028 226
1684298082006 9.325879 227
1684298082074 9.380494 228
1684298082146 9.434867 229
1684298082214 9.488995 230
1684298082288 9.54288 231
1684298082357 9.59653 232
1684298082426 9.649954 233
1684298082494 9.703165 234
1684298082566 9.756178 235
1684298082634 9.809006 236
1684298082701 9.861658 237
1684298082773 9.9141445 238
1684298082841 9.966473 239
1684298082913 10.018643 240
1684298082977 10.070658 241
1684298083045 10.122512 242
1684298083113 10.174201 243
1684298083181 10.225716 244
1684298083249 10.277054 245
1684298083321 10.328204 246
1684298083389 10.379165 247
1684298083457 10.429932 248
1684298083525 10.480505 249
1684298083593 10.530884 250
