1684299410881 12.733986 1
1684299410967 13.518579 2
1684299411046 14.962469 3
1684299411127 17.205706 4
1684299411204 19.710835 5
1684299411282 22.199131 6
1684299411359 24.427298 7
1684299411439 26.260191 8
1684299411515 28.326756 9
1684299411593 30.461687 10
1684299411671 32.0138 11
1684299411753 33.08633 12
1684299411830 33.79022 13
1684299411912 34.22004 14
1684299411990 34.448486 15
1684299412066 34.52986 16
1684299412146 34.50652 17
1684299412225 34.413387 18
1684299412301 34.277534 19
1684299412380 34.1182 20
1684299412474 33.94721 21
1684299412553 33.76969 22
1684299412629 33.585583 23
1684299412706 33.391308 24
1684299412784 33.18506 25
1684299412861 32.97332 26
1684299412943 32.75856 27
1684299413021 32.541748 28
1684299413096 32.32147 29
1684299413173 32.098568 30
1684299413250 31.874994 31
1684299413327 31.650272 32
1684299413395 31.420937 33
1684299413475 31.180622 34
1684299413554 30.923988 35
1684299413622 30.648727 36
1684299413691 30.33661 37
1684299413764 29.92867 38
1684299413834 29.381393 39
1684299413902 28.675472 40
1684299413971 27.820057 41
1684299414039 26.855116 42
1684299414109 25.841301 43
1684299414179 24.992966 44
1684299414249 24.522253 45
1684299414321 24.020367 46
1684299414390 23.492441 47
1684299414462 22.953066 48
1684299414533 22.420164 49
1684299414603 21.909758 50
1684299414673 21.433361 51
1684299414744 20.997492 52
1684299414813 20.603697 53
1684299414883 20.249168 54
1684299414955 19.92883 55
1684299415025 19.638418 56
1684299415094 19.376148 57
1684299415163 19.141087 58
1684299415232 18.931372 59
1684299415306 18.74358 60
1684299415375 18.57264 61
1684299415445 18.412155 62
1684299415515 18.255043 63
1684299415583 18.094294 64
1684299415655 17.923557 65
1684299415726 17.737314 66
1684299415795 17.530666 67
1684299415866 17.299547 68
1684299415935 17.042084 69
1684299416005 16.76005 70
1684299416079 16.45868 71
1684299416149 16.14507 72
1684299416218 15.826471 73
1684299416289 15.509159 74
1684299416358 15.197878 75
1684299416427 14.895739 76
1684299416497 14.604304 77
1684299416566 14.323763 78
1684299416635 14.053049 79
1684299416705 13.78992 80
1684299416776 13.531069 81
1684299416845 13.272404 82
1684299416916 13.009534 83
1684299416986 12.738424 84
1684299417056 12.455996 85
1684299417129 12.160538 86
1684299417199 11.851826 87
1684299417271 11.531032 88
1684299417340 11.200644 89
1684299417411 10.864433 90
1684299417480 10.527376 91
1684299417552 10.426703 92
1684299417627 10.375897 93
1684299417696 10.323599 94
1684299417767 10.270099 95
1684299417836 10.215747 96
1684299417910 10.16088 97
1684299418209 10.10577 98
1684299418359 10.050597 99
1684299418479 9.995438 100
1684299418548 9.94026 101
1684299418617 9.884943 102
1684299418687 9.829271 103
1684299418758 9.772964 104
1684299418826 9.715689 105
1684299418894 9.657111 106
1684299418962 9.596951 107
1684299419037 9.535061 108
1684299419107 9.471493 109
1684299419177 9.406531 110
1684299419245 9.34069 111
1684299419532 9.274651 112
1684299419750 9.209195 113
1684299419850 9.145108 114
1684299419928 9.083109 115
1684299419999 9.0238 116
1684299420071 8.96764 117
1684299420139 8.914951 118
1684299420211 8.865936 119
1684299420281 8.8207245 120
1684299420352 8.858561 121
1684299420423 8.980408 122
1684299420495 9.102489 123
1684299420566 9.225221 124
1684299420636 9.348925 125
1684299420706 9.473795 126
1684299420776 9.5998955 127
1684299420846 9.727165 128
1684299420916 9.855449 129
1684299420986 9.984518 130
1684299421056 10.114101 131
1684299421127 10.24391 132
1684299421195 10.373655 133
1684299421267 10.503078 134
1684299421336 10.631968 135
1684299421404 10.760178 136
1684299421476 10.887653 137
1684299421545 11.014438 138
1684299421627 11.140665 139
1684299421698 11.266546 140
1684299421774 11.392336 141
1684299421843 11.518301 142
1684299421912 11.644674 143
1684299421981 11.771639 144
1684299422050 11.899298 145
1684299422119 12.027678 146
1684299422190 12.156733 147
1684299422261 12.286352 148
1684299422330 12.416384 149
1684299422400 12.54665 150
1684299422469 12.676966 151
1684299422540 12.807164 152
1684299422609 12.937108 153
1684299422679 13.066706 154
1684299422748 13.195917 155
1684299422819 13.324761 156
1684299422889 13.453309 157
1684299422960 13.581676 158
1684299423030 13.710002 159
1684299423098 13.838436 160
1684299423167 13.967117 161
1684299423237 14.096163 162
1684299423304 14.225643 163
1684299423373 14.355593 164
1684299423444 14.486 165
1684299423514 14.616817 166
1684299423584 14.747963 167
1684299423654 14.87934 168
1684299423722 15.010839 169
1684299423790 15.142357 170
1684299423859 15.2738 171
1684299423929 15.405092 172
1684299423998 15.5361805 173
1684299424066 15.667032 174
1684299424135 15.797639 175
1684299424203 15.928006 176
1684299424275 16.058157 177
1684299424343 16.188114 178
1684299424413 16.31791 179
1684299424488 16.44757 180
1684299424557 16.577122 181
1684299424625 16.706575 182
1684299424693 16.835941 183
1684299424768 16.965218 184
1684299424837 17.09439 185
1684299424908 17.223442 186
1684299424977 17.35234 187
1684299425047 17.481056 188
1684299425118 17.609558 189
1684299425188 17.737816 190
1684299425259 17.8658 191
1684299425327 17.993496 192
1684299425398 18.120888 193
1684299425468 18.247976 194
1684299425536 18.374767 195
1684299425606 18.501274 196
1684299425674 18.627522 197
1684299425743 18.753534 198
1684299425811 18.879343 199
1684299425885 19.00499 200
1684299425954 19.130512 201
1684299426024 19.25595 202
1684299426094 19.381353 203
1684299426289 19.506767 204
1684299426380 19.632236 205
1684299426449 19.757826 206
1684299426521 19.883583 207
1684299426590 20.009575 208
1684299426657 20.135864 209
1684299426727 20.262522 210
1684299426796 20.389622 211
1684299426866 20.517246 212
1684299426938 20.64548 213
1684299427009 20.774406 214
1684299427079 20.904121 215
1684299427150 21.034712 216
1684299427220 21.166271 217
1684299427291 21.29888 218
1684299427360 21.432606 219
1684299427429 21.567501 220
1684299427502 21.703594 221
1684299427572 21.840885 222
1684299427640 21.97934 223
1684299427712 22.118893 224
1684299427783 22.25945 225
1684299427851 22.400887 226
1684299427921 22.54305 227
1684299427989 22.685776 228
1684299428059 22.828878 229
1684299428127 22.972176 230
1684299428195 23.11548 231
1684299428265 23.258598 232
1684299428333 23.401344 233
1684299428402 23.543543 234
1684299428470 23.685013 235
1684299428539 23.82558 236
1684299428608 23.965075 237
1684299428678 24.103321 238
1684299428746 24.240156 239
1684299428817 24.375406 240
1684299428887 24.508907 241
1684299428956 24.64051 242
1684299429027 24.770077 243
1684299429097 24.897486 244
1684299429166 25.022648 245
1684299429236 25.1455 246
1684299429305 25.266 247
1684299429375 25.384144 248
1684299429442 25.499939 249
1684299429512 25.61341 250
