1684299410953 12.733986 1
1684299411034 13.518579 2
1684299411115 14.677344 3
1684299411192 16.048126 4
1684299411270 17.493063 5
1684299411348 18.854536 6
1684299411426 19.946005 7
1684299411503 20.614895 8
1684299411581 20.732697 9
1684299411659 20.248493 10
1684299411740 19.161287 11
1684299411819 17.529774 12
1684299411900 15.500658 13
1684299411977 13.263424 14
1684299412055 11.019317 15
1684299412133 8.955275 16
1684299412212 7.212841 17
1684299412289 5.8671474 18
1684299412368 4.920582 19
1684299412462 4.312795 20
1684299412541 3.9486308 21
1684299412617 3.7406507 22
1684299412695 3.632334 23
1684299412772 3.564553 24
1684299412849 3.5069015 25
1684299412930 3.4488158 26
1684299413009 3.3866146 27
1684299413085 3.3197832 28
1684299413161 3.247766 29
1684299413237 3.1662512 30
1684299413316 3.068478 31
1684299413385 2.9528923 32
1684299413461 2.823175 33
1684299413543 2.6873777 34
1684299413612 2.5558004 35
1684299413680 2.438025 36
1684299413753 2.3387825 37
1684299413824 2.258458 38
1684299413892 2.1962264 39
1684299413960 2.1507144 40
1684299414029 2.1183949 41
1684299414099 2.0940044 42
1684299414168 2.0721402 43
1684299414238 2.0485225 44
1684299414308 2.0216024 45
1684299414379 1.9928267 46
1684299414451 1.9655936 47
1684299414521 1.943692 48
1684299414592 1.9301251 49
1684299414662 1.9266856 50
1684299414732 1.9340333 51
1684299414802 1.9519693 52
1684299414872 1.9797246 53
1684299414944 2.0162067 54
1684299415013 2.0602152 55
1684299415083 2.110608 56
1684299415153 2.1663935 57
1684299415221 2.2267268 58
1684299415295 2.290893 59
1684299415364 2.3582888 60
1684299415435 2.4284034 61
1684299415505 2.5008087 62
1684299415573 2.575149 63
1684299415645 2.651134 64
1684299415715 2.728533 65
1684299415785 2.8071656 66
1684299415855 2.886883 67
1684299415924 2.9675648 68
1684299415994 3.0491388 69
1684299416066 3.131611 70
1684299416138 3.2150707 71
1684299416208 3.2996588 72
1684299416278 3.385539 73
1684299416347 3.472868 74
1684299416416 3.5617833 75
1684299416486 3.6523955 76
1684299416555 3.7447898 77
1684299416624 3.839024 78
1684299416694 3.9351256 79
1684299416765 4.0330935 80
1684299416835 4.132899 81
1684299416905 4.2344856 82
1684299416974 4.3377843 83
1684299417045 4.4427185 84
1684299417116 4.5492134 85
1684299417189 4.6572 86
1684299417260 4.7666054 87
1684299417329 4.87735 88
1684299417400 4.9893365 89
1684299417470 5.1024466 90
1684299417540 5.216549 91
1684299417616 5.331504 92
1684299417686 5.447179 93
1684299417756 5.5634546 94
1684299417825 5.6802254 95
1684299417898 5.797389 96
1684299418179 5.91484 97
1684299418336 6.032469 98
1684299418468 6.150175 99
1684299418538 6.2679 100
1684299418607 6.385655 101
1684299418675 6.5035458 102
1684299418747 6.6217623 103
1684299418815 6.7405553 104
1684299418884 6.860183 105
1684299418952 6.9808674 106
1684299419026 7.1027603 107
1684299419096 7.2259235 108
1684299419166 7.3503275 109
1684299419234 7.4758644 110
1684299419497 7.602353 111
1684299419718 7.729557 112
1684299419838 7.857189 113
1684299419916 7.984919 114
1684299419987 8.1123905 115
1684299420059 8.239252 116
1684299420128 8.3652 117
1684299420200 8.490045 118
1684299420270 8.613754 119
1684299420341 8.7364855 120
1684299420412 8.858561 121
1684299420484 8.980408 122
1684299420555 9.102489 123
1684299420624 9.225221 124
1684299420695 9.348925 125
1684299420766 9.473795 126
1684299420835 9.5998955 127
1684299420905 9.727165 128
1684299420975 9.855449 129
1684299421045 9.984518 130
1684299421116 10.114101 131
1684299421185 10.24391 132
1684299421256 10.373655 133
1684299421324 10.503078 134
1684299421394 10.631968 135
1684299421465 10.760178 136
1684299421533 10.887653 137
1684299421616 11.014438 138
1684299421687 11.140665 139
1684299421763 11.266546 140
1684299421833 11.392336 141
1684299421902 11.518301 142
1684299421971 11.644674 143
1684299422039 11.771639 144
1684299422108 11.899298 145
1684299422180 12.027678 146
1684299422250 12.156733 147
1684299422320 12.286352 148
1684299422389 12.416384 149
1684299422458 12.54665 150
1684299422530 12.676966 151
1684299422599 12.807164 152
1684299422668 12.937108 153
1684299422737 13.066706 154
1684299422809 13.195917 155
1684299422878 13.324761 156
1684299422949 13.453309 157
1684299423019 13.581676 158
1684299423088 13.710002 159
1684299423157 13.838436 160
1684299423226 13.967117 161
1684299423294 14.096163 162
1684299423362 14.225643 163
1684299423433 14.355593 164
1684299423503 14.486 165
1684299423573 14.616817 166
1684299423643 14.747963 167
1684299423711 14.87934 168
1684299423780 15.010839 169
1684299423847 15.142357 170
1684299423918 15.2738 171
1684299423987 15.405092 172
1684299424055 15.5361805 173
1684299424124 15.667032 174
1684299424193 15.797639 175
1684299424264 15.928006 176
1684299424333 16.058157 177
1684299424402 16.188114 178
1684299424477 16.31791 179
1684299424546 16.44757 180
1684299424614 16.577122 181
1684299424682 16.706575 182
1684299424755 16.835941 183
1684299424827 16.965218 184
1684299424896 17.09439 185
1684299424967 17.223442 186
1684299425037 17.35234 187
1684299425107 17.481056 188
1684299425177 17.609558 189
1684299425248 17.737816 190
1684299425317 17.8658 191
1684299425387 17.993496 192
1684299425457 18.120888 193
1684299425526 18.247976 194
1684299425594 18.374767 195
1684299425664 18.501274 196
1684299425732 18.627522 197
1684299425801 18.753534 198
1684299425874 18.879343 199
1684299425944 19.00499 200
1684299426014 19.130512 201
1684299426083 19.25595 202
1684299426270 19.381353 203
1684299426369 19.506767 204
1684299426437 19.632236 205
1684299426510 19.757826 206
1684299426579 19.883583 207
1684299426647 20.009575 208
1684299426716 20.135864 209
1684299426785 20.262522 210
1684299426855 20.389622 211
1684299426926 20.517246 212
1684299426999 20.64548 213
1684299427068 20.774406 214
1684299427138 20.904121 215
1684299427209 21.034712 216
1684299427280 21.166271 217
1684299427349 21.29888 218
1684299427418 21.432606 219
1684299427491 21.567501 220
1684299427560 21.703594 221
1684299427630 21.840885 222
1684299427702 21.97934 223
1684299427773 22.118893 224
1684299427840 22.25945 225
1684299427909 22.400887 226
1684299427979 22.54305 227
1684299428049 22.685776 228
1684299428116 22.828878 229
1684299428185 22.972176 230
1684299428253 23.11548 231
1684299428323 23.258598 232
1684299428391 23.401344 233
1684299428460 23.543543 234
1684299428529 23.685013 235
1684299428597 23.82558 236
1684299428667 23.965075 237
1684299428736 24.103321 238
1684299428807 24.240156 239
1684299428876 24.375406 240
1684299428946 24.508907 241
1684299429016 24.64051 242
1684299429086 24.770077 243
1684299429155 24.897486 244
1684299429225 25.022648 245
1684299429295 25.1455 246
1684299429364 25.266 247
1684299429432 25.384144 248
1684299429501 25.499939 249
1684299429570 25.61341 250
