1684296949933 10.714771 1
1684296950041 11.467213 2
1684296950117 12.809885 3
1684296950185 14.737754 4
1684296950257 17.048012 5
1684296950325 19.340462 6
1684296950397 21.440645 7
1684296950465 23.201237 8
1684296950537 24.540379 9
1684296950605 25.466358 10
1684296950677 26.047693 11
1684296950745 26.339375 12
1684296950813 26.380188 13
1684296950881 26.211197 14
1684296950949 25.882835 15
1684296951017 25.447416 16
1684296951085 24.948626 17
1684296951157 24.414902 18
1684296951221 23.846725 19
1684296951293 23.188667 20
1684296951361 22.360428 21
1684296951429 21.312332 22
1684296951504 20.04139 23
1684296951576 18.579828 24
1684296951644 16.98751 25
1684296951712 15.345782 26
1684296951784 13.760398 27
1684296951852 12.338404 28
1684296951936 11.138674 29
1684296952008 10.177915 30
1684296952076 9.4435215 31
1684296952144 8.900572 32
1684296952212 8.509468 33
1684296952280 8.233789 34
1684296952352 8.043557 35
1684296952428 7.9156075 36
1684296952496 7.832287 37
1684296952564 7.780321 38
1684296952636 7.749836 39
1684296952704 7.733513 40
1684296952772 7.725945 41
1684296952840 7.7230706 42
1684296952908 7.721695 43
1684296952976 7.718831 44
1684296953044 7.7108335 45
1684296953116 7.694749 46
1684296953184 7.6694613 47
1684296953256 7.635533 48
1684296953332 7.594926 49
1684296953400 7.5505476 50
1684296953476 7.5054226 51
1684296953544 7.4623146 52
1684296953612 7.4235244 53
1684296953682 7.390603 54
1684296953754 7.3643217 55
1684296953823 7.3448777 56
1684296953895 7.332077 57
1684296953963 7.325443 58
1684296954027 7.324345 59
1684296954099 7.328128 60
1684296954167 7.3361735 61
1684296954235 7.347928 62
1684296954307 7.36292 63
1684296954375 7.3807545 64
1684296954447 7.4011154 65
1684296954514 7.423747 66
1684296954582 7.4484487 67
1684296954654 7.4750648 68
1684296954722 7.5034747 69
1684296954790 7.5335846 70
1684296954858 7.56532 71
1684296954938 7.5986166 72
1684296955014 7.633422 73
1684296955085 7.669694 74
1684296955153 7.7074037 75
1684296955225 7.746535 76
1684296955293 7.7870827 77
1684296955361 7.82905 78
1684296955433 7.872445 79
1684296955501 7.9172783 80
1684296955569 7.963559 81
1684296955637 8.011293 82
1684296955709 8.060482 83
1684296955781 8.111124 84
1684296955845 8.163212 85
1684296955913 8.216732 86
1684296956105 8.271671 87
1684296956242 8.328011 88
1684296956342 8.38573 89
1684296956441 8.444804 90
1684296956532 8.505209 91
1684296956604 8.566921 92
1684296956671 8.629913 93
1684296956741 8.694162 94
1684296956809 8.759645 95
1684296956877 8.826346 96
1684296956949 8.894247 97
1684296957017 8.963337 98
1684296957089 9.033605 99
1684296957157 9.105043 100
1684296957229 9.177648 101
1684296957299 9.251408 102
1684296957492 9.326315 103
1684296957658 9.402357 104
1684296957734 9.479515 105
1684296957802 9.55777 106
1684296957874 9.637096 107
1684296957942 9.7174635 108
1684296958011 9.79884 109
1684296958079 9.8811865 110
1684296958147 9.964466 111
1684296958215 10.048641 112
1684296958283 10.133675 113
1684296958355 10.219534 114
1684296958423 10.306192 115
1684296958496 10.393633 116
1684296958564 10.48184 117
1684296958633 10.570815 118
1684296958701 10.660561 119
1684296958769 10.751085 120
1684296958842 10.842396 121
1684296958912 10.934504 122
1684296958981 11.027412 123
1684296959050 11.12112 124
1684296959119 11.215622 125
1684296959187 11.310896 126
1684296959257 11.406927 127
1684296959327 11.503682 128
1684296959395 11.601127 129
1684296959464 11.699223 130
1684296959533 11.797933 131
1684296959601 11.897214 132
1684296959670 11.997032 133
1684296959742 12.097351 134
1684296959812 12.198146 135
1684296959880 12.299397 136
1684296959954 12.401088 137
1684296960026 12.503214 138
1684296960095 12.605773 139
1684296960166 12.708767 140
1684296960234 12.812199 141
1684296960303 12.916067 142
1684296960373 13.020374 143
1684296960443 13.125113 144
1684296960511 13.230269 145
1684296960579 13.335829 146
1684296960647 13.441764 147
1684296960716 13.548046 148
1684296960785 13.654642 149
1684296960853 13.761515 150
1684296960925 13.868629 151
1684296960993 13.97595 152
1684296961061 14.083446 153
1684296961133 14.191089 154
1684296961201 14.298861 155
1684296961269 14.406745 156
1684296961333 14.514736 157
1684296961401 14.6228285 158
1684296961469 14.731023 159
1684296961537 14.839316 160
1684296961601 14.947706 161
1684296961673 15.056189 162
1684296961737 15.164749 163
1684296961805 15.273371 164
1684296961877 15.382027 165
1684296961941 15.490686 166
1684296962009 15.599312 167
1684296962077 15.707861 168
1684296962145 15.816289 169
1684296962213 15.924552 170
1684296962281 16.032604 171
1684296962349 16.140413 172
1684296962421 16.247944 173
1684296962489 16.355171 174
1684296962557 16.462082 175
1684296962627 16.568665 176
1684296962694 16.674923 177
1684296962764 16.78085 178
1684296962836 16.886446 179
1684296962904 16.991707 180
1684296962972 17.096626 181
1684296963048 17.201178 182
1684296963124 17.305334 183
1684296963192 17.409052 184
1684296963260 17.512272 185
1684296963344 17.614933 186
1684296963415 17.716948 187
1684296963484 17.818233 188
1684296963552 17.918692 189
1684296963624 18.018229 190
1684296963692 18.116747 191
1684296963760 18.214159 192
1684296963828 18.310389 193
1684296963896 18.405375 194
1684296963964 18.499067 195
1684296964032 18.591433 196
1684296964105 18.682444 197
1684296964328 18.772074 198
1684296964496 18.860302 199
1684296964564 18.947086 200
1684296964632 19.032372 201
1684296964704 19.116074 202
1684296964772 19.198082 203
1684296964840 19.278248 204
1684296964908 19.356392 205
1684296964984 19.43231 206
1684296965056 19.505768 207
1684296965132 19.576529 208
1684296965216 19.644348 209
1684296965288 19.708998 210
1684296965360 19.770271 211
1684296965428 19.827997 212
1684296965504 19.882023 213
1684296965576 19.932224 214
1684296965644 19.978493 215
1684296965712 20.02071 216
1684296965780 20.05873 217
1684296965848 20.092361 218
1684296965920 20.121359 219
1684296965988 20.145407 220
1684296966056 20.164127 221
1684296966128 20.177105 222
1684296966196 20.183907 223
1684296966268 20.184135 224
1684296966336 20.177498 225
1684296966404 20.16386 226
1684296966472 20.14331 227
1684296966540 20.116207 228
1684296966612 20.08319 229
1684296966680 20.045164 230
1684296966748 20.003248 231
1684296966816 19.958693 232
1684296966884 19.912802 233
1684296966948 19.866825 234
1684296967016 19.821896 235
1684296967088 19.778957 236
1684296967160 19.738749 237
1684296967412 19.701786 238
1684296967512 19.668385 239
1684296967579 19.638689 240
1684296967651 19.61271 241
1684296967723 19.590376 242
1684296967791 19.571562 243
1684296967859 19.556139 244
1684296967927 19.543983 245
1684296967995 19.53499 246
1684296968063 19.52908 247
1684296968131 19.52618 248
1684296968203 19.526218 249
1684296968271 19.529093 250
