1684298373403 11.5117 1
1684298373479 12.42428 2
1684298373551 13.924047 3
1684298373623 16.00001 4
1684298373691 18.459974 5
1684298373759 21.001781 6
1684298373833 23.312496 7
1684298373901 25.201883 8
1684298373973 26.580233 9
1684298374049 27.429386 10
1684298374117 27.842869 11
1684298374185 27.951889 12
1684298374253 27.870422 13
1684298374321 27.683098 14
1684298374393 27.446453 15
1684298374461 27.195385 16
1684298374527 26.94978 17
1684298374597 26.719696 18
1684298374669 26.50906 19
1684298374737 26.318222 20
1684298374809 26.145638 21
1684298374877 25.988955 22
1684298374944 25.845753 23
1684298375020 25.714016 24
1684298375088 25.592411 25
1684298375156 25.480097 26
1684298375232 25.376095 27
1684298375300 25.279205 28
1684298375366 25.188097 29
1684298375436 25.10149 30
1684298375504 25.018162 31
1684298375576 24.936005 32
1684298375644 24.851372 33
1684298375712 24.75993 34
1684298375786 24.658657 35
1684298375857 24.54653 36
1684298375929 24.424232 37
1684298375997 24.293957 38
1684298376061 24.158915 39
1684298376133 24.022469 40
1684298376201 23.886732 41
1684298376269 23.751293 42
1684298376341 23.610538 43
1684298376409 23.44936 44
1684298376477 23.24323 45
1684298376545 22.965046 46
1684298376609 22.592022 47
1684298376677 22.109547 48
1684298376749 21.51215 49
1684298376817 20.801481 50
1684298376889 19.98034 51
1684298376958 19.044357 52
1684298377046 17.984568 53
1684298377118 16.80945 54
1684298377202 15.568315 55
1684298377282 14.360791 56
1684298377358 13.275591 57
1684298377434 12.357659 58
1684298377518 11.615921 59
1684298377594 11.035629 60
1684298377667 10.591055 61
1684298377735 10.254245 62
1684298377807 9.999638 63
1684298377875 9.805819 64
1684298377947 9.655736 65
1684298378015 9.536252 66
1684298378083 9.437509 67
1684298378151 9.352318 68
1684298378219 9.275633 69
1684298378291 9.204105 70
1684298378359 9.135729 71
1684298378427 9.069512 72
1684298378499 9.005174 73
1684298378579 8.942799 74
1684298378651 8.882352 75
1684298378719 8.822585 76
1684298378787 8.758548 77
1684298378858 8.683358 78
1684298378926 8.593018 79
1684298378994 8.486391 80
1684298379062 8.365011 81
1684298379130 8.232502 82
1684298379199 8.09373 83
1684298379271 7.9539094 84
1684298379335 7.8178368 85
1684298379407 7.68937 86
1684298379471 7.571185 87
1684298379539 7.464774 88
1684298379607 7.370603 89
1684298379675 7.2883406 90
1684298379739 7.2170973 91
1684298379807 7.155634 92
1684298379875 7.1025414 93
1684298379943 7.0563636 94
1684298380011 7.0157127 95
1684298380079 6.9793653 96
1684298380151 6.9463573 97
1684298380219 6.9160643 98
1684298380287 6.888241 99
1684298380351 6.862996 100
1684298380419 6.8406916 101
1684298380487 6.8217993 102
1684298380559 6.8067613 103
1684298380629 6.7959 104
1684298380697 6.7893696 105
1684298380765 6.7871532 106
1684298380833 6.789087 107
1684298380905 6.794896 108
1684298380973 6.8042345 109
1684298381045 6.816711 110
1684298381113 6.83192 111
1684298381181 6.849456 112
1684298381253 6.868922 113
1684298381321 6.8899407 114
1684298381389 6.9121604 115
1684298381459 6.9352593 116
1684298381527 6.9589605 117
1684298381595 6.9830484 118
1684298381663 7.0073752 119
1684298381735 7.0318804 120
1684298381803 7.0565863 121
1684298381874 7.081604 122
1684298381946 7.1071043 123
1684298382237 7.1333036 124
1684298382377 7.1604357 125
1684298382449 7.1887217 126
1684298382517 7.2183547 127
1684298382589 7.249481 128
1684298382657 7.282197 129
1684298382727 7.3165417 130
1684298382795 7.3525076 131
1684298382864 7.3900433 132
1684298382936 7.429062 133
1684298383008 7.469456 134
1684298383077 7.5111036 135
1684298383147 7.553885 136
1684298383215 7.5976887 137
1684298383287 7.6424255 138
1684298383351 7.688039 139
1684298383423 7.7345047 140
1684298383491 7.781839 141
1684298383563 7.830094 142
1684298383635 7.879352 143
1684298383715 7.9297147 144
1684298383783 7.9812937 145
1684298383851 8.034198 146
1684298383923 8.088526 147
1684298383991 8.144357 148
1684298384063 8.201744 149
1684298384131 8.260719 150
1684298384198 8.321285 151
1684298384268 8.383425 152
1684298384339 8.447102 153
1684298384405 8.512266 154
1684298384473 8.578857 155
1684298384541 8.646813 156
1684298384613 8.71607 157
1684298384685 8.786571 158
1684298384753 8.858263 159
1684298384821 8.931105 160
1684298384889 9.005061 161
1684298384957 9.080109 162
1684298385025 9.156225 163
1684298385093 9.233397 164
1684298385165 9.3116045 165
1684298385232 9.390834 166
1684298385300 9.471064 167
1684298385368 9.552267 168
1684298385436 9.634412 169
1684298385504 9.717458 170
1684298385576 9.801362 171
1684298385640 9.886075 172
1684298385712 9.971545 173
1684298385780 10.057721 174
1684298385850 10.144555 175
1684298385922 10.2319975 176
1684298385990 10.320013 177
1684298386066 10.408571 178
1684298386134 10.497644 179
1684298386202 10.587223 180
1684298386270 10.677295 181
1684298386342 10.767859 182
1684298386410 10.858915 183
1684298386478 10.950466 184
1684298386546 11.042509 185
1684298386614 11.13504 186
1684298386694 11.228048 187
1684298386766 11.321518 188
1684298386834 11.415427 189
1684298386902 11.509752 190
1684298386970 11.604462 191
1684298387038 11.699527 192
1684298387110 11.794918 193
1684298387178 11.890609 194
1684298387246 11.986576 195
1684298387314 12.082803 196
1684298387382 12.179273 197
1684298387454 12.275975 198
1684298387522 12.372899 199
1684298387590 12.470039 200
1684298387658 12.567389 201
1684298387726 12.664946 202
1684298387798 12.762714 203
1684298387866 12.860704 204
1684298387938 12.958935 205
1684298388006 13.057428 206
1684298388075 13.15622 207
1684298388143 13.255346 208
1684298388211 13.354847 209
1684298388278 13.454764 210
1684298388346 13.555129 211
1684298388414 13.655964 212
1684298388486 13.757273 213
1684298388550 13.859037 214
1684298388618 13.961219 215
1684298388690 14.063755 216
1684298388962 14.166559 217
1684298389166 14.269533 218
1684298389255 14.37257 219
1684298389326 14.475571 220
1684298389394 14.578451 221
1684298389462 14.681162 222
1684298389534 14.783694 223
1684298389602 14.886082 224
1684298389670 14.988406 225
1684298389742 15.09078 226
1684298389814 15.193342 227
1684298389882 15.296235 228
1684298389950 15.399591 229
1684298390018 15.503521 230
1684298390090 15.60809 231
1684298390274 15.71332 232
1684298390354 15.81918 233
1684298390422 15.925589 234
1684298390491 16.032421 235
1684298390563 16.139523 236
1684298390635 16.246712 237
1684298390703 16.353813 238
1684298390771 16.460674 239
1684298390839 16.567183 240
1684298390907 16.673286 241
1684298390975 16.778996 242
1684298391047 16.884394 243
1684298391116 16.989613 244
1684298391184 17.094826 245
1684298391252 17.200218 246
1684298391320 17.305962 247
1684298391388 17.412195 248
1684298391456 17.519009 249
1684298391524 17.62643 250
