1684450762502 1.760732548577445 1
1684450762591 1.6040119613919939 2
1684450762651 1.4690837860107422 3
1684450762725 1.3578548261097498 4
1684450762809 1.2561932972499303 5
1684450762872 1.156645553452628 6
1684450762957 1.0575800282614571 7
1684450763026 0.9604187437466213 8
1684450763095 0.8678822900567736 9
1684450763173 0.7827007685388837 10
1684450763242 0.7073293328285217 11
1684450763311 0.6432006784847805 12
1684450763373 0.5908041340964181 13
1684450763458 0.5498047769069672 14
1684450763527 0.5192261338233948 15
1684450763596 0.4976614075047629 16
1684450763674 0.4834814497402736 17
1684450763743 0.4750166194779532 18
1684450763812 0.4706996296133314 19
1684450763890 0.4691643161433084 20
1684450763959 0.46930769085884094 21
1684450764028 0.47030210494995117 22
1684450764097 0.4716011541230338 23
1684450764175 0.472908011504582 24
1684450764244 0.47411922897611347 25
1684450764314 0.4752707821982248 26
1684450764376 0.4764823913574219 27
1684450764461 0.47791334986686707 28
1684450764540 0.4797319599560329 29
1684450764614 0.48209730216435026 30
1684450764677 0.4851504308836801 31
1684450764746 0.4890115090778896 32
1684450764815 0.49377983808517456 33
1684450764893 0.4995352498122624 34
1684450764962 0.5063392477376121 35
1684450765031 0.5142362117767334 36
1684450765100 0.5232537729399545 37
1684450765177 0.5334035158157349 38
1684450765247 0.5446816555091313 39
1684450765300 0.5570700338908604 40
1684450765378 0.5705378268446241 41
1684450765447 0.5850750250475747 42
1684450765516 0.6006276479789189 43
1684450765579 0.6171542022909436 44
1684450765648 0.634620977299554 45
1684450765717 0.6530146428516933 46
1684450765779 0.6723584021840777 47
1684450765848 0.692737238747733 48
1684450765918 0.7143307370798928 49
1684450765980 0.7374409224305835 50
1684450766049 0.7624568854059491 51
1684450766118 0.7896164527961186 52
1684450766181 0.8184532693454197 53
1684450766250 0.8474511333874294 54
1684450766319 0.8745926703725543 55
1684450766381 0.8981843590736389 56
1684450766450 0.917852691241673 57
1684450766519 0.9344556757381984 58
1684450766582 0.9487653715269906 59
1684450766651 0.9611693961279733 60
1684450766720 0.9719495006969997 61
1684450766798 0.9814113804272243 62
1684450766851 0.989887705871037 63
1684450766920 0.9976738776479449 64
1684450766983 1.005019417830876 65
1684450767052 1.0121193357876368 66
1684450767121 1.0191088489123754 67
1684450767199 1.0260677082198006 68
1684450767252 1.0330305354935783 69
1684450767321 1.040000012942723 70
1684450767399 1.0475666863577706 71
1684450767453 1.0545388545308794 72
1684450767522 1.061291652066367 73
1684450767600 1.06788056237357 74
1684450767669 1.0743209975106376 75
1684450767722 1.08059903553554 76
1684450767807 1.086691038949149 77
1684450767870 1.092572603906904 78
1684450767939 1.0982225963047572 79
1684450768008 1.1036242416926794 80
1684450768070 1.1087662492479597 81
1684450768139 1.113642351967948 82
1684450768208 1.118251485483987 83
1684450768286 1.1225966385432653 84
1684450768355 1.1266847337995256 85
1684450768424 1.1305258955274309 86
1684450768487 1.1341325300080436 87
1684450768572 1.137519087110247 88
1684450768641 1.1407009192875452 89
1684450768710 1.1436940772192818 90
1684450768772 1.1465145179203577 91
1684450768841 1.1491779088974 92
1684450769142 1.1516991598265511 93
1684450769226 1.1540921585900443 94
1684450769304 1.1563697627612524 95
1684450769374 1.1591246298381261 96
1684450769443 1.161250182560512 97
1684450769512 1.1631648795945304 98
1684450769574 1.165518386023385 99
1684450769643 1.1678291133471899 100
1684450769712 1.1694694246564592 101
1684450769828 1.1714427811758858 102
1684450769906 1.1733722686767578 103
1684450769975 1.1752031700951713 104
1684450770029 1.1769172038350786 105
1684450770107 1.1785249880381994 106
1684450770176 1.180045485496521 107
1684450770229 1.1814979825701033 108
1684450770314 1.1828990834099906 109
1684450770376 1.18426194361278 110
1684450770445 1.1855966023036413 111
1684450770514 1.186910433428628 112
1684450770577 1.188209056854248 113
1684450770646 1.1899290084838867 114
1684450770731 1.1917341436658586 115
1684450770793 1.1931345803397042 116
1684450770862 1.194812340395791 117
1684450770931 1.196500939982278 118
1684450770994 1.1981564504759652 119
1684450771063 1.199753292969295 120
1684450771132 1.201283574104309 121
1684450771210 1.2027476174490792 122
1684450771279 1.204150949205671 123
1684450771348 1.2055020247186934 124
1684450771417 1.2068110278674535 125
1684450771479 1.2080885853086198 126
1684450771548 1.209344846861703 127
1684450771617 1.2105893322399683 128
1684450771696 1.2118300199508667 129
1684450771765 1.21307373046875 130
1684450771834 1.214325717517308 131
1684450771896 1.2155899235180445 132
1684450771965 1.2168693542480469 133
1684450772034 1.2181657552719116 134
1684450772097 1.2194801313536507 135
1684450772166 1.2208129678453719 136
1684450772250 1.2221641370228358 137
1684450772319 1.2235332471983773 138
1684450772397 1.2249195235116142 139
1684450772451 1.2263222677367074 140
1684450772520 1.2277407050132751 141
1684450772598 1.2291738731520516 142
1684450772683 1.2306208184787206 143
1684450772752 1.2320807661328996 144
1684450772821 1.23355290719441 145
1684450772899 1.235036517892565 146
1684450772968 1.2365310532706124 147
1684450773037 1.2380357554980688 148
1684450773115 1.2395502754620142 149
1684450773184 1.2410908256258284 150
1684450773253 1.242646030017308 151
1684450773322 1.2442135044506617 152
1684450773385 1.2457917588097709 153
1684450773454 1.2473798479352678 154
1684450773523 1.2489770565714156 155
1684450773585 1.2505828142166138 156
1684450773654 1.2521966951234 157
1684450773723 1.2538184864180428 158
1684450773801 1.2554479581969125 159
1684450773870 1.257084914616176 160
1684450773939 1.2587292534964425 161
1684450774002 1.2603810003825597 162
1684450774071 1.262039840221405 163
1684450774140 1.2637058326176234 164
1684450774202 1.2653788668768746 165
1684450774271 1.2670588493347168 166
1684450774341 1.2687456607818604 167
1684450774419 1.2704392245837621 168
1684450774488 1.2721395748002189 169
1684450774557 1.2738464048930578 170
1684450774626 1.2755597914968217 171
1684450774688 1.277279692036765 172
1684450774757 1.2790058936391557 173
1684450774842 1.2807385240282332 174
1684450774904 1.2824774980545044 175
1684450774973 1.284222858292716 176
1684450775042 1.2859744344438826 177
1684450775105 1.2877324393817358 178
1684450775179 1.2894968560763769 179
1684450775243 1.2912676419530595 180
1684450775321 1.29304495879582 181
1684450775390 1.2948287384850639 182
1684450775459 1.2966191683496748 183
1684450775528 1.2984162058149065 184
1684450775591 1.300219978604998 185
1684450775660 1.3020306059292384 186
1684450775822 1.3038480281829834 187
1684450775891 1.3056724752698625 188
1684450775960 1.3075038535254342 189
1684450776029 1.3093423332486833 190
1684450776108 1.3111879314695085 191
1684450776177 1.3130408355167933 192
1684450776246 1.314900985785893 193
1684450776308 1.316768501486097 194
1684450776377 1.3186433570725578 195
1684450776446 1.3205257483891077 196
1684450776524 1.322415488106864 197
1684450776593 1.324312950883593 198
1684450776662 1.3262179919651575 199
1684450776725 1.3281306198665075 200
1684450776794 1.3300508601324899 201
1684450776863 1.331978942666735 202
1684450776932 1.333914773804801 203
1684450776994 1.3358582769121443 204
1684450777079 1.3378096733774458 205
1684450777164 1.3397689035960607 206
1684450777248 1.3417359845978873 207
1684450777326 1.3437108823231287 208
1684450777396 1.3456937415259225 209
1684450777465 1.3476844344820296 210
1684450777527 1.3496831059455872 211
1684450777596 1.3516896877970015 212
1684450777665 1.3537042140960693 213
1684450777734 1.3557267785072327 214
1684450777797 1.3577572107315063 215
1684450777866 1.3597956129482813 216
1684450777935 1.3618420021874564 217
1684450777997 1.3638963188443864 218
1684450778066 1.3659586650984628 219
1684450778135 1.3680288365909032 220
1684450778213 1.3701069440160478 221
1684450778282 1.3721930810383387 222
1684450778351 1.374286949634552 223
1684450778414 1.3763887115887232 224
1684450778483 1.378498341356005 225
1684450778552 1.3806157623018538 226
1684450778630 1.3827409744262695 227
1684450778699 1.3848739521844047 228
1684450778768 1.387014559337071 229
1684450778868 1.3891628895487105 230
1684450778937 1.3913189002445765 231
1684450779000 1.3934823870658875 232
1684450779069 1.3956535288265772 233
1684450779138 1.397831984928676 234
1684450779200 1.4000180619103568 235
1684450779269 1.4022114021437508 236
1684450779338 1.4044121078082494 237
1684450779401 1.4066200256347656 238
1684450779470 1.408835232257843 239
1684450779539 1.41105751480375 240
1684450779617 1.4132869499070304 241
1684450779686 1.4155235035078866 242
1684450779755 1.4177669201578413 243
1684450779818 1.4200172509465898 244
1684450779902 1.4222745214189803 245
1684450779956 1.4245385527610779 246
1684450780040 1.4268092513084412 247
1684450780103 1.429086642605918 248
1684450780172 1.4313707096236092 249
1684450780241 1.4336612480027335 250
