1684450679228 1.8476341 1
1684450679300 1.7301631 2
1684450679378 1.6215291 3
1684450679447 1.5300099 4
1684450679516 1.4425738 5
1684450679585 1.3517257 6
1684450679648 1.255177 7
1684450679717 1.1539135 8
1684450679786 1.0508908 9
1684450679864 0.9498322 10
1684450679933 0.8543118 11
1684450680002 0.7671879 12
1684450680080 0.690358 13
1684450680149 0.62474954 14
1684450680218 0.57044137 15
1684450680303 0.526845 16
1684450680365 0.49290118 17
1684450680434 0.4672709 18
1684450680503 0.4485079 19
1684450680588 0.43519962 20
1684450680650 0.42606887 21
1684450680719 0.42001963 22
1684450680788 0.41621292 23
1684450680851 0.41400754 24
1684450680920 0.41295573 25
1684450680989 0.41277352 26
1684450681067 0.41330504 27
1684450681136 0.4144907 28
1684450681205 0.4163406 29
1684450681267 0.4189126 30
1684450681336 0.42229337 31
1684450681405 0.42658326 32
1684450681484 0.4318842 33
1684450681553 0.43829 34
1684450681622 0.44587946 35
1684450681691 0.45471072 36
1684450681753 0.464817 37
1684450681822 0.4762039 38
1684450681891 0.48884755 39
1684450681969 0.5026942 40
1684450682023 0.5176605 41
1684450682092 0.53363514 42
1684450682154 0.55048144 43
1684450682223 0.56804085 44
1684450682292 0.58613706 45
1684450682355 0.6045814 46
1684450682439 0.62317824 47
1684450682508 0.641731 48
1684450682571 0.6600481 49
1684450682640 0.67794853 50
1684450682709 0.6952692 51
1684450682794 0.7118683 52
1684450682856 0.7276454 53
1684450682944 0.74251604 54
1684450683011 0.7564159 55
1684450683096 0.7693019 56
1684450683196 0.7811536 57
1684450683281 0.79197276 58
1684450683359 0.80178285 59
1684450683428 0.8106251 60
1684450683513 0.8185724 61
1684450683597 0.8256979 62
1684450683666 0.83207524 63
1684450683729 0.8377771 64
1684450683798 0.84287477 65
1684450683867 0.8474375 66
1684450683945 0.8515302 67
1684450684014 0.8552135 68
1684450684083 0.8585427 69
1684450684146 0.86156726 70
1684450684215 0.8643307 71
1684450684284 0.8668708 72
1684450684346 0.8692195 73
1684450684431 0.8714036 74
1684450684484 0.87344503 75
1684450684569 0.87536156 76
1684450684631 0.8771669 77
1684450684700 0.87887204 78
1684450684769 0.8804848 79
1684450684832 0.8820112 80
1684450684901 0.8834552 81
1684450684970 0.8848196 82
1684450685033 0.8860525 83
1684450685102 0.88722974 84
1684450685170 0.88837564 85
1684450685233 0.8895005 86
1684450685302 0.8906086 87
1684450685371 0.89170074 88
1684450685449 0.8927762 89
1684450685518 0.8938328 90
1684450685587 0.89486736 91
1684450685650 0.8958763 92
1684450685719 0.896855 93
1684450685788 0.89779925 94
1684450685866 0.8987043 95
1684450685919 0.8995657 96
1684450685988 0.9003792 97
1684450686066 0.9011408 98
1684450686135 0.90184736 99
1684450686204 0.90249586 100
1684450686273 0.9030842 101
1684450686336 0.9036109 102
1684450686405 0.9040752 103
1684450686474 0.9044769 104
1684450686536 0.9048166 105
1684450686605 0.9050955 106
1684450686674 0.90531534 107
1684450686753 0.9054785 108
1684450686822 0.90558755 109
1684450686891 0.9056456 110
1684450686969 0.90565586 111
1684450687022 0.90562177 112
1684450687207 0.905547 113
1684450687370 0.9054352 114
1684450687439 0.90528965 115
1684450687508 0.90511394 116
1684450687577 0.90491116 117
1684450687655 0.90468454 118
1684450687724 0.90443695 119
1684450687793 0.90417105 120
1684450687856 0.9038892 121
1684450687941 0.90358806 122
1684450687994 0.9032543 123
1684450688079 0.9028903 124
1684450688141 0.9025072 125
1684450688210 0.9021024 126
1684450688279 0.9016777 127
1684450688357 0.9012366 128
1684450688426 0.90078366 129
1684450688558 0.90032375 130
1684450688627 0.8998606 131
1684450688696 0.8993974 132
1684450688758 0.8989364 133
1684450688827 0.8984793 134
1684450688896 0.89802706 135
1684450688981 0.89758027 136
1684450689044 0.8971393 137
1684450689113 0.89670163 138
1684450689182 0.89626557 139
1684450689244 0.89582956 140
1684450689313 0.89539266 141
1684450689382 0.8949544 142
1684450689460 0.8945146 143
1684450689529 0.8940741 144
1684450689598 0.8936333 145
1684450689699 0.89319324 146
1684450689761 0.8927549 147
1684450689830 0.892319 148
1684450689899 0.89188635 149
1684450689977 0.89145756 150
1684450690031 0.8910329 151
1684450690100 0.8906126 152
1684450690178 0.89019704 153
1684450690247 0.88978595 154
1684450690316 0.8893795 155
1684450690379 0.8889775 156
1684450690448 0.8885797 157
1684450690517 0.88830674 158
1684450690579 0.8880696 159
1684450690648 0.8878493 160
1684450690717 0.8876356 161
1684450690786 0.8874234 162
1684450690849 0.88720965 163
1684450690918 0.8869921 164
1684450690987 0.88676906 165
1684450691049 0.88653934 166
1684450691118 0.8863019 167
1684450691187 0.88605624 168
1684450691250 0.88580227 169
1684450691334 0.88553977 170
1684450691403 0.8852688 171
1684450691482 0.8849901 172
1684450691551 0.8847039 173
1684450691620 0.8844108 174
1684450691689 0.88411164 175
1684450691751 0.88380694 176
1684450691820 0.8834976 177
1684450691889 0.88318443 178
1684450691967 0.8828682 179
1684450692036 0.88254964 180
1684450692105 0.88222957 181
1684450692168 0.88190866 182
1684450692237 0.8815878 183
1684450692306 0.88126737 184
1684450692384 0.8809482 185
1684450692453 0.88063055 186
1684450692506 0.8803151 187
1684450692723 0.88000226 188
1684450692823 0.8796923 189
1684450692908 0.8793856 190
1684450692970 0.8790822 191
1684450693039 0.87878245 192
1684450693108 0.8784865 193
1684450693171 0.8781943 194
1684450693240 0.877906 195
1684450693309 0.87762153 196
1684450693387 0.87734103 197
1684450693456 0.87706435 198
1684450693525 0.8767914 199
1684450693594 0.8765223 200
1684450693656 0.8762567 201
1684450693725 0.87599474 202
1684450693788 0.87573624 203
1684450693857 0.8754811 204
1684450693942 0.87522924 205
1684450694011 0.8749806 206
1684450694089 0.8747351 207
1684450694142 0.8744927 208
1684450694211 0.87425333 209
1684450694289 0.87401676 210
1684450694358 0.87378323 211
1684450694427 0.8735525 212
1684450694496 0.8733245 213
1684450694559 0.87309945 214
1684450694628 0.8728771 215
1684450694697 0.8726574 216
1684450694775 0.8724405 217
1684450694828 0.87222636 218
1684450694897 0.872015 219
1684450694976 0.87180614 220
1684450695045 0.87160015 221
1684450695114 0.87139684 222
1684450695182 0.8711962 223
1684450695245 0.8709983 224
1684450695314 0.8708031 225
1684450695376 0.87061065 226
1684450695445 0.8704208 227
1684450695514 0.8702337 228
1684450695577 0.87004924 229
1684450695646 0.86986756 230
1684450695715 0.8696884 231
1684450695777 0.8695119 232
1684450695846 0.86933804 233
1684450695915 0.86916685 234
1684450695978 0.8689983 235
1684450696047 0.86881995 236
1684450696116 0.8686322 237
1684450696178 0.86844283 238
1684450696247 0.8682462 239
1684450696316 0.86804795 240
1684450696395 0.86784303 241
1684450696464 0.86764 242
1684450696517 0.8674344 243
1684450696595 0.8672227 244
1684450696818 0.86700416 245
1684450696903 0.86678064 246
1684450696981 0.8665557 247
1684450697050 0.8663327 248
1684450697119 0.8661146 249
1684450697181 0.865903 250
