1684452977897 1.7606537 1
1684452977965 1.6507831 2
1684452978031 1.5494125 3
1684452978100 1.4644027 4
1684452978178 1.3832213 5
1684452978247 1.2987579 6
1684452978301 1.208629 7
1684452978379 1.113651 8
1684452978448 1.0165856 9
1684452978517 0.92101276 10
1684452978586 0.8304477 11
1684452978649 0.7477608 12
1684452978733 0.6748946 13
1684452978802 0.61281574 14
1684452978865 0.5616217 15
1684452978950 0.52070665 16
1684452979019 0.4890102 17
1684452979088 0.46519598 18
1684452979150 0.44783014 19
1684452979235 0.4355287 20
1684452979304 0.4270257 21
1684452979366 0.4212692 22
1684452979435 0.4173134 23
1684452979505 0.41463888 24
1684452979567 0.41285527 25
1684452979636 0.41172436 26
1684452979705 0.41113636 27
1684452979783 0.41116312 28
1684452979837 0.411788 29
1684452979921 0.41308376 30
1684452980006 0.4151523 31
1684452980068 0.41810212 32
1684452980137 0.42203695 33
1684452980206 0.4270488 34
1684452980269 0.43321323 35
1684452980338 0.44058657 36
1684452980407 0.44920468 37
1684452980485 0.45907924 38
1684452980554 0.47019914 39
1684452980623 0.48252657 40
1684452980692 0.49599874 41
1684452980755 0.5105353 42
1684452980824 0.52604246 43
1684452980893 0.5424074 44
1684452980956 0.55949426 45
1684452981025 0.57715094 46
1684452981094 0.59521645 47
1684452981156 0.6135272 48
1684452981225 0.6319212 49
1684452981294 0.6502422 50
1684452981357 0.6683448 51
1684452981426 0.68609726 52
1684452981495 0.7033857 53
1684452981573 0.7201152 54
1684452981642 0.73621106 55
1684452981696 0.7516184 56
1684452981774 0.76630086 57
1684452981843 0.780239 58
1684452981912 0.79342854 59
1684452981974 0.80587745 60
1684452982043 0.8176045 61
1684452982112 0.8286364 62
1684452982175 0.8390057 63
1684452982244 0.8484242 64
1684452982313 0.85714984 65
1684452982376 0.8652698 66
1684452982445 0.87284714 67
1684452982514 0.8799324 68
1684452982576 0.88656986 69
1684452982645 0.89280033 70
1684452982714 0.8986608 71
1684452982777 0.90418464 72
1684452982846 0.90943 73
1684452982915 0.9143997 74
1684452982993 0.91911215 75
1684452983046 0.9235869 76
1684452983116 0.92784244 77
1684452983194 0.9318948 78
1684452983263 0.93575823 79
1684452983316 0.9394445 80
1684452983394 0.94296396 81
1684452983463 0.9463254 82
1684452983532 0.9495368 83
1684452983601 0.95261276 84
1684452983664 0.955554 85
1684452983733 0.9583722 86
1684452983802 0.9610749 87
1684452983864 0.963656 88
1684452983934 0.96612597 89
1684452984003 0.9684913 90
1684452984065 0.970757 91
1684452984134 0.9729266 92
1684452984203 0.97500324 93
1684452984266 0.9769897 94
1684452984335 0.9788889 95
1684452984404 0.9807039 96
1684452984466 0.98243797 97
1684452984535 0.98409444 98
1684452984751 0.9856767 99
1684452984936 0.9871881 100
1684452985021 0.9886322 101
1684452985099 0.99001247 102
1684452985168 0.99133205 103
1684452985237 0.9925945 104
1684452985306 0.99380285 105
1684452985369 0.99496025 106
1684452985438 0.99606955 107
1684452985507 0.99713373 108
1684452985570 0.9982685 109
1684452985639 0.9993939 110
1684452985708 1.0004963 111
1684452985770 1.0015697 112
1684452985839 1.0026131 113
1684452985908 1.0036261 114
1684452985971 1.0046096 115
1684452986040 1.0055641 116
1684452986109 1.0064905 117
1684452986172 1.0073894 118
1684452986241 1.0082619 119
1684452986310 1.0091087 120
1684452986372 1.009931 121
1684452986441 1.0107294 122
1684452986510 1.0115054 123
1684452986588 1.0122596 124
1684452986658 1.0129931 125
1684452986710 1.0137069 126
1684452986788 1.0144017 127
1684452986858 1.015079 128
1684452986927 1.0157392 129
1684452986989 1.0163834 130
1684452987058 1.0170125 131
1684452987127 1.0176274 132
1684452987190 1.0182289 133
1684452987259 1.0188177 134
1684452987328 1.0193949 135
1684452987390 1.0199608 136
1684452987459 1.0205164 137
1684452987528 1.0210623 138
1684452987591 1.0215992 139
1684452987660 1.0221275 140
1684452987729 1.022648 141
1684452987792 1.0231609 142
1684452987861 1.0236669 143
1684452987930 1.0241663 144
1684452988014 1.0246596 145
1684452988092 1.0251472 146
1684452988162 1.025629 147
1684452988231 1.0261059 148
1684452988293 1.0265777 149
1684452988362 1.0270447 150
1684452988431 1.0275072 151
1684452988494 1.0279653 152
1684452988563 1.0284191 153
1684452988632 1.0288688 154
1684452988710 1.0293145 155
1684452988779 1.0297562 156
1684452988832 1.030194 157
1684452988910 1.0306282 158
1684452988980 1.0310583 159
1684452989033 1.0314848 160
1684452989111 1.0319076 161
1684452989180 1.0323267 162
1684452989234 1.0327421 163
1684452989312 1.0331538 164
1684452989381 1.033562 165
1684452989450 1.0339663 166
1684452989519 1.0343672 167
1684452989581 1.0347644 168
1684452989650 1.0351582 169
1684452989719 1.0355482 170
1684452989798 1.0359347 171
1684452989867 1.0363178 172
1684452989920 1.0366974 173
1684452989998 1.0370735 174
1684452990052 1.0374463 175
1684452990121 1.0378156 176
1684452990199 1.0381815 177
1684452990268 1.0385442 178
1684452990337 1.0389036 179
1684452990400 1.0392597 180
1684452990469 1.0396125 181
1684452990538 1.0399623 182
1684452990600 1.0403087 183
1684452990669 1.0406522 184
1684452990738 1.0409923 185
1684452990801 1.0413295 186
1684452990870 1.0416636 187
1684452990955 1.0419945 188
1684452991024 1.0423222 189
1684452991086 1.0426469 190
1684452991155 1.0429685 191
1684452991224 1.0432869 192
1684452991287 1.0436021 193
1684452991356 1.0439143 194
1684452991425 1.0442232 195
1684452991503 1.044529 196
1684452991572 1.0448313 197
1684452991641 1.0451304 198
1684452991704 1.0454261 199
1684452991773 1.0457187 200
1684452991842 1.0460076 201
1684452991904 1.0462933 202
1684452991973 1.0465752 203
1684452992027 1.0468538 204
1684452992105 1.0471287 205
1684452992174 1.0474 206
1684452992227 1.0476676 207
1684452992306 1.0479314 208
1684452992375 1.0481915 209
1684452992444 1.0484478 210
1684452992506 1.0487003 211
1684452992575 1.0489489 212
1684452992644 1.0491936 213
1684452992707 1.0494342 214
1684452992776 1.0496575 215
1684452992845 1.049872 216
1684452992907 1.0500824 217
1684452992976 1.0502913 218
1684452993046 1.0504868 219
1684452993124 1.0506771 220
1684452993193 1.0508659 221
1684452993262 1.051043 222
1684452993331 1.0512166 223
1684452993393 1.0513788 224
1684452993462 1.0515387 225
1684452993531 1.051689 226
1684452993610 1.0518382 227
1684452993679 1.0519793 228
1684452993748 1.05211 229
1684452993810 1.0522399 230
1684452993879 1.0523639 231
1684452993948 1.0524797 232
1684452994011 1.0525875 233
1684452994080 1.0526882 234
1684452994149 1.052783 235
1684452994212 1.0528733 236
1684452994281 1.0529971 237
1684452994350 1.05314 238
1684452994428 1.0533009 239
1684452994497 1.053479 240
1684452994550 1.0536741 241
1684452994628 1.0538859 242
1684452994697 1.0541143 243
1684452994751 1.0543592 244
1684452994829 1.0546204 245
1684452994898 1.0548981 246
1684452994967 1.0551919 247
1684452995030 1.0555015 248
1684452995099 1.0558263 249
1684452995152 1.0561657 250
