1684450434083 1.7559761 1
1684450434173 1.6001911 2
1684450434239 1.455524 3
1684450434308 1.3289332 4
1684450434371 1.2081134 5
1684450434440 1.087592 6
1684450434509 0.96740043 7
1684450434571 0.85069937 8
1684450434640 0.74193275 9
1684450434709 0.6454301 10
1684450434787 0.5644777 11
1684450434856 0.50085753 12
1684450434925 0.45477793 13
1684450434988 0.42507392 14
1684450435057 0.40956783 15
1684450435130 0.40549487 16
1684450435192 0.40990925 17
1684450435257 0.42000946 18
1684450435326 0.43336025 19
1684450435405 0.4480123 20
1684450435474 0.46254006 21
1684450435543 0.47601807 22
1684450435605 0.4879561 23
1684450435674 0.49820843 24
1684450435743 0.50687194 25
1684450435812 0.5141872 26
1684450435875 0.5204599 27
1684450435944 0.52601004 28
1684450436013 0.53114265 29
1684450436086 0.5361291 30
1684450436144 0.54119676 31
1684450436213 0.54652405 32
1684450436276 0.55224186 33
1684450436345 0.55843776 34
1684450436414 0.5651612 35
1684450436492 0.5724288 36
1684450436561 0.58022904 37
1684450436614 0.5885266 38
1684450436693 0.5972677 39
1684450436762 0.6063836 40
1684450436815 0.6157961 41
1684450436893 0.6254214 42
1684450436962 0.6351742 43
1684450437031 0.64497155 44
1684450437094 0.6547352 45
1684450437163 0.66439414 46
1684450437232 0.6738863 47
1684450437294 0.6831591 48
1684450437364 0.69217026 49
1684450437433 0.7008878 50
1684450437511 0.70928943 51
1684450437580 0.7173625 52
1684450437649 0.725103 53
1684450437718 0.7325145 54
1684450437780 0.7396076 55
1684450437849 0.74639857 56
1684450437918 0.75290823 57
1684450437981 0.7591615 58
1684450438050 0.76518524 59
1684450438119 0.77100784 60
1684450438197 0.77665854 61
1684450438266 0.7821663 62
1684450438335 0.7875594 63
1684450438398 0.7928641 64
1684450438467 0.798105 65
1684450438536 0.80330426 66
1684450438598 0.8084814 67
1684450438667 0.81365323 68
1684450438736 0.81883395 69
1684450438799 0.82403487 70
1684450438868 0.8292669 71
1684450438937 0.8345374 72
1684450439015 0.83985096 73
1684450439069 0.8452079 74
1684450439138 0.85060906 75
1684450439222 0.8560536 76
1684450439300 0.86153835 77
1684450439370 0.8670593 78
1684450439439 0.8726109 79
1684450439501 0.8781871 80
1684450439570 0.88378096 81
1684450439639 0.889385 82
1684450439702 0.8949914 83
1684450439771 0.9005923 84
1684450439840 0.9061797 85
1684450439902 0.91174567 86
1684450439971 0.9172857 87
1684450440056 0.9227898 88
1684450440125 0.92824936 89
1684450440188 0.9336607 90
1684450440257 0.93901443 91
1684450440326 0.9443039 92
1684450440388 0.94952685 93
1684450440457 0.9546801 94
1684450440526 0.95975614 95
1684450440604 0.96475387 96
1684450440674 0.9696677 97
1684450440743 0.97449845 98
1684450440805 0.9792465 99
1684450440874 0.98390746 100
1684450440943 0.9884841 101
1684450441006 0.99297404 102
1684450441075 0.9973818 103
1684450441144 1.0017105 104
1684450441206 1.0059586 105
1684450441275 1.0101311 106
1684450441344 1.0142276 107
1684450441407 1.0182545 108
1684450441476 1.0222164 109
1684450441545 1.0261123 110
1684450441623 1.0299486 111
1684450441692 1.0337251 112
1684450441761 1.0374485 113
1684450441830 1.0411193 114
1684450441893 1.0447435 115
1684450441962 1.0483217 116
1684450442031 1.0518558 117
1684450442093 1.0553522 118
1684450442162 1.0588117 119
1684450442231 1.0622358 120
1684450442309 1.0656307 121
1684450442379 1.0689961 122
1684450442448 1.0723332 123
1684450442510 1.0756438 124
1684450442579 1.0789299 125
1684450442648 1.0821936 126
1684450442726 1.0854366 127
1684450442780 1.088661 128
1684450442849 1.0918677 129
1684450442927 1.0950587 130
1684450442996 1.0982348 131
1684450443065 1.101397 132
1684450443134 1.1045465 133
1684450443197 1.1076841 134
1684450443266 1.1108106 135
1684450443335 1.1139266 136
1684450443397 1.117033 137
1684450443466 1.1201301 138
1684450443535 1.1232188 139
1684450443598 1.1262994 140
1684450443667 1.1293726 141
1684450443736 1.1324388 142
1684450443814 1.1354985 143
1684450443868 1.138552 144
1684450443937 1.1415997 145
1684450443999 1.1446422 146
1684450444068 1.1476794 147
1684450444137 1.1507115 148
1684450444215 1.153739 149
1684450444284 1.1567624 150
1684450444353 1.1597815 151
1684450444416 1.1627972 152
1684450444639 1.1658092 153
1684450444802 1.1688182 154
1684450444886 1.1718239 155
1684450444955 1.1748269 156
1684450445018 1.1778276 157
1684450445087 1.1808262 158
1684450445156 1.1838225 159
1684450445234 1.1868167 160
1684450445287 1.1898088 161
1684450445356 1.1927991 162
1684450445434 1.1957875 163
1684450445503 1.1987745 164
1684450445573 1.2017598 165
1684450445642 1.2047441 166
1684450445704 1.2077272 167
1684450445773 1.2107096 168
1684450445842 1.213691 169
1684450445905 1.2166717 170
1684450445974 1.2196517 171
1684450446043 1.222631 172
1684450446105 1.2256098 173
1684450446174 1.228588 174
1684450446243 1.2315657 175
1684450446306 1.2345431 176
1684450446375 1.23752 177
1684450446444 1.2404966 178
1684450446522 1.2434726 179
1684450446575 1.2464485 180
1684450446645 1.2494237 181
1684450446723 1.252399 182
1684450446776 1.2553737 183
1684450446845 1.2583481 184
1684450446923 1.2613223 185
1684450446992 1.2642959 186
1684450447061 1.2672694 187
1684450447124 1.2702423 188
1684450447193 1.2732149 189
1684450447262 1.2761872 190
1684450447340 1.2791588 191
1684450447409 1.2821301 192
1684450447478 1.2851009 193
1684450447563 1.2880712 194
1684450447625 1.2910409 195
1684450447710 1.2940099 196
1684450447779 1.2969785 197
1684450447848 1.2999463 198
1684450447910 1.3029134 199
1684450447980 1.3058801 200
1684450448049 1.3088458 201
1684450448127 1.3118106 202
1684450448196 1.3147748 203
1684450448265 1.317738 204
1684450448343 1.3207004 205
1684450448412 1.323662 206
1684450448481 1.3266227 207
1684450448550 1.3295823 208
1684450448613 1.3325412 209
1684450448682 1.3354988 210
1684450448751 1.3384558 211
1684450448813 1.3414121 212
1684450448882 1.3443673 213
1684450448951 1.3473219 214
1684450449029 1.3502758 215
1684450449083 1.353229 216
1684450449152 1.3561816 217
1684450449230 1.359134 218
1684450449284 1.3620858 219
1684450449353 1.3650372 220
1684450449431 1.3679881 221
1684450449500 1.3709388 222
1684450449569 1.3738892 223
1684450449631 1.3768392 224
1684450449700 1.3797891 225
1684450449769 1.3827387 226
1684450449832 1.385688 227
1684450449901 1.3886371 228
1684450449970 1.3915858 229
1684450450048 1.3945343 230
1684450450102 1.3974824 231
1684450450271 1.4004302 232
1684450450349 1.4033775 233
1684450450418 1.4063244 234
1684450450487 1.4092708 235
1684450450556 1.4122165 236
1684450450619 1.4151618 237
1684450450688 1.4181063 238
1684450450757 1.42105 239
1684450450835 1.4239929 240
1684450450888 1.4269348 241
1684450450957 1.4298759 242
1684450451036 1.4328158 243
1684450451089 1.435755 244
1684450451174 1.4386928 245
1684450451236 1.4416296 246
1684450451305 1.4445653 247
1684450451374 1.4474996 248
1684450451437 1.4504325 249
1684450451506 1.4533644 250
