1684301287533 0.60187757 1
1684301287609 0.54567456 2
1684301287680 0.48806992 3
1684301287751 0.43404493 4
1684301287823 0.38745975 5
1684301287891 0.3502618 6
1684301287963 0.32263434 7
1684301288031 0.3035408 8
1684301288099 0.29132316 9
1684301288171 0.2841844 10
1684301288243 0.28049865 11
1684301288315 0.27896106 12
1684301288387 0.27862018 13
1684301288459 0.2788404 14
1684301288527 0.2792348 15
1684301288599 0.27959383 16
1684301288671 0.27982378 17
1684301288743 0.27990007 18
1684301288815 0.27983454 19
1684301288887 0.27965504 20
1684301288955 0.2793931 21
1684301289023 0.27907804 22
1684301289091 0.27873385 23
1684301289163 0.27837902 24
1684301289234 0.27802682 25
1684301289306 0.27768615 26
1684301289374 0.27736253 27
1684301289442 0.27705902 28
1684301289514 0.27677703 29
1684301289582 0.2765168 30
1684301289650 0.27627778 31
1684301289722 0.27605912 32
1684301289794 0.27585977 33
1684301289862 0.2756786 34
1684301289930 0.2755146 35
1684301289998 0.27536684 36
1684301290066 0.2752344 37
1684301290134 0.27511665 38
1684301290202 0.27501297 39
1684301290274 0.27492288 40
1684301290342 0.27484602 41
1684301290410 0.27478212 42
1684301290478 0.27473092 43
1684301290550 0.27469224 44
1684301290618 0.27466598 45
1684301290682 0.27465206 46
1684301290750 0.2746504 47
1684301290818 0.27466086 48
1684301290890 0.2746835 49
1684301290962 0.27471823 50
1684301291034 0.274765 51
1684301291106 0.27482384 52
1684301291174 0.27489468 53
1684301291242 0.27497745 54
1684301291318 0.27507216 55
1684301291386 0.27517873 56
1684301291454 0.27529716 57
1684301291522 0.2754274 58
1684301291590 0.27556944 59
1684301291658 0.27572316 60
1684301291726 0.27588856 61
1684301291798 0.27606565 62
1684301291866 0.2762543 63
1684301291934 0.27645457 64
1684301292002 0.2766663 65
1684301292074 0.27688956 66
1684301292158 0.27712432 67
1684301292226 0.27737048 68
1684301292298 0.277628 69
1684301292366 0.27789688 70
1684301292438 0.2781771 71
1684301292506 0.2784686 72
1684301292577 0.27877137 73
1684301292645 0.27908537 74
1684301292713 0.27941054 75
1684301292785 0.27974692 76
1684301292853 0.2800944 77
1684301292921 0.280453 78
1684301292989 0.28082263 79
1684301293057 0.28120336 80
1684301293129 0.28159508 81
1684301293197 0.28199774 82
1684301293269 0.28241137 83
1684301293341 0.2828359 84
1684301293411 0.2832713 85
1684301293483 0.28371763 86
1684301293555 0.2841747 87
1684301293635 0.28464258 88
1684301293711 0.28512123 89
1684301293781 0.28561062 90
1684301293849 0.28611067 91
1684301293917 0.28662142 92
1684301293985 0.28714278 93
1684301294053 0.28767475 94
1684301294121 0.2882173 95
1684301294189 0.28877035 96
1684301294256 0.28933394 97
1684301294326 0.28990802 98
1684301294394 0.29049253 99
1684301294466 0.29108745 100
1684301294534 0.29169276 101
1684301294602 0.29230845 102
1684301294670 0.29293442 103
1684301294742 0.2935707 104
1684301294814 0.29421726 105
1684301294882 0.29487404 106
1684301294954 0.29554105 107
1684301295022 0.2962182 108
1684301295094 0.29690552 109
1684301295158 0.29760292 110
1684301295230 0.2983104 111
1684301295298 0.29902798 112
1684301295370 0.29975554 113
1684301295442 0.3004931 114
1684301295511 0.30124062 115
1684301295583 0.3019981 116
1684301295659 0.3027655 117
1684301295731 0.30354273 118
1684301295799 0.3043298 119
1684301295871 0.30512676 120
1684301295939 0.30593342 121
1684301296007 0.30674988 122
1684301296075 0.3075761 123
1684301296147 0.30841196 124
1684301296215 0.3092575 125
1684301296287 0.3101127 126
1684301296355 0.31097752 127
1684301296423 0.31185198 128
1684301296491 0.31273592 129
1684301296563 0.3136294 130
1684301296631 0.31453237 131
1684301296699 0.31544483 132
1684301296767 0.31636673 133
1684301296835 0.31729805 134
1684301296903 0.31823874 135
1684301296971 0.3191888 136
1684301297043 0.32014823 137
1684301297111 0.32111692 138
1684301297179 0.3220949 139
1684301297247 0.32308212 140
1684301297323 0.32407853 141
1684301297395 0.32508415 142
1684301297463 0.32609898 143
1684301297667 0.32712287 144
1684301297771 0.32815593 145
1684301297839 0.32919806 146
1684301297911 0.33024925 147
1684301297979 0.33130944 148
1684301298055 0.33237863 149
1684301298129 0.3334568 150
1684301298197 0.3345439 151
1684301298265 0.33563998 152
1684301298337 0.3367449 153
1684301298409 0.33785874 154
1684301298477 0.33898136 155
1684301298549 0.3401128 156
1684301298617 0.341253 157
1684301298685 0.34240198 158
1684301298757 0.3435597 159
1684301298825 0.34472615 160
1684301298897 0.34590125 161
1684301298965 0.347085 162
1684301299033 0.34827736 163
1684301299105 0.34947833 164
1684301299377 0.35068786 165
1684301299493 0.35190597 166
1684301299565 0.35313258 167
1684301299633 0.35436767 168
1684301299701 0.35561126 169
1684301299769 0.35686323 170
1684301299841 0.35812366 171
1684301299909 0.35939246 172
1684301299977 0.36066964 173
1684301300045 0.36195514 174
1684301300117 0.36324897 175
1684301300189 0.36455107 176
1684301300261 0.36586148 177
1684301300329 0.36718005 178
1684301300397 0.36850685 179
1684301300465 0.36984184 180
1684301300533 0.371185 181
1684301300605 0.3725363 182
1684301300672 0.37389567 183
1684301300750 0.37526315 184
1684301300821 0.3766387 185
1684301300890 0.37802225 186
1684301300958 0.3794138 187
1684301301028 0.38081333 188
1684301301107 0.38222083 189
1684301301176 0.3836363 190
1684301301245 0.3850596 191
1684301301315 0.38649085 192
1684301301384 0.38792992 193
1684301301452 0.38937682 194
1684301301518 0.39083153 195
1684301301590 0.39229405 196
1684301301658 0.39376426 197
1684301301730 0.39524227 198
1684301301810 0.39672798 199
1684301301878 0.39822134 200
1684301301946 0.39972237 201
1684301302018 0.40123105 202
1684301302090 0.4027473 203
1684301302158 0.4042712 204
1684301302226 0.4058026 205
1684301302294 0.40734157 206
1684301302362 0.40888807 207
1684301302430 0.41044202 208
1684301302498 0.41200346 209
1684301302570 0.41357237 210
1684301302636 0.41514862 211
1684301302704 0.4167323 212
1684301302772 0.41832334 213
1684301302844 0.41992176 214
1684301302912 0.4215275 215
1684301302980 0.42314053 216
1684301303048 0.42476082 217
1684301303120 0.42638838 218
1684301303188 0.42802316 219
1684301303256 0.42966512 220
1684301303324 0.4313143 221
1684301303400 0.43297064 222
1684301303472 0.4346341 223
1684301303544 0.4363047 224
1684301303612 0.43798235 225
1684301303683 0.43966705 226
1684301303753 0.4413588 227
1684301303825 0.4430576 228
1684301303893 0.44476336 229
1684301303961 0.4464761 230
1684301304029 0.44819582 231
1684301304101 0.44992247 232
1684301304169 0.45165598 233
1684301304237 0.4533964 234
1684301304309 0.4551437 235
1684301304381 0.45689783 236
1684301304449 0.45865873 237
1684301304517 0.46042645 238
1684301304589 0.46220094 239
1684301304657 0.46398216 240
1684301304725 0.46577013 241
1684301304801 0.4675648 242
1684301304869 0.46936613 243
1684301304937 0.47117412 244
1684301305005 0.47298875 245
1684301305073 0.47481003 246
1684301305141 0.47663784 247
1684301305212 0.4784723 248
1684301305284 0.48031324 249
1684301305352 0.4821607 250
