1684300499259 0.4824042 1
1684300499391 0.42761314 2
1684300499463 0.37228262 3
1684300499529 0.32150796 4
1684300499601 0.27909395 5
1684300499673 0.24678 6
1684300499742 0.22444493 7
1684300499813 0.21071866 8
1684300499893 0.20363887 9
1684300499965 0.20117156 10
1684300500037 0.20153725 11
1684300500110 0.2033586 12
1684300500177 0.20567876 13
1684300500249 0.20790519 14
1684300500317 0.20972368 15
1684300500385 0.21101122 16
1684300500457 0.21176305 17
1684300500525 0.21203831 18
1684300500597 0.2119232 19
1684300500665 0.21150869 20
1684300500733 0.21087821 21
1684300500801 0.21010232 22
1684300500869 0.2092372 23
1684300500941 0.20832571 24
1684300501009 0.20739911 25
1684300501081 0.20647928 26
1684300501149 0.2055808 27
1684300501221 0.20471284 28
1684300501289 0.20388052 29
1684300501357 0.20308623 30
1684300501430 0.20233041 31
1684300501497 0.20161228 32
1684300501569 0.2009304 33
1684300501641 0.20028283 34
1684300501713 0.19966754 35
1684300501781 0.19908246 36
1684300501853 0.19852567 37
1684300501925 0.19799535 38
1684300501993 0.19748989 39
1684300502061 0.19700791 40
1684300502133 0.1965481 41
1684300502205 0.1961095 42
1684300502273 0.19569115 43
1684300502341 0.19529232 44
1684300502413 0.19491237 45
1684300502481 0.19455075 46
1684300502549 0.19420701 47
1684300502621 0.19388077 48
1684300502685 0.19357169 49
1684300502757 0.1932795 50
1684300502829 0.19300392 51
1684300502897 0.19274473 52
1684300502965 0.19250175 53
1684300503033 0.19227475 54
1684300503102 0.19206354 55
1684300503173 0.19186796 56
1684300503242 0.19168785 57
1684300503314 0.19152308 58
1684300503382 0.19137341 59
1684300503450 0.19123876 60
1684300503518 0.19111896 61
1684300503590 0.19101389 62
1684300503664 0.19092336 63
1684300503732 0.1908473 64
1684300503800 0.19078553 65
1684300503869 0.19073793 66
1684300503943 0.1907044 67
1684300504023 0.19068481 68
1684300504095 0.19067904 69
1684300504168 0.190687 70
1684300504236 0.19070855 71
1684300504304 0.19074361 72
1684300504372 0.19079208 73
1684300504502 0.19085385 74
1684300504570 0.19092883 75
1684300504642 0.19101693 76
1684300504718 0.19111806 77
1684300504790 0.19123214 78
1684300504862 0.1913591 79
1684300504930 0.19149883 80
1684300505042 0.19165127 81
1684300505114 0.19181634 82
1684300505186 0.19199395 83
1684300505258 0.19218406 84
1684300505330 0.19238658 85
1684300505398 0.19260146 86
1684300505466 0.19282858 87
1684300505534 0.19306797 88
1684300505602 0.19331947 89
1684300505673 0.19358306 90
1684300505744 0.1938587 91
1684300505816 0.1941463 92
1684300505888 0.1944458 93
1684300505956 0.1947572 94
1684300506024 0.19508037 95
1684300506093 0.19541529 96
1684300506165 0.19576192 97
1684300506237 0.1961202 98
1684300506309 0.19649008 99
1684300506377 0.19687152 100
1684300506449 0.19726449 101
1684300506520 0.1976689 102
1684300506588 0.19808473 103
1684300506656 0.19851193 104
1684300506724 0.19895047 105
1684300506796 0.19940029 106
1684300506864 0.19986136 107
1684300506932 0.20033368 108
1684300507004 0.20081715 109
1684300507072 0.20131178 110
1684300507144 0.20181748 111
1684300507216 0.20233427 112
1684300507284 0.20286208 113
1684300507356 0.20340091 114
1684300507424 0.20395069 115
1684300507492 0.2045114 116
1684300507560 0.20508303 117
1684300507628 0.20566553 118
1684300507696 0.20625888 119
1684300507772 0.20686302 120
1684300507848 0.20747796 121
1684300507916 0.20810366 122
1684300507984 0.20874012 123
1684300508056 0.20938724 124
1684300508124 0.21004507 125
1684300508196 0.21071355 126
1684300508268 0.21139267 127
1684300508336 0.21208239 128
1684300508409 0.21278268 129
1684300508477 0.21349354 130
1684300508545 0.21421495 131
1684300508613 0.2149469 132
1684300508685 0.2156893 133
1684300508757 0.2164422 134
1684300508825 0.21720555 135
1684300508897 0.21797934 136
1684300508965 0.21876356 137
1684300509033 0.21955818 138
1684300509107 0.22036317 139
1684300509176 0.22117853 140
1684300509245 0.22200423 141
1684300509317 0.2228403 142
1684300509390 0.22368662 143
1684300509458 0.22454327 144
1684300509526 0.2254102 145
1684300509594 0.2262874 146
1684300509662 0.22717485 147
1684300509730 0.22807252 148
1684300509798 0.22898039 149
1684300510049 0.22989851 150
1684300510181 0.23082682 151
1684300510253 0.23176526 152
1684300510325 0.2327139 153
1684300510397 0.23367268 154
1684300510465 0.23464161 155
1684300510537 0.23562066 156
1684300510605 0.2366098 157
1684300510673 0.23760906 158
1684300510741 0.2386184 159
1684300510813 0.23963785 160
1684300510881 0.24066865 161
1684300510949 0.24171126 162
1684300511021 0.24276575 163
1684300511089 0.24383205 164
1684300511161 0.2449099 165
1684300511233 0.24599889 166
1684300511305 0.24709868 167
1684300511375 0.24820893 168
1684300511447 0.24932924 169
1684300511515 0.2504594 170
1684300511587 0.2515992 171
1684300511655 0.25274837 172
1684300511723 0.25390688 173
1684300511795 0.25507453 174
1684300511863 0.25625134 175
1684300511931 0.25743726 176
1684300511999 0.25863218 177
1684300512067 0.25983623 178
1684300512147 0.2610493 179
1684300512215 0.26227143 180
1684300512289 0.26350266 181
1684300512357 0.26474294 182
1684300512429 0.26599237 183
1684300512497 0.26725096 184
1684300512565 0.2685187 185
1684300512637 0.2697956 186
1684300512705 0.2710817 187
1684300512773 0.27237695 188
1684300512845 0.2736815 189
1684300512913 0.27499527 190
1684300512981 0.27631828 191
1684300513053 0.27765027 192
1684300513121 0.27899122 193
1684300513189 0.28034097 194
1684300513261 0.2816999 195
1684300513333 0.28306806 196
1684300513401 0.2844456 197
1684300513469 0.2858326 198
1684300513537 0.287229 199
1684300513606 0.28863487 200
1684300513678 0.29005018 201
1684300513747 0.29147494 202
1684300513819 0.29290906 203
1684300513887 0.29435253 204
1684300513955 0.29580534 205
1684300514023 0.2972675 206
1684300514095 0.29873896 207
1684300514167 0.30021968 208
1684300514239 0.3017097 209
1684300514311 0.30320895 210
1684300514379 0.30471742 211
1684300514447 0.30623516 212
1684300514511 0.30776215 213
1684300514579 0.3092983 214
1684300514651 0.3108437 215
1684300514719 0.3123983 216
1684300514787 0.31396216 217
1684300514859 0.3155352 218
1684300514931 0.3171174 219
1684300514999 0.3187088 220
1684300515067 0.3203094 221
1684300515135 0.3219192 222
1684300515203 0.32353815 223
1684300515271 0.32516629 224
1684300515343 0.3268036 225
1684300515411 0.32845008 226
1684300515483 0.3301057 227
1684300515551 0.33177006 228
1684300515619 0.33344305 229
1684300515683 0.33512455 230
1684300515755 0.33681473 231
1684300515823 0.33851355 232
1684300515891 0.3402211 233
1684300515963 0.34193754 234
1684300516031 0.34366295 235
1684300516099 0.3453974 236
1684300516171 0.34714103 237
1684300516243 0.34889385 238
1684300516311 0.3506559 239
1684300516379 0.3524273 240
1684300516451 0.35420793 241
1684300516519 0.35599795 242
1684300516591 0.35779727 243
1684300516697 0.35960585 244
1684300516797 0.3614238 245
1684300516893 0.36325097 246
1684300516961 0.36508745 247
1684300517031 0.36693317 248
1684300517098 0.36878812 249
1684300517169 0.3706523 250
