1684301986890 0.59543025 1
1684301986968 0.53142524 2
1684301987036 0.4656282 3
1684301987112 0.40369323 4
1684301987186 0.35003307 5
1684301987258 0.30691075 6
1684301987330 0.27459523 7
1684301987398 0.25196674 8
1684301987470 0.2371887 9
1684301987542 0.22825244 10
1684301987614 0.22332977 11
1684301987686 0.22094584 12
1684301987754 0.22001866 13
1684301987826 0.21981978 14
1684301987898 0.21990009 15
1684301987966 0.22001064 16
1684301988036 0.22003403 17
1684301988114 0.21993193 18
1684301988187 0.2197086 19
1684301988258 0.21938756 20
1684301988326 0.21899791 21
1684301988406 0.21856712 22
1684301988478 0.21811798 23
1684301988550 0.21766777 24
1684301988623 0.21722862 25
1684301988695 0.21680838 26
1684301988768 0.21641168 27
1684301988836 0.21604064 28
1684301988904 0.21569596 29
1684301988972 0.21537717 30
1684301989040 0.21508324 31
1684301989108 0.21481287 32
1684301989172 0.21456471 33
1684301989244 0.21433735 34
1684301989316 0.21412961 35
1684301989389 0.21394038 36
1684301989457 0.21376872 37
1684301989529 0.21361388 38
1684301989597 0.21347526 39
1684301989665 0.21335235 40
1684301989733 0.21324477 41
1684301989805 0.21315221 42
1684301989873 0.21307448 43
1684301989941 0.21301135 44
1684301990013 0.21296272 45
1684301990081 0.21292847 46
1684301990153 0.2129085 47
1684301990221 0.21290275 48
1684301990293 0.21291113 49
1684301990361 0.21293357 50
1684301990433 0.21296999 51
1684301990501 0.21302032 52
1684301990573 0.2130845 53
1684301990641 0.21316245 54
1684301990709 0.21325406 55
1684301990777 0.2133593 56
1684301990849 0.21347804 57
1684301990921 0.21361025 58
1684301990989 0.21375577 59
1684301991057 0.21391457 60
1684301991129 0.21408659 61
1684301991201 0.2142717 62
1684301991269 0.21446985 63
1684301991337 0.21468095 64
1684301991404 0.21490496 65
1684301991476 0.21514179 66
1684301991548 0.21539137 67
1684301991620 0.21565361 68
1684301991688 0.21592851 69
1684301991760 0.21621595 70
1684301991828 0.21651588 71
1684301991892 0.21682829 72
1684301991964 0.21715306 73
1684301992032 0.21749014 74
1684301992100 0.21783952 75
1684301992168 0.21820112 76
1684301992240 0.21857487 77
1684301992308 0.21896073 78
1684301992380 0.21935868 79
1684301992448 0.21976863 80
1684301992516 0.22019054 81
1684301992584 0.22062436 82
1684301992652 0.22107004 83
1684301992724 0.22152755 84
1684301992792 0.22199683 85
1684301992864 0.22247782 86
1684301992936 0.22297049 87
1684301993004 0.2234748 88
1684301993080 0.22399071 89
1684301993148 0.22451815 90
1684301993219 0.22505707 91
1684301993299 0.22560747 92
1684301993375 0.22616927 93
1684301993443 0.22674245 94
1684301993511 0.22732696 95
1684301993579 0.22792275 96
1684301993643 0.2285298 97
1684301993715 0.22914806 98
1684301993783 0.22977749 99
1684301993859 0.23041803 100
1684301993928 0.23106968 101
1684301993996 0.23173238 102
1684301994068 0.23240608 103
1684301994132 0.23309079 104
1684301994204 0.23378643 105
1684301994272 0.23449299 106
1684301994468 0.2352104 107
1684301994592 0.23593868 108
1684301994664 0.23667777 109
1684301994736 0.23742759 110
1684301994804 0.23818816 111
1684301994876 0.23895945 112
1684301994944 0.23974138 113
1684301995012 0.240534 114
1684301995080 0.24133718 115
1684301995148 0.24215096 116
1684301995220 0.24297528 117
1684301995288 0.24381012 118
1684301995356 0.24465543 119
1684301995428 0.2455112 120
1684301995496 0.24637738 121
1684301995568 0.24725397 122
1684301995640 0.24814093 123
1684301995768 0.24903822 124
1684301995976 0.24994582 125
1684301996112 0.25086373 126
1684301996180 0.25179183 127
1684301996252 0.2527302 128
1684301996320 0.25367874 129
1684301996390 0.25463748 130
1684301996458 0.25560635 131
1684301996530 0.25658536 132
1684301996598 0.25757444 133
1684301996666 0.25857356 134
1684301996734 0.25958276 135
1684301996806 0.26060197 136
1684301996874 0.26163113 137
1684301996946 0.2626703 138
1684301997018 0.26371938 139
1684301997086 0.2647784 140
1684301997158 0.26584727 141
1684301997226 0.26692605 142
1684301997298 0.26801464 143
1684301997366 0.26911303 144
1684301997434 0.27022123 145
1684301997506 0.2713392 146
1684301997574 0.27246693 147
1684301997642 0.27360436 148
1684301997710 0.27475148 149
1684301997778 0.2759083 150
1684301997847 0.27707475 151
1684301997918 0.2782508 152
1684301997986 0.27943647 153
1684301998054 0.28063172 154
1684301998122 0.2818365 155
1684301998194 0.28305078 156
1684301998262 0.2842746 157
1684301998330 0.28550786 158
1684301998398 0.2867506 159
1684301998470 0.2880028 160
1684301998538 0.28926438 161
1684301998610 0.29053536 162
1684301998674 0.2918157 163
1684301998746 0.2931054 164
1684301998814 0.2944044 165
1684301998882 0.2957127 166
1684301998950 0.2970303 167
1684301999022 0.29835713 168
1684301999090 0.2996932 169
1684301999158 0.30103844 170
1684301999226 0.3023929 171
1684301999294 0.30375654 172
1684301999362 0.30512923 173
1684301999430 0.3065111 174
1684301999502 0.30790204 175
1684301999566 0.309302 176
1684301999638 0.31071103 177
1684301999706 0.31212905 178
1684301999774 0.31355608 179
1684301999842 0.31499204 180
1684301999910 0.31643695 181
1684301999978 0.31789076 182
1684302000046 0.31935346 183
1684302000118 0.32082504 184
1684302000186 0.32230544 185
1684302000254 0.32379463 186
1684302000327 0.32529262 187
1684302000399 0.3267994 188
1684302000467 0.32831487 189
1684302000551 0.32983902 190
1684302000623 0.33137187 191
1684302000691 0.33291337 192
1684302000759 0.3344635 193
1684302000827 0.33602226 194
1684302000899 0.33758956 195
1684302000971 0.3391654 196
1684302001039 0.3407497 197
1684302001111 0.34234256 198
1684302001369 0.34394383 199
1684302001513 0.34555358 200
1684302001585 0.3471717 201
1684302001653 0.3487982 202
1684302001721 0.35043302 203
1684302001793 0.35207617 204
1684302001865 0.3537276 205
1684302001933 0.35538733 206
1684302002001 0.35705525 207
1684302002073 0.3587314 208
1684302002141 0.3604157 209
1684302002213 0.3621081 210
1684302002281 0.36380863 211
1684302002353 0.3655173 212
1684302002421 0.367234 213
1684302002490 0.3689587 214
1684302002562 0.37069136 215
1684302002634 0.372432 216
1684302002702 0.3741806 217
1684302002778 0.37593704 218
1684302002854 0.37770137 219
1684302002926 0.37947357 220
1684302002994 0.3812535 221
1684302003062 0.3830412 222
1684302003133 0.38483673 223
1684302003205 0.3866399 224
1684302003269 0.38845074 225
1684302003337 0.39026925 226
1684302003405 0.3920954 227
1684302003477 0.3939291 228
1684302003545 0.39577037 229
1684302003617 0.3976191 230
1684302003685 0.39947537 231
1684302003753 0.40133905 232
1684302003821 0.4032102 233
1684302003893 0.40508866 234
1684302003957 0.40697455 235
1684302004029 0.40886775 236
1684302004097 0.4107682 237
1684302004165 0.41267595 238
1684302004233 0.4145909 239
1684302004301 0.41651306 240
1684302004369 0.41844237 241
1684302004441 0.4203788 242
1684302004509 0.42232233 243
1684302004577 0.4242729 244
1684302004649 0.4262305 245
1684302004717 0.42819506 246
1684302004785 0.4301666 247
1684302004853 0.43214512 248
1684302004925 0.43413043 249
1684302004993 0.43612272 250
