1684302909466 0.0006530253765957656 1
1684302909546 0.0006661338915508079 2
1684302909614 0.0007570978534901225 3
1684302909686 0.0009048850918109587 4
1684302909758 0.0010635274932450697 5
1684302909826 0.0011984892983621586 6
1684302909898 0.0012943672098114567 7
1684302909966 0.0013508540948886465 8
1684302910034 0.0013767041569690771 9
1684302910106 0.0013843601361706796 10
1684302910174 0.0013860155766890034 11
1684302910250 0.0013913366787296783 12
1684302910326 0.001406666841442188 13
1684302910394 0.0014352285669252936 14
1684302910462 0.001477782878663613 15
1684302910534 0.0015334125214279946 16
1684302910606 0.0016002342852893087 17
1684302910674 0.0016759241724155249 18
1684302910742 0.0017581264947267492 19
1684302910814 0.0018447184145021283 20
1684302910882 0.0019338524160657307 21
1684302910954 0.002024073985790728 22
1684302911026 0.002114293310099476 23
1684302911094 0.0022037001082885204 24
1684302911162 0.0022917559769554067 25
1684302911234 0.002378143672504497 26
1684302911306 0.0024626646789539645 27
1684302911378 0.0025452369047438386 28
1684302911450 0.0026258672952164156 29
1684302911520 0.0027046029156948216 30
1684302911592 0.002781530016570161 31
1684302911660 0.0028567294921043756 32
1684302911728 0.0029303176729437146 33
1684302911796 0.003002384373409356 34
1684302911868 0.003073025157527525 35
1684302911936 0.0031423408115279273 36
1684302912004 0.0032104118982272433 37
1684302912088 0.003277300271692607 38
1684302912160 0.0033430858912868737 39
1684302912232 0.0034078275004848233 40
1684302912308 0.0034715653108313514 41
1684302912376 0.003534356458223828 42
1684302912444 0.003596257979300205 43
1684302912516 0.0036572829983912165 44
1684302912584 0.003717474478570122 45
1684302912664 0.0037768747555089618 46
1684302912737 0.003835510322182406 47
1684302912805 0.003893415107236248 48
1684302912877 0.003950604952380438 49
1684302912949 0.004007128161931321 50
1684302913017 0.00406298743437796 51
1684302913089 0.0041182385713177 52
1684302913157 0.0041728905982404895 53
1684302913229 0.004226968538193409 54
1684302913297 0.004280507173125761 55
1684302913365 0.004333529976944866 56
1684302913437 0.004386064909655653 57
1684302913509 0.004438133552178834 58
1684302913581 0.004489766618510981 59
1684302913652 0.004540975980705201 60
1684302913723 0.004591814107915146 61
1684302913791 0.004642277006191399 62
1684302913864 0.004692395132359487 63
1684302913931 0.0047422036126877325 64
1684302914003 0.004791711294012492 65
1684302914071 0.004840945869654601 66
1684302914140 0.004889926780792122 67
1684302914207 0.004938684583852922 68
1684302914275 0.0049872362540374455 69
1684302914352 0.00503559179032172 70
1684302914419 0.005083778429213357 71
1684302914491 0.005131831615077811 72
1684302914564 0.005179746503143264 73
1684302914635 0.005227559022943269 74
1684302914707 0.005275271702392766 75
1684302914775 0.005322920301927972 76
1684302914847 0.005370522383085805 77
1684302914919 0.005418085113019995 78
1684302914987 0.005465623067973723 79
1684302915055 0.0055131755525207595 80
1684302915127 0.005560736010794568 81
1684302915200 0.005608330576454863 82
1684302915272 0.005655973126587017 83
1684302915340 0.0057036852137413675 84
1684302915408 0.005751479120101612 85
1684302915480 0.005799376091828322 86
1684302915548 0.005847380877964036 87
1684302915620 0.005895514113555608 88
1684302915688 0.005943782125742939 89
1684302915760 0.005992212479315643 90
1684302915828 0.006040812711388178 91
1684302915900 0.006089593451472941 92
1684302915968 0.00613858641985742 93
1684302916040 0.006187776162558941 94
1684302916111 0.0062372006152059435 95
1684302916179 0.006286856319418377 96
1684302916247 0.006336769891822965 97
1684302916319 0.0063869485017111 98
1684302916387 0.0064373985928019035 99
1684302916455 0.006488138078027991 100
1684302916523 0.006539182360351699 101
1684302916595 0.006590534944769868 102
1684302916663 0.006642222942541698 103
1684302916731 0.006694231875763697 104
1684302916799 0.006746594837814834 105
1684302916871 0.00679932978246942 106
1684302916939 0.006852414646970755 107
1684302917007 0.00690588823888133 108
1684302917195 0.006959752351741105 109
1684302917283 0.0070140197441775475 110
1684302917357 0.0070686975426923005 111
1684302917425 0.007123794576852143 112
1684302917497 0.007179325741073241 113
1684302917569 0.007235270604049823 114
1684302917637 0.007291681643420004 115
1684302917709 0.007348528916918327 116
1684302917777 0.007405849311165759 117
1684302917849 0.007463626778758481 118
1684302917917 0.007521917135003118 119
1684302917989 0.007580673448112341 120
1684302918057 0.007639957450702581 121
1684302918129 0.007699760539247645 122
1684302918201 0.007760094389295159 123
1684302918269 0.007820967042352299 124
1684302918341 0.007882372046422276 125
1684302918408 0.00794434274886717 126
1684302918483 0.008006868674728468 127
1684302918550 0.008069987329123441 128
1684302918626 0.008133677172812732 129
1684302918694 0.008197947932913728 130
1684302918770 0.008262818971266522 131
1684302918838 0.008328285809714684 132
1684302918910 0.008394376605251051 133
1684302918978 0.008461094153974365 134
1684302919050 0.008528413823162979 135
1684302919122 0.008596375220073999 136
1684302919190 0.008664972012659861 137
1684302919258 0.008734217887114086 138
1684302919326 0.00880413015007591 139
1684302919398 0.008874700281711246 140
1684302919470 0.008945927903818332 141
1684302919538 0.00901782682579969 142
1684302919606 0.009090422374097233 143
1684302919674 0.009163699939955805 144
1684302919746 0.009237681724987252 145
1684302919814 0.00931235055081922 146
1684302919886 0.009387734612257267 147
1684302919954 0.009463830428002322 148
1684302920022 0.009540646646598304 149
1684302920094 0.009618208543721835 150
1684302920162 0.009696490105540908 151
1684302920234 0.009775526551085503 152
1684302920302 0.009855297415724051 153
1684302920374 0.009935818603077618 154
1684302920446 0.010017119103122257 155
1684302920518 0.010099175008035519 156
1684302920586 0.01018200537340654 157
1684302920654 0.010265618770682052 158
1684302920738 0.010350016047613547 159
1684302920814 0.010435221406999024 160
1684302920890 0.01052121457785762 161
1684302920958 0.010608016945127237 162
1684302921030 0.010695631780065202 163
1684302921098 0.010784067003780099 164
1684302921166 0.010873320613367373 165
1684302921234 0.010963416655802454 166
1684302921306 0.01105435491183001 167
1684302921378 0.011146148312397571 168
1684302921450 0.01123876517393778 169
1684302921518 0.011332269536992215 170
1684302921586 0.011426616388648567 171
1684302921658 0.011521857340221051 172
1684302921726 0.011617962497986276 173
1684302921798 0.011714953434090883 174
1684302921866 0.011812849436084493 175
1684302921934 0.011911635883392535 176
1684302922010 0.01201134431691066 177
1684302922078 0.012111942971415634 178
1684302922150 0.012213474709166068 179
1684302922218 0.012315924541877797 180
1684302922290 0.012419331411402376 181
1684302922362 0.01252365311789125 182
1684302922430 0.012628944659642394 183
1684302922498 0.012735190907565728 184
1684302922570 0.012842382688722537 185
1684302922778 0.012950552272619927 186
1684302922950 0.013059718096191289 187
1684302923026 0.013169855477371343 188
1684302923098 0.01328098343451431 189
1684302923166 0.013393116800220702 190
1684302923234 0.01350625941667599 191
1684302923302 0.013620413097068776 192
1684302923374 0.013735590161532042 193
1684302923446 0.013851814652810716 194
1684302923514 0.01396905392232082 195
1684302923586 0.014087353662443085 196
1684302923654 0.014206726663108463 197
1684302923722 0.014327130537816271 198
1684302923794 0.014448625407767287 199
1684302923866 0.014571188782771041 200
1684302923934 0.014694847127397711 201
1684302924054 0.014819605338732266 202
1684302924127 0.014945455912570045 203
1684302924198 0.015072411599987899 204
1684302924274 0.015200516408349766 205
1684302924345 0.015329730557958669 206
1684302924416 0.015460094345177398 207
1684302924488 0.01559159068010915 208
1684302924560 0.01572424316002835 209
1684302924628 0.015858061187051634 210
1684302924704 0.0159930576593777 211
1684302924772 0.016129227960531466 212
1684302924844 0.016266603814926013 213
1684302924916 0.016405150762477422 214
1684302924988 0.01654492417591445 215
1684302925056 0.01668590826255118 216
1684302925124 0.016828127228639998 217
1684302925192 0.016971570552209245 218
1684302925264 0.017116265426675863 219
1684302925336 0.017262205570681064 220
1684302925413 0.01740939566362592 221
1684302925485 0.017557871719647785 222
1684302925557 0.017707629593987497 223
1684302925625 0.017858663461254302 224
1684302925697 0.018011011874866437 225
1684302925765 0.018164652906740457 226
1684302925837 0.018319619197216468 227
1684302925905 0.018475905469739276 228
1684302925977 0.018633542572140976 229
1684302926045 0.018792513829977833 230
1684302926117 0.01895283018873396 231
1684302926185 0.019114515742697232 232
1684302926253 0.019277574390569138 233
1684302926329 0.01944201841788575 234
1684302926401 0.019607861204788128 235
1684302926469 0.019775079366316603 236
1684302926541 0.019943731108929157 237
1684302926613 0.020113795018056425 238
1684302926681 0.020285288601816727 239
1684302926749 0.020458218593209274 240
1684302926821 0.020632606506750206 241
1684302926885 0.020808440769519244 242
1684302926957 0.020985745607810257 243
1684302927025 0.021164521912704945 244
1684302927097 0.021344811354402728 245
1684302927165 0.021526574306129212 246
1684302927237 0.02170985042934156 247
1684302927309 0.02189464068647241 248
1684302927377 0.022080945503779696 249
1684302927449 0.02226879640234311 250
