1684303744558 0.6102444 1
1684303744638 0.5506673 2
1684303744710 0.4893611 3
1684303744779 0.43157238 4
1684303744851 0.38140702 5
1684303744919 0.34098434 6
1684303744991 0.3105769 7
1684303745059 0.28916797 8
1684303745131 0.2750717 9
1684303745203 0.26643693 10
1684303745277 0.26157433 11
1684303745345 0.2591171 12
1684303745417 0.25805974 13
1684303745489 0.25772217 14
1684303745561 0.25768232 15
1684303745635 0.25770333 16
1684303745703 0.25767052 17
1684303745775 0.257543 18
1684303745847 0.25732014 19
1684303745919 0.2570198 20
1684303745987 0.25666562 21
1684303746059 0.25628048 22
1684303746127 0.25588346 23
1684303746199 0.25548902 24
1684303746267 0.25510734 25
1684303746339 0.25474504 26
1684303746411 0.2544058 27
1684303746479 0.2540914 28
1684303746551 0.25380215 29
1684303746623 0.25353754 30
1684303746699 0.2532965 31
1684303746771 0.25307783 32
1684303746839 0.25288025 33
1684303746911 0.25270244 34
1684303746979 0.25254327 35
1684303747051 0.2524018 36
1684303747123 0.25227717 37
1684303747191 0.25216863 38
1684303747259 0.25207573 39
1684303747331 0.2519979 40
1684303747399 0.2519349 41
1684303747467 0.2518864 42
1684303747539 0.2518522 43
1684303747607 0.25183216 44
1684303747677 0.25182617 45
1684303747749 0.25183403 46
1684303747818 0.25185576 47
1684303747890 0.2518912 48
1684303747958 0.25194028 49
1684303748026 0.25200295 50
1684303748094 0.2520791 51
1684303748182 0.2521687 52
1684303748250 0.25227156 53
1684303748322 0.2523877 54
1684303748398 0.25251704 55
1684303748466 0.25265944 56
1684303748534 0.25281477 57
1684303748603 0.252983 58
1684303748672 0.25316405 59
1684303748740 0.25335783 60
1684303748810 0.2535642 61
1684303748882 0.25378317 62
1684303748950 0.25401455 63
1684303749018 0.25425833 64
1684303749094 0.2545144 65
1684303749162 0.25478274 66
1684303749230 0.25506318 67
1684303749302 0.25535575 68
1684303749370 0.25566033 69
1684303749438 0.2559769 70
1684303749506 0.25630534 71
1684303749574 0.2566456 72
1684303749642 0.25699764 73
1684303749715 0.2573614 74
1684303749783 0.25773686 75
1684303749851 0.2581239 76
1684303749921 0.2585225 77
1684303749994 0.2589326 78
1684303750062 0.25935417 79
1684303750130 0.25978714 80
1684303750202 0.26023144 81
1684303750270 0.26068702 82
1684303750354 0.26115394 83
1684303750430 0.26163203 84
1684303750501 0.2621213 85
1684303750568 0.26262167 86
1684303750642 0.26313314 87
1684303750710 0.26365566 88
1684303750778 0.26418918 89
1684303750846 0.26473367 90
1684303750914 0.26528907 91
1684303750982 0.26585534 92
1684303751050 0.26643246 93
1684303751126 0.26702037 94
1684303751198 0.26761907 95
1684303751266 0.26822853 96
1684303751334 0.26884866 97
1684303751406 0.26947945 98
1684303751494 0.27012092 99
1684303751564 0.27077293 100
1684303751636 0.27143556 101
1684303751704 0.2721087 102
1684303751816 0.27279234 103
1684303751883 0.27348647 104
1684303751954 0.27419102 105
1684303752026 0.27490607 106
1684303752094 0.27563143 107
1684303752163 0.27636722 108
1684303752236 0.27711332 109
1684303752306 0.27786973 110
1684303752374 0.27863646 111
1684303752446 0.27941343 112
1684303752514 0.28020066 113
1684303752582 0.28099808 114
1684303752654 0.2818057 115
1684303752722 0.2826235 116
1684303752790 0.28345144 117
1684303752858 0.28428954 118
1684303752930 0.28513774 119
1684303752998 0.28599602 120
1684303753066 0.28686434 121
1684303753134 0.28774276 122
1684303753206 0.28863117 123
1684303753274 0.28952962 124
1684303753342 0.29043806 125
1684303753414 0.29135644 126
1684303753486 0.29228482 127
1684303753554 0.2932231 128
1684303753622 0.29417133 129
1684303753694 0.29512948 130
1684303753762 0.2960975 131
1684303753830 0.2970754 132
1684303753898 0.29806313 133
1684303753966 0.29906076 134
1684303754034 0.30006817 135
1684303754102 0.3010854 136
1684303754170 0.3021125 137
1684303754238 0.3031493 138
1684303754306 0.30419594 139
1684303754378 0.3052523 140
1684303754450 0.3063184 141
1684303754518 0.30739427 142
1684303754586 0.30847982 143
1684303754654 0.30957508 144
1684303754722 0.31068003 145
1684303754790 0.3117947 146
1684303754862 0.31291902 147
1684303754930 0.314053 148
1684303754998 0.31519663 149
1684303755066 0.31634986 150
1684303755134 0.31751272 151
1684303755202 0.31868523 152
1684303755270 0.3198673 153
1684303755338 0.32105893 154
1684303755410 0.32226017 155
1684303755478 0.32347098 156
1684303755550 0.32469133 157
1684303755623 0.32592118 158
1684303755691 0.3271606 159
1684303755763 0.32840946 160
1684303755831 0.3296679 161
1684303755899 0.33093578 162
1684303755971 0.33221316 163
1684303756039 0.3335 164
1684303756111 0.33479628 165
1684303756179 0.33610198 166
1684303756247 0.33741713 167
1684303756313 0.33874172 168
1684303756385 0.34007567 169
1684303756453 0.34141904 170
1684303756521 0.34277177 171
1684303756589 0.34413385 172
1684303756657 0.34550527 173
1684303756725 0.34688604 174
1684303756797 0.34827614 175
1684303756865 0.34967548 176
1684303757106 0.35108417 177
1684303757262 0.35250217 178
1684303757330 0.35392937 179
1684303757398 0.35536587 180
1684303757470 0.35681152 181
1684303757538 0.35826644 182
1684303757611 0.35973054 183
1684303757679 0.36120385 184
1684303757751 0.3626863 185
1684303757823 0.36417794 186
1684303757891 0.36567873 187
1684303757963 0.3671886 188
1684303758031 0.36870754 189
1684303758099 0.37023562 190
1684303758171 0.37177277 191
1684303758239 0.37331897 192
1684303758311 0.37487417 193
1684303758379 0.37643844 194
1684303758459 0.37801164 195
1684303758531 0.37959385 196
1684303758599 0.38118505 197
1684303758671 0.38278517 198
1684303758739 0.3843942 199
1684303758807 0.38601214 200
1684303758875 0.387639 201
1684303758943 0.38927463 202
1684303759011 0.39091918 203
1684303759083 0.39257252 204
1684303759147 0.39423472 205
1684303759215 0.39590567 206
1684303759287 0.39758533 207
1684303759359 0.3992738 208
1684303759427 0.400971 209
1684303759499 0.40267688 210
1684303759567 0.4043914 211
1684303759639 0.40611464 212
1684303759707 0.4078465 213
1684303759775 0.409587 214
1684303759843 0.41133606 215
1684303759919 0.4130937 216
1684303759987 0.4148599 217
1684303760055 0.4166336 218
1684303760123 0.41841438 219
1684303760191 0.42020208 220
1684303760259 0.4219967 221
1684303760327 0.42379832 222
1684303760395 0.4256072 223
1684303760463 0.42742348 224
1684303760533 0.4292475 225
1684303760601 0.43107933 226
1684303760667 0.4329192 227
1684303760739 0.43476725 228
1684303760807 0.43662348 229
1684303760875 0.43848807 230
1684303760945 0.44036102 231
1684303761013 0.44224238 232
1684303761081 0.4441321 233
1684303761149 0.4460302 234
1684303761217 0.44793674 235
1684303761285 0.44985157 236
1684303761353 0.4517748 237
1684303761425 0.45370638 238
1684303761497 0.45564622 239
1684303761565 0.45759434 240
1684303761633 0.45955068 241
1684303761701 0.46151525 242
1684303761769 0.46348795 243
1684303761837 0.46546888 244
1684303761905 0.46745783 245
1684303761973 0.469455 246
1684303762041 0.47146022 247
1684303762109 0.4734735 248
1684303762177 0.47549474 249
1684303762245 0.47752404 250
