1684301903385 0.513888591428117 1
1684301903468 0.4594742650369467 2
1684301903540 0.40408291950904796 3
1684301903612 0.3526331851394037 4
1684301903680 0.3088861747250761 5
1684301903748 0.27466673768326155 6
1684301903828 0.2500237280120168 7
1684301903902 0.23379057151357271 8
1684301903970 0.22420070808072137 9
1684301904042 0.21938070541765617 10
1684301904106 0.2176635788040504 11
1684301904174 0.21773526248018857 12
1684301904246 0.21865932672009245 13
1684301904318 0.21983144805428276 14
1684301904386 0.22090449626134012 15
1684301904454 0.22171166690031704 16
1684301904522 0.22220110907218438 17
1684301904594 0.22238676676197408 18
1684301904662 0.2223145002398736 19
1684301904730 0.22204091944227478 20
1684301904802 0.22162128616226187 21
1684301904870 0.22110371592566364 22
1684301904938 0.22052709982723254 23
1684301905010 0.21992114377149874 24
1684301905078 0.21930746306858662 25
1684301905146 0.21870102541709485 26
1684301905218 0.2181117164862586 27
1684301905286 0.21754551306616263 28
1684301905354 0.21700567463156598 29
1684301905424 0.216493523615678 30
1684301905501 0.216009143225901 31
1684301905573 0.2155518069081782 32
1684301905641 0.21512034276446884 33
1684301905721 0.21471356127115032 34
1684301905793 0.214330090564959 35
1684301905861 0.21396854523142952 36
1684301905933 0.2136276366286558 37
1684301906004 0.2133061491821431 38
1684301906072 0.2130030575923062 39
1684301906144 0.2127174250128742 40
1684301906212 0.21244846389382058 41
1684301906280 0.21219551178310592 42
1684301906348 0.21195806169162704 43
1684301906416 0.21173564787981883 44
1684301906484 0.21152789894813687 45
1684301906560 0.2113345399607836 46
1684301906628 0.21115533753863452 47
1684301906696 0.21099008286339846 48
1684301906764 0.21083863018279153 49
1684301906836 0.2107008318989563 50
1684301906904 0.21057657144785544 51
1684301906972 0.2104657539572545 52
1684301907044 0.21036829218726175 53
1684301907112 0.21028407579782013 54
1684301907180 0.2102130444436141 55
1684301907252 0.2101551223907475 56
1684301907320 0.21011029494461528 57
1684301907388 0.21007850267822 58
1684301907456 0.21005971443587743 59
1684301907532 0.21005382702475742 60
1684301907600 0.21006077557113498 61
1684301907672 0.21008045760220243 62
1684301907740 0.2101128001424335 63
1684301907808 0.21015772393395954 64
1684301907876 0.210215138552559 65
1684301907948 0.21028496197363153 66
1684301908016 0.21036713616024583 67
1684301908084 0.21046159487683685 68
1684301908152 0.21056827397461336 69
1684301908224 0.21068710455104067 70
1684301908292 0.210818032537494 71
1684301908364 0.21096101831713962 72
1684301908432 0.21111599548178983 73
1684301908508 0.21128291945642197 74
1684301908576 0.21146172914030312 75
1684301908648 0.21165241165767693 76
1684301908716 0.2118548806446251 77
1684301908784 0.21206913273072114 78
1684301908852 0.21229510633798954 79
1684301908920 0.21253276016156564 80
1684301908988 0.212782050463969 81
1684301909056 0.21304294990750944 82
1684301909128 0.21331539694824067 83
1684301909196 0.21359934573753558 84
1684301909268 0.21389477596805034 85
1684301909342 0.21420163487005897 86
1684301909411 0.21451988900943944 87
1684301909479 0.21484948794621797 88
1684301909547 0.21519039662226835 89
1684301909615 0.21554258470377785 90
1684301909687 0.21590600455354503 91
1684301909759 0.2162806182797866 92
1684301909827 0.2166664025918292 93
1684301909899 0.21706331271766569 94
1684301909971 0.21747130060306913 95
1684301910043 0.21789034759724998 96
1684301910111 0.21832041774936053 97
1684301910183 0.2187614787616587 98
1684301910251 0.21921347587930953 99
1684301910319 0.21967640076681033 100
1684301910387 0.22015020689589937 101
1684301910459 0.2206348664868253 102
1684301910527 0.2211303442093173 103
1684301910595 0.22163660440470528 104
1684301910663 0.22215362805142863 105
1684301910735 0.22268137267699922 106
1684301910808 0.22321980651501996 107
1684301910877 0.22376890894055562 108
1684301910948 0.22432862811579835 109
1684301911016 0.22489897367578254 110
1684301911086 0.22547987621466845 111
1684301911158 0.2260713258340858 112
1684301911278 0.22667328236734152 113
1684301911346 0.22728572993585808 114
1684301911414 0.22790863005195217 115
1684301911486 0.2285419636804687 116
1684301911558 0.22918569924971371 117
1684301911626 0.2298397964077432 118
1684301911694 0.23050424831667113 119
1684301911768 0.23117901221023554 120
1684301911841 0.23186407060508799 121
1684301911917 0.2325593849123986 122
1684301911997 0.23326495260372956 123
1684301912109 0.23398072949002963 124
1684301912182 0.23470668740078882 125
1684301912254 0.23544279850465044 126
1684301912322 0.23618906132365786 127
1684301912390 0.23694543673032542 128
1684301912458 0.2377118874403193 129
1684301912530 0.23848840016263725 130
1684301912598 0.23927494949466363 131
1684301912666 0.24007151683933803 132
1684301912734 0.24087808559357918 133
1684301912806 0.24169459785033087 134
1684301912874 0.24252106916423183 135
1684301912946 0.2433574561329993 136
1684301913014 0.24420374219363863 137
1684301913086 0.24505989862657113 138
1684301913158 0.24592591148503912 139
1684301913226 0.24680174380674827 140
1684301913300 0.2476873974569003 141
1684301913368 0.24858283080844382 142
1684301913440 0.249488034261336 143
1684301913508 0.2504029635676174 144
1684301913580 0.251327622514437 145
1684301913648 0.25226197780692744 146
1684301913720 0.2532060117048115 147
1684301913788 0.25415970646178826 148
1684301913856 0.2551230363319902 149
1684301913928 0.2560959713316391 150
1684301914004 0.2570785271925001 151
1684301914075 0.2580706374557124 152
1684301914147 0.2590723123684431 153
1684301914215 0.26008350265485214 154
1684301914283 0.2611042228557832 155
1684301914355 0.2621344292852769 156
1684301914423 0.2631741212101392 157
1684301914491 0.26422325682381925 158
1684301914559 0.26528182794878563 159
1684301914631 0.26634982083333264 160
1684301914703 0.2674272090370203 161
1684301914775 0.2685139759977324 162
1684301914843 0.2696100744341608 163
1684301914911 0.27071553207259924 164
1684301914979 0.27183030082145326 165
1684301915049 0.2729543814606564 166
1684301915117 0.27408773477275084 167
1684301915185 0.2752303444365539 168
1684301915253 0.2763822094763922 169
1684301915325 0.2775432791421333 170
1684301915393 0.2787135635108785 171
1684301915461 0.27989305344436083 172
1684301915529 0.2810816679989512 173
1684301915597 0.2822794477024967 174
1684301915669 0.28348635215062823 175
1684301915741 0.2847023790275303 176
1684301915813 0.28592749253699723 177
1684301915881 0.2871616575468855 178
1684301915948 0.28840490844169625 179
1684301916021 0.2896571756572161 180
1684301916089 0.29091846221242434 181
1684301916161 0.29218874634076303 182
1684301916233 0.2934680080667784 183
1684301916301 0.29475621562495546 184
1684301916369 0.29605336110749436 185
1684301916437 0.29735945781190026 186
1684301916505 0.2986744441163338 187
1684301916573 0.29999829221359686 188
1684301916797 0.30133102955421787 189
1684301916981 0.30267258704515426 190
1684301917113 0.3040229970194002 191
1684301917181 0.30538220531563554 192
1684301917249 0.30675020072142034 193
1684301917321 0.3081269640508728 194
1684301917389 0.30951247614970534 195
1684301917461 0.31090673682178127 196
1684301917533 0.31230967987784464 197
1684301917601 0.31372134263018164 198
1684301917671 0.3151416576318097 199
1684301917815 0.31657064941703605 200
1684301917959 0.31800824797157917 201
1684301918027 0.31945448206884497 202
1684301918095 0.32090929123206396 203
1684301918163 0.3223726977410741 204
1684301918231 0.32384464558379417 205
1684301918303 0.3253251461048326 206
1684301918371 0.3268141496823944 207
1684301918435 0.3283116604242521 208
1684301918503 0.3298176464800432 209
1684301918575 0.3313320962459801 210
1684301918643 0.33285496972129347 211
1684301918711 0.3343862827020389 212
1684301918783 0.3359259846750217 213
1684301918847 0.33747405168806 214
1684301918915 0.33903048855121004 215
1684301918987 0.340595276730222 216
1684301919055 0.3421683754900167 217
1684301919123 0.3437497804421489 218
1684301919191 0.34533945401873084 219
1684301919259 0.34693739225632875 220
1684301919327 0.34854357087532306 221
1684301919399 0.3501579749113784 222
1684301919467 0.3517805763457488 223
1684301919540 0.3534113404352463 224
1684301919608 0.3550502802120339 225
1684301919676 0.35669736227721005 226
1684301919744 0.35835254584285414 227
1684301919812 0.3600158397679598 228
1684301919880 0.3616872071045289 229
1684301919948 0.3633666456746196 230
1684301920016 0.36505409674046674 231
1684301920100 0.3667495928039956 232
1684301920172 0.36845308412012445 233
1684301920240 0.37016455058164577 234
1684301920311 0.37188397338330115 235
1684301920379 0.37361133046436046 236
1684301920447 0.37534661076939113 237
1684301920515 0.3770897940522882 238
1684301920583 0.37884083430147136 239
1684301920655 0.3805997390161439 240
1684301920727 0.38236650898478786 241
1684301920795 0.38414105574779517 242
1684301920863 0.38592338832624384 243
1684301920931 0.3877135563925928 244
1684301920999 0.3895114364274677 245
1684301921071 0.3913170713647515 246
1684301921135 0.39312955872886507 247
1684301921207 0.3949486148152963 248
1684301921275 0.39677407455905483 249
1684301921343 0.3986059333357828 250
