1684299998338 0.4703525858266013 1
1684299998418 0.42058670946529936 2
1684299998492 0.37055308903966633 3
1684299998564 0.32490373509270803 4
1684299998632 0.287077465227672 5
1684299998704 0.25860333868435453 6
1684299998776 0.23930367401668004 7
1684299998848 0.22786549372332437 8
1684299998916 0.22244816167013987 9
1684299998988 0.22116155283791677 10
1684299999056 0.22236270989690507 11
1684299999128 0.2247876993247441 12
1684299999200 0.227564771260534 13
1684299999272 0.23015988511698587 14
1684299999344 0.23229567919458663 15
1684299999420 0.23387044029576437 16
1684299999500 0.23489030769893102 17
1684299999568 0.23541914778096334 18
1684299999636 0.23554467729159764 19
1684299999752 0.23535784014633723 20
1684299999826 0.23494172096252441 21
1684299999898 0.23436654678412847 22
1684299999966 0.23368851201874868 23
1684300000038 0.23295074488435472 24
1684300000110 0.23218506361757005 25
1684300000308 0.23141408605234964 26
1684300000428 0.23065321360315597 27
1684300000496 0.22991242366177694 28
1684300000568 0.22919768307890212 29
1684300000636 0.22851212322711945 30
1684300000708 0.227856878723417 31
1684300000778 0.22723181119986943 32
1684300000850 0.2266359350511006 33
1684300000918 0.22606783466679709 34
1684300000986 0.2255258240870067 35
1684300001058 0.2250081960644041 36
1684300001126 0.22451326889651163 37
1684300001194 0.22403947157519205 38
1684300001266 0.2235853991338185 39
1684300001350 0.22314980838979995 40
1684300001422 0.22273160091468266 41
1684300001490 0.2223298911537443 42
1684300001558 0.22194387018680573 43
1684300001630 0.22157293345246995 44
1684300001698 0.22121653812272207 45
1684300001766 0.22087426483631134 46
1684300001834 0.22054576022284372 47
1684300001909 0.22023075180394308 48
1684300001977 0.21992902031966619 49
1684300002045 0.21964038908481598 50
1684300002119 0.21936470483030593 51
1684300002191 0.21910185473305838 52
1684300002259 0.21885172596999578 53
1684300002331 0.21861425042152405 54
1684300002403 0.21838934080941336 55
1684300002471 0.21817695243018015 56
1684300002539 0.21797700652054378 57
1684300002607 0.217789460505758 58
1684300002683 0.21761424200875418 59
1684300002863 0.21745132122720992 60
1684300003047 0.21730064494269236 61
1684300003135 0.2171621641942433 62
1684300003207 0.21703583002090454 63
1684300003279 0.21692161049161637 64
1684300003347 0.21681944813047135 65
1684300003418 0.21672930462019785 66
1684300003489 0.21665114164352417 67
1684300003561 0.21658492726939066 68
1684300003634 0.216530618923051 69
1684300003704 0.21648818041597093 70
1684300003772 0.2164575755596161 71
1684300003840 0.21643876603671483 72
1684300003911 0.2164317284311567 73
1684300003982 0.21643641803945815 74
1684300004053 0.2164528157029833 75
1684300004148 0.2164808831044606 76
1684300004220 0.2165205946990422 77
1684300004292 0.21657192494188035 78
1684300004365 0.21663483764444078 79
1684300004435 0.2167093072618757 80
1684300004504 0.2167953167642866 81
1684300004576 0.2168928278344018 82
1684300004645 0.21700181705611093 83
1684300004716 0.21712226739951543 84
1684300004786 0.21725414054734365 85
1684300004862 0.21739741734095983 86
1684300004932 0.21755207436425344 87
1684300005000 0.2177180860723768 88
1684300005069 0.21789543969290598 89
1684300005138 0.2180840905223574 90
1684300005208 0.21828401940209524 91
1684300005279 0.2184952199459076 92
1684300005348 0.21871766022273473 93
1684300005421 0.21895131043025426 94
1684300005490 0.21919615353856767 95
1684300005559 0.21945216400282724 96
1684300005630 0.2197193375655583 97
1684300005702 0.21999762313706533 98
1684300005774 0.22028701858861105 99
1684300005844 0.220587500504085 100
1684300005919 0.22089903908116476 101
1684300005989 0.2212216236761638 102
1684300006056 0.22155523300170898 103
1684300006125 0.22189983938421523 104
1684300006196 0.22225542153630937 105
1684300006267 0.22262197307177953 106
1684300006337 0.22299946205956594 107
1684300006407 0.22338786721229553 108
1684300006477 0.22378716937133245 109
1684300006545 0.2241973578929901 110
1684300006614 0.22461841148989542 111
1684300006686 0.22505029610225133 112
1684300006756 0.2254930181162698 113
1684300006826 0.22594653495720454 114
1684300006907 0.22641083598136902 115
1684300006978 0.22688590841633932 116
1684300007053 0.22737172458853042 117
1684300007127 0.227868275982993 118
1684300007198 0.2283755370548793 119
1684300007269 0.2288934929030282 120
1684300007339 0.22942212649754115 121
1684300007410 0.22996141655104502 122
1684300007481 0.23051135029111589 123
1684300007557 0.23107189578669413 124
1684300007636 0.23164306581020355 125
1684300007706 0.23222481778689794 126
1684300007778 0.23281713681561605 127
1684300007846 0.23342001651014602 128
1684300007915 0.23403343771185195 129
1684300007985 0.2346573748758861 130
1684300008056 0.2352918280022485 131
1684300008127 0.23593675877366746 132
1684300008314 0.2365921629326684 133
1684300008522 0.23725802344935282 134
1684300008658 0.2379343318087714 135
1684300008738 0.23862105820860183 136
1684300008809 0.2393181941338948 137
1684300008879 0.2400257225547518 138
1684300008949 0.24074363282748631 139
1684300009020 0.2414718951497759 140
1684300009088 0.24221051165035792 141
1684300009157 0.24295945252690995 142
1684300009226 0.24371870713574545 143
1684300009295 0.2444882712193898 144
1684300009364 0.2452681107180459 145
1684300009435 0.24605823201792582 146
1684300009504 0.24685860957418168 147
1684300009655 0.2476692178419658 148
1684300009757 0.2484900610787528 149
1684300009842 0.24932109883853368 150
1684300009913 0.25016235027994427 151
1684300009982 0.25101376857076374 152
1684300010053 0.25187536435467855 153
1684300010122 0.2527471163443157 154
1684300010192 0.2536289947373526 155
1684300010261 0.25452100166252684 156
1684300010331 0.2554231286048889 157
1684300010404 0.25633533511843 158
1684300010473 0.2572576424905232 159
1684300010542 0.25819000601768494 160
1684300010610 0.25913242782865253 161
1684300010679 0.26008489089352743 162
1684300010749 0.26104738882609774 163
1684300010817 0.26201988969530376 164
1684300010886 0.26300238711493357 165
1684300010960 0.2639948683125632 166
1684300011030 0.26499734606061665 167
1684300011098 0.2660097564969744 168
1684300011166 0.2670321081365858 169
1684300011238 0.26806441800934927 170
1684300011308 0.2691066265106201 171
1684300011377 0.27015874641282217 172
1684300011447 0.2712207521711077 173
1684300011518 0.27229265230042593 174
1684300011589 0.27337439145360676 175
1684300011657 0.27446600794792175 176
1684300011726 0.2755674592086247 177
1684300011795 0.27667872820581707 178
1684300011864 0.2777998149394989 179
1684300011933 0.2789307108947209 180
1684300012002 0.2800713734967368 181
1684300012071 0.2812218155179705 182
1684300012139 0.2823820284434727 183
1684300012211 0.28355197821344647 184
1684300012282 0.28473167760031565 185
1684300012351 0.28592108828680857 186
1684300012421 0.28712020601545063 187
1684300012492 0.2883290137563433 188
1684300012566 0.28954752002443584 189
1684300012639 0.2907756907599313 190
1684300012710 0.29201352170535494 191
1684300012778 0.29326100434575764 192
1684300012845 0.2945181131362915 193
1684300012917 0.295784843819482 194
1684300012993 0.29706117510795593 195
1684300013065 0.29834710700171335 196
1684300013135 0.29964262672833036 197
1684300013203 0.30094771300043377 198
1684300013273 0.3022623487881252 199
1684300013341 0.3035865468638284 200
1684300013410 0.30492026465279715 201
1684300013479 0.3062634936400822 202
1684300013549 0.30761624234063284 203
1684300013618 0.30897848520960125 204
1684300013685 0.31035020521708895 205
1684300013754 0.3117313895906721 206
1684300013823 0.3131220425878252 207
1684300013892 0.31452213866370066 208
1684300013962 0.31593166504587444 209
1684300014032 0.317350230046681 210
1684300014101 0.31877772722925457 211
1684300014170 0.32021407995905193 212
1684300014239 0.3216592456613268 213
1684300014309 0.3231132796832493 214
1684300014378 0.3245762160846165 215
1684300014447 0.32604815704481943 216
1684300014517 0.3275291451386043 217
1684300014587 0.32901923997061594 218
1684300014657 0.33051844579832895 219
1684300014726 0.33202684351376127 220
1684300014796 0.33354444588933674 221
1684300014866 0.3350712444101061 222
1684300014937 0.3366072731358664 223
1684300015008 0.3381525192941938 224
1684300015079 0.3397069914000375 225
1684300015148 0.34127065539360046 226
1684300015216 0.3428435240473066 227
1684300015286 0.3444255931036813 228
1684300015354 0.34601682850292753 229
1684300015424 0.3476172515324184 230
1684300015493 0.34922678981508526 231
1684300015564 0.3508454944406237 232
1684300015632 0.35247331857681274 233
1684300015709 0.35411023667880465 234
1684300015789 0.35575625726154875 235
1684300015859 0.35741137181009563 236
1684300015929 0.35907553349222454 237
1684300015997 0.3607487848826817 238
1684300016067 0.3624310621193477 239
1684300016137 0.36412234817232403 240
1684300016206 0.36582267710140776 241
1684300016275 0.3675320063318525 242
1684300016346 0.3692503145762852 243
1684300016622 0.3709776146071298 244
1684300016701 0.37271388939448763 245
1684300016772 0.37445912190846037 246
1684300016842 0.3762132780892508 247
1684300016916 0.3779763877391815 248
1684300016990 0.37974841254098074 249
1684300017058 0.38152935249464853 250
