1684302951266 0.5456656 1
1684302951346 0.48860073 2
1684302951442 0.43031055 3
1684302951519 0.37592387 4
1684302951599 0.32938004 5
1684302951675 0.29262215 6
1684302951752 0.26576218 7
1684302951830 0.24765423 8
1684302951906 0.23652211 9
1684302951986 0.23046364 10
1684302952066 0.22777298 11
1684302952134 0.22709422 12
1684302952206 0.2274512 13
1684302952286 0.22820449 14
1684302952358 0.22897738 15
1684302952426 0.22957881 16
1684302952498 0.2299371 17
1684302952574 0.23004973 18
1684302952646 0.22994922 19
1684302952718 0.22968131 20
1684302952785 0.22929254 21
1684302952857 0.22882414 22
1684302952929 0.2283096 23
1684302953001 0.22777447 24
1684302953077 0.22723721 25
1684302953149 0.22671047 26
1684302953222 0.22620243 27
1684302953306 0.2257178 28
1684302953378 0.22525904 29
1684302953446 0.2248269 30
1684302953518 0.22442117 31
1684302953593 0.22404097 32
1684302953662 0.22368506 33
1684302953738 0.2233521 34
1684302953809 0.22304076 35
1684302953881 0.22274978 36
1684302953949 0.22247796 37
1684302954017 0.22222432 38
1684302954089 0.22198796 39
1684302954157 0.22176817 40
1684302954229 0.22156435 41
1684302954301 0.22137597 42
1684302954369 0.22120263 43
1684302954437 0.22104397 44
1684302954505 0.2208998 45
1684302954585 0.22076985 46
1684302954654 0.220654 47
1684302954724 0.22055201 48
1684302954792 0.22046384 49
1684302954860 0.2203893 50
1684302954928 0.22032839 51
1684302954996 0.22028098 52
1684302955068 0.22024697 53
1684302955136 0.22022627 54
1684302955204 0.22021884 55
1684302955272 0.22022457 56
1684302955344 0.22024342 57
1684302955416 0.22027528 58
1684302955484 0.22032009 59
1684302955552 0.22037777 60
1684302955624 0.22044824 61
1684302955692 0.22053146 62
1684302955763 0.22062734 63
1684302955833 0.22073582 64
1684302955901 0.22085682 65
1684302955969 0.2209903 66
1684302956040 0.22113617 67
1684302956112 0.22129439 68
1684302956180 0.22146489 69
1684302956254 0.22164762 70
1684302956322 0.22184253 71
1684302956390 0.22204953 72
1684302956462 0.22226861 73
1684302956530 0.22249973 74
1684302956606 0.22274277 75
1684302956678 0.22299775 76
1684302956746 0.22326456 77
1684302956818 0.22354323 78
1684302956886 0.22383365 79
1684302956958 0.22413577 80
1684302957030 0.22444959 81
1684302957102 0.22477505 82
1684302957182 0.2251121 83
1684302957265 0.22546068 84
1684302957338 0.22582078 85
1684302957404 0.22619236 86
1684302957476 0.22657531 87
1684302957544 0.22696964 88
1684302957628 0.22737533 89
1684302957700 0.22779232 90
1684302957768 0.22822057 91
1684302957840 0.22866003 92
1684302957908 0.22911067 93
1684302957976 0.22957247 94
1684302958044 0.23004536 95
1684302958116 0.23052937 96
1684302958184 0.23102435 97
1684302958256 0.23153037 98
1684302958324 0.23204735 99
1684302958396 0.23257525 100
1684302958464 0.23311405 101
1684302958532 0.23366374 102
1684302958604 0.23422424 103
1684302958672 0.23479556 104
1684302958744 0.23537764 105
1684302958812 0.23597047 106
1684302958880 0.236574 107
1684302958948 0.2371882 108
1684302959020 0.23781306 109
1684302959088 0.23844856 110
1684302959280 0.23909463 111
1684302959348 0.23975128 112
1684302959420 0.24041846 113
1684302959488 0.24109614 114
1684302959560 0.24178433 115
1684302959628 0.24248298 116
1684302959696 0.24319205 117
1684302959768 0.24391153 118
1684302959836 0.2446414 119
1684302959905 0.24538162 120
1684302959973 0.24613221 121
1684302960050 0.24689306 122
1684302960118 0.24766424 123
1684302960186 0.24844566 124
1684302960254 0.24923733 125
1684302960327 0.25003928 126
1684302960394 0.25085136 127
1684302960462 0.25167364 128
1684302960530 0.2525061 129
1684302960602 0.25334865 130
1684302960674 0.25420138 131
1684302960745 0.2550642 132
1684302960927 0.2559371 133
1684302961007 0.25682002 134
1684302961087 0.25771302 135
1684302961163 0.2586156 136
1684302961235 0.25952765 137
1684302961303 0.26044905 138
1684302961379 0.26137978 139
1684302961459 0.2623199 140
1684302961534 0.26326945 141
1684302961603 0.26422852 142
1684302961671 0.26519725 143
1684302961743 0.26617563 144
1684302961815 0.26716378 145
1684302961883 0.26816165 146
1684302961955 0.26916936 147
1684302962023 0.2701869 148
1684302962091 0.27121425 149
1684302962163 0.27225146 150
1684302962247 0.2732985 151
1684302962325 0.27435535 152
1684302962397 0.27542204 153
1684302962469 0.27649853 154
1684302962537 0.27758482 155
1684302962607 0.27868086 156
1684302962675 0.2797867 157
1684302962745 0.28090227 158
1684302962815 0.28202757 159
1684302962885 0.2831626 160
1684302962957 0.28430733 161
1684302963031 0.28546172 162
1684302963099 0.28662583 163
1684302963169 0.2877996 164
1684302963241 0.288983 165
1684302963311 0.29017603 166
1684302963379 0.2913787 167
1684302963449 0.29259098 168
1684302963518 0.29381284 169
1684302963589 0.2950443 170
1684302963657 0.29628533 171
1684302963729 0.29753593 172
1684302963799 0.29879606 173
1684302963872 0.30006573 174
1684302963943 0.30134493 175
1684302964013 0.30263364 176
1684302964081 0.30393186 177
1684302964149 0.3052396 178
1684302964222 0.30655676 179
1684302964292 0.30788344 180
1684302964362 0.30921954 181
1684302964430 0.31056508 182
1684302964502 0.31192005 183
1684302964574 0.31328446 184
1684302964642 0.31465828 185
1684302964714 0.31604147 186
1684302964782 0.317434 187
1684302964852 0.31883597 188
1684302964922 0.32024726 189
1684302964992 0.3216679 190
1684302965068 0.32309785 191
1684302965140 0.32453722 192
1684302965208 0.3259859 193
1684302965276 0.32744402 194
1684302965345 0.32891148 195
1684302965413 0.3303883 196
1684302965485 0.33187443 197
1684302965554 0.3333698 198
1684302965626 0.33487442 199
1684302965694 0.33638826 200
1684302965766 0.33791125 201
1684302965834 0.33944345 202
1684302965902 0.3409848 203
1684302965970 0.3425352 204
1684302966042 0.34409475 205
1684302966110 0.3456633 206
1684302966178 0.34724098 207
1684302966250 0.34882763 208
1684302966322 0.35042334 209
1684302966390 0.352028 210
1684302966462 0.35364172 211
1684302966530 0.35526434 212
1684302966598 0.35689595 213
1684302966666 0.35853645 214
1684302966742 0.36018586 215
1684302966809 0.3618442 216
1684302966881 0.36351138 217
1684302966952 0.36518747 218
1684302967023 0.3668724 219
1684302967093 0.36856613 220
1684302967163 0.37026867 221
1684302967233 0.37198 222
1684302967308 0.37370008 223
1684302967378 0.37542894 224
1684302967446 0.37716654 225
1684302967515 0.37891287 226
1684302967586 0.38066784 227
1684302967657 0.38243154 228
1684302967729 0.38420385 229
1684302967800 0.38598484 230
1684302967871 0.38777435 231
1684302967941 0.38957256 232
1684302968010 0.3913793 233
1684302968077 0.39319462 234
1684302968146 0.3950185 235
1684302968214 0.39685082 236
1684302968285 0.39869168 237
1684302968353 0.400541 238
1684302968422 0.40239877 239
1684302968493 0.40426496 240
1684302968561 0.4061396 241
1684302968630 0.4080226 242
1684302968701 0.40991402 243
1684302968771 0.4118138 244
1684302968840 0.4137218 245
1684302968909 0.4156382 246
1684302968979 0.41756287 247
1684302969214 0.41949582 248
1684302969315 0.42143703 249
1684302969383 0.4233864 250
