1684300041747 0.5637085403921094 1
1684300041849 0.5059732295375275 2
1684300041926 0.44708317917757723 3
1684300041998 0.39224604979049066 4
1684300042070 0.3454574734652385 5
1684300042140 0.30867191122563475 6
1684300042211 0.28197195317073914 7
1684300042283 0.26415805499951894 8
1684300042355 0.2533937678234423 9
1684300042425 0.2477229584453826 10
1684300042496 0.24539968927718397 11
1684300042570 0.2450432892317953 12
1684300042641 0.24566613883490354 13
1684300042711 0.2466265826670948 14
1684300042785 0.24755134796994113 15
1684300042856 0.24825552272745244 16
1684300042928 0.24867479895908187 17
1684300042999 0.24881442161483286 18
1684300043103 0.2487140817092489 19
1684300043173 0.248425936634747 20
1684300043243 0.2480020087543898 21
1684300043317 0.24748798481357054 22
1684300043393 0.24692089150307717 23
1684300043464 0.24632901870269872 24
1684300043536 0.24573291950418266 25
1684300043611 0.2451467366317142 26
1684300043682 0.24457965310873503 27
1684300043755 0.24403707036256606 28
1684300043828 0.24352183817643408 29
1684300043898 0.24303492216643474 30
1684300043968 0.24257622461238276 31
1684300044040 0.24214485034922614 32
1684300044112 0.24173955457394164 33
1684300044184 0.24135889344218048 34
1684300044254 0.24100140432726055 35
1684300044325 0.2406657182059045 36
1684300044397 0.2403505285744603 37
1684300044466 0.24005472207722256 38
1684300044536 0.2397773019201814 39
1684300044607 0.23951739289636417 40
1684300044675 0.23927433183064445 41
1684300044743 0.23904752823532674 42
1684300044811 0.23883649283765407 43
1684300044880 0.2386408498551531 44
1684300044948 0.23846026943631268 45
1684300045020 0.23829451111175293 46
1684300045089 0.23814335415254723 47
1684300045159 0.23800662656581345 48
1684300045229 0.23788416699943343 49
1684300045298 0.2377758627211227 50
1684300045367 0.23768160382558887 51
1684300045435 0.23760126396232747 52
1684300045504 0.23753477466885856 53
1684300045575 0.2374820243980735 54
1684300045644 0.23744291649287802 55
1684300045714 0.2374173831710792 56
1684300045783 0.23740533977609984 57
1684300045852 0.23740670413788625 58
1684300045920 0.2374213971637117 59
1684300045989 0.23744931721117354 60
1684300046059 0.23749042297733103 61
1684300046129 0.2375446113316339 62
1684300046200 0.23761184483064274 63
1684300046270 0.23769201969240744 64
1684300046340 0.2377850526647728 65
1684300046410 0.23789091022136416 66
1684300046479 0.2380095217899304 67
1684300046550 0.23814081416534752 68
1684300046620 0.23828473165013253 69
1684300046688 0.23844120025459156 70
1684300046758 0.23861018402472856 71
1684300046829 0.23879161103266489 72
1684300046897 0.2389854359274544 73
1684300046969 0.23919159981877391 74
1684300047038 0.23941004321319379 75
1684300047109 0.23964073810761205 76
1684300047177 0.23988360493658945 77
1684300047246 0.24013860621286875 78
1684300047315 0.24040571119049275 79
1684300047384 0.24068483903623805 80
1684300047453 0.2409759669032636 81
1684300047522 0.2412790344574595 82
1684300047593 0.2415940063284769 83
1684300047663 0.24192083984899246 84
1684300047733 0.24225948194058763 85
1684300047806 0.24260987993124083 86
1684300047880 0.24297201587486195 87
1684300047950 0.2433458308639345 88
1684300048018 0.2437312734697329 89
1684300048090 0.2441283310087978 90
1684300048160 0.2445369312137822 91
1684300048230 0.2449570421865592 92
1684300048314 0.24538864721619225 93
1684300048386 0.24583168504793712 94
1684300048459 0.24628611690643176 95
1684300048527 0.2467518943103592 96
1684300048595 0.2472290160503923 97
1684300048667 0.24771741010766146 98
1684300048735 0.24821702943778548 99
1684300048807 0.24872788947840244 100
1684300048875 0.24924990668791397 101
1684300048947 0.24978305491575203 102
1684300049015 0.2503273017251082 103
1684300049087 0.25088263457467364 104
1684300049155 0.25144897031168567 105
1684300049227 0.25202632387826657 106
1684300049295 0.25261461951763825 107
1684300049363 0.2532138485583731 108
1684300049435 0.2538239741836595 109
1684300049507 0.25444496709340275 110
1684300049579 0.25507677545564716 111
1684300049647 0.25571938543178463 112
1684300049715 0.2563727742261638 113
1684300049783 0.25703689092044935 114
1684300049855 0.2577116916172295 115
1684300049923 0.25839716348702824 116
1684300049995 0.25909328722992214 117
1684300050067 0.259799699900897 118
1684300050135 0.26051622320793444 119
1684300050203 0.2612428046651829 120
1684300050276 0.2619794094267874 121
1684300050344 0.26272607821932664 122
1684300050416 0.26348283106350245 123
1684300050488 0.26424972531772034 124
1684300050565 0.265026787362875 125
1684300050634 0.2658140837165924 126
1684300050700 0.26661160013437457 127
1684300050772 0.26741937239117436 128
1684300050844 0.26823737321043645 129
1684300050916 0.26906564922853904 130
1684300050984 0.2699041658474533 131
1684300051052 0.2707528954993174 132
1684300051220 0.2716118335234679 133
1684300051369 0.27248094758996366 134
1684300051439 0.2733602367415075 135
1684300051511 0.27424963015126314 136
1684300051579 0.27514913010312025 137
1684300051647 0.2760587278091556 138
1684300051719 0.27697833629422447 139
1684300051787 0.2779080048162496 140
1684300051859 0.2788476274855594 141
1684300051931 0.27979720162601407 142
1684300051999 0.28075673309475524 143
1684300052067 0.2817261678228946 144
1684300052135 0.28270545784365536 145
1684300052207 0.2836946306168095 146
1684300052275 0.284693612571509 147
1684300052343 0.28570237435739254 148
1684300052415 0.28672091102466474 149
1684300052483 0.2877492134491408 150
1684300052551 0.2887872210761796 151
1684300052619 0.2898349315010518 152
1684300052691 0.29089229191516164 153
1684300052759 0.29195929283789046 154
1684300052829 0.29303592499438297 155
1684300052900 0.2941221573501782 156
1684300052968 0.2952179631110407 157
1684300053040 0.29632329628734594 158
1684300053112 0.2974381541152339 159
1684300053180 0.29856250263146134 160
1684300053252 0.2996963306977526 161
1684300053320 0.3008396004200768 162
1684300053392 0.3019923232246331 163
1684300053460 0.3031544039060036 164
1684300053532 0.3043258700073506 165
1684300053600 0.30550667862084563 166
1684300053672 0.3066968325951293 167
1684300053740 0.30789628163586524 168
1684300053812 0.30910501647370864 169
1684300053880 0.31032298876798065 170
1684300053948 0.31155019791094524 171
1684300054020 0.31278662859818307 172
1684300054088 0.3140322278613238 173
1684300054160 0.3152869752591372 174
1684300054232 0.31655087210094984 175
1684300054304 0.3178238781050485 176
1684300054372 0.31910597909554617 177
1684300054440 0.3203971216633978 178
1684300054508 0.32169733245919024 179
1684300054580 0.32300651264134816 180
1684300054652 0.3243247242618627 181
1684300054721 0.32565188020376845 182
1684300054793 0.32698799200050566 183
1684300054865 0.3283330067256502 184
1684300054933 0.32968693899996493 185
1684300055001 0.33104973445596064 186
1684300055069 0.3324213682348318 187
1684300055141 0.3338018377146192 188
1684300055209 0.3351910960147441 189
1684300055277 0.3365891295149202 190
1684300055349 0.3379959122386821 191
1684300055417 0.33941143170991317 192
1684300055485 0.3408356391901698 193
1684300055553 0.3422685449259494 194
1684300055621 0.34371007439248646 195
1684300055693 0.34516028501985285 196
1684300055761 0.3466190477093652 197
1684300055829 0.34808641997858114 198
1684300055901 0.3495623443754256 199
1684300056101 0.35104679797912197 200
1684300056205 0.35253977256430763 201
1684300056277 0.35404121458659144 202
1684300056353 0.3555511446335802 203
1684300056437 0.35706948493605184 204
1684300056511 0.3585962272841038 205
1684300056579 0.36013139736325506 206
1684300056651 0.36167488089304367 207
1684300056719 0.36322672859261085 208
1684300056791 0.3647868810824055 209
1684300056863 0.3663553374988304 210
1684300056935 0.36793202779566586 211
1684300057003 0.3695169706935041 212
1684300057075 0.37111012806223836 213
1684300057144 0.37271148601280585 214
1684300057216 0.3743209871877635 215
1684300057284 0.3759386697911707 216
1684300057360 0.37756441777826844 217
1684300057440 0.37919828262476757 218
1684300057512 0.3808402045632943 219
1684300057580 0.3824901471042456 220
1684300057648 0.38414812036409446 221
1684300057720 0.3858141120354235 222
1684300057788 0.3874880397378625 223
1684300057856 0.3891699048159148 224
1684300057928 0.3908596848769352 225
1684300057992 0.39255736864112034 226
1684300058068 0.3942629162293611 227
1684300058136 0.3959762905514104 228
1684300058204 0.39769748521729636 229
1684300058272 0.39942648583466783 230
1684300058340 0.40116322950441585 231
1684300058412 0.40290772113250745 232
1684300058480 0.4046599338097398 233
1684300058548 0.4064198213866379 234
1684300058620 0.408187364965882 235
1684300058688 0.4099625846581456 236
1684300058760 0.41174536912880244 237
1684300058828 0.4135357819303882 238
1684300058900 0.41533374458473554 239
1684300058972 0.4171392419715688 240
1684300059040 0.41895226092501564 241
1684300059112 0.42077276250539236 242
1684300059183 0.42260072404547233 243
1684300059253 0.42443612879285425 244
1684300059321 0.42627893831147246 245
1684300059393 0.42812913773137873 246
1684300059461 0.42998669655989263 247
1684300059529 0.4318516016142645 248
1684300059601 0.43372381512353675 249
1684300059669 0.4356033150723615 250
