1684303744570 0.6107477 1
1684303744650 0.55166256 2
1684303744722 0.49093905 3
1684303744791 0.43373492 4
1684303744859 0.38407785 5
1684303744931 0.34403867 6
1684303744999 0.31387678 7
1684303745071 0.29259238 8
1684303745143 0.27853537 9
1684303745211 0.26989675 10
1684303745285 0.2650258 11
1684303745357 0.2625853 12
1684303745425 0.26158765 13
1684303745497 0.26136038 14
1684303745569 0.2614812 15
1684303745643 0.26170784 16
1684303745715 0.26191777 17
1684303745783 0.26206148 18
1684303745859 0.26212993 19
1684303745927 0.26213378 20
1684303745999 0.26209092 21
1684303746067 0.26201963 22
1684303746139 0.26193568 23
1684303746211 0.2618511 24
1684303746279 0.26177442 25
1684303746351 0.26171118 26
1684303746419 0.26166442 27
1684303746491 0.26163566 28
1684303746559 0.2616252 29
1684303746635 0.26163262 30
1684303746711 0.26165718 31
1684303746779 0.26169792 32
1684303746851 0.26175383 33
1684303746923 0.26182398 34
1684303746991 0.2619076 35
1684303747063 0.26200402 36
1684303747131 0.26211262 37
1684303747203 0.26223296 38
1684303747271 0.26236475 39
1684303747339 0.2625078 40
1684303747411 0.26266184 41
1684303747479 0.26282683 42
1684303747547 0.26300272 43
1684303747618 0.26318944 44
1684303747689 0.26338705 45
1684303747761 0.26359555 46
1684303747830 0.26381496 47
1684303747898 0.26404524 48
1684303747966 0.2642865 49
1684303748038 0.2645387 50
1684303748106 0.2648019 51
1684303748194 0.26507613 52
1684303748262 0.26536137 53
1684303748334 0.2656576 54
1684303748406 0.2659649 55
1684303748478 0.2662832 56
1684303748546 0.2666126 57
1684303748615 0.26695296 58
1684303748684 0.26730433 59
1684303748752 0.26766676 60
1684303748822 0.2680402 61
1684303748890 0.26842463 62
1684303748958 0.2688201 63
1684303749030 0.26922655 64
1684303749106 0.26964402 65
1684303749174 0.2700725 66
1684303749242 0.27051198 67
1684303749310 0.27096248 68
1684303749382 0.27142394 69
1684303749450 0.27189642 70
1684303749518 0.27237993 71
1684303749586 0.27287444 72
1684303749654 0.27337998 73
1684303749723 0.27389652 74
1684303749795 0.27442408 75
1684303749863 0.27496266 76
1684303749933 0.27551228 77
1684303750002 0.27607292 78
1684303750074 0.2766446 79
1684303750142 0.2772273 80
1684303750210 0.27782103 81
1684303750282 0.27842584 82
1684303750366 0.27904165 83
1684303750442 0.27966848 84
1684303750513 0.28030637 85
1684303750580 0.2809553 86
1684303750650 0.2816153 87
1684303750718 0.2822863 88
1684303750786 0.28296834 89
1684303750854 0.28366145 90
1684303750922 0.2843656 91
1684303750990 0.2850808 92
1684303751062 0.285807 93
1684303751138 0.2865443 94
1684303751206 0.28729263 95
1684303751278 0.288052 96
1684303751346 0.2888224 97
1684303751414 0.28960386 98
1684303751508 0.29039636 99
1684303751576 0.2911999 100
1684303751648 0.2920145 101
1684303751716 0.29284012 102
1684303751828 0.2936768 103
1684303751898 0.29452452 104
1684303751966 0.29538327 105
1684303752034 0.29625306 106
1684303752106 0.2971339 107
1684303752175 0.2980258 108
1684303752249 0.2989287 109
1684303752318 0.2998427 110
1684303752386 0.3007677 111
1684303752454 0.30170375 112
1684303752522 0.30265084 113
1684303752594 0.30360892 114
1684303752666 0.30457813 115
1684303752734 0.30555832 116
1684303752802 0.30654958 117
1684303752870 0.30755183 118
1684303752942 0.3085652 119
1684303753010 0.30958956 120
1684303753078 0.31062496 121
1684303753146 0.3116714 122
1684303753214 0.31272888 123
1684303753282 0.31379735 124
1684303753354 0.3148769 125
1684303753426 0.3159675 126
1684303753494 0.31706908 127
1684303753566 0.31818175 128
1684303753634 0.31930542 129
1684303753702 0.32044017 130
1684303753770 0.3215859 131
1684303753838 0.3227427 132
1684303753906 0.3239105 133
1684303753978 0.3250894 134
1684303754046 0.32627925 135
1684303754114 0.3274802 136
1684303754182 0.3286921 137
1684303754250 0.3299151 138
1684303754318 0.3311491 139
1684303754386 0.33239415 140
1684303754458 0.33365023 141
1684303754530 0.3349173 142
1684303754594 0.33619547 143
1684303754666 0.33748463 144
1684303754734 0.3387848 145
1684303754802 0.340096 146
1684303754870 0.34141827 147
1684303754938 0.34275153 148
1684303755006 0.34409583 149
1684303755074 0.34545115 150
1684303755146 0.3468175 151
1684303755214 0.34819487 152
1684303755282 0.34958327 153
1684303755350 0.35098267 154
1684303755418 0.35239318 155
1684303755490 0.35381463 156
1684303755562 0.35524714 157
1684303755631 0.35669065 158
1684303755703 0.3581452 159
1684303755775 0.3596108 160
1684303755843 0.36108738 161
1684303755911 0.362575 162
1684303755979 0.3640736 163
1684303756051 0.36558327 164
1684303756119 0.36710393 165
1684303756187 0.36863562 166
1684303756255 0.37017834 167
1684303756325 0.3717321 168
1684303756393 0.37329683 169
1684303756461 0.37487262 170
1684303756533 0.37645942 171
1684303756601 0.3780572 172
1684303756669 0.37966603 173
1684303756737 0.3812859 174
1684303756805 0.38291675 175
1684303756877 0.38455865 176
1684303757138 0.3862115 177
1684303757274 0.38787544 178
1684303757342 0.38955036 179
1684303757410 0.3912363 180
1684303757482 0.39293328 181
1684303757550 0.39464122 182
1684303757623 0.39636022 183
1684303757691 0.39809018 184
1684303757763 0.39983118 185
1684303757835 0.40158322 186
1684303757903 0.40334624 187
1684303757971 0.40512028 188
1684303758039 0.40690532 189
1684303758111 0.40870142 190
1684303758183 0.41050848 191
1684303758251 0.41232654 192
1684303758319 0.41415566 193
1684303758391 0.41599578 194
1684303758471 0.4178469 195
1684303758543 0.419709 196
1684303758611 0.4215821 197
1684303758679 0.42346627 198
1684303758747 0.4253614 199
1684303758819 0.42726755 200
1684303758883 0.4291847 201
1684303758955 0.43111286 202
1684303759023 0.43305203 203
1684303759091 0.4350022 204
1684303759159 0.43696338 205
1684303759227 0.43893552 206
1684303759299 0.44091874 207
1684303759371 0.44291297 208
1684303759439 0.44491807 209
1684303759507 0.44693428 210
1684303759579 0.44896147 211
1684303759647 0.45099965 212
1684303759719 0.45304886 213
1684303759787 0.45510906 214
1684303759855 0.45718023 215
1684303759927 0.45926243 216
1684303759995 0.46135563 217
1684303760067 0.46345982 218
1684303760131 0.46557504 219
1684303760203 0.4677012 220
1684303760267 0.4698384 221
1684303760335 0.4719866 222
1684303760407 0.47414577 223
1684303760475 0.47631592 224
1684303760545 0.4784971 225
1684303760613 0.48068923 226
1684303760679 0.4828924 227
1684303760747 0.4851066 228
1684303760819 0.48733175 229
1684303760887 0.48956785 230
1684303760957 0.491815 231
1684303761025 0.49407312 232
1684303761093 0.49634224 233
1684303761161 0.49862233 234
1684303761229 0.50091344 235
1684303761297 0.50321555 236
1684303761365 0.5055286 237
1684303761433 0.5078527 238
1684303761505 0.51018775 239
1684303761573 0.51253384 240
1684303761641 0.51489085 241
1684303761713 0.5172589 242
1684303761777 0.5196379 243
1684303761849 0.5220279 244
1684303761917 0.5244289 245
1684303761985 0.5268408 246
1684303762053 0.52926385 247
1684303762121 0.5316978 248
1684303762189 0.53414273 249
1684303762257 0.5365986 250
