1684304033003 0.5360222 1
1684304033084 0.48038897 2
1684304033156 0.4241327 3
1684304033226 0.37234733 4
1684304033296 0.32885137 5
1684304033366 0.29541284 6
1684304033436 0.271953 7
1684304033505 0.2571525 8
1684304033576 0.24912687 9
1684304033646 0.24592198 10
1684304033716 0.2456955 11
1684304033785 0.24708313 12
1684304033857 0.24912739 13
1684304033928 0.2512243 14
1684304034000 0.2530412 15
1684304034071 0.2544334 16
1684304034141 0.2553738 17
1684304034211 0.25590068 18
1684304034282 0.25608203 19
1684304034353 0.2559935 20
1684304034423 0.2557064 21
1684304034496 0.25528175 22
1684304034565 0.25481078 23
1684304034636 0.25429347 24
1684304034705 0.25375322 25
1684304034777 0.2532094 26
1684304034848 0.2526753 27
1684304034918 0.2521593 28
1684304034986 0.25166637 29
1684304035074 0.251199 30
1684304035144 0.2507581 31
1684304035212 0.25034338 32
1684304035285 0.24995396 33
1684304035353 0.24958853 34
1684304035422 0.24924564 35
1684304035492 0.24892387 36
1684304035560 0.24862176 37
1684304035630 0.24833804 38
1684304035702 0.2480716 39
1684304035772 0.24782133 40
1684304035843 0.24758646 41
1684304035913 0.24736623 42
1684304035982 0.24716008 43
1684304036058 0.24696746 44
1684304036127 0.24678804 45
1684304036196 0.24662152 46
1684304036265 0.24646762 47
1684304036336 0.24632615 48
1684304036409 0.24619697 49
1684304036480 0.24608 50
1684304036549 0.24597514 51
1684304036619 0.2458823 52
1684304036689 0.24580145 53
1684304036756 0.24573255 54
1684304036825 0.24567558 55
1684304036896 0.24563047 56
1684304036965 0.24559726 57
1684304037034 0.24557589 58
1684304037103 0.24556634 59
1684304037172 0.24556863 60
1684304037243 0.2455827 61
1684304037313 0.2456086 62
1684304037384 0.24564624 63
1684304037453 0.24569565 64
1684304037523 0.24575686 65
1684304037592 0.2458298 66
1684304037660 0.2459145 67
1684304037732 0.24601093 68
1684304037804 0.24611908 69
1684304037874 0.24623899 70
1684304037944 0.2463706 71
1684304038010 0.24651393 72
1684304038079 0.24666898 73
1684304038149 0.24683575 74
1684304038216 0.24701425 75
1684304038287 0.24720442 76
1684304038357 0.24740633 77
1684304038426 0.24761993 78
1684304038496 0.24784526 79
1684304038565 0.24808228 80
1684304038634 0.24833103 81
1684304038705 0.24859147 82
1684304038774 0.24886361 83
1684304038841 0.24914747 84
1684304038911 0.24944305 85
1684304038979 0.2497503 86
1684304039049 0.25006926 87
1684304039117 0.25039995 88
1684304039185 0.25074232 89
1684304039254 0.25109643 90
1684304039322 0.25146222 91
1684304039390 0.2518397 92
1684304039458 0.25222892 93
1684304039527 0.25262985 94
1684304039598 0.25304243 95
1684304039667 0.25346678 96
1684304039734 0.2539028 97
1684304039802 0.2543505 98
1684304039873 0.25480992 99
1684304039943 0.2552811 100
1684304040016 0.2557639 101
1684304040086 0.25625843 102
1684304040168 0.25676465 103
1684304040241 0.25728256 104
1684304040309 0.2578122 105
1684304040378 0.25835356 106
1684304040448 0.2589066 107
1684304040518 0.25947133 108
1684304040588 0.26004776 109
1684304040658 0.26063588 110
1684304040726 0.26123574 111
1684304040795 0.26184726 112
1684304040862 0.26247048 113
1684304040933 0.2631054 114
1684304041002 0.26375204 115
1684304041072 0.26441032 116
1684304041142 0.26508033 117
1684304041213 0.26576203 118
1684304041283 0.26645547 119
1684304041354 0.26716056 120
1684304041425 0.26787734 121
1684304041493 0.26860583 122
1684304041564 0.269346 123
1684304041634 0.2700979 124
1684304041705 0.27086145 125
1684304041775 0.27163672 126
1684304041844 0.27242365 127
1684304041915 0.27322233 128
1684304041984 0.27403265 129
1684304042052 0.27485466 130
1684304042122 0.27568835 131
1684304042191 0.27653378 132
1684304042262 0.27739087 133
1684304042332 0.27825966 134
1684304042409 0.2791401 135
1684304042479 0.28003228 136
1684304042550 0.28093612 137
1684304042619 0.28185165 138
1684304042690 0.28277886 139
1684304042756 0.28371775 140
1684304042827 0.28466836 141
1684304042898 0.2856306 142
1684304042967 0.28660458 143
1684304043037 0.2875902 144
1684304043116 0.28858757 145
1684304043198 0.28959656 146
1684304043271 0.2906173 147
1684304043343 0.29164964 148
1684304043412 0.29269367 149
1684304043532 0.29374945 150
1684304043600 0.29481685 151
1684304043669 0.29589593 152
1684304043739 0.29698676 153
1684304043808 0.2980892 154
1684304043880 0.29920334 155
1684304043952 0.3003292 156
1684304044020 0.3014667 157
1684304044089 0.30261588 158
1684304044158 0.30377674 159
1684304044227 0.30494928 160
1684304044299 0.30613348 161
1684304044369 0.30732936 162
1684304044439 0.30853695 163
1684304044507 0.30975616 164
1684304044577 0.31098711 165
1684304044645 0.3122297 166
1684304044718 0.31348395 167
1684304044787 0.3147499 168
1684304044860 0.31602752 169
1684304044930 0.31731677 170
1684304044998 0.31861776 171
1684304045068 0.3199304 172
1684304045136 0.3212547 173
1684304045204 0.32259068 174
1684304045273 0.3239383 175
1684304045341 0.32529765 176
1684304045411 0.32666865 177
1684304045482 0.32805127 178
1684304045550 0.32944563 179
1684304045620 0.3308516 180
1684304045689 0.33226928 181
1684304045758 0.33369863 182
1684304045829 0.3351396 183
1684304045898 0.33659226 184
1684304045970 0.33805662 185
1684304046039 0.3395326 186
1684304046106 0.3410203 187
1684304046177 0.34251958 188
1684304046246 0.34403062 189
1684304046315 0.34555328 190
1684304046383 0.3470876 191
1684304046452 0.3486336 192
1684304046520 0.35019124 193
1684304046589 0.35176057 194
1684304046658 0.35334152 195
1684304046726 0.35493416 196
1684304046795 0.35653847 197
1684304046865 0.35815442 198
1684304046934 0.35978204 199
1684304047004 0.3614213 200
1684304047072 0.36307225 201
1684304047141 0.36473483 202
1684304047210 0.36640912 203
1684304047282 0.36809504 204
1684304047351 0.36979258 205
1684304047426 0.37150186 206
1684304047498 0.37322274 207
1684304047567 0.37495527 208
1684304047635 0.3766995 209
1684304047705 0.3784553 210
1684304047776 0.38022286 211
1684304047847 0.382002 212
1684304047914 0.38379282 213
1684304047986 0.38559526 214
1684304048056 0.38740942 215
1684304048128 0.3892352 216
1684304048197 0.3910726 217
1684304048271 0.39292172 218
1684304048341 0.39478242 219
1684304048409 0.39665484 220
1684304048479 0.39853886 221
1684304048548 0.40043455 222
1684304048618 0.4023419 223
1684304048858 0.40426087 224
1684304049017 0.40619147 225
1684304049095 0.4081338 226
1684304049164 0.4100877 227
1684304049233 0.4120533 228
1684304049302 0.4140305 229
1684304049373 0.41601935 230
1684304049444 0.4180199 231
1684304049514 0.42003205 232
1684304049584 0.42205584 233
1684304049653 0.42409128 234
1684304049723 0.4261384 235
1684304049793 0.42819712 236
1684304049860 0.43026748 237
1684304049930 0.43234956 238
1684304050002 0.43444318 239
1684304050069 0.4365485 240
1684304050137 0.43866548 241
1684304050205 0.44079405 242
1684304050273 0.4429343 243
1684304050341 0.44508612 244
1684304050409 0.44724965 245
1684304050477 0.4494248 246
1684304050549 0.45161158 247
1684304050621 0.45381 248
1684304050689 0.4560201 249
1684304050761 0.4582418 250
