1684303450967 0.5860728 1
1684303451043 0.5254887 2
1684303451114 0.46317965 3
1684303451182 0.40449315 4
1684303451250 0.3536088 5
1684303451322 0.31267726 6
1684303451392 0.28196445 7
1684303451463 0.26042163 8
1684303451535 0.24631944 9
1684303451607 0.23776266 10
1684303451675 0.2330239 11
1684303451751 0.23070785 12
1684303451823 0.2297894 13
1684303451891 0.22957717 14
1684303451963 0.22964375 15
1684303452035 0.22975127 16
1684303452103 0.22978655 17
1684303452175 0.22971144 18
1684303452246 0.22952843 19
1684303452318 0.22925846 20
1684303452386 0.228928 21
1684303452454 0.22856222 22
1684303452522 0.22818193 23
1684303452594 0.22780293 24
1684303452666 0.22743626 25
1684303452738 0.2270889 26
1684303452806 0.22676495 27
1684303452874 0.22646627 28
1684303452946 0.22619319 29
1684303453014 0.22594523 30
1684303453082 0.2257213 31
1684303453150 0.22552001 32
1684303453218 0.22534002 33
1684303453286 0.22518001 34
1684303453354 0.22503877 35
1684303453426 0.22491518 36
1684303453494 0.22480841 37
1684303453562 0.22471768 38
1684303453630 0.22464241 39
1684303453698 0.2245821 40
1684303453770 0.22453639 41
1684303453838 0.22450495 42
1684303453906 0.22448759 43
1684303453982 0.2244841 44
1684303454050 0.22449437 45
1684303454118 0.22451824 46
1684303454186 0.22455566 47
1684303454258 0.22460648 48
1684303454326 0.2246707 49
1684303454394 0.22474813 50
1684303454462 0.22483882 51
1684303454534 0.2249426 52
1684303454602 0.22505939 53
1684303454670 0.22518916 54
1684303454738 0.22533178 55
1684303454810 0.22548719 56
1684303454878 0.22565529 57
1684303454950 0.225836 58
1684303455018 0.22602922 59
1684303455090 0.22623488 60
1684303455158 0.22645292 61
1684303455226 0.22668324 62
1684303455298 0.22692575 63
1684303455366 0.2271804 64
1684303455434 0.2274471 65
1684303455506 0.2277258 66
1684303455570 0.22801644 67
1684303455642 0.22831893 68
1684303455710 0.22863322 69
1684303455778 0.22895925 70
1684303455850 0.22929697 71
1684303455918 0.22964633 72
1684303455986 0.23000726 73
1684303456054 0.2303797 74
1684303456122 0.23076364 75
1684303456190 0.23115903 76
1684303456258 0.23156577 77
1684303456326 0.23198387 78
1684303456398 0.23241326 79
1684303456482 0.23285389 80
1684303456566 0.23330574 81
1684303456642 0.23376876 82
1684303456722 0.2342429 83
1684303456802 0.23472811 84
1684303456874 0.2352244 85
1684303456950 0.23573169 86
1684303457036 0.23624995 87
1684303457111 0.23677912 88
1684303457187 0.2373192 89
1684303457263 0.23787019 90
1684303457343 0.23843195 91
1684303457419 0.23900452 92
1684303457507 0.23958787 93
1684303457591 0.24018195 94
1684303457667 0.24078672 95
1684303457743 0.24140215 96
1684303457831 0.24202824 97
1684303457911 0.24266493 98
1684303457987 0.24331218 99
1684303458055 0.24396999 100
1684303458127 0.24463834 101
1684303458195 0.24531719 102
1684303458263 0.2460065 103
1684303458331 0.24670628 104
1684303458506 0.24741645 105
1684303458574 0.24813704 106
1684303458646 0.248868 107
1684303458714 0.2496093 108
1684303458787 0.25036094 109
1684303458856 0.2511229 110
1684303458924 0.25189513 111
1684303458992 0.25267765 112
1684303459136 0.25347036 113
1684303459224 0.25427333 114
1684303459292 0.2550865 115
1684303459360 0.25590986 116
1684303459428 0.25674337 117
1684303459496 0.25758708 118
1684303459564 0.25844085 119
1684303459628 0.25930482 120
1684303459700 0.26017883 121
1684303459764 0.26106292 122
1684303459832 0.2619571 123
1684303459900 0.2628613 124
1684303459972 0.2637756 125
1684303460040 0.26469988 126
1684303460108 0.26563424 127
1684303460176 0.26657858 128
1684303460244 0.26753294 129
1684303460312 0.26849732 130
1684303460380 0.26947168 131
1684303460448 0.27045596 132
1684303460516 0.2714502 133
1684303460592 0.27245432 134
1684303460661 0.27346838 135
1684303460733 0.27449235 136
1684303460801 0.27552617 137
1684303460873 0.27656984 138
1684303460941 0.27762336 139
1684303461009 0.27868676 140
1684303461077 0.27975994 141
1684303461149 0.280843 142
1684303461217 0.28193578 143
1684303461289 0.28303784 144
1684303461357 0.284149 145
1684303461425 0.28526908 146
1684303461493 0.2863981 147
1684303461561 0.28753623 148
1684303461629 0.28868347 149
1684303461697 0.28984 150
1684303461765 0.2910059 151
1684303461837 0.29218134 152
1684303461909 0.2933663 153
1684303461977 0.29456097 154
1684303462050 0.2957653 155
1684303462125 0.2969794 156
1684303462193 0.29820326 157
1684303462261 0.2994369 158
1684303462329 0.3006803 159
1684303462397 0.30193353 160
1684303462465 0.30319655 161
1684303462533 0.30446935 162
1684303462601 0.30575195 163
1684303462669 0.3070443 164
1684303462741 0.3083464 165
1684303462813 0.30965823 166
1684303462885 0.31097978 167
1684303462958 0.3123111 168
1684303463030 0.3136521 169
1684303463102 0.31500277 170
1684303463172 0.31636313 171
1684303463243 0.31773314 172
1684303463314 0.31911284 173
1684303463386 0.32050216 174
1684303463454 0.3219011 175
1684303463522 0.3233097 176
1684303463590 0.32472783 177
1684303463658 0.3261556 178
1684303463726 0.32759294 179
1684303463794 0.3290398 180
1684303463866 0.33049622 181
1684303463938 0.3319621 182
1684303464008 0.33343753 183
1684303464080 0.3349224 184
1684303464152 0.3364168 185
1684303464220 0.33792073 186
1684303464284 0.3394341 187
1684303464356 0.34095696 188
1684303464424 0.34248927 189
1684303464492 0.34403104 190
1684303464562 0.34558228 191
1684303464634 0.3471429 192
1684303464702 0.348713 193
1684303464770 0.35029247 194
1684303464838 0.35188138 195
1684303464906 0.35347965 196
1684303464974 0.35508728 197
1684303465046 0.35670426 198
1684303465114 0.35833055 199
1684303465186 0.3599662 200
1684303465378 0.36161107 201
1684303465458 0.36326528 202
1684303465530 0.3649287 203
1684303465598 0.3666014 204
1684303465682 0.36828327 205
1684303465758 0.36997437 206
1684303465826 0.37167463 207
1684303465894 0.37337732 208
1684303465966 0.37508005 209
1684303466038 0.37678167 210
1684303466110 0.37848216 211
1684303466179 0.3801823 212
1684303466247 0.3818833 213
1684303466315 0.38358653 214
1684303466387 0.38529336 215
1684303466459 0.38700497 216
1684303466527 0.38872236 217
1684303466597 0.39044625 218
1684303466669 0.3921774 219
1684303466737 0.39391616 220
1684303466809 0.3956629 221
1684303466884 0.39741787 222
1684303466952 0.39918122 223
1684303467021 0.400953 224
1684303467091 0.4027332 225
1684303467162 0.40452194 226
1684303467231 0.40631917 227
1684303467301 0.4081248 228
1684303467370 0.4099388 229
1684303467439 0.4117612 230
1684303467508 0.41359186 231
1684303467578 0.41543078 232
1684303467646 0.4172778 233
1684303467714 0.419133 234
1684303467781 0.42099628 235
1684303467851 0.4228676 236
1684303467920 0.4247469 237
1684303467992 0.4266342 238
1684303468061 0.42852938 239
1684303468132 0.43043244 240
1684303468202 0.43234342 241
1684303468270 0.43426222 242
1684303468340 0.43618888 243
1684303468409 0.43812326 244
1684303468477 0.44006544 245
1684303468544 0.4420154 246
1684303468615 0.44397306 247
1684303468683 0.4459393 248
1684303468752 0.44791442 249
1684303468823 0.44989848 250
