1684302449274 0.56288314 1
1684302449360 0.50450313 2
1684302449436 0.44467098 3
1684302449512 0.38852555 4
1684302449588 0.34005064 5
1684302449664 0.30125853 6
1684302449740 0.2723465 7
1684302449820 0.25225753 8
1684302449896 0.23929615 9
1684302449971 0.23162265 10
1684302450047 0.22757044 11
1684302450127 0.2257993 12
1684302450203 0.22532833 13
1684302450282 0.22549832 14
1684302450358 0.22590362 15
1684302450434 0.22631982 16
1684302450514 0.22664161 17
1684302450594 0.22683524 18
1684302450666 0.22690545 19
1684302450746 0.22687453 20
1684302450822 0.22676986 21
1684302450898 0.22661735 22
1684302450974 0.22643867 23
1684302451050 0.22625048 24
1684302451130 0.22606476 25
1684302451210 0.22588946 26
1684302451282 0.22572957 27
1684302451358 0.22558779 28
1684302451434 0.22546522 29
1684302451514 0.22536205 30
1684302451590 0.22527775 31
1684302451670 0.2252115 32
1684302451748 0.22516233 33
1684302451824 0.22512923 34
1684302451896 0.2251113 35
1684302451968 0.22510767 36
1684302452036 0.22511768 37
1684302452108 0.2251407 38
1684302452176 0.22517624 39
1684302452244 0.22522397 40
1684302452312 0.22528356 41
1684302452384 0.22535482 42
1684302452452 0.22543757 43
1684302452520 0.22553176 44
1684302452592 0.22563726 45
1684302452660 0.22575404 46
1684302452732 0.22588211 47
1684302452800 0.22602141 48
1684302452872 0.22617197 49
1684302452940 0.2263338 50
1684302453008 0.22650684 51
1684302453080 0.22669113 52
1684302453148 0.22688669 53
1684302453220 0.22709347 54
1684302453292 0.22731152 55
1684302453360 0.22754079 56
1684302453428 0.22778131 57
1684302453500 0.22803307 58
1684302453568 0.22829606 59
1684302453636 0.22857024 60
1684302453704 0.22885564 61
1684302453776 0.22915229 62
1684302453848 0.22946012 63
1684302453916 0.22977912 64
1684302453988 0.23010936 65
1684302454056 0.23045078 66
1684302454124 0.2308034 67
1684302454196 0.2311672 68
1684302454264 0.2315422 69
1684302454336 0.2319284 70
1684302454404 0.23232578 71
1684302454472 0.23273437 72
1684302454540 0.23315415 73
1684302454612 0.23358513 74
1684302454680 0.2340273 75
1684302454748 0.23448068 76
1684302454816 0.23494527 77
1684302454888 0.23542106 78
1684302454960 0.23590806 79
1684302455028 0.23640627 80
1684302455100 0.2369157 81
1684302455168 0.23743634 82
1684302455240 0.2379682 83
1684302455312 0.23851123 84
1684302455380 0.23906551 85
1684302455452 0.23963103 86
1684302455521 0.24020772 87
1684302455593 0.24079567 88
1684302455667 0.2413948 89
1684302455733 0.24200517 90
1684302455805 0.24262677 91
1684302455873 0.24325956 92
1684302455945 0.24390358 93
1684302456015 0.24455884 94
1684302456083 0.2452253 95
1684302456193 0.24590299 96
1684302456261 0.24659187 97
1684302456335 0.24729198 98
1684302456403 0.24800332 99
1684302456579 0.24872589 100
1684302456655 0.24945965 101
1684302456723 0.25020462 102
1684302456795 0.25096083 103
1684302456871 0.25172824 104
1684302456945 0.2525069 105
1684302457027 0.25329676 106
1684302457103 0.25409785 107
1684302457171 0.2549101 108
1684302457239 0.25573364 109
1684302457315 0.25656834 110
1684302457387 0.25741428 111
1684302457455 0.25827143 112
1684302457527 0.2591398 113
1684302457596 0.2600194 114
1684302457668 0.26091015 115
1684302457740 0.26181218 116
1684302457808 0.2627254 117
1684302457880 0.26364982 118
1684302457948 0.26458547 119
1684302458020 0.2655323 120
1684302458088 0.26649037 121
1684302458156 0.26745966 122
1684302458228 0.26844016 123
1684302458296 0.26943183 124
1684302458364 0.27043474 125
1684302458432 0.2714489 126
1684302458504 0.27247423 127
1684302458572 0.27351075 128
1684302458644 0.27455848 129
1684302458712 0.27561748 130
1684302458784 0.2766876 131
1684302458848 0.27776897 132
1684302458920 0.27886158 133
1684302458992 0.27996534 134
1684302459060 0.28108034 135
1684302459128 0.28220654 136
1684302459200 0.2833439 137
1684302459268 0.28449252 138
1684302459336 0.28565234 139
1684302459408 0.28682336 140
1684302459476 0.2880056 141
1684302459544 0.289199 142
1684302459612 0.29040363 143
1684302459684 0.29161945 144
1684302459752 0.2928465 145
1684302459820 0.29408473 146
1684302459888 0.29533416 147
1684302459956 0.2965948 148
1684302460024 0.29786664 149
1684302460096 0.2991497 150
1684302460164 0.30044392 151
1684302460232 0.30174938 152
1684302460300 0.303066 153
1684302460368 0.30439383 154
1684302460440 0.30573288 155
1684302460512 0.30708313 156
1684302460580 0.30844456 157
1684302460652 0.3098172 158
1684302460720 0.311201 159
1684302460788 0.31259602 160
1684302460860 0.31400225 161
1684302460928 0.31541967 162
1684302461000 0.3168483 163
1684302461068 0.31828815 164
1684302461140 0.31973913 165
1684302461208 0.32120132 166
1684302461276 0.32267472 167
1684302461344 0.32415932 168
1684302461416 0.3256551 169
1684302461484 0.3271621 170
1684302461552 0.32868025 171
1684302461624 0.3302096 172
1684302461692 0.33175018 173
1684302461760 0.3333019 174
1684302461828 0.33486485 175
1684302461904 0.336439 176
1684302461972 0.33802432 177
1684302462040 0.3396208 178
1684302462108 0.34122854 179
1684302462180 0.34284744 180
1684302462252 0.34447753 181
1684302462320 0.34611878 182
1684302462388 0.34777126 183
1684302462456 0.34943485 184
1684302462528 0.35110974 185
1684302462596 0.35279572 186
1684302462664 0.35449296 187
1684302462732 0.35620135 188
1684302462804 0.3579209 189
1684302462872 0.35965168 190
1684302462940 0.36139366 191
1684302463012 0.36314678 192
1684302463080 0.3649111 193
1684302463152 0.36668664 194
1684302463220 0.3684733 195
1684302463429 0.3702712 196
1684302463509 0.37208027 197
1684302463581 0.37390047 198
1684302463649 0.3757319 199
1684302463717 0.3775745 200
1684302463789 0.3794283 201
1684302463857 0.3812933 202
1684302463925 0.38316944 203
1684302463997 0.38505676 204
1684302464065 0.38695526 205
1684302464129 0.38886496 206
1684302464201 0.39078587 207
1684302464269 0.3927179 208
1684302464337 0.39466113 209
1684302464405 0.39661554 210
1684302464477 0.39858115 211
1684302464548 0.4005579 212
1684302464668 0.4025458 213
1684302464740 0.40454492 214
1684302464808 0.40655524 215
1684302464876 0.4085767 216
1684302464944 0.41060936 217
1684302465012 0.41265318 218
1684302465084 0.4147082 219
1684302465168 0.41677436 220
1684302465240 0.4188517 221
1684302465308 0.42094022 222
1684302465376 0.42303994 223
1684302465444 0.42515078 224
1684302465516 0.42727286 225
1684302465584 0.42940608 226
1684302465652 0.43155044 227
1684302465720 0.433706 228
1684302465792 0.4358727 229
1684302465860 0.4380506 230
1684302465928 0.44023967 231
1684302465998 0.44243994 232
1684302466070 0.44465134 233
1684302466138 0.44687393 234
1684302466210 0.44910765 235
1684302466278 0.4513526 236
1684302466346 0.4536087 237
1684302466414 0.45587593 238
1684302466486 0.45815438 239
1684302466558 0.4604439 240
1684302466630 0.46274468 241
1684302466698 0.4650566 242
1684302466770 0.4673797 243
1684302466838 0.46971396 244
1684302466906 0.47205937 245
1684302466974 0.47441593 246
1684302467046 0.4767837 247
1684302467114 0.47916263 248
1684302467182 0.4815527 249
1684302467250 0.48395392 250
