1684471912127 33.93342 1
1684471912205 17.65385 2
1684471912283 17.350874 3
1684471912345 16.306427 4
1684471912408 12.187876 5
1684471912486 10.233571 6
1684471912549 10.077084 7
1684471912627 9.495096 8
1684471912705 9.126714 9
1684471912783 8.800129 10
1684471912845 8.782848 11
1684471912908 8.823837 12
1684471913978 8.831768 13
1684471914041 8.826542 14
1684471914119 8.795437 15
1684471914182 8.775596 16
1684471914260 8.7785225 17
1684471914322 8.808817 18
1684471914385 8.781223 19
1684471914463 8.758135 20
1684471914541 8.754872 21
1684471914603 8.754064 22
1684471914760 8.75447 23
1684471914978 8.755044 24
1684471915135 8.755191 25
1684471915213 8.754971 26
1684471915291 8.756191 27
1684471915369 8.758926 28
1684471915432 8.7618265 29
1684471915510 8.763024 30
1684471915572 8.764247 31
1684471915650 8.767612 32
1684471915728 8.773922 33
1684471915807 8.783506 34
1684471915869 8.796575 35
1684471915947 8.812706 36
1684471916150 8.830099 37
1684471916369 8.845691 38
1684471916463 8.856476 39
1684471916541 8.861329 40
1684471916619 8.861481 41
1684471916682 8.859134 42
1684471916760 8.856023 43
1684471916838 8.853013 44
1684471916900 8.850378 45
1684471917072 8.848135 46
1684471917244 8.846237 47
1684471917322 8.844643 48
1684471917385 8.843332 49
1684471917666 8.842299 50
1684471917760 8.8415365 51
1684471917822 8.84103 52
1684471917900 8.840762 53
1684471917978 8.840704 54
1684471918041 8.84082 55
1684471918119 8.841075 56
1684471918197 8.841429 57
1684471918260 8.841845 58
1684471918338 8.842289 59
1684471918400 8.842732 60
1684471918478 8.843151 61
1684471918557 8.843526 62
1684471918619 8.843844 63
1684471918697 8.8441 64
1684471918916 8.844288 65
1684471919057 8.84441 66
1684471919135 8.84447 67
1684471919213 8.844475 68
1684471919291 8.844433 69
1684471919354 8.844353 70
1684471919432 8.844244 71
1684471919494 8.844115 72
1684471919572 8.843975 73
1684471919650 8.843831 74
1684471919729 8.843688 75
1684471919791 8.843552 76
1684471919869 8.843426 77
1684471919932 8.843311 78
1684471920010 8.843214 79
1684471920088 8.84313 80
1684471920354 8.843064 81
1684471920447 8.843012 82
1684471920510 8.842976 83
1684471920588 8.84295 84
1684471920666 8.8429365 85
1684471920744 8.842932 86
1684471920807 8.842935 87
1684471920885 8.842943 88
1684471920963 8.842957 89
1684471921041 8.842973 90
1684471921119 8.842991 91
1684471921182 8.843009 92
1684471921260 8.843026 93
1684471921338 8.843041 94
1684471921416 8.843057 95
1684471921682 8.843069 96
1684471921854 8.84308 97
1684471921932 8.843086 98
1684471921994 8.843091 99
1684471922072 8.843095 100
1684471922150 8.843096 101
1684471922213 8.843094 102
1684471922291 8.843092 103
1684471922369 8.843088 104
1684471922432 8.843084 105
1684471922510 8.8430805 106
1684471922572 8.843075 107
1684471922650 8.84307 108
1684471922729 8.843063 109
1684471922791 8.843058 110
1684471923046 8.843052 111
1684471923186 8.843047 112
1684471923265 8.843043 113
1684471923343 8.84304 114
1684471923405 8.843037 115
1684471923483 8.843035 116
1684471923546 8.843034 117
1684471923624 8.843033 118
1684471923696 8.843033 119
1684471923775 8.843033 120
1684471923837 8.843033 121
1684471923915 8.843033 122
1684471923978 8.843033 123
1684471924056 8.843033 124
1684471924134 8.843033 125
1684471924368 8.843033 126
1684471924587 8.843033 127
1684471924696 8.843033 128
1684471924775 8.843033 129
1684471924837 8.843033 130
1684471924915 8.843033 131
1684471924993 8.843034 132
1684471925071 8.843035 133
1684471925134 8.843035 134
1684471925212 8.843035 135
1684471925290 8.843035 136
1684471925368 8.843035 137
1684471925431 8.843035 138
1684471925509 8.843035 139
1684471925587 8.843035 140
1684471925650 8.843035 141
1684471925759 8.843035 142
1684471925837 8.843035 143
1684471925915 8.843035 144
1684471925993 8.843035 145
1684471926056 8.843035 146
1684471926134 8.843035 147
1684471926212 8.843035 148
1684471926275 8.843035 149
1684471926353 8.843035 150
1684471926431 8.843035 151
1684471926509 8.843035 152
1684471926571 8.843035 153
1684471926650 8.843035 154
1684471926728 8.843035 155
1684471926790 8.843034 156
1684471926868 8.843034 157
1684471927103 8.843034 158
1684471927290 8.843034 159
1684471927368 8.843034 160
1684471927446 8.843033 161
1684471927525 8.843033 162
1684471927587 8.843035 163
1684471927665 8.843035 164
1684471927743 8.843035 165
1684471927821 8.843035 166
1684471927884 8.843035 167
1684471927962 8.843033 168
1684471928025 8.843033 169
1684471928103 8.843034 170
1684471928181 8.843035 171
1684471928243 8.843035 172
1684471928509 8.843035 173
1684471928634 8.843035 174
1684471928712 8.843035 175
1684471928790 8.843035 176
1684471928853 8.843035 177
1684471928931 8.843035 178
1684471928993 8.843035 179
1684471929071 8.843035 180
1684471929150 8.843035 181
1684471929212 8.843035 182
1684471929290 8.843035 183
1684471929368 8.843035 184
1684471929431 8.843035 185
1684471929525 8.843035 186
1684471929603 8.843035 187
1684471929853 8.843035 188
1684471930040 8.843035 189
1684471930118 8.843035 190
1684471930181 8.843035 191
1684471930259 8.843035 192
1684471930337 8.843035 193
1684471930400 8.843035 194
1684471930478 8.843035 195
1684471930556 8.843035 196
1684471930634 8.843035 197
1684471930696 8.843035 198
1684471930775 8.843035 199
1684471930853 8.843033 200
1684471930915 8.843033 201
1684471930993 8.843033 202
1684471931290 8.843033 203
1684471931415 8.843033 204
1684471931478 8.843035 205
1684471931556 8.843035 206
1684471931634 8.843035 207
1684471931696 8.843035 208
1684471931775 8.843035 209
1684471931853 8.843035 210
1684471931931 8.843035 211
1684471931993 8.843035 212
1684471932071 8.843035 213
1684471932134 8.843035 214
1684471932212 8.843035 215
1684471932275 8.843035 216
1684471932337 8.843035 217
1684471932603 8.843035 218
1684471932712 8.843035 219
1684471932790 8.843035 220
1684471932853 8.843035 221
1684471932931 8.843035 222
1684471932993 8.843035 223
1684471933243 8.843035 224
1684471933321 8.843035 225
1684471933384 8.843035 226
1684471933462 8.843035 227
1684471933525 8.843035 228
1684471933603 8.843033 229
1684471933679 8.843033 230
1684471933743 8.843033 231
1684471933993 8.843033 232
1684471934087 8.843033 233
1684471934149 8.843033 234
1684471934227 8.843033 235
1684471934290 8.843033 236
1684471934368 8.843033 237
1684471934446 8.843033 238
1684471934508 8.843035 239
1684471934587 8.843035 240
1684471934665 8.843035 241
1684471934727 8.843035 242
1684471934805 8.843035 243
1684471934883 8.843035 244
1684471934946 8.843035 245
1684471935024 8.843035 246
1684471935087 8.843035 247
1684471935399 8.843035 248
1684471935493 8.843035 249
1684471935555 8.843035 250
