1684474473821 27.477727365221075 1
1684474473900 17.58437988262245 2
1684474473962 12.686032443231724 3
1684474474040 10.402623247977814 4
1684474474103 9.897616084272105 5
1684474474165 9.760860751729371 6
1684474474243 9.946473430000367 7
1684474474306 8.287707560548796 8
1684474474368 7.906721824950095 9
1684474474446 7.533273643740991 10
1684474474509 7.642008431380195 11
1684474474571 7.962386434364904 12
1684474474634 8.212017851361056 13
1684474474712 8.114872268334276 14
1684474474775 7.995180028394328 15
1684474474837 7.968296956874539 16
1684474474915 7.962185600654796 17
1684474474978 7.9683639524891605 18
1684474475040 7.969907670701364 19
1684474475118 7.980749191521049 20
1684474475181 7.986339306946865 21
1684474475259 7.9838961483373065 22
1684474475321 7.972564382825338 23
1684474475384 7.955617983157368 24
1684474475462 7.938600145171845 25
1684474475525 7.925946248150445 26
1684474475587 7.917859818788782 27
1684474475650 7.912343853709744 28
1684474475728 7.910499281205325 29
1684474475806 7.916337196471596 30
1684474475868 7.933445661606095 31
1684474475931 7.957687430221428 32
1684474475993 7.973011003538597 33
1684474476071 7.970302212780004 34
1684474476134 7.953719669090737 35
1684474476196 7.9249479728610215 36
1684474476275 7.886360369610699 37
1684474476337 7.852956253499528 38
1684474476400 7.834773130220764 39
1684474476478 7.826213810524881 40
1684474476540 7.823568582366822 41
1684474476603 7.824332476871092 42
1684474476665 7.826523956121726 43
1684474476743 7.8289651426852584 44
1684474476806 7.8312231714211284 45
1684474476899 7.833254374768618 46
1684474476962 7.835096458369832 47
1684474477024 7.836757632307282 48
1684474477103 7.838227148612293 49
1684474477165 7.839496390739997 50
1684474477228 7.840558857879689 51
1684474477306 7.841406729273098 52
1684474477384 7.842030290951517 53
1684474477446 7.842422393660835 54
1684474477524 7.842587448439373 55
1684474477587 7.842537393030442 56
1684474477650 7.8422957635007045 57
1684474477728 7.841894228736127 58
1684474477790 7.8413717827527405 59
1684474477853 7.8407693834246395 60
1684474477931 7.840128238865905 61
1684474477993 7.8394866358518165 62
1684474478056 7.838875211283963 63
1684474478118 7.838317441891584 64
1684474478196 7.837829374405343 65
1684474478259 7.837417616240783 66
1684474478321 7.837083671532755 67
1684474478400 7.836824858024492 68
1684474478462 7.836635030549628 69
1684474478524 7.836505944074977 70
1684474478587 7.836428771534051 71
1684474478665 7.836396394617161 72
1684474478728 7.836399628006693 73
1684474478790 7.836430978639483 74
1684474478868 7.836483603002333 75
1684474478931 7.836551177305772 76
1684474478993 7.836628003708146 77
1684474479071 7.8367095638792525 78
1684474479134 7.836792128721672 79
1684474479196 7.836870845098309 80
1684474479275 7.836945021105111 81
1684474479337 7.83701163166435 82
1684474479399 7.83707012761179 83
1684474479478 7.83711917710165 84
1684474479540 7.83715885831541 85
1684474479603 7.837189437234229 86
1684474479681 7.837210846275081 87
1684474479743 7.837224395596795 88
1684474479806 7.837230777666388 89
1684474479884 7.837231548411132 90
1684474479946 7.837226804342504 91
1684474480009 7.837218138306378 92
1684474480087 7.837206241475495 93
1684474480150 7.837192149626058 94
1684474480212 7.837176909394616 95
1684474480290 7.837161150268984 96
1684474480353 7.837144881547307 97
1684474480415 7.837129420839162 98
1684474480493 7.8371144106544675 99
1684474480556 7.8371013198903885 100
1684474480618 7.83708846071569 101
1684474480681 7.837077767587419 102
1684474480759 7.837069038350707 103
1684474480821 7.837061351266965 104
1684474480900 7.8370551550551815 105
1684474480962 7.837050907583789 106
1684474481025 7.837047278675975 107
1684474481103 7.837044375043273 108
1684474481165 7.837043099996695 109
1684474481228 7.8370424721430085 110
1684474481306 7.8370428233528 111
1684474481368 7.837043228673571 112
1684474481431 7.83704418417202 113
1684474481493 7.837045342869304 114
1684474481571 7.837046664989911 115
1684474481634 7.8370482161575525 116
1684474481696 7.837049764615159 117
1684474481775 7.837051502903626 118
1684474481837 7.83705279263553 119
1684474481900 7.837054392201645 120
1684474481978 7.837055170408007 121
1684474482040 7.837056061289868 122
1684474482103 7.837056404387816 123
1684474482181 7.8370566802607655 124
1684474482243 7.837057096167109 125
1684474482306 7.8370568407114245 126
1684474482384 7.837057050573905 127
1684474482446 7.837057142817539 128
1684474482509 7.837056682827733 129
1684474482587 7.837056565239857 130
1684474482650 7.8370561182424145 131
1684474482712 7.837056231401922 132
1684474482822 7.837055540420859 133
1684474482884 7.837055170921381 134
1684474482947 7.8370548315399144 135
1684474483025 7.837054481669723 136
1684474483088 7.837053930506409 137
1684474483150 7.837053311045556 138
1684474483228 7.837053301844715 139
1684474483291 7.837052813221156 140
1684474483353 7.837052470600363 141
1684474483416 7.837052205474961 142
1684474483478 7.837052391604082 143
1684474483556 7.837052266066901 144
1684474483619 7.837052065436096 145
1684474483681 7.837051863748504 146
1684474483759 7.837051863748504 147
1684474483822 7.837051926292023 148
1684474483900 7.837052009752158 149
1684474483962 7.837052142540344 150
1684474484025 7.83705200250148 151
1684474484087 7.8370522050836176 152
1684474484166 7.8370522050836176 153
1684474484228 7.8370522050836176 154
1684474484291 7.8370522050836176 155
1684474484353 7.8370522050836176 156
1684474484431 7.837052511148441 157
1684474484494 7.837052511148441 158
1684474484556 7.837052511148441 159
1684474484619 7.837052317768231 160
1684474484697 7.837052401228371 161
1684474484759 7.837052520350193 162
1684474484822 7.837052722931969 163
1684474484884 7.837052722931969 164
1684474484963 7.83705261024733 165
1684474485025 7.83705291631226 166
1684474485212 7.83705291631226 167
1684474485353 7.83705291631226 168
1684474485478 7.83705291631226 169
1684474485556 7.8370527137304435 170
1684474485619 7.837052407665566 171
1684474485681 7.837052407665566 172
1684474485759 7.837052407665566 173
1684474485822 7.837052407665566 174
1684474485884 7.837052491125658 175
1684474485963 7.837052491125658 176
1684474486025 7.837052491125658 177
1684474486088 7.837052491125658 178
1684474486166 7.837052693707413 179
1684474486228 7.837052693707413 180
1684474486291 7.83705261024733 181
1684474486353 7.83705291631226 182
1684474486431 7.83705261024733 183
1684474486634 7.83705261024733 184
1684474486712 7.837052407665566 185
1684474486775 7.837052407665566 186
1684474486853 7.837052130825153 187
1684474486916 7.837052130825153 188
1684474486994 7.837052047364832 189
1684474487056 7.8370519639044005 190
1684474487119 7.83705226996913 191
1684474487197 7.83705226996913 192
1684474487259 7.837052150847618 193
1684474487337 7.837052436889949 194
1684474487400 7.837051928243237 195
1684474487463 7.837051928243237 196
1684474487541 7.837052130825153 197
1684474487603 7.837052221536058 198
1684474487666 7.837052611060932 199
1684474487744 7.837052603810328 200
1684474487806 7.837052317768231 201
1684474487884 7.837052317768231 202
1684474487947 7.837052472571228 203
1684474488009 7.8370522050836176 204
1684474488072 7.8370522050836176 205
1684474488150 7.8370522050836176 206
1684474488213 7.837052511148441 207
1684474488275 7.837052317768231 208
1684474488337 7.8370524578071326 209
1684474488416 7.837052511148441 210
1684474488478 7.837052511148441 211
1684474488541 7.837052518399131 212
1684474488619 7.837052720981151 213
1684474488681 7.837052720981151 214
1684474488744 7.837052720981151 215
1684474488806 7.837052414916279 216
1684474488884 7.8370527137304435 217
1684474488947 7.8370527137304435 218
1684474489009 7.8370527137304435 219
1684474489072 7.8370527137304435 220
1684474489150 7.8370527137304435 221
1684474489213 7.83705291631226 222
1684474489275 7.83705291631226 223
1684474489353 7.83705291631226 224
1684474489416 7.83705291631226 225
1684474489478 7.837052923562982 226
1684474489541 7.83705291631226 227
1684474489619 7.83705291631226 228
1684474489681 7.837052832852031 229
1684474489744 7.837052832852031 230
1684474489822 7.83705263027021 231
1684474489884 7.837052637520998 232
1684474489947 7.83705263027021 233
1684474490009 7.83705263027021 234
1684474490087 7.837052436889949 235
1684474490150 7.837052436889949 236
1684474490213 7.83705263027021 237
1684474490291 7.837052324205366 238
1684474490353 7.83705263027021 239
1684474490416 7.837052770309148 240
1684474490478 7.837052427688201 241
1684474490556 7.837052427688201 242
1684474490619 7.837052427688201 243
1684474490681 7.837052511148441 244
1684474490759 7.837052511148441 245
1684474490822 7.837052518399131 246
1684474490900 7.837052511148441 247
1684474490963 7.837052518399131 248
1684474491025 7.837052720981151 249
1684474491103 7.8370527137304435 250
