1684474432681 29.129044643729955 1
1684474432759 22.06881433076854 2
1684474432837 14.642483595401991 3
1684474432900 9.548117842412376 4
1684474432962 5.846025179948576 5
1684474433040 3.8723830578090066 6
1684474433103 3.306815501642344 7
1684474433165 1.7799680238635638 8
1684474433243 0.9003330166283732 9
1684474433306 0.38980260642492226 10
1684474433384 0.12076773756821524 11
1684474433447 0.4685408961066173 12
1684474433525 4.834868899607889 13
1684474433587 6.805831868714943 14
1684474433665 7.9109726643898135 15
1684474433743 8.243870266074705 16
1684474433806 8.016201196461278 17
1684474433868 8.142004611697997 18
1684474433947 8.192615015874367 19
1684474434009 8.329479146036878 20
1684474434087 8.362491316661814 21
1684474434150 8.370015068781338 22
1684474434212 8.38101213065855 23
1684474434290 8.39363275936804 24
1684474434353 8.406148520890884 25
1684474434431 8.417973535339206 26
1684474434493 8.428429522288237 27
1684474434572 8.43761761606885 28
1684474434634 8.446148490609634 29
1684474434697 8.453477380993998 30
1684474434775 8.458058604460767 31
1684474434837 8.457786526891315 32
1684474434915 8.450557602337138 33
1684474434978 8.434427683641019 34
1684474435040 8.407694722506939 35
1684474435118 8.37054333004394 36
1684474435181 8.327680650138346 37
1684474435243 8.28627664962866 38
1684474435322 8.250553306209564 39
1684474435384 8.22611787047821 40
1684474435462 8.224684087652594 41
1684474435525 8.259433861503004 42
1684474435587 8.303332594270907 43
1684474435665 8.304175473702761 44
1684474435728 8.29684653611574 45
1684474435790 8.295680521863076 46
1684474435868 8.299061478837976 47
1684474435931 8.300872945437566 48
1684474435993 8.301836330070088 49
1684474436072 8.30351930832654 50
1684474436134 8.305717344859003 51
1684474436197 8.307817509368325 52
1684474436275 8.309568160885277 53
1684474436337 8.310984462813488 54
1684474436400 8.312161550446179 55
1684474436478 8.31317365505167 56
1684474436540 8.314047065641637 57
1684474436618 8.314772938052277 58
1684474436697 8.315324660087915 59
1684474436775 8.315680989415736 60
1684474436837 8.315836773389798 61
1684474436900 8.315805617549733 62
1684474436962 8.3156158963587 63
1684474437040 8.315303116838358 64
1684474437103 8.314907938403431 65
1684474437181 8.314465448470658 66
1684474437243 8.314008641880756 67
1684474437306 8.313561254762893 68
1684474437384 8.313140053979444 69
1684474437447 8.312759461860338 70
1684474437509 8.312426253525881 71
1684474437587 8.312144438780694 72
1684474437650 8.311913024690684 73
1684474437712 8.311732680604244 74
1684474437775 8.311598409848257 75
1684474437853 8.311506469996571 76
1684474437915 8.31145149732093 77
1684474437978 8.311427509940199 78
1684474438040 8.311429582653455 79
1684474438118 8.311451996492693 80
1684474438181 8.311489918923762 81
1684474438243 8.311539093446722 82
1684474438306 8.31159410280034 83
1684474438368 8.31165268050911 84
1684474438447 8.311712200104134 85
1684474438509 8.311768860979877 86
1684474438572 8.311823203051393 87
1684474438650 8.311872844901485 88
1684474438712 8.311916869543767 89
1684474438775 8.311954656737226 90
1684474438853 8.311987039459423 91
1684474438915 8.312013415406676 92
1684474438978 8.31203411042197 93
1684474439040 8.31205062165822 94
1684474439118 8.31206174382393 95
1684474439181 8.312069192717706 96
1684474439259 8.312073585410987 97
1684474439322 8.312074082264084 98
1684474439400 8.312073153942732 99
1684474439462 8.31207001763685 100
1684474439525 8.312066404045817 101
1684474439603 8.31206114171547 102
1684474439665 8.312056220881207 103
1684474439728 8.31205035866345 104
1684474439790 8.312045898184985 105
1684474439868 8.312041027799177 106
1684474439931 8.31203610701824 107
1684474439993 8.312032682820238 108
1684474440072 8.312028919879186 109
1684474440368 8.312026380618523 110
1684474440556 8.312023919369286 111
1684474440681 8.312022531358892 112
1684474440743 8.312021915121349 113
1684474440822 8.312021006153795 114
1684474440884 8.312021060515557 115
1684474440947 8.312021479813595 116
1684474441025 8.312021310659334 117
1684474441087 8.312022578523424 118
1684474441150 8.3120231216209 119
1684474441228 8.312024072734875 120
1684474441290 8.312025240336306 121
1684474441353 8.3120261607175 122
1684474441431 8.31202741600278 123
1684474441493 8.312027912438792 124
1684474441556 8.312028905826223 125
1684474441634 8.312029972884096 126
1684474441697 8.312030545522841 127
1684474441759 8.312031177952079 128
1684474441822 8.3120315906473 129
1684474441884 8.31203231631412 130
1684474441962 8.312032905665905 131
1684474442025 8.312033184004084 132
1684474442103 8.312033451587876 133
1684474442165 8.312033806820924 134
1684474442228 8.312033976102816 135
1684474442306 8.312033604028548 136
1684474442368 8.312033788951187 137
1684474442431 8.312033604028548 138
1684474442509 8.312033678743482 139
1684474442571 8.312033493820525 140
1684474442634 8.312033493820525 141
1684474442696 8.312033075323697 142
1684474442775 8.312033420783456 143
1684474442837 8.312033150690214 144
1684474442915 8.312033285265905 145
1684474442978 8.312033114303933 146
1684474443040 8.312032994183667 147
1684474443118 8.312032736376661 148
1684474443181 8.31203253851192 149
1684474443243 8.31203293510329 150
1684474443306 8.312032786699042 151
1684474443384 8.31203293510329 152
1684474443446 8.312032786699042 153
1684474443509 8.312032847450519 154
1684474443571 8.31203250199083 155
1684474443650 8.31203285800989 156
1684474443712 8.312032364145999 157
1684474443775 8.312032709605644 158
1684474443853 8.312032709605644 159
1684474443915 8.312032586241534 160
1684474443978 8.312032856988356 161
1684474444040 8.312033005392529 162
1684474444118 8.312032720683789 163
1684474444181 8.312032856988356 164
1684474444243 8.312033191893612 165
1684474444321 8.312032846433738 166
1684474444384 8.31203304191343 167
1684474444446 8.31203289350922 168
1684474444509 8.312032954260316 169
1684474444587 8.312032954260316 170
1684474444650 8.312033102664566 171
1684474444712 8.312032548049464 172
1684474444790 8.31203293002985 173
1684474444868 8.31203293002985 174
1684474444931 8.312032732974302 175
1684474444993 8.31203293002985 176
1684474445071 8.31203304191343 177
1684474445134 8.312032548049464 178
1684474445196 8.312032954260316 179
1684474445259 8.312032954260316 180
1684474445337 8.312032696453626 181
1684474445400 8.31203289350922 182
1684474445462 8.312033078434101 183
1684474445540 8.31203293002985 184
1684474445603 8.312033078434101 185
1684474445681 8.312032856338751 186
1684474445743 8.312033065494312 187
1684474445806 8.312032571630287 188
1684474445884 8.312032856338751 189
1684474445946 8.312032917089985 190
1684474446009 8.312032720034564 191
1684474446071 8.31203249793917 192
1684474446150 8.312032991803175 193
1684474446212 8.312032843398812 194
1684474446275 8.312032917089985 195
1684474446337 8.312032917089985 196
1684474446415 8.312033065494312 197
1684474446478 8.31203260815084 198
1684474446540 8.312032659283297 199
1684474446603 8.312032856338751 200
1684474446681 8.312033339647984 201
1684474446743 8.312033154723114 202
1684474446806 8.312032809263302 203
1684474446884 8.312033154723114 204
1684474446946 8.312033303127448 205
1684474447025 8.312033004743038 206
1684474447087 8.312032584570101 207
1684474447150 8.31203293002985 208
1684474447212 8.312033228414249 209
1684474447290 8.312033289165418 210
1684474447353 8.312033437569756 211
1684474447431 8.31203309210983 212
1684474447493 8.312033587549637 213
1684474447556 8.312033587549637 214
1684474447634 8.312033587549637 215
1684474447696 8.312033427014493 216
1684474447759 8.312032980226011 217
1684474447837 8.312033027301466 218
1684474447900 8.312032966550252 219
1684474447962 8.312032769494747 220
1684474448025 8.312032892859241 221
1684474448103 8.312032856338751 222
1684474448165 8.312032659283297 223
1684474448228 8.3120327826475 224
1684474448306 8.312032931051823 225
1684474448368 8.3120327826475 226
1684474448431 8.3120327826475 227
1684474448509 8.312032510879058 228
1684474448571 8.312032659283297 229
1684474448634 8.31203293002985 230
1684474448696 8.312032856338751 231
1684474448775 8.31203293002985 232
1684474448837 8.312032584570101 233
1684474448900 8.31203293002985 234
1684474448962 8.31203293002985 235
1684474449040 8.312032966550252 236
1684474449103 8.312032966550252 237
1684474449165 8.312032856338751 238
1684474449243 8.312033004743038 239
1684474449306 8.312032584570101 240
1684474449368 8.312033139185296 241
1684474449431 8.312032990781006 242
1684474449509 8.312032793725491 243
1684474449571 8.312032882954378 244
1684474449634 8.312033228414249 245
1684474449712 8.31203293002985 246
1684474449775 8.312033376818546 247
1684474449837 8.312032510879058 248
1684474449915 8.312033004743038 249
1684474449978 8.312032856338751 250
