1684472244828 30.869373 1
1684472244891 21.888388 2
1684472244969 16.002298 3
1684472245047 14.996327 4
1684472245125 14.835365 5
1684472245203 14.949691 6
1684472245266 14.806779 7
1684472245344 14.4317875 8
1684472245422 11.399547 9
1684472245485 10.402024 10
1684472245563 9.708292 11
1684472245641 9.205561 12
1684472245703 8.95476 13
1684472245781 8.892286 14
1684472246078 8.888073 15
1684472246172 8.891956 16
1684472246250 8.896618 17
1684472246313 8.896631 18
1684472246391 8.890011 19
1684472246469 8.882223 20
1684472246531 8.891182 21
1684472246610 8.905384 22
1684472246672 8.897913 23
1684472246750 8.883453 24
1684472246828 8.873024 25
1684472246891 8.868006 26
1684472246969 8.867482 27
1684472247047 8.867565 28
1684472247125 8.866646 29
1684472247360 8.86698 30
1684472247485 8.867687 31
1684472247563 8.86923 32
1684472247625 8.872393 33
1684472247703 8.876884 34
1684472247766 8.881526 35
1684472247828 8.88463 36
1684472247906 8.884817 37
1684472247969 8.881969 38
1684472248047 8.877339 39
1684472248110 8.872538 40
1684472248188 8.868568 41
1684472248250 8.865709 42
1684472248328 8.8638315 43
1684472248391 8.862718 44
1684472248469 8.86219 45
1684472248688 8.862112 46
1684472248891 8.862352 47
1684472249078 8.862766 48
1684472249156 8.863222 49
1684472249219 8.863617 50
1684472249297 8.863892 51
1684472249360 8.864032 52
1684472249438 8.864045 53
1684472249500 8.8639555 54
1684472249563 8.863789 55
1684472249641 8.863571 56
1684472249703 8.863327 57
1684472249766 8.863073 58
1684472249844 8.862824 59
1684472250047 8.862595 60
1684472250188 8.862385 61
1684472250266 8.862204 62
1684472250344 8.86205 63
1684472250406 8.861923 64
1684472250485 8.861824 65
1684472250547 8.86175 66
1684472250610 8.861699 67
1684472250688 8.861668 68
1684472250766 8.861656 69
1684472250828 8.861659 70
1684472250906 8.861673 71
1684472250969 8.861699 72
1684472251031 8.861729 73
1684472251110 8.861763 74
1684472251172 8.861799 75
1684472251250 8.861834 76
1684472251563 8.861868 77
1684472251719 8.861898 78
1684472251781 8.861926 79
1684472251860 8.861948 80
1684472251922 8.861968 81
1684472252000 8.861982 82
1684472252063 8.861992 83
1684472252156 8.861998 84
1684472252219 8.862001 85
1684472252297 8.8619995 86
1684472252360 8.861998 87
1684472252438 8.861992 88
1684472252500 8.861986 89
1684472252578 8.861978 90
1684472252750 8.861969 91
1684472252969 8.861959 92
1684472253156 8.861952 93
1684472253235 8.861942 94
1684472253313 8.861935 95
1684472253375 8.861927 96
1684472253453 8.86192 97
1684472253516 8.861914 98
1684472253594 8.86191 99
1684472253656 8.861904 100
1684472253719 8.861901 101
1684472253797 8.861897 102
1684472253860 8.861895 103
1684472253938 8.861893 104
1684472254047 8.861893 105
1684472254125 8.861891 106
1684472254204 8.861891 107
1684472254360 8.86189 108
1684472254547 8.861891 109
1684472254657 8.861891 110
1684472254735 8.861891 111
1684472254813 8.86189 112
1684472254891 8.861891 113
1684472254969 8.861891 114
1684472255032 8.861891 115
1684472255110 8.861891 116
1684472255188 8.861891 117
1684472255250 8.861891 118
1684472255329 8.861891 119
1684472255610 8.861891 120
1684472255750 8.861891 121
1684472255813 8.861891 122
1684472255891 8.861891 123
1684472255969 8.86189 124
1684472256032 8.86189 125
1684472256110 8.86189 126
1684472256172 8.86189 127
1684472256250 8.861889 128
1684472256313 8.861889 129
1684472256391 8.861888 130
1684472256454 8.861888 131
1684472256532 8.861888 132
1684472256594 8.861887 133
1684472256657 8.861887 134
1684472256875 8.861887 135
1684472257032 8.861887 136
1684472257094 8.861887 137
1684472257266 8.861887 138
1684472257438 8.861886 139
1684472257516 8.861886 140
1684472257594 8.861886 141
1684472257672 8.861886 142
1684472257735 8.861886 143
1684472257813 8.861886 144
1684472257891 8.861886 145
1684472257954 8.861886 146
1684472258032 8.861885 147
1684472258282 8.861885 148
1684472258438 8.861885 149
1684472258548 8.861886 150
1684472258610 8.861886 151
1684472258688 8.861886 152
1684472258751 8.861886 153
1684472258829 8.861887 154
1684472258891 8.861887 155
1684472258970 8.861887 156
1684472259048 8.861887 157
1684472259110 8.861887 158
1684472259188 8.861887 159
1684472259266 8.861887 160
1684472259329 8.861887 161
1684472259407 8.861887 162
1684472259673 8.861887 163
1684472259782 8.861887 164
1684472259860 8.861887 165
1684472259938 8.861887 166
1684472260001 8.861887 167
1684472260079 8.861887 168
1684472260157 8.861887 169
1684472260235 8.861887 170
1684472260313 8.861887 171
1684472260376 8.861887 172
1684472260454 8.861887 173
1684472260516 8.861887 174
1684472260595 8.861887 175
1684472260657 8.861887 176
1684472260735 8.861887 177
1684472260954 8.861887 178
1684472261126 8.861887 179
1684472261204 8.861887 180
1684472261266 8.861887 181
1684472261345 8.861887 182
1684472261423 8.861887 183
1684472261485 8.861887 184
1684472261548 8.861887 185
1684472261626 8.861887 186
1684472261688 8.861887 187
1684472261766 8.861887 188
1684472261829 8.861887 189
1684472261907 8.861887 190
1684472261970 8.861887 191
1684472262048 8.861887 192
1684472262110 8.861887 193
1684472262266 8.861887 194
1684472262345 8.861887 195
1684472262423 8.861886 196
1684472262485 8.861886 197
1684472262563 8.861885 198
1684472262626 8.861885 199
1684472262704 8.861885 200
1684472262766 8.861886 201
1684472262845 8.861886 202
1684472262907 8.861886 203
1684472262985 8.861886 204
1684472263063 8.861887 205
1684472263126 8.861887 206
1684472263204 8.861887 207
1684472263266 8.861887 208
1684472263345 8.861887 209
1684472263407 8.861887 210
1684472263485 8.861887 211
1684472263712 8.861887 212
1684472263782 8.861887 213
1684472263845 8.861887 214
1684472263923 8.861887 215
1684472263985 8.861887 216
1684472264064 8.861887 217
1684472264126 8.861887 218
1684472264204 8.861886 219
1684472264267 8.861886 220
1684472264345 8.861886 221
1684472264407 8.861886 222
1684472264485 8.861886 223
1684472264626 8.861886 224
1684472264720 8.861886 225
1684472264782 8.861886 226
1684472264860 8.861887 227
1684472264985 8.861887 228
1684472265064 8.861887 229
1684472265126 8.861887 230
1684472265204 8.861887 231
1684472265267 8.861887 232
1684472265345 8.861887 233
1684472265407 8.861887 234
1684472265485 8.861886 235
1684472265564 8.861886 236
1684472265626 8.861886 237
1684472265704 8.861886 238
1684472265782 8.861886 239
1684472265860 8.861887 240
1684472265923 8.861887 241
1684472266001 8.861887 242
1684472266079 8.861887 243
1684472266142 8.861886 244
1684472266220 8.861886 245
1684472266751 8.861886 246
1684472266939 8.861886 247
1684472267048 8.861886 248
1684472267126 8.861886 249
1684472267204 8.861886 250
