1684473511613 42.233128 1
1684473511691 23.289307 2
1684473511769 22.760578 3
1684473511832 23.235659 4
1684473511894 23.66131 5
1684473511973 23.680302 6
1684473512035 23.794043 7
1684473512098 23.168274 8
1684473512176 19.909916 9
1684473512238 16.483139 10
1684473512316 13.017915 11
1684473512379 12.321069 12
1684473512457 12.2315645 13
1684473512519 11.754995 14
1684473512598 11.543989 15
1684473512676 10.77385 16
1684473512738 9.672113 17
1684473512816 8.990913 18
1684473512879 8.860939 19
1684473512941 8.820951 20
1684473513019 8.802681 21
1684473513082 8.802664 22
1684473513160 8.7804365 23
1684473513223 8.779991 24
1684473513301 8.78713 25
1684473513363 8.79094 26
1684473513441 8.789152 27
1684473513504 8.787693 28
1684473513566 8.790139 29
1684473513644 8.797077 30
1684473513707 8.80864 31
1684473513785 8.824985 32
1684473513848 8.845455 33
1684473513926 8.867302 34
1684473513988 8.884977 35
1684473514051 8.891719 36
1684473514129 8.884348 37
1684473514191 8.86681 38
1684473514269 8.846791 39
1684473514332 8.829741 40
1684473514410 8.817207 41
1684473514473 8.808622 42
1684473514551 8.803005 43
1684473514629 8.7995615 44
1684473514691 8.797705 45
1684473514769 8.796959 46
1684473514832 8.796925 47
1684473514910 8.797286 48
1684473514973 8.797817 49
1684473515035 8.798384 50
1684473515113 8.798925 51
1684473515176 8.799427 52
1684473515238 8.799898 53
1684473515316 8.800354 54
1684473515379 8.800802 55
1684473515441 8.801248 56
1684473515519 8.801685 57
1684473515582 8.802109 58
1684473515644 8.802506 59
1684473515723 8.802868 60
1684473515785 8.803183 61
1684473515863 8.803446 62
1684473515926 8.803656 63
1684473516004 8.803811 64
1684473516066 8.803919 65
1684473516129 8.803984 66
1684473516207 8.804012 67
1684473516269 8.804013 68
1684473516332 8.803995 69
1684473516410 8.803964 70
1684473516473 8.803924 71
1684473516566 8.803883 72
1684473516629 8.8038435 73
1684473516707 8.803808 74
1684473516769 8.80378 75
1684473516848 8.803757 76
1684473516910 8.80374 77
1684473516973 8.803728 78
1684473517051 8.803723 79
1684473517113 8.803722 80
1684473517191 8.803726 81
1684473517254 8.803732 82
1684473517332 8.8037405 83
1684473517394 8.803749 84
1684473517457 8.80376 85
1684473517535 8.803771 86
1684473517598 8.8037815 87
1684473517676 8.803792 88
1684473517738 8.803801 89
1684473517801 8.80381 90
1684473517879 8.803819 91
1684473517941 8.803826 92
1684473518004 8.803833 93
1684473518082 8.803839 94
1684473518144 8.803845 95
1684473518223 8.80385 96
1684473518285 8.803854 97
1684473518363 8.803857 98
1684473518426 8.80386 99
1684473518488 8.803863 100
1684473518566 8.8038645 101
1684473518629 8.803865 102
1684473518691 8.803866 103
1684473518769 8.803867 104
1684473518832 8.803869 105
1684473518910 8.803869 106
1684473518973 8.803871 107
1684473519051 8.803871 108
1684473519113 8.803873 109
1684473519176 8.803873 110
1684473519254 8.803875 111
1684473519316 8.803875 112
1684473519379 8.803876 113
1684473519457 8.803877 114
1684473519519 8.803877 115
1684473519598 8.803877 116
1684473519660 8.803878 117
1684473519738 8.803879 118
1684473519801 8.803878 119
1684473519863 8.803879 120
1684473519941 8.803879 121
1684473520004 8.803879 122
1684473520066 8.803879 123
1684473520144 8.80388 124
1684473520207 8.80388 125
1684473520269 8.80388 126
1684473520348 8.803881 127
1684473520410 8.803881 128
1684473520489 8.803881 129
1684473520551 8.803881 130
1684473520629 8.803881 131
1684473520692 8.803881 132
1684473520754 8.803881 133
1684473520832 8.803881 134
1684473520895 8.803881 135
1684473520957 8.803881 136
1684473521035 8.803881 137
1684473521098 8.803881 138
1684473521160 8.803881 139
1684473521239 8.803881 140
1684473521504 8.803881 141
1684473521582 8.803881 142
1684473521660 8.803881 143
1684473521723 8.803881 144
1684473521801 8.803881 145
1684473521864 8.803881 146
1684473521942 8.803881 147
1684473522004 8.803881 148
1684473522067 8.803881 149
1684473522145 8.803881 150
1684473522239 8.803881 151
1684473522301 8.803882 152
1684473522379 8.803881 153
1684473522442 8.803881 154
1684473522504 8.803881 155
1684473522582 8.803881 156
1684473522645 8.803881 157
1684473522723 8.803881 158
1684473522785 8.803881 159
1684473522848 8.803881 160
1684473522926 8.803881 161
1684473522989 8.803881 162
1684473523051 8.803881 163
1684473523129 8.803881 164
1684473523192 8.803881 165
1684473523254 8.803881 166
1684473523332 8.803881 167
1684473523395 8.803881 168
1684473523457 8.803881 169
1684473523535 8.803881 170
1684473523598 8.803881 171
1684473523660 8.803882 172
1684473523739 8.803882 173
1684473523801 8.803882 174
1684473523879 8.803882 175
1684473523942 8.803882 176
1684473524020 8.803881 177
1684473524082 8.803881 178
1684473524145 8.803881 179
1684473524223 8.803881 180
1684473524285 8.803881 181
1684473524364 8.803881 182
1684473524426 8.803881 183
1684473524489 8.803881 184
1684473524567 8.803881 185
1684473524645 8.803882 186
1684473524723 8.803882 187
1684473524801 8.803882 188
1684473524864 8.803882 189
1684473524926 8.803882 190
1684473525004 8.803882 191
1684473525067 8.803882 192
1684473525129 8.803882 193
1684473525207 8.803882 194
1684473525270 8.803882 195
1684473525332 8.803882 196
1684473525410 8.803882 197
1684473525473 8.803882 198
1684473525535 8.803882 199
1684473525614 8.803882 200
1684473525676 8.803882 201
1684473525754 8.803882 202
1684473525817 8.803882 203
1684473525879 8.803882 204
1684473525957 8.803882 205
1684473526020 8.803881 206
1684473526098 8.803881 207
1684473526160 8.803881 208
1684473526239 8.803881 209
1684473526301 8.803881 210
1684473526379 8.803881 211
1684473526442 8.803881 212
1684473526504 8.803881 213
1684473526582 8.803881 214
1684473526645 8.803882 215
1684473526723 8.803882 216
1684473526785 8.803882 217
1684473526848 8.803881 218
1684473526926 8.803881 219
1684473526989 8.803881 220
1684473527067 8.803881 221
1684473527129 8.803881 222
1684473527207 8.803881 223
1684473527270 8.803881 224
1684473527332 8.803881 225
1684473527410 8.803881 226
1684473527473 8.803881 227
1684473527535 8.803881 228
1684473527614 8.803881 229
1684473527676 8.803881 230
1684473527754 8.803881 231
1684473527817 8.803882 232
1684473527879 8.803882 233
1684473527957 8.803882 234
1684473528020 8.803882 235
1684473528114 8.803882 236
1684473528192 8.803882 237
1684473528254 8.803882 238
1684473528332 8.803882 239
1684473528395 8.803881 240
1684473528473 8.803881 241
1684473528551 8.803881 242
1684473528629 8.803881 243
1684473528692 8.803881 244
1684473528754 8.803881 245
1684473528832 8.803881 246
1684473528895 8.803881 247
1684473528957 8.803881 248
1684473529035 8.803881 249
1684473529098 8.803881 250
