1684472244797 40.200413 1
1684472244875 23.183083 2
1684472244953 15.48156 3
1684472245031 12.082227 4
1684472245094 11.409237 5
1684472245172 11.168405 6
1684472245250 10.727547 7
1684472245313 9.278887 8
1684472245391 9.236611 9
1684472245469 9.396868 10
1684472245547 9.554716 11
1684472245610 9.6761055 12
1684472245688 9.617284 13
1684472245750 9.546528 14
1684472246016 8.932886 15
1684472246156 8.764424 16
1684472246235 8.68812 17
1684472246297 8.667062 18
1684472246375 8.658582 19
1684472246438 8.658618 20
1684472246516 8.660091 21
1684472246578 8.659599 22
1684472246656 8.6601715 23
1684472246735 8.663334 24
1684472246797 8.663505 25
1684472246875 8.659362 26
1684472246953 8.65664 27
1684472247016 8.656824 28
1684472247094 8.657431 29
1684472247313 8.657314 30
1684472247469 8.656769 31
1684472247531 8.656204 32
1684472247610 8.655912 33
1684472247672 8.655934 34
1684472247750 8.655931 35
1684472247813 8.65555 36
1684472247875 8.655455 37
1684472247953 8.655823 38
1684472248016 8.65645 39
1684472248094 8.657228 40
1684472248156 8.657946 41
1684472248235 8.658326 42
1684472248297 8.658348 43
1684472248375 8.658255 44
1684472248438 8.658215 45
1684472248516 8.658213 46
1684472248828 8.658178 47
1684472249031 8.658085 48
1684472249125 8.657944 49
1684472249203 8.657781 50
1684472249266 8.657612 51
1684472249344 8.657448 52
1684472249406 8.657297 53
1684472249485 8.657166 54
1684472249547 8.657057 55
1684472249610 8.656969 56
1684472249688 8.656903 57
1684472249750 8.656856 58
1684472249828 8.656824 59
1684472249969 8.656806 60
1684472250172 8.656797 61
1684472250235 8.656796 62
1684472250313 8.656799 63
1684472250391 8.656806 64
1684472250453 8.656815 65
1684472250531 8.656825 66
1684472250594 8.656836 67
1684472250672 8.656846 68
1684472250735 8.656857 69
1684472250813 8.656868 70
1684472250875 8.656877 71
1684472250953 8.656887 72
1684472251016 8.656894 73
1684472251078 8.656901 74
1684472251156 8.656907 75
1684472251219 8.656911 76
1684472251500 8.656915 77
1684472251688 8.656918 78
1684472251766 8.656919 79
1684472251828 8.6569195 80
1684472251906 8.6569195 81
1684472251985 8.656919 82
1684472252047 8.656918 83
1684472252125 8.656916 84
1684472252203 8.656914 85
1684472252281 8.656913 86
1684472252344 8.656911 87
1684472252406 8.656909 88
1684472252485 8.656908 89
1684472252547 8.656906 90
1684472252703 8.656904 91
1684472252922 8.656903 92
1684472253110 8.656902 93
1684472253219 8.6569 94
1684472253281 8.6569 95
1684472253360 8.6568985 96
1684472253422 8.6568985 97
1684472253500 8.6568985 98
1684472253563 8.6568985 99
1684472253641 8.656898 100
1684472253711 8.656897 101
1684472253766 8.656898 102
1684472253844 8.656897 103
1684472253907 8.656897 104
1684472254032 8.656897 105
1684472254094 8.656897 106
1684472254172 8.656897 107
1684472254250 8.656897 108
1684472254485 8.656897 109
1684472254641 8.656897 110
1684472254719 8.656897 111
1684472254797 8.656897 112
1684472254860 8.656897 113
1684472254938 8.656897 114
1684472255016 8.656897 115
1684472255094 8.656897 116
1684472255157 8.656897 117
1684472255235 8.656897 118
1684472255313 8.656897 119
1684472255547 8.656896 120
1684472255719 8.656896 121
1684472255797 8.656897 122
1684472255860 8.656897 123
1684472255938 8.656897 124
1684472256016 8.656897 125
1684472256079 8.656897 126
1684472256157 8.656897 127
1684472256235 8.656897 128
1684472256297 8.656897 129
1684472256360 8.656897 130
1684472256438 8.656897 131
1684472256500 8.656897 132
1684472256579 8.656897 133
1684472256641 8.656896 134
1684472256813 8.656897 135
1684472257000 8.656896 136
1684472257079 8.656897 137
1684472257141 8.656895 138
1684472257407 8.656897 139
1684472257500 8.656897 140
1684472257563 8.656896 141
1684472257641 8.656896 142
1684472257719 8.656897 143
1684472257782 8.656896 144
1684472257860 8.656897 145
1684472257938 8.656897 146
1684472258000 8.656896 147
1684472258220 8.656896 148
1684472258407 8.656896 149
1684472258516 8.656897 150
1684472258595 8.656897 151
1684472258657 8.656896 152
1684472258735 8.656896 153
1684472258798 8.656897 154
1684472258876 8.656896 155
1684472258954 8.656897 156
1684472259016 8.656896 157
1684472259095 8.656896 158
1684472259173 8.656896 159
1684472259235 8.656896 160
1684472259313 8.656896 161
1684472259391 8.656895 162
1684472259626 8.656897 163
1684472259766 8.656896 164
1684472259845 8.656896 165
1684472259907 8.656896 166
1684472259985 8.656896 167
1684472260063 8.656896 168
1684472260126 8.656896 169
1684472260204 8.656896 170
1684472260282 8.656895 171
1684472260360 8.656896 172
1684472260423 8.656896 173
1684472260501 8.656897 174
1684472260563 8.656896 175
1684472260641 8.656896 176
1684472260720 8.656897 177
1684472260782 8.656896 178
1684472261095 8.656896 179
1684472261173 8.656896 180
1684472261251 8.656896 181
1684472261329 8.656896 182
1684472261391 8.656896 183
1684472261470 8.656896 184
1684472261532 8.656896 185
1684472261610 8.656897 186
1684472261673 8.656896 187
1684472261735 8.656896 188
1684472261813 8.656896 189
1684472261876 8.656896 190
1684472261954 8.656896 191
1684472262016 8.656896 192
1684472262095 8.656896 193
1684472262251 8.656896 194
1684472262329 8.656896 195
1684472262391 8.656897 196
1684472262470 8.656896 197
1684472262532 8.656896 198
1684472262610 8.656896 199
1684472262673 8.656896 200
1684472262751 8.656896 201
1684472262813 8.656896 202
1684472262891 8.656896 203
1684472262970 8.656896 204
1684472263032 8.656896 205
1684472263110 8.656895 206
1684472263188 8.656896 207
1684472263251 8.656896 208
1684472263313 8.656896 209
1684472263391 8.656896 210
1684472263454 8.656896 211
1684472263657 8.656896 212
1684472263767 8.656896 213
1684472263829 8.656896 214
1684472263892 8.656897 215
1684472263970 8.656896 216
1684472264032 8.656896 217
1684472264111 8.656896 218
1684472264173 8.656896 219
1684472264251 8.656896 220
1684472264314 8.656897 221
1684472264392 8.656896 222
1684472264454 8.656896 223
1684472264595 8.656896 224
1684472264689 8.656896 225
1684472264767 8.656896 226
1684472264829 8.656896 227
1684472264970 8.656896 228
1684472265032 8.656896 229
1684472265110 8.656896 230
1684472265173 8.656896 231
1684472265251 8.656896 232
1684472265314 8.656896 233
1684472265392 8.656896 234
1684472265470 8.656897 235
1684472265532 8.656897 236
1684472265610 8.656896 237
1684472265689 8.656896 238
1684472265767 8.656896 239
1684472265829 8.656897 240
1684472265907 8.656896 241
1684472265985 8.656896 242
1684472266048 8.656896 243
1684472266126 8.656896 244
1684472266189 8.656896 245
1684472266689 8.656896 246
1684472266892 8.656896 247
1684472267032 8.656896 248
1684472267095 8.656896 249
1684472267173 8.656897 250
