1684471912142 60.86262 1
1684471912220 60.759323 2
1684471912283 58.57377 3
1684471912345 57.20072 4
1684471912424 53.423416 5
1684471912486 48.51003 6
1684471912564 46.18582 7
1684471912642 37.494553 8
1684471912705 31.69222 9
1684471912783 29.615112 10
1684471912845 27.969479 11
1684471912924 25.02808 12
1684471913978 22.138615 13
1684471914057 20.464497 14
1684471914119 18.56879 15
1684471914182 14.197281 16
1684471914260 10.34222 17
1684471914322 9.627417 18
1684471914400 9.838803 19
1684471914478 9.884203 20
1684471914541 9.9011 21
1684471914603 9.903278 22
1684471914775 9.733877 23
1684471914994 9.390512 24
1684471915135 9.029041 25
1684471915213 8.833128 26
1684471915291 8.745531 27
1684471915369 8.736195 28
1684471915447 8.733692 29
1684471915510 8.739285 30
1684471915588 8.7382965 31
1684471915666 8.736126 32
1684471915728 8.735391 33
1684471915807 8.735887 34
1684471915885 8.736458 35
1684471915947 8.736336 36
1684471916166 8.735886 37
1684471916385 8.735625 38
1684471916478 8.73559 39
1684471916541 8.73558 40
1684471916619 8.735514 41
1684471916697 8.735416 42
1684471916760 8.735319 43
1684471916838 8.735232 44
1684471916916 8.735155 45
1684471917088 8.735084 46
1684471917244 8.735016 47
1684471917322 8.734951 48
1684471917463 8.734893 49
1684471917666 8.73484 50
1684471917760 8.734795 51
1684471917838 8.734753 52
1684471917900 8.734719 53
1684471917978 8.73469 54
1684471918041 8.734666 55
1684471918119 8.734648 56
1684471918197 8.7346325 57
1684471918260 8.734622 58
1684471918338 8.734613 59
1684471918416 8.734608 60
1684471918478 8.734606 61
1684471918557 8.734604 62
1684471918635 8.734604 63
1684471918697 8.734604 64
1684471918932 8.734606 65
1684471919072 8.734608 66
1684471919150 8.7346115 67
1684471919213 8.734613 68
1684471919291 8.734616 69
1684471919369 8.734619 70
1684471919432 8.734622 71
1684471919510 8.734624 72
1684471919572 8.734627 73
1684471919650 8.734629 74
1684471919729 8.734631 75
1684471919791 8.734632 76
1684471919869 8.7346325 77
1684471919947 8.7346325 78
1684471920025 8.7346325 79
1684471920088 8.734634 80
1684471920369 8.734634 81
1684471920447 8.7346325 82
1684471920525 8.7346325 83
1684471920588 8.7346325 84
1684471920666 8.7346325 85
1684471920744 8.7346325 86
1684471920822 8.734632 87
1684471920885 8.734631 88
1684471920963 8.734631 89
1684471921041 8.73463 90
1684471921119 8.73463 91
1684471921197 8.734629 92
1684471921275 8.734629 93
1684471921338 8.734628 94
1684471921416 8.734628 95
1684471921697 8.734628 96
1684471921854 8.734628 97
1684471921932 8.734628 98
1684471922010 8.734628 99
1684471922072 8.734627 100
1684471922150 8.734628 101
1684471922229 8.734628 102
1684471922291 8.734628 103
1684471922369 8.734627 104
1684471922447 8.734627 105
1684471922510 8.734627 106
1684471922588 8.734627 107
1684471922650 8.734627 108
1684471922729 8.734627 109
1684471922807 8.734627 110
1684471923061 8.734627 111
1684471923186 8.734627 112
1684471923265 8.734627 113
1684471923343 8.734626 114
1684471923421 8.734627 115
1684471923483 8.734627 116
1684471923561 8.734627 117
1684471923624 8.734627 118
1684471923704 8.734627 119
1684471923775 8.734626 120
1684471923853 8.734627 121
1684471923915 8.734627 122
1684471923993 8.734626 123
1684471924056 8.734627 124
1684471924134 8.734627 125
1684471924384 8.734627 126
1684471924603 8.734627 127
1684471924712 8.734627 128
1684471924775 8.734628 129
1684471924853 8.734627 130
1684471924931 8.734627 131
1684471924993 8.734627 132
1684471925071 8.734627 133
1684471925150 8.734627 134
1684471925212 8.734627 135
1684471925290 8.734627 136
1684471925368 8.734626 137
1684471925446 8.734627 138
1684471925509 8.734627 139
1684471925587 8.734627 140
1684471925650 8.734627 141
1684471925759 8.734627 142
1684471925853 8.734627 143
1684471925915 8.734627 144
1684471925993 8.734627 145
1684471926071 8.734627 146
1684471926134 8.734627 147
1684471926212 8.734626 148
1684471926290 8.734627 149
1684471926353 8.734626 150
1684471926431 8.734627 151
1684471926509 8.734626 152
1684471926587 8.734627 153
1684471926650 8.734627 154
1684471926728 8.734626 155
1684471926806 8.734627 156
1684471926884 8.734627 157
1684471927118 8.734626 158
1684471927306 8.734627 159
1684471927384 8.734627 160
1684471927446 8.734627 161
1684471927525 8.734626 162
1684471927603 8.734627 163
1684471927665 8.734626 164
1684471927743 8.734627 165
1684471927821 8.734627 166
1684471927900 8.734626 167
1684471927962 8.734627 168
1684471928040 8.734627 169
1684471928103 8.734626 170
1684471928181 8.734627 171
1684471928259 8.734626 172
1684471928525 8.734626 173
1684471928634 8.734626 174
1684471928712 8.734627 175
1684471928790 8.734627 176
1684471928868 8.734627 177
1684471928931 8.734627 178
1684471929009 8.734627 179
1684471929071 8.734627 180
1684471929150 8.734627 181
1684471929228 8.734627 182
1684471929306 8.734627 183
1684471929368 8.734627 184
1684471929446 8.734627 185
1684471929525 8.734627 186
1684471929603 8.734626 187
1684471929868 8.734627 188
1684471930040 8.734626 189
1684471930118 8.734626 190
1684471930196 8.734627 191
1684471930259 8.734627 192
1684471930337 8.734627 193
1684471930415 8.734627 194
1684471930478 8.734626 195
1684471930556 8.734627 196
1684471930634 8.734627 197
1684471930712 8.734627 198
1684471930775 8.734627 199
1684471930853 8.734627 200
1684471930931 8.734627 201
1684471930993 8.734627 202
1684471931306 8.734627 203
1684471931415 8.734627 204
1684471931493 8.734627 205
1684471931556 8.734627 206
1684471931634 8.734627 207
1684471931712 8.734626 208
1684471931790 8.734627 209
1684471931853 8.734627 210
1684471931931 8.734627 211
1684471931993 8.734626 212
1684471932071 8.734627 213
1684471932134 8.734626 214
1684471932212 8.734627 215
1684471932275 8.734626 216
1684471932353 8.734627 217
1684471932618 8.734627 218
1684471932728 8.734627 219
1684471932790 8.734626 220
1684471932868 8.734627 221
1684471932931 8.734627 222
1684471933009 8.734626 223
1684471933243 8.734627 224
1684471933321 8.734627 225
1684471933400 8.734627 226
1684471933462 8.734626 227
1684471933540 8.734627 228
1684471933603 8.734627 229
1684471933679 8.734626 230
1684471933821 8.734627 231
1684471934008 8.734627 232
1684471934087 8.734626 233
1684471934149 8.734627 234
1684471934227 8.734626 235
1684471934290 8.734627 236
1684471934368 8.734627 237
1684471934446 8.734626 238
1684471934524 8.734627 239
1684471934587 8.734626 240
1684471934665 8.734626 241
1684471934743 8.734626 242
1684471934805 8.734627 243
1684471934883 8.734627 244
1684471934962 8.734627 245
1684471935024 8.734626 246
1684471935102 8.734627 247
1684471935415 8.734627 248
1684471935493 8.734626 249
1684471935571 8.734626 250
