1684473511598 29.5159042784734 1
1684473511676 21.045957154194767 2
1684473511754 15.692627136363093 3
1684473511816 13.612346280129936 4
1684473511894 12.805238148068286 5
1684473511957 12.438674086725785 6
1684473512019 11.634018500091837 7
1684473512098 10.350426542781722 8
1684473512160 9.774843511908365 9
1684473512238 9.320193377309554 10
1684473512301 9.450977601969552 11
1684473512379 9.44429548606887 12
1684473512441 9.30594842979195 13
1684473512519 9.177771736812659 14
1684473512582 9.083157472092664 15
1684473512660 8.946029081948293 16
1684473512723 8.912925768970277 17
1684473512801 8.84643493159268 18
1684473512863 8.751611948054933 19
1684473512941 8.697082376757436 20
1684473513004 8.64178981446715 21
1684473513082 8.608690208956908 22
1684473513144 8.59347075560776 23
1684473513223 8.590722862961488 24
1684473513285 8.590989075015566 25
1684473513348 8.591736628856092 26
1684473513426 8.592034001515103 27
1684473513488 8.592620882848323 28
1684473513566 8.594717434405249 29
1684473513629 8.599316866020565 30
1684473513707 8.606804493700443 31
1684473513769 8.617075350676778 32
1684473513848 8.629225959242255 33
1684473513910 8.640858473144451 34
1684473513973 8.647809211417435 35
1684473514051 8.645631274194846 36
1684473514113 8.634161867624632 37
1684473514191 8.619345923297109 38
1684473514254 8.606693257294625 39
1684473514332 8.597470479478346 40
1684473514394 8.59079494126415 41
1684473514457 8.585774228748871 42
1684473514535 8.582073676835895 43
1684473514613 8.57956246991474 44
1684473514676 8.578031576142902 45
1684473514754 8.577223617936383 46
1684473514816 8.576911125048362 47
1684473514894 8.576921450068113 48
1684473514957 8.57713677118103 49
1684473515035 8.57748581617944 50
1684473515098 8.5779353659579 51
1684473515160 8.578469759133071 52
1684473515238 8.579080027349134 53
1684473515301 8.579754587926974 54
1684473515363 8.58047429759744 55
1684473515441 8.58121661920583 56
1684473515504 8.581956717819407 57
1684473515566 8.58266879299955 58
1684473515644 8.583328670870996 59
1684473515707 8.583919208043206 60
1684473515769 8.58442494915297 61
1684473515848 8.584837557755563 62
1684473515926 8.585157027711654 63
1684473515988 8.585384952882523 64
1684473516051 8.58552802541571 65
1684473516129 8.585596657936328 66
1684473516191 8.585603079176895 67
1684473516254 8.585558482842814 68
1684473516332 8.58547754384264 69
1684473516394 8.585369446187721 70
1684473516473 8.58524565678 71
1684473516551 8.585115645413149 72
1684473516629 8.584986906987679 73
1684473516691 8.584864746381456 74
1684473516769 8.584753324066849 75
1684473516832 8.584655197744251 76
1684473516894 8.584571077534424 77
1684473516973 8.584503219237856 78
1684473517035 8.584450168408958 79
1684473517113 8.584410251063495 80
1684473517176 8.584384080528311 81
1684473517238 8.5843692214608 82
1684473517316 8.584363776997751 83
1684473517379 8.584365925426996 84
1684473517457 8.58437504437118 85
1684473517519 8.584388355386121 86
1684473517582 8.584404801302732 87
1684473517660 8.584422844127372 88
1684473517723 8.584442329082092 89
1684473517801 8.584461744796204 90
1684473517863 8.584479722720827 91
1684473517926 8.584496708952912 92
1684473518004 8.584512362523533 93
1684473518066 8.584525111633297 94
1684473518144 8.584536212177925 95
1684473518207 8.584545296901311 96
1684473518285 8.584551804279622 97
1684473518348 8.5845565761541 98
1684473518410 8.5845597966917 99
1684473518488 8.584561689615658 100
1684473518551 8.584561537887605 101
1684473518613 8.584560811517921 102
1684473518691 8.584558540611091 103
1684473518754 8.584556226896645 104
1684473518832 8.584553781730436 105
1684473518894 8.584550522820312 106
1684473518957 8.584547508783443 107
1684473519035 8.584544524607002 108
1684473519098 8.584542011544753 109
1684473519176 8.584539264704281 110
1684473519238 8.584537180628075 111
1684473519301 8.584535253884756 112
1684473519379 8.58453336439837 113
1684473519441 8.58453197161746 114
1684473519504 8.58453087370832 115
1684473519582 8.584530312916074 116
1684473519660 8.584530126853435 117
1684473519723 8.584530006921877 118
1684473519785 8.584529803972302 119
1684473519863 8.584530172263994 120
1684473519926 8.584530560668302 121
1684473519988 8.584531142511358 122
1684473520066 8.584531367104123 123
1684473520129 8.584532036067944 124
1684473520191 8.584532448472467 125
1684473520269 8.584532772286298 126
1684473520332 8.584533660204784 127
1684473520395 8.58453434333366 128
1684473520473 8.584534765827145 129
1684473520535 8.584535174044893 130
1684473520614 8.584535388831265 131
1684473520676 8.584535957295214 132
1684473520754 8.584535964375444 133
1684473520817 8.584536273683801 134
1684473520879 8.584536259405315 135
1684473520957 8.584535995757468 136
1684473521020 8.584536557140124 137
1684473521082 8.584536726260996 138
1684473521160 8.584536726260996 139
1684473521223 8.584536624656945 140
1684473521489 8.584536613083957 141
1684473521567 8.584536624656945 142
1684473521645 8.584536511479616 143
1684473521723 8.584536386728283 144
1684473521785 8.584536087516817 145
1684473521864 8.584536183518075 146
1684473521926 8.584536195091395 147
1684473521989 8.58453639122195 148
1684473522067 8.584536195091395 149
1684473522129 8.584535997484869 150
1684473522223 8.584536093485667 151
1684473522301 8.584536474517316 152
1684473522364 8.584536105058595 153
1684473522426 8.584536116631202 154
1684473522504 8.584535911631068 155
1684473522567 8.584536003452424 156
1684473522645 8.584536199582907 157
1684473522707 8.584536003452424 158
1684473522770 8.584536003452424 159
1684473522848 8.584536003452424 160
1684473522910 8.584535805845972 161
1684473522973 8.584536003452424 162
1684473523051 8.584536003452424 163
1684473523114 8.584536199582907 164
1684473523176 8.584536199582907 165
1684473523254 8.584536003452424 166
1684473523317 8.584536003452424 167
1684473523379 8.584536199582907 168
1684473523457 8.584535991879575 169
1684473523520 8.584536093485667 170
1684473523582 8.584536093485667 171
1684473523660 8.584536266813739 172
1684473523723 8.584536165207588 173
1684473523801 8.584536266813739 174
1684473523864 8.584536255240447 175
1684473523926 8.584536255240447 176
1684473524004 8.584535980306406 177
1684473524067 8.584535980306406 178
1684473524145 8.584535980306406 179
1684473524207 8.584535980306406 180
1684473524285 8.584535991879575 181
1684473524348 8.584535991879575 182
1684473524410 8.584535991879575 183
1684473524489 8.584535991879575 184
1684473524551 8.584536199582907 185
1684473524629 8.584536278386713 186
1684473524707 8.584536176780485 187
1684473524785 8.584536176780485 188
1684473524848 8.584536176780485 189
1684473524926 8.584536176780485 190
1684473524989 8.584536278386713 191
1684473525051 8.584536176780485 192
1684473525129 8.584536176780485 193
1684473525192 8.584536176780485 194
1684473525254 8.584536176780485 195
1684473525332 8.584536176780485 196
1684473525395 8.584536176780485 197
1684473525457 8.584536372911035 198
1684473525535 8.584536176780485 199
1684473525598 8.584536176780485 200
1684473525676 8.584536176780485 201
1684473525739 8.584536176780485 202
1684473525801 8.584536372911035 203
1684473525879 8.584536176780485 204
1684473525942 8.584536176780485 205
1684473526020 8.584536003452424 206
1684473526082 8.584536199582907 207
1684473526145 8.584536003452424 208
1684473526223 8.584536015024957 209
1684473526285 8.584536003452424 210
1684473526364 8.584536003452424 211
1684473526426 8.584536116631202 212
1684473526504 8.584536003452424 213
1684473526567 8.584536105058595 214
1684473526645 8.584536278386713 215
1684473526707 8.584536379992572 216
1684473526770 8.584536278386713 217
1684473526848 8.5845362066644 218
1684473526910 8.5845362066644 219
1684473526989 8.5845362066644 220
1684473527051 8.5845362066644 221
1684473527129 8.584536402794988 222
1684473527192 8.5845362066644 223
1684473527254 8.5845362066644 224
1684473527332 8.584536402794988 225
1684473527395 8.58453630118913 226
1684473527457 8.584536105058595 227
1684473527535 8.584536105058595 228
1684473527598 8.584536105058595 229
1684473527660 8.584536105058595 230
1684473527739 8.5845362066644 231
1684473527801 8.584536576123233 232
1684473527879 8.584536379992572 233
1684473527942 8.584536278386713 234
1684473528020 8.584536278386713 235
1684473528114 8.584536278386713 236
1684473528176 8.584536278386713 237
1684473528254 8.584536278386713 238
1684473528317 8.584536278386713 239
1684473528395 8.5845362066644 240
1684473528457 8.5845362066644 241
1684473528551 8.584536105058595 242
1684473528614 8.584536105058595 243
1684473528676 8.584536105058595 244
1684473528754 8.584536003452424 245
1684473528817 8.584536105058595 246
1684473528879 8.584536003452424 247
1684473528957 8.584536105058595 248
1684473529020 8.584536105058595 249
1684473529098 8.584535911631068 250
