1684474432712 58.57986 1
1684474432790 58.579758 2
1684474432853 58.541115 3
1684474432931 58.504005 4
1684474432993 58.488373 5
1684474433072 58.476406 6
1684474433134 58.439175 7
1684474433197 58.350967 8
1684474433275 58.231476 9
1684474433337 57.86395 10
1684474433415 56.87863 11
1684474433478 53.65548 12
1684474433556 30.69146 13
1684474433634 19.61977 14
1684474433697 13.742044 15
1684474433775 11.470484 16
1684474433837 12.037325 17
1684474433900 11.12818 18
1684474433978 10.708603 19
1684474434040 9.716663 20
1684474434118 9.075571 21
1684474434181 9.052343 22
1684474434243 9.114502 23
1684474434322 9.202809 24
1684474434384 9.3064575 25
1684474434462 9.4183655 26
1684474434525 9.535807 27
1684474434603 9.659491 28
1684474434665 9.790586 29
1684474434728 9.929343 30
1684474434806 10.075667 31
1684474434868 10.229746 32
1684474434947 10.391836 33
1684474435009 10.561554 34
1684474435072 10.736195 35
1684474435150 10.905572 36
1684474435212 11.042561 37
1684474435275 11.111048 38
1684474435353 11.093288 39
1684474435415 10.973253 40
1684474435493 10.699903 41
1684474435556 10.199469 42
1684474435618 9.558285 43
1684474435697 9.13624 44
1684474435759 9.016243 45
1684474435822 8.984264 46
1684474435900 8.9709835 47
1684474435962 8.97012 48
1684474436025 8.966745 49
1684474436103 8.966017 50
1684474436165 8.967609 51
1684474436228 8.969958 52
1684474436306 8.972763 53
1684474436368 8.976175 54
1684474436431 8.980227 55
1684474436509 8.984764 56
1684474436572 8.989504 57
1684474436650 8.994108 58
1684474436728 8.998232 59
1684474436806 9.001596 60
1684474436868 9.004037 61
1684474436931 9.005521 62
1684474436993 9.006133 63
1684474437072 9.00602 64
1684474437134 9.005354 65
1684474437212 9.004297 66
1684474437275 9.002987 67
1684474437337 9.001539 68
1684474437415 9.00004 69
1684474437478 8.998566 70
1684474437540 8.9971695 71
1684474437618 8.995896 72
1684474437681 8.994775 73
1684474437743 8.993822 74
1684474437806 8.993044 75
1684474437884 8.992437 76
1684474437947 8.991993 77
1684474438009 8.9916935 78
1684474438072 8.991518 79
1684474438134 8.991447 80
1684474438212 8.991463 81
1684474438275 8.991542 82
1684474438337 8.991667 83
1684474438400 8.991825 84
1684474438478 8.992001 85
1684474438540 8.992184 86
1684474438603 8.992369 87
1684474438681 8.992546 88
1684474438743 8.992711 89
1684474438806 8.992863 90
1684474438884 8.992998 91
1684474438947 8.993114 92
1684474439009 8.993215 93
1684474439087 8.993296 94
1684474439150 8.993361 95
1684474439212 8.993412 96
1684474439290 8.993448 97
1684474439353 8.993473 98
1684474439431 8.993486 99
1684474439493 8.993492 100
1684474439556 8.993491 101
1684474439618 8.9934845 102
1684474439697 8.993473 103
1684474439759 8.993462 104
1684474439822 8.993448 105
1684474439884 8.993433 106
1684474439962 8.993418 107
1684474440025 8.993403 108
1684474440103 8.993391 109
1684474440462 8.99338 110
1684474440634 8.99337 111
1684474440712 8.993362 112
1684474440775 8.993357 113
1684474440853 8.993353 114
1684474440915 8.993349 115
1684474440978 8.993348 116
1684474441056 8.993347 117
1684474441118 8.993347 118
1684474441181 8.993348 119
1684474441259 8.993349 120
1684474441322 8.993351 121
1684474441384 8.993354 122
1684474441462 8.993357 123
1684474441525 8.993359 124
1684474441587 8.993361 125
1684474441650 8.993364 126
1684474441728 8.993366 127
1684474441790 8.993369 128
1684474441853 8.993371 129
1684474441915 8.993372 130
1684474441993 8.993374 131
1684474442056 8.993374 132
1684474442134 8.993376 133
1684474442197 8.993377 134
1684474442259 8.993378 135
1684474442337 8.993378 136
1684474442400 8.993378 137
1684474442462 8.993378 138
1684474442540 8.993378 139
1684474442603 8.993378 140
1684474442665 8.993378 141
1684474442728 8.993378 142
1684474442806 8.993378 143
1684474442868 8.993378 144
1684474442946 8.993378 145
1684474443009 8.993377 146
1684474443071 8.993377 147
1684474443150 8.993376 148
1684474443212 8.993377 149
1684474443275 8.993376 150
1684474443337 8.993376 151
1684474443415 8.993376 152
1684474443478 8.993376 153
1684474443540 8.993377 154
1684474443603 8.993377 155
1684474443681 8.993377 156
1684474443743 8.993377 157
1684474443806 8.993377 158
1684474443868 8.993377 159
1684474443946 8.993377 160
1684474444009 8.993377 161
1684474444071 8.993377 162
1684474444150 8.993378 163
1684474444212 8.993377 164
1684474444275 8.993377 165
1684474444353 8.993377 166
1684474444415 8.993377 167
1684474444478 8.993377 168
1684474444540 8.993378 169
1684474444603 8.993378 170
1684474444681 8.993378 171
1684474444743 8.993377 172
1684474444821 8.993377 173
1684474444900 8.993377 174
1684474444962 8.993377 175
1684474445025 8.993377 176
1684474445103 8.993377 177
1684474445165 8.993377 178
1684474445228 8.993378 179
1684474445290 8.993378 180
1684474445368 8.993377 181
1684474445431 8.993377 182
1684474445493 8.993377 183
1684474445571 8.993377 184
1684474445634 8.993377 185
1684474445712 8.993377 186
1684474445775 8.993378 187
1684474445837 8.993378 188
1684474445915 8.993377 189
1684474445978 8.993378 190
1684474446040 8.993378 191
1684474446103 8.993378 192
1684474446181 8.993378 193
1684474446243 8.993378 194
1684474446306 8.993378 195
1684474446368 8.993378 196
1684474446446 8.993378 197
1684474446509 8.993378 198
1684474446571 8.993377 199
1684474446634 8.993377 200
1684474446712 8.993377 201
1684474446775 8.993377 202
1684474446837 8.993377 203
1684474446915 8.993377 204
1684474446978 8.993377 205
1684474447056 8.993377 206
1684474447118 8.993377 207
1684474447181 8.993377 208
1684474447243 8.993377 209
1684474447321 8.993378 210
1684474447384 8.993378 211
1684474447462 8.993378 212
1684474447525 8.993378 213
1684474447587 8.993378 214
1684474447665 8.993378 215
1684474447728 8.993378 216
1684474447790 8.993378 217
1684474447868 8.993378 218
1684474447931 8.993377 219
1684474447993 8.993377 220
1684474448056 8.993377 221
1684474448134 8.993377 222
1684474448196 8.993377 223
1684474448259 8.993377 224
1684474448337 8.993377 225
1684474448400 8.993377 226
1684474448462 8.993377 227
1684474448540 8.993377 228
1684474448603 8.993377 229
1684474448665 8.993377 230
1684474448728 8.993377 231
1684474448806 8.993377 232
1684474448868 8.993377 233
1684474448931 8.993377 234
1684474448993 8.993377 235
1684474449071 8.993377 236
1684474449134 8.993377 237
1684474449196 8.993377 238
1684474449275 8.993377 239
1684474449337 8.993377 240
1684474449400 8.993378 241
1684474449462 8.993378 242
1684474449540 8.993378 243
1684474449603 8.993377 244
1684474449665 8.993377 245
1684474449743 8.993377 246
1684474449806 8.993377 247
1684474449868 8.993377 248
1684474449946 8.993377 249
1684474450009 8.993377 250
