1683951085707 55.44051470075335 1
1683951085769 51.39286804199219 2
1683951085847 46.24243763514927 3
1683951085910 42.11853844778879 4
1683951085972 41.33088656834194 5
1683951086035 44.384643009730745 6
1683951086097 48.85875538417271 7
1683951086160 51.389713287353516 8
1683951086222 51.08027866908482 9
1683951086301 49.57935741969517 10
1683951086363 49.05803462437221 11
1683951086426 50.25831277029855 12
1683951086488 52.440465109688894 13
1683951086551 54.341071537562776 14
1683951086613 55.33915764944894 15
1683951086676 55.09114401681082 16
1683951086738 53.47515596662249 17
1683951086816 50.908973693847656 18
1683951086879 48.86722673688616 19
1683951086941 48.494446073259624 20
1683951087004 49.6153883252825 21
1683951087066 51.23273686000279 22
1683951087129 52.83734294346401 23
1683951087207 54.696341378348215 24
1683951087269 56.56511279514858 25
1683951087332 57.140719822474885 26
1683951087410 55.086008071899414 27
1683951087472 50.66260855538504 28
1683951087535 46.58966827392578 29
1683951087597 46.2512400490897 30
1683951087660 50.03633989606585 31
1683951087722 54.236447198050364 32
1683951087801 55.57023402622768 33
1683951087863 54.62856946672712 34
1683951087926 54.13029534476144 35
1683951087988 55.17126682826451 36
1683951088051 55.63174656459263 37
1683951088113 53.81557927812849 38
1683951088176 50.68092564174107 39
1683951088238 48.03285026550293 40
1683951088301 46.215833936418804 41
1683951088379 45.66428293500628 42
1683951088441 46.85539300101144 43
1683951088504 48.763655526297434 44
1683951088582 49.59269550868443 45
1683951088644 48.657561438424246 46
1683951088707 47.07929611206055 47
1683951088769 46.508240018572124 48
1683951088847 47.35726574489048 49
1683951088910 49.331816809517996 50
1683951088957 52.038896560668945 51
1683951089019 54.98279871259417 52
1683951089082 57.13905661446707 53
1683951089144 56.967862129211426 54
1683951089207 54.813156264168875 55
1683951089285 52.516401699611116 56
1683951089347 51.5172849382673 57
1683951089410 52.154572895595 58
1683951089472 54.091042927333284 59
1683951089535 56.83587918962751 60
1683951089597 59.90749944959368 61
1683951089660 62.40288094111851 62
1683951089707 63.25538730621338 63
1683951089769 62.424247060503276 64
1683951089847 60.93216596330915 65
1683951089894 59.83722496032715 66
1683951089972 59.706197193690706 67
1683951090019 60.403453963143484 68
1683951090097 61.57406030382429 69
1683951090160 62.792688505990164 70
1683951090222 64.00476346697126 71
1683951090285 65.41898700169155 72
1683951090347 66.9556211744036 73
1683951090410 67.97045952933175 74
1683951090472 67.56207874843052 75
1683951090535 65.8588512965611 76
1683951090597 64.43474878583636 77
1683951090660 64.72720854622978 78
1683951090722 66.49378749302456 79
1683951090785 67.99986975533622 80
1683951090847 68.44427871704102 81
1683951090910 68.29185049874442 82
1683951090972 67.89373370579311 83
1683951091035 67.43969999040876 84
1683951091097 67.2458997453962 85
1683951091160 67.62327330453056 86
1683951091222 67.67883655003139 87
1683951091269 66.05813435145787 88
1683951091347 63.44206156049456 89
1683951091410 62.46911103384836 90
1683951091472 64.17403629847935 91
1683951091535 66.67600440979004 92
1683951091597 68.27254976545062 93
1683951091660 68.45159149169922 94
1683951091722 67.78210312979562 95
1683951091832 67.2036018371582 96
1683951091894 67.48058537074498 97
1683951091957 68.9128338950021 98
1683951092019 70.71338980538505 99
1683951092097 71.16981233869281 100
1683951092160 69.17327717372349 101
1683951092222 65.45423071725028 102
1683951092285 62.88728659493582 103
1683951092347 63.985272543770925 104
1683951092410 67.85080283028739 105
1683951092472 71.22350801740374 106
1683951092535 72.31129782540458 107
1683951092597 71.20081547328404 108
1683951092660 69.06609344482422 109
1683951092722 67.4569342476981 110
1683951092785 67.25226266043526 111
1683951092863 68.20027106148856 112
1683951092926 69.48113250732422 113
1683951092988 70.73111724853516 114
1683951093051 72.42217145647321 115
1683951093113 74.68975721086774 116
1683951093172 76.53893879481724 117
1683951093235 77.19095829554966 118
1683951093297 76.74755750383649 119
1683951093375 75.68019022260394 120
1683951093438 74.36142294747489 121
1683951093500 73.18320001874652 122
1683951093563 72.73558398655483 123
1683951093625 72.96182060241699 124
1683951093688 72.5508861541748 125
1683951093750 71.19507435389927 126
1683951093813 70.13992064339774 127
1683951093875 70.2341444832938 128
1683951093938 71.53791264125279 129
1683951094000 74.59037780761719 130
1683951094063 79.01600646972656 131
1683951094125 82.83699689592633 132
1683951094188 84.65646144321987 133
1683951094250 84.27051707676479 134
1683951094313 82.27623585292271 135
1683951094375 79.41555459158761 136
1683951094438 76.07504217965263 137
1683951094500 72.71758815220424 138
1683951094563 70.43206405639648 139
1683951094625 69.73802621023995 140
1683951094688 70.13734000069755 141
1683951094750 70.9857041495187 142
1683951094813 71.96090044294085 143
1683951094875 72.99980109078544 144
1683951094938 74.01750564575195 145
1683951095000 75.2702282496861 146
1683951095063 76.91079820905414 147
1683951095125 78.97895268031529 148
1683951095188 80.9491446358817 149
1683951095250 81.62281908307757 150
1683951095313 80.24903161185128 151
1683951095391 77.69457190377372 152
1683951095454 75.51753888811383 153
1683951095516 74.30625479561942 154
1683951095579 73.88961574009487 155
1683951095641 74.15598460606166 156
1683951095704 74.8251473563058 157
1683951095766 75.74351119995117 158
1683951095829 77.13633074079242 159
1683951095891 79.36798095703125 160
1683951095969 81.5625250680106 161
1683951096047 82.10843658447266 162
1683951096110 80.04113878522601 163
1683951096188 76.32197679792132 164
1683951096266 73.38181468418666 165
1683951096329 73.22590092250279 166
1683951096407 75.46988786969867 167
1683951096485 78.0624645778111 168
1683951096547 79.74906321934291 169
1683951096625 80.67745971679688 170
1683951096704 81.09038761683873 171
1683951096766 80.84753744942802 172
1683951096829 79.81496374947685 173
1683951096907 78.74236570085797 174
1683951096985 78.93744822910854 175
1683951097047 80.69317626953125 176
1683951097125 82.3847165788923 177
1683951097188 82.04339218139648 178
1683951097250 79.7928488595145 179
1683951097313 77.6082512991769 180
1683951097375 77.23898424421039 181
1683951097438 78.52154813494 182
1683951097485 79.91388865879604 183
1683951097547 80.31414304460797 184
1683951097610 79.61748504638672 185
1683951097672 78.6333988734654 186
1683951097735 78.25415965488979 187
1683951097797 78.76588358197894 188
1683951097860 79.41573987688336 189
1683951097922 79.12374169485909 190
1683951097985 78.02135413033622 191
1683951098032 77.12105642046247 192
1683951098110 77.13422857012067 193
1683951098172 77.826082774571 194
1683951098219 78.71648733956474 195
1683951098282 79.5638187953404 196
1683951098344 80.35048130580357 197
1683951098407 80.92651094709124 198
1683951098469 81.12586648123605 199
1683951098532 81.29881722586495 200
1683951098594 82.0126702444894 201
1683951098657 83.4219491141183 202
1683951098719 85.13711220877511 203
1683951098782 86.51554380144391 204
1683951098844 87.69982746669224 205
1683951098907 89.46064921787807 206
1683951098969 91.53047398158482 207
1683951099032 92.51614379882812 208
1683951099094 91.29437582833427 209
1683951099141 87.82616915021624 210
1683951099219 83.45169830322266 211
1683951099282 80.44645690917969 212
1683951099344 80.71877942766461 213
1683951099407 84.15536825997489 214
1683951099579 88.7996962411063 215
1683951099641 92.30454363141742 216
1683951099704 93.51440865652901 217
1683951099766 93.27934156145368 218
1683951099829 93.4289300101144 219
1683951099891 94.49351065499442 220
1683951099954 95.21036093575614 221
1683951100016 94.31413813999721 222
1683951100079 91.40106419154576 223
1683951100141 87.54190499441964 224
1683951100204 84.46367754255023 225
1683951100266 83.59878104073661 226
1683951100329 85.58716201782227 227
1683951100391 89.79952675955636 228
1683951100454 94.40284837995257 229
1683951100516 97.54837908063617 230
1683951100579 98.10666111537388 231
1683951100641 96.06125967843192 232
1683951100704 93.22042628696987 233
1683951100766 92.68544660295758 234
1683951100875 95.74854278564453 235
1683951100954 99.73753683907645 236
1683951101016 99.90816824776786 237
1683951101079 94.74537658691406 238
1683951101141 88.1337650844029 239
1683951101219 85.79434531075614 240
1683951101282 89.76153455461774 241
1683951101344 96.41815512520927 242
1683951101407 100.5965325491769 243
1683951101469 100.27318572998047 244
1683951101532 96.82954406738281 245
1683951101594 93.41257640293666 246
1683951101657 92.37775475638253 247
1683951101719 93.65543583461216 248
1683951101782 95.56258937290737 249
1683951101844 96.3878288269043 250
