1683948329653 52.505833 1
1683948329715 44.47581 2
1683948329778 36.77762 3
1683948329856 32.769707 4
1683948329918 34.352943 5
1683948329981 40.78555 6
1683948330043 49.496532 7
1683948330106 57.882263 8
1683948330184 64.41628 9
1683948330247 68.838745 10
1683948330309 71.54947 11
1683948330372 73.06838 12
1683948330434 73.75105 13
1683948330512 73.93549 14
1683948330575 73.809616 15
1683948330637 72.915215 16
1683948330700 69.46608 17
1683948330762 61.477715 18
1683948330825 49.223602 19
1683948330903 37.634483 20
1683948330965 35.36227 21
1683948331028 46.424652 22
1683948331090 61.52116 23
1683948331153 71.589874 24
1683948331215 76.56629 25
1683948331278 79.23785 26
1683948331340 80.846146 27
1683948331418 81.25455 28
1683948331481 80.09538 29
1683948331543 77.68533 30
1683948331606 72.08597 31
1683948331668 61.887882 32
1683948331731 48.664917 33
1683948331793 38.364464 34
1683948331856 38.657158 35
1683948331918 51.787823 36
1683948331981 70.05805 37
1683948332028 80.792435 38
1683948332090 77.324326 39
1683948332168 63.84523 40
1683948332231 49.523445 41
1683948332296 41.491337 42
1683948332374 42.27977 43
1683948332436 49.400253 44
1683948332499 58.51731 45
1683948332561 66.928085 46
1683948332624 73.46665 47
1683948332686 78.05849 48
1683948332749 81.01302 49
1683948332811 82.10665 50
1683948332874 79.93547 51
1683948332936 75.09393 52
1683948332999 68.58647 53
1683948333061 61.68525 54
1683948333124 55.599304 55
1683948333202 51.118332 56
1683948333249 48.49166 57
1683948333311 47.41165 58
1683948333374 47.355705 59
1683948333436 47.033615 60
1683948333499 44.99221 61
1683948333561 40.018517 62
1683948333624 32.649128 63
1683948333686 26.446646 64
1683948333749 26.302206 65
1683948333811 34.26118 66
1683948333874 45.44232 67
1683948333936 54.154152 68
1683948333999 58.131977 69
1683948334061 56.087997 70
1683948334139 50.244057 71
1683948334202 42.347572 72
1683948334264 37.576927 73
1683948334327 41.31051 74
1683948334389 54.240807 75
1683948334452 70.13628 76
1683948334514 81.83011 77
1683948334577 87.15839 78
1683948334639 87.39169 79
1683948334702 84.16734 80
1683948334764 77.56345 81
1683948334827 68.195496 82
1683948334889 57.962517 83
1683948334952 52.93815 84
1683948335014 57.128082 85
1683948335077 67.5955 86
1683948335139 76.68192 87
1683948335202 78.95807 88
1683948335264 74.65147 89
1683948335327 65.48042 90
1683948335389 56.7389 91
1683948335452 51.94458 92
1683948335514 52.133835 93
1683948335577 56.833244 94
1683948335639 63.79362 95
1683948335702 73.497 96
1683948335764 83.193245 97
1683948335827 87.99403 98
1683948335874 85.472595 99
1683948335936 77.69988 100
1683948335999 67.49573 101
1683948336061 59.811188 102
1683948336124 58.38934 103
1683948336186 62.38949 104
1683948336249 71.58673 105
1683948336311 83.91812 106
1683948336374 94.15231 107
1683948336436 96.66356 108
1683948336499 88.41939 109
1683948336561 75.70229 110
1683948336624 68.56598 111
1683948336686 72.789795 112
1683948336749 84.37111 113
1683948336811 94.58592 114
1683948336858 97.25122 115
1683948336921 92.298706 116
1683948336983 83.08493 117
1683948337046 75.42139 118
1683948337108 76.07502 119
1683948337171 84.72342 120
1683948337233 96.48209 121
1683948337296 105.24451 122
1683948337358 108.31346 123
1683948337421 106.24103 124
1683948337499 101.17592 125
1683948337640 95.24266 126
1683948337796 89.55778 127
1683948337889 84.425156 128
1683948337952 78.773575 129
1683948338014 73.75599 130
1683948338077 72.296745 131
1683948338139 76.45221 132
1683948338202 85.859604 133
1683948338264 97.82918 134
1683948338327 108.89034 135
1683948338389 116.49623 136
1683948338468 120.10083 137
1683948338530 120.591125 138
1683948338593 117.56298 139
1683948338655 109.843605 140
1683948338765 99.04802 141
1683948338905 89.47417 142
1683948338968 85.635216 143
1683948339030 89.44797 144
1683948339093 98.71713 145
1683948339155 108.38162 146
1683948339218 114.95261 147
1683948339296 117.504395 148
1683948339358 116.56122 149
1683948339421 113.83426 150
1683948339483 110.71879 151
1683948339546 107.933754 152
1683948339608 105.482735 153
1683948339671 103.33615 154
1683948339733 101.28466 155
1683948339796 99.352615 156
1683948339858 97.553406 157
1683948339921 95.89827 158
1683948339983 94.31051 159
1683948340046 92.765594 160
1683948340108 91.29138 161
1683948340171 89.931465 162
1683948340233 88.69066 163
1683948340296 86.98335 164
1683948340358 84.351524 165
1683948340436 80.26656 166
1683948340514 74.79872 167
1683948340577 69.23805 168
1683948340639 65.89043 169
1683948340702 66.35806 170
1683948340764 70.21846 171
1683948340827 73.84256 172
1683948340889 74.00691 173
1683948340952 70.017715 174
1683948341014 65.97404 175
1683948341077 68.286026 176
1683948341139 78.76412 177
1683948341202 93.46741 178
1683948341264 105.353516 179
1683948341327 111.29765 180
1683948341389 112.13788 181
1683948341452 109.068016 182
1683948341514 103.87777 183
1683948341577 99.273056 184
1683948341639 97.308624 185
1683948341718 97.87182 186
1683948341780 97.52864 187
1683948341843 94.08777 188
1683948341889 90.06873 189
1683948341952 88.23717 190
1683948342014 90.44098 191
1683948342077 96.01785 192
1683948342140 102.88484 193
1683948342202 106.897354 194
1683948342270 106.63645 195
1683948342325 104.62214 196
1683948342387 103.727425 197
1683948342450 104.29843 198
1683948342528 104.67981 199
1683948342590 103.438446 200
1683948342653 100.70526 201
1683948342715 94.91348 202
1683948342762 86.7256 203
1683948342825 79.81575 204
1683948342887 79.79312 205
1683948342950 88.66486 206
1683948343012 102.10286 207
1683948343278 112.71197 208
1683948343372 115.65494 209
1683948343450 111.57608 210
1683948343512 102.88659 211
1683948343575 94.76559 212
1683948343637 92.133865 213
1683948343700 95.27573 214
1683948343778 101.61467 215
1683948343840 107.600266 216
1683948343903 111.37034 217
1683948343965 112.60999 218
1683948344028 112.26174 219
1683948344090 110.84801 220
1683948344153 108.97682 221
1683948344215 106.591675 222
1683948344278 102.2558 223
1683948344340 94.633415 224
1683948344403 85.169495 225
1683948344465 77.33546 226
1683948344528 75.56063 227
1683948344590 82.204926 228
1683948344653 96.3228 229
1683948344715 113.78288 230
1683948344778 125.88993 231
1683948344840 128.46848 232
1683948344903 123.45151 233
1683948344965 115.59534 234
1683948345028 108.661224 235
1683948345090 104.0002 236
1683948345153 99.201935 237
1683948345215 94.84978 238
1683948345278 93.52049 239
1683948345340 96.483826 240
1683948345403 102.862595 241
1683948345465 110.42583 242
1683948345528 117.20631 243
1683948345590 122.1591 244
1683948345653 125.07291 245
1683948345715 126.29888 246
1683948345778 125.71978 247
1683948345840 123.4832 248
1683948345903 120.26758 249
1683948345965 116.62834 250
