1683951909511 52.027435 1
1683951909589 45.006126 2
1683951909651 38.418045 3
1683951909714 29.726204 4
1683951909792 26.622997 5
1683951909854 31.626291 6
1683951909917 31.656057 7
1683951909979 32.51477 8
1683951910042 31.971079 9
1683951910104 26.492172 10
1683951910167 25.971354 11
1683951910229 30.407902 12
1683951910292 36.491367 13
1683951910354 43.325718 14
1683951910433 44.929386 15
1683951910479 41.56179 16
1683951910542 35.73443 17
1683951910620 32.026142 18
1683951910667 33.026318 19
1683951910729 29.704058 20
1683951910901 26.90305 21
1683951911058 24.508242 22
1683951911167 22.94257 23
1683951911229 21.075348 24
1683951911292 18.668228 25
1683951911354 17.255491 26
1683951911417 19.701508 27
1683951911479 27.318913 28
1683951911542 37.832542 29
1683951911604 37.364628 30
1683951911667 36.93708 31
1683951911729 36.548203 32
1683951911792 36.185635 33
1683951911854 35.848732 34
1683951911917 35.53777 35
1683951911979 35.25562 36
1683951912042 35.013603 37
1683951912120 34.827564 38
1683951912183 34.708702 39
1683951912245 34.6596 40
1683951912308 34.66114 41
1683951912370 34.729156 42
1683951912448 34.861366 43
1683951912511 35.050392 44
1683951912573 35.307404 45
1683951912636 35.606613 46
1683951912698 35.90409 47
1683951912761 36.190125 48
1683951912823 36.455765 49
1683951912886 36.265217 50
1683951912948 36.830917 51
1683951913011 36.945786 52
1683951913073 37.02561 53
1683951913136 37.082043 54
1683951913198 37.125076 55
1683951913261 37.152206 56
1683951913323 37.153816 57
1683951913386 37.117107 58
1683951913448 37.03202 59
1683951913511 34.12435 60
1683951913589 29.853735 61
1683951913651 26.25953 62
1683951913714 23.640295 63
1683951913776 22.0765 64
1683951913839 21.449682 65
1683951913901 21.527493 66
1683951913964 22.03308 67
1683951914026 22.27021 68
1683951914089 21.409496 69
1683951914151 18.894445 70
1683951914214 15.337006 71
1683951914276 12.919764 72
1683951914339 13.687743 73
1683951914401 15.568663 74
1683951914464 16.662907 75
1683951914526 19.305393 76
1683951914589 22.491192 77
1683951914651 25.676743 78
1683951914714 28.134089 79
1683951914777 29.29656 80
1683951914839 21.501637 81
1683951914902 16.974663 82
1683951914964 25.382635 83
1683951915027 23.37434 84
1683951915105 21.381353 85
1683951915167 19.775654 86
1683951915230 19.424175 87
1683951915292 20.76104 88
1683951915371 23.77914 89
1683951915433 27.894577 90
1683951915480 31.999222 91
1683951915558 33.450134 92
1683951915605 32.222076 93
1683951915683 29.656914 94
1683951915746 27.182108 95
1683951915792 25.993202 96
1683951915855 26.69689 97
1683951915917 27.872934 98
1683951915980 28.822107 99
1683951916183 29.577454 100
1683951916277 29.964851 101
1683951916339 30.185282 102
1683951916402 30.453323 103
1683951916480 29.297441 104
1683951916527 25.85144 105
1683951916605 21.739813 106
1683951916667 20.5834 107
1683951916730 26.079702 108
1683951916792 38.30905 109
1683951916855 37.21293 110
1683951916917 42.82698 111
1683951916980 44.064648 112
1683951917042 43.437756 113
1683951917105 43.690598 114
1683951917183 42.05066 115
1683951917230 49.089233 116
1683951917292 47.73353 117
1683951917355 46.282307 118
1683951917433 43.434013 119
1683951917496 40.188187 120
1683951917558 36.811665 121
1683951917621 33.979717 122
1683951917683 32.340446 123
1683951917746 32.224014 124
1683951917808 33.560234 125
1683951917871 35.967415 126
1683951917949 38.92754 127
1683951918011 41.93841 128
1683951918074 44.64189 129
1683951918136 46.794754 130
1683951918199 48.347267 131
1683951918292 48.43933 132
1683951918355 43.463474 133
1683951918433 39.144966 134
1683951918496 36.35323 135
1683951918558 35.388893 136
1683951918621 36.407097 137
1683951918683 38.7246 138
1683951918746 39.529327 139
1683951918808 38.084476 140
1683951918871 36.96727 141
1683951918933 32.077675 142
1683951918996 26.930338 143
1683951919058 26.662457 144
1683951919121 34.525406 145
1683951919183 35.335484 146
1683951919246 35.284615 147
1683951919308 35.208282 148
1683951919371 35.12863 149
1683951919433 35.035267 150
1683951919496 34.958866 151
1683951919558 34.919186 152
1683951919621 34.747063 153
1683951919683 34.03588 154
1683951919761 32.748993 155
1683951919824 31.172573 156
1683951919886 29.581636 157
1683951919949 28.22701 158
1683951920011 27.245392 159
1683951920074 26.67653 160
1683951920230 26.472206 161
1683951920386 26.532597 162
1683951920449 26.750196 163
1683951920511 27.031628 164
1683951920574 27.303066 165
1683951920636 27.525608 166
1683951920699 27.690723 167
1683951920761 27.806988 168
1683951920824 27.879038 169
1683951920886 27.885897 170
1683951920949 27.757124 171
1683951921011 27.500978 172
1683951921074 27.199305 173
1683951921121 26.926308 174
1683951921183 26.727974 175
1683951921246 26.644016 176
1683951921308 26.691696 177
1683951921371 26.871044 178
1683951921433 27.171803 179
1683951921621 27.578592 180
1683951921699 28.075134 181
1683951921777 28.646826 182
1683951921839 29.28184 183
1683951921902 29.96948 184
1683951921980 30.690525 185
1683951922042 31.409256 186
1683951922105 32.118095 187
1683951922167 32.820942 188
1683951922230 33.52677 189
1683951922292 34.2461 190
1683951922355 34.84664 191
1683951922417 34.68834 192
1683951922480 35.93577 193
1683951922542 37.408104 194
1683951922605 38.288143 195
1683951922683 39.204025 196
1683951922746 40.152683 197
1683951922808 41.127144 198
1683951922949 42.0744 199
1683951923074 42.99076 200
1683951923136 43.874645 201
1683951923199 44.706253 202
1683951923277 45.4702 203
1683951923339 46.184517 204
1683951923402 46.83297 205
1683951923464 46.127285 206
1683951923527 43.207348 207
1683951923589 38.313282 208
1683951923652 33.106426 209
1683951923714 29.454372 210
1683951923777 28.714104 211
1683951923855 31.190151 212
1683951923917 36.167282 213
1683951923980 42.266308 214
1683951924042 47.958878 215
1683951924105 52.550846 216
1683951924167 55.77017 217
1683951924230 57.253643 218
1683951924292 57.00341 219
1683951924355 55.38092 220
1683951924417 52.796158 221
1683951924480 49.63877 222
1683951924542 45.943047 223
1683951924605 41.828278 224
1683951924674 37.36023 225
1683951924729 32.330738 226
1683951924807 27.748749 227
1683951924870 25.599836 228
1683951924932 28.336647 229
1683951924995 36.435753 230
1683951925057 48.03264 231
1683951925120 59.74077 232
1683951925182 56.007725 233
1683951925261 47.993843 234
1683951925323 49.332825 235
1683951925386 59.579998 236
1683951925448 58.07311 237
1683951925511 56.141052 238
1683951925573 52.79545 239
1683951925636 49.27133 240
1683951925698 49.981087 241
1683951925761 49.0447 242
1683951925823 42.950695 243
1683951925886 49.12748 244
1683951925932 50.90015 245
1683951925995 51.543358 246
1683951926057 51.648666 247
1683951926120 52.31479 248
1683951926182 54.972282 249
1683951926245 60.280674 250
