1683948290403 59.563362 1
1683948290481 59.589554 2
1683948290543 59.61808 3
1683948290606 59.645733 4
1683948290668 59.655373 5
1683948290746 59.449604 6
1683948290809 57.806202 7
1683948290871 53.40494 8
1683948290934 47.266895 9
1683948290996 40.681583 10
1683948291074 35.0135 11
1683948291137 31.213188 12
1683948291199 29.667057 13
1683948291278 29.838518 14
1683948291340 29.08252 15
1683948291403 27.357525 16
1683948291465 24.013645 17
1683948291543 21.699589 18
1683948291621 23.07199 19
1683948291684 28.989704 20
1683948291762 36.470055 21
1683948291824 40.62664 22
1683948291887 39.443443 23
1683948291949 33.20392 24
1683948292028 27.119267 25
1683948292090 28.08077 26
1683948292153 38.906494 27
1683948292231 56.85023 28
1683948292293 72.94584 29
1683948292356 79.60562 30
1683948292434 74.769424 31
1683948292496 64.563446 32
1683948292559 55.543175 33
1683948292621 50.956787 34
1683948292684 50.661026 35
1683948292746 52.729294 36
1683948292824 54.261154 37
1683948292887 54.290268 38
1683948292949 52.71657 39
1683948293028 49.352802 40
1683948293090 45.343246 41
1683948293153 41.68042 42
1683948293215 39.08449 43
1683948293293 37.854523 44
1683948293356 36.777386 45
1683948293418 33.68425 46
1683948293481 28.403296 47
1683948293543 23.39584 48
1683948293606 23.571598 49
1683948293668 32.79999 50
1683948293731 50.160732 51
1683948293793 67.10153 52
1683948293856 74.10094 53
1683948293918 68.74945 54
1683948293981 56.298813 55
1683948294043 45.85382 56
1683948294106 44.38404 57
1683948294168 51.92027 58
1683948294231 64.99276 59
1683948294293 77.86209 60
1683948294356 83.78025 61
1683948294418 79.49077 62
1683948294481 68.07742 63
1683948294543 54.32373 64
1683948294606 47.05032 65
1683948294668 50.193794 66
1683948294731 60.971146 67
1683948294793 73.5504 68
1683948294856 83.47662 69
1683948294918 88.99994 70
1683948294981 88.42431 71
1683948295043 81.21168 72
1683948295106 68.00911 73
1683948295168 53.417477 74
1683948295231 48.059036 75
1683948295293 59.479015 76
1683948295356 81.57652 77
1683948295418 97.802246 78
1683948295481 97.23074 79
1683948295543 82.88538 80
1683948295606 63.81854 81
1683948295668 52.316574 82
1683948295731 55.928143 83
1683948295793 71.6978 84
1683948295856 88.851875 85
1683948295918 98.15333 86
1683948295981 95.9364 87
1683948296043 85.043304 88
1683948296121 72.23225 89
1683948296184 65.77809 90
1683948296246 70.00419 91
1683948296309 80.19994 92
1683948296371 88.34154 93
1683948296434 89.17093 94
1683948296496 83.39466 95
1683948296559 76.54642 96
1683948296621 76.36249 97
1683948296731 84.099106 98
1683948296824 93.02109 99
1683948296887 95.90921 100
1683948296949 92.792725 101
1683948297012 87.21672 102
1683948297074 81.90978 103
1683948297137 77.85576 104
1683948297199 73.140724 105
1683948297262 68.75401 106
1683948297324 67.74436 107
1683948297403 71.31488 108
1683948297465 78.6443 109
1683948297528 86.91577 110
1683948297590 92.96388 111
1683948297653 95.63257 112
1683948297731 94.32198 113
1683948297793 88.65567 114
1683948297856 80.35979 115
1683948297918 72.74036 116
1683948297981 71.029884 117
1683948298043 77.97738 118
1683948298121 89.81833 119
1683948298184 99.30806 120
1683948298246 99.761185 121
1683948298309 93.74105 122
1683948298371 87.976 123
1683948298449 84.32327 124
1683948298512 83.16997 125
1683948298574 84.66433 126
1683948298621 88.23862 127
1683948298684 92.809364 128
1683948298746 97.19419 129
1683948298824 100.529015 130
1683948298887 102.54619 131
1683948298949 103.38789 132
1683948299012 102.89406 133
1683948299074 101.15725 134
1683948299137 97.12265 135
1683948299199 91.61464 136
1683948299262 85.61921 137
1683948299324 79.30682 138
1683948299387 73.4879 139
1683948299449 68.81773 140
1683948299512 66.16629 141
1683948299574 64.14094 142
1683948299653 63.982635 143
1683948299715 66.098305 144
1683948299793 68.407745 145
1683948299856 67.8477 146
1683948299918 67.250725 147
1683948299981 69.665955 148
1683948300043 76.1369 149
1683948300121 84.88271 150
1683948300184 92.905945 151
1683948300246 98.130875 152
1683948300309 100.18176 153
1683948300371 99.80703 154
1683948300434 98.157455 155
1683948300496 96.01885 156
1683948300559 93.9852 157
1683948300621 92.31298 158
1683948300684 91.02251 159
1683948300746 89.92503 160
1683948300809 88.87854 161
1683948300871 87.04529 162
1683948300934 84.41418 163
1683948301012 80.69124 164
1683948301074 74.704735 165
1683948301137 67.287415 166
1683948301199 61.045467 167
1683948301262 58.898327 168
1683948301324 62.845646 169
1683948301387 70.95131 170
1683948301465 80.68846 171
1683948301528 89.856094 172
1683948301590 94.79257 173
1683948301653 94.720604 174
1683948301715 88.83951 175
1683948301793 80.49746 176
1683948301856 73.728714 177
1683948301918 71.899475 178
1683948301981 73.62048 179
1683948302043 79.331406 180
1683948302106 88.34681 181
1683948302168 98.366165 182
1683948302231 106.363556 183
1683948302309 109.72192 184
1683948302371 108.20243 185
1683948302434 102.119415 186
1683948302496 91.18561 187
1683948302559 77.4456 188
1683948302621 66.80733 189
1683948302684 66.301155 190
1683948302746 78.28443 191
1683948302809 95.433136 192
1683948302871 104.9999 193
1683948302934 100.22653 194
1683948303012 85.25287 195
1683948303074 70.25615 196
1683948303137 61.86525 197
1683948303199 63.244415 198
1683948303262 72.07225 199
1683948303324 83.46918 200
1683948303387 93.41745 201
1683948303449 100.12272 202
1683948303668 103.04295 203
1683948303824 101.741974 204
1683948303902 95.47603 205
1683948303965 84.8368 206
1683948304043 71.61893 207
1683948304121 61.86109 208
1683948304199 64.016655 209
1683948304262 78.65372 210
1683948304340 97.49155 211
1683948304418 109.13246 212
1683948304480 106.96992 213
1683948304543 93.52413 214
1683948304605 78.4702 215
1683948304668 72.373825 216
1683948304730 78.07276 217
1683948304809 90.40306 218
1683948304902 102.18962 219
1683948304965 110.060715 220
1683948305043 113.12688 221
1683948305105 111.5699 222
1683948305168 106.66461 223
1683948305230 99.799866 224
1683948305293 94.26387 225
1683948305355 91.89197 226
1683948305418 92.00784 227
1683948305480 91.9557 228
1683948305543 88.97748 229
1683948305605 83.68513 230
1683948305668 77.74407 231
1683948305730 75.93078 232
1683948305793 79.189384 233
1683948305855 82.98604 234
1683948305918 83.519516 235
1683948305980 80.95633 236
1683948306043 79.301025 237
1683948306105 79.05293 238
1683948306168 79.04843 239
1683948306246 80.6662 240
1683948306309 88.03749 241
1683948306371 100.81546 242
1683948306434 111.038506 243
1683948306496 111.27116 244
1683948306559 101.31167 245
1683948306621 86.68146 246
1683948306684 74.9085 247
1683948306746 70.08905 248
1683948306809 71.03135 249
1683948306887 75.4408 250
