1683949315138 54.882263 1
1683949315201 54.073223 2
1683949315263 53.117535 3
1683949315342 51.871796 4
1683949315404 50.153046 5
1683949315467 46.328304 6
1683949315529 38.676006 7
1683949315592 28.868824 8
1683949315670 23.460201 9
1683949315732 29.447998 10
1683949315795 47.252007 11
1683949315857 67.80115 12
1683949315920 79.34781 13
1683949315982 77.13771 14
1683949316045 64.56175 15
1683949316107 52.337666 16
1683949316185 49.654896 17
1683949316248 56.58776 18
1683949316310 66.72703 19
1683949316373 73.81942 20
1683949316435 75.2939 21
1683949316498 70.511925 22
1683949316560 62.344593 23
1683949316623 54.570183 24
1683949316685 50.750664 25
1683949316748 52.813797 26
1683949316810 60.54498 27
1683949316873 71.03828 28
1683949316935 79.98477 29
1683949316998 83.732666 30
1683949317060 79.32257 31
1683949317123 68.90535 32
1683949317185 58.04962 33
1683949317248 52.875797 34
1683949317310 56.607456 35
1683949317373 67.03447 36
1683949317435 78.487045 37
1683949317498 85.218185 38
1683949317576 86.49992 39
1683949317638 84.241425 40
1683949317701 80.83473 41
1683949317763 77.813965 42
1683949317842 75.746796 43
1683949317904 74.60295 44
1683949317951 74.130356 45
1683949318029 74.0681 46
1683949318092 74.221725 47
1683949318154 74.47205 48
1683949318217 74.748795 49
1683949318279 75.00717 50
1683949318342 75.22616 51
1683949318388 75.40199 52
1683949318467 75.53606 53
1683949318529 75.6246 54
1683949318592 75.672104 55
1683949318654 75.67121 56
1683949318717 75.619316 57
1683949318795 75.52837 58
1683949318857 75.41098 59
1683949318920 75.279434 60
1683949318982 75.1447 61
1683949319045 75.009415 62
1683949319107 74.85765 63
1683949319170 74.66104 64
1683949319232 74.43425 65
1683949319295 74.18873 66
1683949319357 73.9254 67
1683949319420 73.61928 68
1683949319482 73.28781 69
1683949319545 72.89412 70
1683949319607 72.32271 71
1683949319685 71.5892 72
1683949319748 70.716125 73
1683949319810 69.76694 74
1683949319857 68.80466 75
1683949319920 67.88011 76
1683949319982 67.02887 77
1683949320060 66.26602 78
1683949320123 65.60654 79
1683949320185 65.052574 80
1683949320248 64.2543 81
1683949320310 63.157852 82
1683949320373 61.58501 83
1683949320435 59.715103 84
1683949320498 57.619812 85
1683949320560 55.24601 86
1683949320623 52.65539 87
1683949320685 50.075207 88
1683949320748 47.693283 89
1683949320810 45.38049 90
1683949320873 43.283375 91
1683949320935 41.498337 92
1683949320998 39.852356 93
1683949321060 38.45428 94
1683949321123 37.34503 95
1683949321185 36.541374 96
1683949321263 35.9548 97
1683949321373 35.4529 98
1683949321435 35.026676 99
1683949321498 34.667545 100
1683949321560 34.23073 101
1683949321623 33.400604 102
1683949321685 32.114117 103
1683949321748 30.617447 104
1683949321810 29.580645 105
1683949321873 29.310535 106
1683949321935 30.14467 107
1683949321998 32.207035 108
1683949322060 35.277565 109
1683949322123 38.86344 110
1683949322185 42.299618 111
1683949322248 45.02426 112
1683949322310 46.632183 113
1683949322373 46.964737 114
1683949322435 46.3565 115
1683949322498 45.196995 116
1683949322560 43.792915 117
1683949322623 42.11438 118
1683949322685 40.249016 119
1683949322748 38.290245 120
1683949322810 36.41684 121
1683949322873 34.76387 122
1683949322920 33.411148 123
1683949322982 32.332535 124
1683949323045 31.494246 125
1683949323107 30.159119 126
1683949323170 28.591105 127
1683949323232 27.908047 128
1683949323310 29.02538 129
1683949323357 31.542477 130
1683949323420 33.515457 131
1683949323498 33.660904 132
1683949323560 31.519623 133
1683949323623 29.548645 134
1683949323685 30.757362 135
1683949323748 36.78691 136
1683949323810 46.28119 137
1683949323873 55.924595 138
1683949323951 62.659836 139
1683949324013 64.30186 140
1683949324076 60.651947 141
1683949324138 53.60046 142
1683949324201 46.680576 143
1683949324263 43.60515 144
1683949324326 46.55314 145
1683949324373 54.73809 146
1683949324451 64.83734 147
1683949324513 71.38102 148
1683949324576 72.582 149
1683949324638 70.11165 150
1683949324701 65.659836 151
1683949324763 60.651707 152
1683949324826 56.582855 153
1683949324888 54.73874 154
1683949324951 54.123726 155
1683949325013 53.118946 156
1683949325076 53.443966 157
1683949325138 56.369514 158
1683949325201 57.91726 159
1683949325263 56.46772 160
1683949325326 55.262543 161
1683949325388 57.029915 162
1683949325451 62.060364 163
1683949325513 69.21585 164
1683949325592 76.49679 165
1683949325654 85.17018 166
1683949325732 93.05553 167
1683949325795 95.63446 168
1683949325857 91.24477 169
1683949325904 80.23503 170
1683949325967 70.12493 171
1683949326029 66.86655 172
1683949326092 70.59273 173
1683949326154 76.946014 174
1683949326217 81.41739 175
1683949326279 80.57156 176
1683949326342 75.3645 177
1683949326404 68.622086 178
1683949326467 60.67464 179
1683949326529 53.825874 180
1683949326592 52.649933 181
1683949326654 62.40254 182
1683949326717 78.97252 183
1683949326779 90.905655 184
1683949326842 90.233696 185
1683949326904 80.14273 186
1683949326967 69.042786 187
1683949327029 62.89448 188
1683949327076 62.205166 189
1683949327138 67.54895 190
1683949327201 77.30731 191
1683949327263 87.71001 192
1683949327357 94.67172 193
1683949327420 96.00546 194
1683949327467 91.23485 195
1683949327545 82.85632 196
1683949327607 72.24132 197
1683949327670 62.13346 198
1683949327732 58.42351 199
1683949327779 62.07603 200
1683949327842 71.45695 201
1683949327904 83.27325 202
1683949327967 94.095695 203
1683949328029 102.24005 204
1683949328092 104.67821 205
1683949328154 99.59723 206
1683949328217 88.94353 207
1683949328279 76.91753 208
1683949328342 67.81881 209
1683949328404 63.53394 210
1683949328467 64.50339 211
1683949328529 70.4814 212
1683949328607 78.65141 213
1683949328670 84.21217 214
1683949328732 87.06343 215
1683949328795 89.71501 216
1683949328857 93.29035 217
1683949328920 96.01167 218
1683949328982 95.575264 219
1683949329045 91.813934 220
1683949329107 86.58977 221
1683949329170 82.0124 222
1683949329232 79.170204 223
1683949329295 77.566864 224
1683949329342 76.28157 225
1683949329404 72.63902 226
1683949329482 66.06735 227
1683949329545 58.35681 228
1683949329607 54.50888 229
1683949329670 57.622856 230
1683949329732 65.813644 231
1683949329779 74.69916 232
1683949329842 80.60628 233
1683949329904 80.82308 234
1683949329967 75.88231 235
1683949330029 69.698044 236
1683949330092 68.78576 237
1683949330154 77.81536 238
1683949330217 93.55497 239
1683949330279 105.45491 240
1683949330342 104.34509 241
1683949330404 91.56327 242
1683949330467 77.02843 243
1683949330529 69.78284 244
1683949330592 71.37047 245
1683949330654 76.60531 246
1683949330717 79.28901 247
1683949330779 79.23392 248
1683949330842 78.28101 249
1683949330888 78.176315 250
