1683952145467 57.853336 1
1683952145545 55.820915 2
1683952145607 50.95752 3
1683952145670 42.174007 4
1683952145732 31.803473 5
1683952145795 26.505905 6
1683952145873 33.159706 7
1683952145936 51.4301 8
1683952145998 71.04726 9
1683952146061 79.57667 10
1683952146123 74.15054 11
1683952146186 58.752575 12
1683952146248 43.889668 13
1683952146326 40.399082 14
1683952146389 50.649734 15
1683952146451 66.94285 16
1683952146514 78.45285 17
1683952146576 82.15764 18
1683952146654 80.64458 19
1683952146717 76.716354 20
1683952146779 73.908844 21
1683952146857 74.75142 22
1683952146920 78.43518 23
1683952146982 82.09416 24
1683952147045 83.36833 25
1683952147170 81.80606 26
1683952147295 78.09592 27
1683952147357 73.88463 28
1683952147420 70.373825 29
1683952147482 67.849594 30
1683952147545 65.36867 31
1683952147607 61.766365 32
1683952147670 57.98185 33
1683952147732 54.913445 34
1683952147795 53.257744 35
1683952147873 53.163494 36
1683952147920 54.24225 37
1683952147982 54.636772 38
1683952148045 53.098034 39
1683952148123 50.452293 40
1683952148186 47.81652 41
1683952148248 46.182167 42
1683952148311 45.797462 43
1683952148373 46.070972 44
1683952148436 44.460335 45
1683952148482 40.261215 46
1683952148545 35.950684 47
1683952148607 37.797318 48
1683952148670 50.423954 49
1683952148732 71.54259 50
1683952148795 91.70904 51
1683952148857 102.09769 52
1683952148936 100.74446 53
1683952148998 91.81676 54
1683952149061 80.93952 55
1683952149123 72.00926 56
1683952149186 66.42116 57
1683952149248 63.856815 58
1683952149311 63.33609 59
1683952149373 63.192535 60
1683952149436 61.66779 61
1683952149498 57.376602 62
1683952149561 50.312687 63
1683952149623 42.862423 64
1683952149686 39.13802 65
1683952149748 42.060867 66
1683952149811 52.23857 67
1683952149873 63.973705 68
1683952149936 71.81059 69
1683952149998 73.878426 70
1683952150061 69.89668 71
1683952150123 63.66472 72
1683952150186 59.461285 73
1683952150248 62.542725 74
1683952150311 71.63667 75
1683952150373 81.443726 76
1683952150436 89.871735 77
1683952150498 95.32942 78
1683952150561 96.73768 79
1683952150623 94.215485 80
1683952150670 89.37225 81
1683952150732 84.36835 82
1683952150795 80.69826 83
1683952150857 78.1904 84
1683952150936 75.76878 85
1683952150998 70.76876 86
1683952151061 62.648746 87
1683952151123 54.322617 88
1683952151186 52.338005 89
1683952151248 62.230686 90
1683952151311 80.5701 91
1683952151373 94.34082 92
1683952151436 97.18377 93
1683952151514 89.96709 94
1683952151576 78.29489 95
1683952151639 68.664566 96
1683952151701 66.9686 97
1683952151779 72.71831 98
1683952151842 80.580635 99
1683952151904 86.432465 100
1683952151967 88.76283 101
1683952152029 88.153755 102
1683952152092 85.90059 103
1683952152154 83.05916 104
1683952152217 80.11415 105
1683952152279 77.55422 106
1683952152357 75.51765 107
1683952152420 71.85999 108
1683952152482 65.28801 109
1683952152545 56.859665 110
1683952152607 50.915924 111
1683952152670 53.395218 112
1683952152779 67.073845 113
1683952152842 85.81435 114
1683952152904 98.370056 115
1683952152967 98.63248 116
1683952153029 87.55522 117
1683952153092 73.36043 118
1683952153154 66.77748 119
1683952153217 71.37435 120
1683952153279 82.17282 121
1683952153342 91.790924 122
1683952153404 96.28142 123
1683952153467 96.0545 124
1683952153529 93.31565 125
1683952153592 88.56322 126
1683952153654 84.45123 127
1683952153717 81.15801 128
1683952153779 79.23881 129
1683952153842 79.02227 130
1683952153904 80.642006 131
1683952153967 83.92302 132
1683952154029 87.24552 133
1683952154092 89.93933 134
1683952154154 92.244095 135
1683952154217 94.211716 136
1683952154279 95.85536 137
1683952154342 97.165855 138
1683952154404 98.12111 139
1683952154467 98.728714 140
1683952154529 99.02849 141
1683952154607 99.08096 142
1683952154669 98.95097 143
1683952154732 98.69578 144
1683952154795 98.35264 145
1683952154857 97.916565 146
1683952154920 97.4326 147
1683952154982 96.933815 148
1683952155045 96.44726 149
1683952155107 95.993065 150
1683952155170 95.58278 151
1683952155232 95.223366 152
1683952155295 94.91516 153
1683952155357 94.65329 154
1683952155420 94.43273 155
1683952155482 94.2351 156
1683952155545 94.05682 157
1683952155623 93.893814 158
1683952155686 93.73735 159
1683952155748 93.58818 160
1683952155811 93.43753 161
1683952155873 93.279236 162
1683952155936 93.08319 163
1683952156014 92.83454 164
1683952156076 92.52918 165
1683952156139 92.08653 166
1683952156186 91.53876 167
1683952156248 90.87857 168
1683952156311 90.00006 169
1683952156373 88.88969 170
1683952156436 87.404785 171
1683952156498 85.614975 172
1683952156561 83.610634 173
1683952156623 81.51325 174
1683952156686 79.416016 175
1683952156748 77.42773 176
1683952156811 75.62428 177
1683952156873 74.04884 178
1683952156936 72.720985 179
1683952156998 71.63832 180
1683952157061 70.76319 181
1683952157123 70.0319 182
1683952157186 69.36093 183
1683952157232 67.49713 184
1683952157295 64.629486 185
1683952157357 61.245914 186
1683952157420 57.895382 187
1683952157482 55.05297 188
1683952157545 52.98901 189
1683952157607 51.002037 190
1683952157670 48.813976 191
1683952157732 46.946255 192
1683952157795 46.639507 193
1683952157857 48.85577 194
1683952157920 54.176384 195
1683952157982 61.093056 196
1683952158045 67.15911 197
1683952158107 71.29315 198
1683952158170 74.385544 199
1683952158217 77.81202 200
1683952158279 82.084175 201
1683952158357 86.725815 202
1683952158420 91.00285 203
1683952158482 94.43632 204
1683952158545 96.91677 205
1683952158607 98.56709 206
1683952158670 99.54759 207
1683952158732 99.98607 208
1683952158795 98.84221 209
1683952158857 94.95216 210
1683952158920 87.81908 211
1683952158982 78.070755 212
1683952159045 69.656906 213
1683952159123 67.262344 214
1683952159186 71.64075 215
1683952159248 78.61586 216
1683952159311 84.199005 217
1683952159357 86.44368 218
1683952159420 87.52562 219
1683952159482 90.705925 220
1683952159545 96.890495 221
1683952159607 102.32714 222
1683952159670 103.18425 223
1683952159732 101.44266 224
1683952159795 97.58337 225
1683952159857 94.54436 226
1683952159920 93.96956 227
1683952159982 95.7104 228
1683952160045 98.545746 229
1683952160107 101.225746 230
1683952160170 103.08838 231
1683952160232 104.07307 232
1683952160295 104.404144 233
1683952160357 104.2662 234
1683952160420 103.6704 235
1683952160482 102.82753 236
1683952160561 101.58316 237
1683952160607 98.72515 238
1683952160670 94.336815 239
1683952160732 88.41551 240
1683952160795 80.07645 241
1683952160857 70.704994 242
1683952160920 64.27779 243
1683952160982 64.363365 244
1683952161045 71.69984 245
1683952161107 83.605255 246
1683952161170 95.934296 247
1683952161232 105.51033 248
1683952161295 111.15973 249
1683952161357 113.31642 250
