1683950895186 51.56529331348856 1
1683950895265 44.0439523864304 2
1683950895327 35.46044106837087 3
1683950895390 29.864990306044408 4
1683950895452 29.59606356453986 5
1683950895515 33.20414957424804 6
1683950895593 39.853051639834156 7
1683950895655 47.87284880511896 8
1683950895718 53.757376592795865 9
1683950895780 54.146073393998094 10
1683950895843 51.873403997257114 11
1683950895921 49.439638076039806 12
1683950895983 47.78984497412982 13
1683950896046 47.08045053910054 14
1683950896108 46.20002123490496 15
1683950896171 44.875818880829925 16
1683950896249 44.01315751576667 17
1683950896311 43.02742634019246 18
1683950896374 40.69583310716013 19
1683950896436 37.924395482340344 20
1683950896499 37.18174012042608 21
1683950896561 38.696951570843986 22
1683950896624 39.866022267960126 23
1683950896686 39.609612772439505 24
1683950896749 39.75803658207019 25
1683950896811 40.76055168868953 26
1683950896890 41.78539644453102 27
1683950896952 43.10367970047993 28
1683950897015 45.99018679458824 29
1683950897077 48.84238975378969 30
1683950897140 48.19436638832825 31
1683950897202 44.44194599426332 32
1683950897265 42.22143231836948 33
1683950897327 43.8914180334295 34
1683950897390 47.711376610559796 35
1683950897483 50.32682854661006 36
1683950897546 50.65244434792815 37
1683950897608 49.987096657422256 38
1683950897671 47.56594250772201 39
1683950897733 42.35964564620432 40
1683950897811 38.29909699702402 41
1683950897874 38.29271726471317 42
1683950897936 41.77699892979386 43
1683950897999 46.014242513613794 44
1683950898061 48.90115180190203 45
1683950898124 50.501380174457516 46
1683950898186 51.77811614628973 47
1683950898249 52.64232457409145 48
1683950898311 51.50308866603792 49
1683950898374 46.93976349406341 50
1683950898436 41.29769043953401 51
1683950898499 38.13552780547515 52
1683950898561 37.88835223507318 53
1683950898624 38.15427236049221 54
1683950898686 40.01177988891931 55
1683950898749 45.74325848820213 56
1683950898811 50.92816594870082 57
1683950898874 48.89979745282491 58
1683950898936 45.97987552995427 59
1683950898999 45.280006381772765 60
1683950899061 41.74131806170344 61
1683950899124 36.67425876525867 62
1683950899186 35.22765203775263 63
1683950899249 38.35199937312518 64
1683950899311 42.77000632797862 65
1683950899374 45.188910658224856 66
1683950899436 44.9000122426429 67
1683950899499 43.37579740241315 68
1683950899561 40.512300198805654 69
1683950899624 35.71333101619747 70
1683950899686 30.07004951623624 71
1683950899749 26.8251120973625 72
1683950899811 29.193992449717044 73
1683950899874 36.00056806035943 74
1683950899936 42.165625659032074 75
1683950899999 45.17240258990928 76
1683950900061 45.70215072518061 77
1683950900140 44.68280253582584 78
1683950900202 42.71763211695358 79
1683950900265 40.42307531750887 80
1683950900327 38.1317786260164 81
1683950900390 36.17511686511597 82
1683950900452 34.545254932387564 83
1683950900515 32.39051458895758 84
1683950900593 29.264090030698398 85
1683950900655 27.336423980682973 86
1683950900718 28.420870389714317 87
1683950900780 30.238698437567756 88
1683950900843 29.831717702092483 89
1683950900905 27.13351517646025 90
1683950900952 24.26981795968871 91
1683950901046 23.55097763912201 92
1683950901108 26.139153590963943 93
1683950901186 30.592523984181796 94
1683950901265 33.29438385310385 95
1683950901327 32.18853402532944 96
1683950901405 29.02830841099079 97
1683950901483 26.648329149251346 98
1683950901546 25.2691262492258 99
1683950901624 25.207295279882835 100
1683950901702 27.388982389741408 101
1683950901780 29.70029148639547 102
1683950901843 30.13364504104232 103
1683950901921 28.896277056741802 104
1683950901983 27.49062447001767 105
1683950902061 27.048184439997804 106
1683950902124 28.10924698987138 107
1683950902202 30.560463559949866 108
1683950902265 33.73997261021131 109
1683950902343 36.10191197642244 110
1683950902405 36.512946506862995 111
1683950902468 35.70021058052131 112
1683950902530 34.23352847395151 113
1683950902608 32.76097641313149 114
1683950902671 32.23385787368357 115
1683950902733 32.56848613597086 116
1683950902796 33.19365348606746 117
1683950902858 34.96066520339654 118
1683950902921 37.8500216451421 119
1683950902983 40.70258248304678 120
1683950903046 42.99784304983099 121
1683950903108 45.51160076312114 122
1683950903171 49.94991930634655 123
1683950903233 57.116084120603716 124
1683950903296 65.52479335583111 125
1683950903358 70.65479039547446 126
1683950903421 70.61219240398395 127
1683950903483 66.02348032988927 128
1683950903546 58.96412776686033 129
1683950903608 53.54008480768862 130
1683950903671 52.27333321675182 131
1683950903733 53.91982727895733 132
1683950903796 56.15179600825304 133
1683950903858 58.292656100959704 134
1683950903921 60.90599011239948 135
1683950903983 63.38911240486575 136
1683950904046 64.20952805599903 137
1683950904108 62.90546395580024 138
1683950904171 59.81120214745469 139
1683950904233 55.96443403801232 140
1683950904296 53.117088894354666 141
1683950904358 52.85609386009485 142
1683950904421 55.36598543484408 143
1683950904483 60.039228545226166 144
1683950904561 63.684010832269344 145
1683950904624 64.54917572295874 146
1683950904686 64.14047375840886 147
1683950904749 63.42436180117895 148
1683950904811 62.78368963941248 149
1683950904874 62.67118454416112 150
1683950904936 63.80942748864472 151
1683950904999 65.37942085658491 152
1683950905077 65.56584182604064 153
1683950905139 63.18232351918269 154
1683950905202 61.32500918980451 155
1683950905264 62.55582786748202 156
1683950905327 63.83649360794236 157
1683950905389 62.28580526816586 158
1683950905452 58.92854556575058 159
1683950905514 55.46593644791062 160
1683950905593 52.37642096307446 161
1683950905655 50.35833962439985 162
1683950905718 50.41836626610824 163
1683950905780 52.14987142211578 164
1683950905843 55.863753570992586 165
1683950905905 61.92328190296407 166
1683950905968 68.21076218842758 167
1683950906030 71.43282173654488 168
1683950906093 73.07480815002725 169
1683950906155 72.73216944138805 170
1683950906218 67.28958354239694 171
1683950906264 61.77324491141553 172
1683950906327 61.43945211294782 173
1683950906389 64.07526284529081 174
1683950906452 65.12133283319557 175
1683950906530 64.90550926184146 176
1683950906593 64.38959410414384 177
1683950906655 63.54408909712839 178
1683950906718 62.618739325702336 179
1683950906780 62.524950090467584 180
1683950906843 62.23090484100822 181
1683950906921 60.817792511485905 182
1683950906983 61.67824608079813 183
1683950907030 67.29313998933478 184
1683950907108 76.4088172170728 185
1683950907171 82.51716954836976 186
1683950907218 80.60730915757192 187
1683950907280 76.20442494619991 188
1683950907343 70.06044349671869 189
1683950907405 64.0846016600349 190
1683950907468 65.5908740959104 191
1683950907530 73.44736496615681 192
1683950907593 78.72197937415342 193
1683950907655 77.74031317451598 194
1683950907718 73.45674958841686 195
1683950907780 67.43379845442045 196
1683950907843 60.9242477932042 197
1683950907905 55.7271106797575 198
1683950907968 53.5012473025199 199
1683950908030 54.17433973761649 200
1683950908093 56.30904897361668 201
1683950908155 57.370458660175366 202
1683950908218 55.976299847123144 203
1683950908280 54.15582538502858 204
1683950908343 54.58980361334848 205
1683950908405 58.49248210362518 206
1683950908468 64.14102529122039 207
1683950908530 69.74014229685757 208
1683950908593 74.48374539124077 209
1683950908843 76.00772644269485 210
1683950908952 74.19284300421508 211
1683950909046 70.54009539093207 212
1683950909124 67.71287758541489 213
1683950909202 68.81432740629327 214
1683950909264 74.34262987544608 215
1683950909327 80.80897984603304 216
1683950909389 83.55439434860534 217
1683950909452 81.14676125306397 218
1683950909514 76.16238004651336 219
1683950909577 72.22068485638074 220
1683950909639 72.72744937497615 221
1683950909702 77.67860365813146 222
1683950909765 82.61550650687235 223
1683950909827 83.80327656942067 224
1683950909889 81.7372373947563 225
1683950909952 79.53170897374171 226
1683950910124 78.24611468965304 227
1683950910280 75.94511229869323 228
1683950910343 73.28228029606328 229
1683950910405 73.04232701650253 230
1683950910468 75.91890967500493 231
1683950910530 80.30931199690417 232
1683950910593 84.26108530524563 233
1683950910655 86.96448775862108 234
1683950910733 87.83361202305335 235
1683950910796 86.11727017093233 236
1683950910858 82.04645361427336 237
1683950910921 77.31134578757434 238
1683950910983 73.61122471089269 239
1683950911046 71.60185350235574 240
1683950911108 70.6659405028511 241
1683950911171 70.07100891326826 242
1683950911233 70.76282636133075 243
1683950911296 72.68831099116142 244
1683950911358 74.16039033554597 245
1683950911421 73.95989538995832 246
1683950911483 72.71657399322632 247
1683950911546 71.29920679571632 248
1683950911608 69.92842683329229 249
1683950911671 68.35280860286316 250
