1683753511458 1.276795 1
1683753511537 1.200227 2
1683753511606 1.2050514 3
1683753511679 1.240148 4
1683753511745 1.2758279 5
1683753511814 1.3010302 6
1683753511881 1.3142498 7
1683753511948 1.3178264 8
1683753512015 1.3149072 9
1683753512080 1.3081691 10
1683753512145 1.2995036 11
1683753512213 1.2900934 12
1683753512284 1.2805943 13
1683753512351 1.2712963 14
1683753512418 1.2622508 15
1683753512482 1.2533756 16
1683753512548 1.2445306 17
1683753512611 1.2355573 18
1683753512677 1.2262969 19
1683753512745 1.216598 20
1683753512810 1.206321 21
1683753512885 1.1953441 22
1683753512958 1.1835686 23
1683753513024 1.1709235 24
1683753513088 1.1573689 25
1683753513154 1.1428988 26
1683753513225 1.1275401 27
1683753513291 1.1113503 28
1683753513356 1.0944135 29
1683753513424 1.0768344 30
1683753513490 1.0587318 31
1683753513556 1.040232 32
1683753513621 1.0214629 33
1683753513689 1.0025487 34
1683753513756 0.9836053 35
1683753513823 0.9647377 36
1683753513887 0.94603825 37
1683753513955 0.92758536 38
1683753514020 0.9094437 39
1683753514086 0.89166474 40
1683753514153 0.8742876 41
1683753514218 0.8573406 42
1683753514284 0.84084237 43
1683753514348 0.8248037 44
1683753514413 0.8092288 45
1683753514479 0.7941166 46
1683753514545 0.77946246 47
1683753514610 0.76525843 48
1683753514676 0.751495 49
1683753514742 0.7381612 50
1683753514807 0.7252456 51
1683753514871 0.7127366 52
1683753514936 0.7006226 53
1683753515007 0.6888925 54
1683753515073 0.6775354 55
1683753515137 0.66654134 56
1683753515203 0.6559006 57
1683753515270 0.6456038 58
1683753515332 0.6356422 59
1683753515396 0.6260074 60
1683753515461 0.61669105 61
1683753515527 0.6076852 62
1683753515590 0.598982 63
1683753515654 0.5905736 64
1683753515721 0.58245224 65
1683753515785 0.5746102 66
1683753515848 0.56703955 67
1683753515911 0.5597328 68
1683753515975 0.55268204 69
1683753516040 0.5458795 70
1683753516105 0.5393175 71
1683753516172 0.532988 72
1683753516236 0.5268831 73
1683753516300 0.52099544 74
1683753516363 0.51531744 75
1683753516425 0.5098418 76
1683753516489 0.5045612 77
1683753516553 0.49946845 78
1683753516618 0.4945566 79
1683753516685 0.4898188 80
1683753516749 0.4852484 81
1683753516816 0.48083878 82
1683753516881 0.47658372 83
1683753516946 0.47247708 84
1683753517012 0.46851283 85
1683753517077 0.46468538 86
1683753517145 0.46098903 87
1683753517211 0.45741853 88
1683753517277 0.45396873 89
1683753517341 0.4506346 90
1683753517405 0.44741148 91
1683753517471 0.4442947 92
1683753517536 0.44127995 93
1683753517608 0.4383629 94
1683753517676 0.4355396 95
1683753517741 0.43280613 96
1683753517805 0.43017688 97
1683753517870 0.42763266 98
1683753517935 0.4251669 99
1683753517999 0.42277566 100
1683753518063 0.4204558 101
1683753518128 0.4182046 102
1683753518195 0.41601938 103
1683753518260 0.4138975 104
1683753518328 0.41183656 105
1683753518396 0.40983406 106
1683753518460 0.4078877 107
1683753518526 0.40599522 108
1683753518593 0.40415448 109
1683753518716 0.40236348 110
1683753518784 0.40062022 111
1683753518851 0.39892286 112
1683753518914 0.3972697 113
1683753518980 0.39565894 114
1683753519047 0.3940891 115
1683753519110 0.39255857 116
1683753519176 0.39106596 117
1683753519244 0.38960984 118
1683753519308 0.3881889 119
1683753519371 0.3868018 120
1683753519435 0.38544744 121
1683753519500 0.38412452 122
1683753519566 0.38283205 123
1683753519630 0.38156885 124
1683753519696 0.38033396 125
1683753519762 0.37912637 126
1683753519825 0.37794513 127
1683753519891 0.3767893 128
1683753519958 0.3756581 129
1683753520023 0.37455058 130
1683753520087 0.37346604 131
1683753520151 0.37240362 132
1683753520217 0.3713627 133
1683753520283 0.37034243 134
1683753520349 0.3693422 135
1683753520412 0.36836138 136
1683753520476 0.3673993 137
1683753520540 0.36645538 138
1683753520604 0.36552897 139
1683753520669 0.36461958 140
1683753520734 0.36372668 141
1683753520798 0.36284965 142
1683753520864 0.36198813 143
1683753520929 0.36114153 144
1683753520992 0.36030945 145
1683753521070 0.3594914 146
1683753521138 0.35868698 147
1683753521205 0.35789582 148
1683753521270 0.3571174 149
1683753521336 0.35635144 150
1683753521402 0.35559756 151
1683753521466 0.35485533 152
1683753521532 0.35412446 153
1683753521595 0.35340464 154
1683753521661 0.3526955 155
1683753521726 0.35199675 156
1683753521853 0.35130808 157
1683753521918 0.35062924 158
1683753521982 0.3499599 159
1683753522046 0.34929985 160
1683753522110 0.3486488 161
1683753522176 0.34800646 162
1683753522241 0.34737268 163
1683753522307 0.34674716 164
1683753522371 0.3461297 165
1683753522436 0.34552 166
1683753522499 0.34491798 167
1683753522565 0.34432334 168
1683753522629 0.34373596 169
1683753522699 0.34315562 170
1683753522766 0.3425821 171
1683753522830 0.34201527 172
1683753522894 0.34145492 173
1683753522961 0.3409009 174
1683753523026 0.34035307 175
1683753523090 0.3398112 176
1683753523156 0.33927524 177
1683753523224 0.338745 178
1683753523288 0.33822033 179
1683753523352 0.33770108 180
1683753523415 0.33718714 181
1683753523481 0.3366784 182
1683753523547 0.3361747 183
1683753523611 0.33567593 184
1683753523677 0.33518195 185
1683753523741 0.33469275 186
1683753523805 0.33420807 187
1683753523870 0.33372793 188
1683753523935 0.33325213 189
1683753524001 0.33278066 190
1683753524068 0.33231336 191
1683753524134 0.33185017 192
1683753524201 0.33139098 193
1683753524268 0.33093572 194
1683753524333 0.33048427 195
1683753524399 0.33003655 196
1683753524464 0.32959253 197
1683753524530 0.3291521 198
1683753524595 0.3287152 199
1683753524662 0.32828173 200
1683753524728 0.32785165 201
1683753524794 0.32742482 202
1683753524858 0.32700127 203
1683753524922 0.32658094 204
1683753524990 0.32616365 205
1683753525056 0.32574943 206
1683753525122 0.32533818 207
1683753525189 0.3249299 208
1683753525252 0.32452446 209
1683753525318 0.32412186 210
1683753525382 0.323722 211
1683753525603 0.32332486 212
1683753525769 0.32293043 213
1683753525840 0.3225386 214
1683753525905 0.3221493 215
1683753525973 0.3217626 216
1683753526037 0.32137835 217
1683753526105 0.32099652 218
1683753526173 0.3206171 219
1683753526240 0.32024002 220
1683753526306 0.3198653 221
1683753526371 0.31949282 222
1683753526437 0.3191226 223
1683753526501 0.31875458 224
1683753526569 0.31838873 225
1683753526634 0.318025 226
1683753526702 0.31766337 227
1683753526765 0.31730384 228
1683753526876 0.31694633 229
1683753526941 0.3165908 230
1683753527005 0.31623727 231
1683753527071 0.3158857 232
1683753527136 0.31553602 233
1683753527204 0.3151883 234
1683753527271 0.31484234 235
1683753527337 0.31449828 236
1683753527439 0.314156 237
1683753527503 0.31381553 238
1683753527568 0.3134768 239
1683753527634 0.31313986 240
1683753527701 0.3128046 241
1683753527768 0.31247106 242
1683753527832 0.31213915 243
1683753527897 0.31180894 244
1683753527960 0.31148034 245
1683753528025 0.31115335 246
1683753528090 0.31082794 247
1683753528160 0.31050408 248
1683753528225 0.31018183 249
1683753528289 0.30986112 250
