1683752307179 1.2255491 1
1683752307257 1.1521403 2
1683752307326 1.1588838 3
1683752307395 1.1945381 4
1683752307461 1.2296205 5
1683752307528 1.253257 6
1683752307593 1.2641556 7
1683752307664 1.2648456 8
1683752307732 1.2586081 9
1683752307795 1.2481966 10
1683752307860 1.2350832 11
1683752307938 1.220907 12
1683752308011 1.2063614 13
1683752308076 1.1917596 14
1683752308142 1.1771989 15
1683752308213 1.1626666 16
1683752308281 1.1480926 17
1683752308351 1.1333783 18
1683752308418 1.1184108 19
1683752308487 1.1030753 20
1683752308553 1.087265 21
1683752308621 1.0708902 22
1683752308693 1.0538867 23
1683752308762 1.0362203 24
1683752308826 1.0178919 25
1683752308894 0.9995625 26
1683752308965 0.980805 27
1683752309031 0.96163166 28
1683752309097 0.9421296 29
1683752309163 0.92241263 30
1683752309229 0.9026059 31
1683752309297 0.8828379 32
1683752309361 0.86323327 33
1683752309428 0.84390885 34
1683752309495 0.8249692 35
1683752309562 0.80650467 36
1683752309628 0.7885898 37
1683752309698 0.7712835 38
1683752309765 0.75462914 39
1683752309833 0.73865604 40
1683752309898 0.72338057 41
1683752309963 0.70880795 42
1683752310029 0.6949339 43
1683752310095 0.68174624 44
1683752310163 0.66922665 45
1683752310228 0.65735185 46
1683752310294 0.64609516 47
1683752310362 0.63542724 48
1683752310429 0.6253176 49
1683752310495 0.61573476 50
1683752310562 0.60664743 51
1683752310628 0.5980247 52
1683752310695 0.5898366 53
1683752310761 0.5820543 54
1683752310826 0.5746503 55
1683752310892 0.5675987 56
1683752310957 0.5608752 57
1683752311023 0.554457 58
1683752311088 0.54832315 59
1683752311153 0.54245424 60
1683752311220 0.53683203 61
1683752311287 0.53144026 62
1683752311353 0.5262637 63
1683752311418 0.52128863 64
1683752311483 0.51650226 65
1683752311550 0.51189303 66
1683752311615 0.50745046 67
1683752311683 0.50316495 68
1683752311750 0.4990276 69
1683752311817 0.4950304 70
1683752311883 0.4911661 71
1683752311951 0.48742783 72
1683752312019 0.48380944 73
1683752312084 0.4803052 74
1683752312153 0.47690994 75
1683752312220 0.4736187 76
1683752312286 0.47042698 77
1683752312353 0.46733063 78
1683752312419 0.46432576 79
1683752312486 0.4614086 80
1683752312553 0.4585758 81
1683752312621 0.4558241 82
1683752312690 0.4531504 83
1683752312755 0.45055187 84
1683752312819 0.4480257 85
1683752312887 0.44556934 86
1683752312955 0.44318026 87
1683752313023 0.44085598 88
1683752313093 0.43859416 89
1683752313162 0.4363927 90
1683752313236 0.43424946 91
1683752313303 0.43216243 92
1683752313369 0.4301298 93
1683752313434 0.42814964 94
1683752313502 0.42622018 95
1683752313568 0.42433968 96
1683752313635 0.42250648 97
1683752313704 0.42071903 98
1683752313771 0.4189757 99
1683752313836 0.41728038 100
1683752313901 0.41562715 101
1683752313966 0.41401356 102
1683752314033 0.41243815 103
1683752314097 0.41089964 104
1683752314165 0.4093968 105
1683752314238 0.4079284 106
1683752314306 0.40649348 107
1683752314372 0.40509084 108
1683752314438 0.40371937 109
1683752314505 0.40237808 110
1683752314573 0.40106606 111
1683752314639 0.3997822 112
1683752314709 0.3985257 113
1683752314777 0.3972956 114
1683752314843 0.3960911 115
1683752314912 0.39491138 116
1683752314982 0.3937556 117
1683752315048 0.39262307 118
1683752315116 0.39151296 119
1683752315183 0.39042473 120
1683752315250 0.3893576 121
1683752315318 0.38831094 122
1683752315383 0.3872842 123
1683752315450 0.3862767 124
1683752315516 0.38528788 125
1683752315583 0.38431722 126
1683752315649 0.38336414 127
1683752315718 0.38242817 128
1683752315785 0.38150883 129
1683752315852 0.38060558 130
1683752315917 0.37971798 131
1683752315983 0.37884557 132
1683752316059 0.37798798 133
1683752316132 0.37714472 134
1683752316201 0.37631547 135
1683752316267 0.37549973 136
1683752316332 0.37469727 137
1683752316397 0.37390763 138
1683752316462 0.3731305 139
1683752316527 0.3723655 140
1683752316593 0.37161234 141
1683752316659 0.37087077 142
1683752316730 0.3701403 143
1683752316796 0.36942086 144
1683752316867 0.368712 145
1683752316931 0.36801356 146
1683752316996 0.36732522 147
1683752317062 0.3666467 148
1683752317128 0.36597773 149
1683752317197 0.36531815 150
1683752317261 0.36466768 151
1683752317331 0.36402613 152
1683752317398 0.36339322 153
1683752317465 0.36276874 154
1683752317531 0.36215252 155
1683752317597 0.36154434 156
1683752317662 0.36094406 157
1683752317731 0.36035144 158
1683752317796 0.35976624 159
1683752317861 0.35918838 160
1683752317926 0.35861766 161
1683752317995 0.35805392 162
1683752318062 0.35749692 163
1683752318126 0.35694662 164
1683752318194 0.35640275 165
1683752318264 0.3558653 166
1683752318330 0.35533395 167
1683752318396 0.35480875 168
1683752318460 0.3542894 169
1683752318525 0.35377592 170
1683752318594 0.35326803 171
1683752318661 0.35276568 172
1683752318729 0.35226876 173
1683752318799 0.35177714 174
1683752318880 0.35129064 175
1683752318946 0.35080925 176
1683752319014 0.35033283 177
1683752319080 0.34986123 178
1683752319145 0.3493944 179
1683752319214 0.3489322 180
1683752319281 0.34847456 181
1683752319348 0.3480214 182
1683752319413 0.3475726 183
1683752319478 0.34712803 184
1683752319543 0.34668773 185
1683752319610 0.34625146 186
1683752319676 0.34581923 187
1683752319744 0.34539092 188
1683752319811 0.3449665 189
1683752319879 0.34454584 190
1683752319945 0.3441289 191
1683752320011 0.3437156 192
1683752320078 0.34330583 193
1683752320144 0.3428996 194
1683752320212 0.34249678 195
1683752320277 0.34209728 196
1683752320343 0.34170115 197
1683752320410 0.34130824 198
1683752320474 0.34091848 199
1683752320539 0.34053183 200
1683752320606 0.34014824 201
1683752320676 0.33976766 202
1683752320745 0.33939004 203
1683752320812 0.3390153 204
1683752320880 0.33864337 205
1683752320946 0.33827427 206
1683752321012 0.33790788 207
1683752321078 0.3375442 208
1683752321144 0.33718312 209
1683752321211 0.3368247 210
1683752321279 0.3364688 211
1683752321345 0.3361154 212
1683752321415 0.33576447 213
1683752321484 0.33541593 214
1683752321548 0.33506978 215
1683752321614 0.33472604 216
1683752321682 0.3343845 217
1683752321748 0.3340453 218
1683752321816 0.3337083 219
1683752321882 0.33337343 220
1683752321949 0.33304077 221
1683752322017 0.3327102 222
1683752322086 0.33238176 223
1683752322153 0.33205533 224
1683752322221 0.3317309 225
1683752322289 0.33140847 226
1683752322356 0.331088 227
1683752322425 0.33076942 228
1683752322492 0.33045262 229
1683752322561 0.33013773 230
1683752322629 0.3298247 231
1683752322697 0.32951337 232
1683752322764 0.32920384 233
1683752322830 0.32889596 234
1683752322898 0.32858983 235
1683752322969 0.32828534 236
1683752323051 0.32798254 237
1683752323116 0.32768133 238
1683752323184 0.3273817 239
1683752323259 0.32708368 240
1683752323326 0.32678723 241
1683752323392 0.32649225 242
1683752323459 0.32619876 243
1683752323525 0.32590678 244
1683752323596 0.32561624 245
1683752323664 0.32532716 246
1683752323730 0.3250395 247
1683752323796 0.32475325 248
1683752323863 0.3244684 249
1683752323931 0.32418495 250
