1683753433104 1.2670691 1
1683753433177 1.213139 2
1683753433247 1.2396289 3
1683753433315 1.2953985 4
1683753433382 1.3511214 5
1683753433448 1.3958175 6
1683753433513 1.4279957 7
1683753433579 1.4500482 8
1683753433645 1.465206 9
1683753433712 1.4762416 10
1683753433778 1.4851409 11
1683753433845 1.4931784 12
1683753433915 1.5011016 13
1683753433981 1.5093062 14
1683753434047 1.5179635 15
1683753434114 1.5271044 16
1683753434201 1.5366715 17
1683753434266 1.5465488 18
1683753434332 1.5565861 19
1683753434402 1.5666077 20
1683753434469 1.576428 21
1683753434534 1.5858655 22
1683753434599 1.5947542 23
1683753434668 1.6029549 24
1683753434733 1.610361 25
1683753434800 1.6169055 26
1683753434869 1.6225611 27
1683753434937 1.6273394 28
1683753435004 1.6312871 29
1683753435070 1.634481 30
1683753435136 1.6370206 31
1683753435205 1.6390216 32
1683753435271 1.6406093 33
1683753435338 1.641912 34
1683753435405 1.6430557 35
1683753435473 1.6441611 36
1683753435540 1.6453383 37
1683753435605 1.646687 38
1683753435672 1.6482937 39
1683753435737 1.650232 40
1683753435802 1.6525621 41
1683753435868 1.6553323 42
1683753435935 1.6585789 43
1683753436000 1.6623281 44
1683753436067 1.6665964 45
1683753436133 1.6713929 46
1683753436202 1.6767192 47
1683753436268 1.6825716 48
1683753436333 1.6889418 49
1683753436396 1.6958178 50
1683753436461 1.7031846 51
1683753436526 1.7110256 52
1683753436592 1.7193224 53
1683753436657 1.7280563 54
1683753436729 1.7372081 55
1683753436794 1.7467587 56
1683753436860 1.7566893 57
1683753436926 1.7669816 58
1683753436990 1.7776184 59
1683753437055 1.7885832 60
1683753437122 1.7998608 61
1683753437189 1.8114369 62
1683753437253 1.8232981 63
1683753437317 1.8354325 64
1683753437381 1.8478292 65
1683753437447 1.8604782 66
1683753437511 1.8733702 67
1683753437577 1.8864976 68
1683753437642 1.8998531 69
1683753437711 1.9134303 70
1683753437776 1.9272239 71
1683753437841 1.9412286 72
1683753437908 1.9554405 73
1683753437973 1.9698555 74
1683753438038 1.9844708 75
1683753438102 1.9992834 76
1683753438171 2.0142913 77
1683753438239 2.0294917 78
1683753438306 2.0448835 79
1683753438372 2.0604653 80
1683753438439 2.0762353 81
1683753438504 2.092193 82
1683753438569 2.108337 83
1683753438636 2.1246667 84
1683753438704 2.1411815 85
1683753438769 2.1578803 86
1683753438835 2.174763 87
1683753438919 2.1918287 88
1683753439000 2.2090771 89
1683753439077 2.2265077 90
1683753439156 2.2441196 91
1683753439236 2.2619128 92
1683753439314 2.2798867 93
1683753439402 2.2980409 94
1683753439491 2.3163745 95
1683753439568 2.3348873 96
1683753439646 2.35358 97
1683753439721 2.3724523 98
1683753439786 2.3915043 99
1683753439855 2.410735 100
1683753439930 2.4301438 101
1683753439995 2.4497304 102
1683753440063 2.4694939 103
1683753440137 2.4894338 104
1683753440206 2.5095496 105
1683753440273 2.5298405 106
1683753440346 2.5503063 107
1683753440417 2.5709457 108
1683753440485 2.5917587 109
1683753440551 2.612744 110
1683753440620 2.6339016 111
1683753440690 2.6552305 112
1683753440759 2.6767302 113
1683753440828 2.6983995 114
1683753440897 2.7202384 115
1683753441030 2.7422464 116
1683753441106 2.7644222 117
1683753441178 2.7867656 118
1683753441249 2.8092756 119
1683753441321 2.831952 120
1683753441391 2.8547943 121
1683753441456 2.877802 122
1683753441521 2.9009733 123
1683753441585 2.9243093 124
1683753441654 2.9478087 125
1683753441720 2.9714706 126
1683753441786 2.9952953 127
1683753441852 3.0192814 128
1683753441917 3.0434296 129
1683753441981 3.067738 130
1683753442045 3.0922074 131
1683753442109 3.1168365 132
1683753442177 3.141625 133
1683753442242 3.1665728 134
1683753442307 3.1916788 135
1683753442374 3.2169435 136
1683753442441 3.2423656 137
1683753442505 3.2679453 138
1683753442569 3.293682 139
1683753442633 3.3195755 140
1683753442700 3.3456254 141
1683753442764 3.3718307 142
1683753442829 3.3981917 143
1683753442893 3.4247081 144
1683753442960 3.4513793 145
1683753443024 3.4782052 146
1683753443090 3.505185 147
1683753443157 3.5323186 148
1683753443224 3.559606 149
1683753443289 3.5870469 150
1683753443354 3.6146407 151
1683753443417 3.642387 152
1683753443485 3.6702857 153
1683753443549 3.6983366 154
1683753443615 3.7265394 155
1683753443693 3.7548938 156
1683753443760 3.7833996 157
1683753443825 3.8120563 158
1683753443891 3.8408642 159
1683753443956 3.8698223 160
1683753444022 3.898931 161
1683753444087 3.9281898 162
1683753444151 3.9575987 163
1683753444216 3.9871569 164
1683753444280 4.016865 165
1683753444343 4.0467215 166
1683753444405 4.076728 167
1683753444469 4.1068826 168
1683753444534 4.137186 169
1683753444602 4.1676383 170
1683753444668 4.1982384 171
1683753444732 4.2289867 172
1683753444797 4.259883 173
1683753444863 4.2909265 174
1683753444929 4.322118 175
1683753444993 4.353456 176
1683753445059 4.384942 177
1683753445123 4.4165745 178
1683753445190 4.448354 179
1683753445254 4.48028 180
1683753445317 4.512352 181
1683753445380 4.544571 182
1683753445443 4.5769353 183
1683753445509 4.6094465 184
1683753445576 4.6421027 185
1683753445639 4.6749053 186
1683753445705 4.707853 187
1683753445768 4.740946 188
1683753445832 4.774184 189
1683753445896 4.8075676 190
1683753445960 4.841096 191
1683753446024 4.8747687 192
1683753446091 4.9085865 193
1683753446157 4.9425483 194
1683753446226 4.976655 195
1683753446292 5.0109053 196
1683753446356 5.0453005 197
1683753446648 5.0798388 198
1683753446830 5.114522 199
1683753446903 5.149348 200
1683753446971 5.1843176 201
1683753447036 5.2194304 202
1683753447101 5.2546873 203
1683753447166 5.2900867 204
1683753447233 5.325629 205
1683753447299 5.3613153 206
1683753447363 5.3971434 207
1683753447428 5.4331145 208
1683753447494 5.469228 209
1683753447559 5.5054846 210
1683753447624 5.541882 211
1683753447691 5.5784225 212
1683753447791 5.615105 213
1683753447949 5.65193 214
1683753448045 5.688896 215
1683753448127 5.7260036 216
1683753448197 5.7632527 217
1683753448264 5.8006434 218
1683753448329 5.838176 219
1683753448395 5.875849 220
1683753448460 5.9136634 221
1683753448525 5.951619 222
1683753448590 5.9897156 223
1683753448657 6.0279517 224
1683753448722 6.066329 225
1683753448789 6.104847 226
1683753448857 6.143505 227
1683753448921 6.1823034 228
1683753448985 6.2212415 229
1683753449050 6.26032 230
1683753449118 6.2995386 231
1683753449186 6.3388968 232
1683753449250 6.378394 233
1683753449317 6.4180317 234
1683753449382 6.457808 235
1683753449447 6.4977226 236
1683753449513 6.537778 237
1683753449577 6.5779724 238
1683753449641 6.6183047 239
1683753449708 6.6587763 240
1683753449774 6.6993856 241
1683753449843 6.740134 242
1683753449907 6.7810206 243
1683753449970 6.8220453 244
1683753450034 6.8632083 245
1683753450096 6.904509 246
1683753450162 6.9459476 247
1683753450226 6.9875245 248
1683753450291 7.0292387 249
1683753450357 7.0710897 250
