1683752563253 1.1719155 1
1683752563340 1.0216035 2
1683752563411 0.97009337 3
1683752563484 0.9596395 4
1683752563554 0.95456874 5
1683752563626 0.9414994 6
1683752563701 0.9183395 7
1683752563769 0.8873205 8
1683752563839 0.8515581 9
1683752563906 0.8136989 10
1683752563974 0.775623 11
1683752564042 0.73855376 12
1683752564116 0.7032651 13
1683752564188 0.67026365 14
1683752564259 0.6398872 15
1683752564331 0.6123212 16
1683752564404 0.58758855 17
1683752564471 0.56557 18
1683752564541 0.5460532 19
1683752564609 0.52878475 20
1683752564682 0.5135068 21
1683752564749 0.4999775 22
1683752564816 0.48798025 23
1683752564885 0.4773268 24
1683752564952 0.4678567 25
1683752565019 0.45943466 26
1683752565093 0.45194674 27
1683752565164 0.44529665 28
1683752565235 0.43940234 29
1683752565300 0.43419233 30
1683752565370 0.4296035 31
1683752565439 0.4255788 32
1683752565506 0.42206615 33
1683752565576 0.41901702 34
1683752565645 0.41638625 35
1683752565717 0.41413158 36
1683752565788 0.41221356 37
1683752565858 0.4105955 38
1683752565924 0.40924358 39
1683752565991 0.40812698 40
1683752566059 0.40721762 41
1683752566127 0.4064904 42
1683752566197 0.40592298 43
1683752566264 0.40549582 44
1683752566332 0.40519178 45
1683752566400 0.40499622 46
1683752566466 0.40489644 47
1683752566534 0.4048819 48
1683752566604 0.40494353 49
1683752566676 0.40507394 50
1683752566745 0.40526688 51
1683752566815 0.40551722 52
1683752566882 0.4058208 53
1683752566951 0.40617415 54
1683752567019 0.40657452 55
1683752567088 0.40701956 56
1683752567156 0.4075075 57
1683752567223 0.4080367 58
1683752567292 0.408606 59
1683752567361 0.4092143 60
1683752567430 0.40986067 61
1683752567497 0.41054437 62
1683752567566 0.41126472 63
1683752567634 0.4120211 64
1683752567704 0.412813 65
1683752567771 0.41363975 66
1683752567837 0.4131275 67
1683752567908 0.4117478 68
1683752567973 0.41040725 69
1683752568043 0.4088037 70
1683752568109 0.40695733 71
1683752568181 0.40496194 72
1683752568248 0.40290317 73
1683752568317 0.4008395 74
1683752568397 0.39880273 75
1683752568466 0.39680696 76
1683752568531 0.39485666 77
1683752568601 0.3929521 78
1683752568672 0.39109257 79
1683752568740 0.3892775 80
1683752568809 0.38750687 81
1683752568876 0.38578123 82
1683752568943 0.38410112 83
1683752569011 0.38246688 84
1683752569077 0.38087863 85
1683752569146 0.37933588 86
1683752569217 0.37783787 87
1683752569285 0.37638342 88
1683752569352 0.3749711 89
1683752569418 0.3735992 90
1683752569485 0.372266 91
1683752569551 0.3709698 92
1683752569619 0.36970878 93
1683752569689 0.36848128 94
1683752569754 0.3672857 95
1683752569822 0.36612052 96
1683752569889 0.36498442 97
1683752569955 0.3638761 98
1683752570024 0.3627944 99
1683752570091 0.36173826 100
1683752570162 0.36070672 101
1683752570232 0.35969877 102
1683752570299 0.3587136 103
1683752570368 0.35775042 104
1683752570437 0.3568084 105
1683752570502 0.35588697 106
1683752570575 0.35498533 107
1683752570643 0.35410288 108
1683752570713 0.353239 109
1683752570781 0.3523931 110
1683752570846 0.3515646 111
1683752570913 0.35075295 112
1683752570980 0.3499577 113
1683752571049 0.34917825 114
1683752571116 0.34841418 115
1683752571185 0.347665 116
1683752571252 0.3469303 117
1683752571320 0.34620968 118
1683752571413 0.34550273 119
1683752571479 0.344809 120
1683752571545 0.3441282 121
1683752571614 0.34345993 122
1683752571682 0.3428039 123
1683752571751 0.34215975 124
1683752571819 0.3415272 125
1683752571886 0.340906 126
1683752571954 0.34029573 127
1683752572021 0.3396963 128
1683752572089 0.33910728 129
1683752572163 0.3385285 130
1683752572230 0.33795974 131
1683752572296 0.33740073 132
1683752572363 0.33685127 133
1683752572432 0.3363111 134
1683752572503 0.33578008 135
1683752572570 0.33525795 136
1683752572639 0.3347445 137
1683752572710 0.33423966 138
1683752572778 0.33374313 139
1683752572846 0.33325478 140
1683752572914 0.33277443 141
1683752572983 0.3323019 142
1683752573051 0.33183712 143
1683752573117 0.3313798 144
1683752573190 0.33092988 145
1683752573259 0.33048722 146
1683752573325 0.33005166 147
1683752573392 0.32962304 148
1683752573460 0.32920128 149
1683752573529 0.32878622 150
1683752573604 0.32837778 151
1683752573677 0.32797578 152
1683752573746 0.32758015 153
1683752573815 0.32719076 154
1683752573882 0.3268075 155
1683752573948 0.3264303 156
1683752574014 0.326059 157
1683752574081 0.3256936 158
1683752574151 0.3253339 159
1683752574221 0.32497984 160
1683752574289 0.32463133 161
1683752574357 0.32428834 162
1683752574425 0.3239507 163
1683752574492 0.32361838 164
1683752574560 0.3232913 165
1683752574627 0.32296935 166
1683752574697 0.32265246 167
1683752574766 0.3223406 168
1683752574832 0.32203364 169
1683752574901 0.32173154 170
1683752574969 0.32143426 171
1683752575038 0.32114166 172
1683752575107 0.32085377 173
1683752575177 0.32057044 174
1683752575248 0.32029167 175
1683752575317 0.32001737 176
1683752575386 0.31974748 177
1683752575458 0.31948197 178
1683752575526 0.31922072 179
1683752575597 0.31896377 180
1683752575668 0.31871104 181
1683752575737 0.3184624 182
1683752575811 0.31821787 183
1683752575885 0.31797743 184
1683752575959 0.31774098 185
1683752576030 0.31750846 186
1683752576100 0.31727988 187
1683752576174 0.31705517 188
1683752576248 0.31683424 189
1683752576317 0.31661713 190
1683752576392 0.31640375 191
1683752576472 0.31619406 192
1683752576547 0.315988 193
1683752576618 0.3157856 194
1683752576692 0.31558675 195
1683752576760 0.31539148 196
1683752576828 0.31519967 197
1683752576896 0.31501138 198
1683752576964 0.3148265 199
1683752577032 0.314645 200
1683752577101 0.31446686 201
1683752577172 0.31429207 202
1683752577240 0.31412056 203
1683752577306 0.31395233 204
1683752577374 0.31378734 205
1683752577446 0.31362557 206
1683752577514 0.3134669 207
1683752577583 0.31331143 208
1683752577651 0.31315905 209
1683752577723 0.31300974 210
1683752577793 0.31286353 211
1683752577860 0.3127203 212
1683752577932 0.31258005 213
1683752578000 0.3124428 214
1683752578068 0.3123085 215
1683752578137 0.31217706 216
1683752578213 0.31204855 217
1683752578282 0.31192288 218
1683752578350 0.3118001 219
1683752578418 0.31168005 220
1683752578488 0.31156284 221
1683752578558 0.31144837 222
1683752578628 0.3113366 223
1683752578699 0.3112276 224
1683752578769 0.31112126 225
1683752578838 0.31101754 226
1683752578904 0.3109165 227
1683752578973 0.31081808 228
1683752579045 0.31072223 229
1683752579112 0.31062895 230
1683752579182 0.31053826 231
1683752579250 0.31045008 232
1683752579321 0.3103644 233
1683752579389 0.31028116 234
1683752579457 0.31020042 235
1683752579526 0.31012213 236
1683752579595 0.31004623 237
1683752579662 0.3099727 238
1683752579731 0.3099016 239
1683752579798 0.30983284 240
1683752579866 0.30976635 241
1683752579934 0.30970228 242
1683752580001 0.30964044 243
1683752580072 0.30958086 244
1683752580141 0.30952358 245
1683752580213 0.30937135 246
1683752580282 0.30882776 247
1683752580350 0.3084216 248
1683752580418 0.30795163 249
1683752580485 0.3074847 250
