1683751244401 1.2102706 1
1683751244492 1.1596122 2
1683751244561 1.1858144 3
1683751244630 1.2402775 4
1683751244701 1.2950867 5
1683751244768 1.339699 6
1683751244836 1.3726336 7
1683751244903 1.3961577 8
1683751244971 1.413367 9
1683751245041 1.4269283 10
1683751245107 1.4387585 11
1683751245175 1.4500903 12
1683751245243 1.4616469 13
1683751245310 1.4738082 14
1683751245377 1.4867313 15
1683751245446 1.5004336 16
1683751245516 1.5148408 17
1683751245582 1.5298194 18
1683751245649 1.5451953 19
1683751245716 1.5607709 20
1683751245784 1.576337 21
1683751245852 1.5916874 22
1683751245919 1.6066303 23
1683751245984 1.6209981 24
1683751246051 1.6346569 25
1683751246119 1.6475105 26
1683751246189 1.6595033 27
1683751246256 1.6706207 28
1683751246323 1.6808841 29
1683751246391 1.6903474 30
1683751246457 1.6990905 31
1683751246523 1.7072123 32
1683751246592 1.7148242 33
1683751246659 1.7220438 34
1683751246729 1.7289896 35
1683751246795 1.7357762 36
1683751246860 1.7425115 37
1683751246925 1.7492933 38
1683751246990 1.7562088 39
1683751247055 1.7633331 40
1683751247125 1.7707291 41
1683751247195 1.7784481 42
1683751247261 1.7865304 43
1683751247326 1.795006 44
1683751247394 1.8038961 45
1683751247461 1.8132133 46
1683751247525 1.822964 47
1683751247590 1.833148 48
1683751247658 1.8437608 49
1683751247726 1.8547945 50
1683751247795 1.8662374 51
1683751247860 1.8780761 52
1683751247925 1.8902957 53
1683751247989 1.9028801 54
1683751248053 1.9158127 55
1683751248117 1.929077 56
1683751248187 1.9426568 57
1683751248252 1.9565359 58
1683751248316 1.9706995 59
1683751248380 1.9851329 60
1683751248444 1.9998233 61
1683751248509 2.0147576 62
1683751248574 2.0299253 63
1683751248638 2.0453155 64
1683751248706 2.0609186 65
1683751248773 2.076727 66
1683751248838 2.092733 67
1683751248909 2.10893 68
1683751248979 2.1253123 69
1683751249046 2.1418753 70
1683751249112 2.1586146 71
1683751249178 2.1755269 72
1683751249245 2.1926088 73
1683751249311 2.2098582 74
1683751249376 2.227273 75
1683751249442 2.2448516 76
1683751249509 2.2625923 77
1683751249576 2.2804945 78
1683751249640 2.298557 79
1683751249708 2.3167799 80
1683751249776 2.3351626 81
1683751249841 2.353705 82
1683751249908 2.372407 83
1683751249974 2.3912687 84
1683751250040 2.41029 85
1683751250106 2.4294717 86
1683751250175 2.4488134 87
1683751250242 2.4683156 88
1683751250323 2.4879785 89
1683751250395 2.5078022 90
1683751250462 2.5277867 91
1683751250548 2.5479326 92
1683751250616 2.5682397 93
1683751250684 2.588708 94
1683751250749 2.6093378 95
1683751250816 2.630129 96
1683751250882 2.651082 97
1683751250944 2.6721961 98
1683751251008 2.693472 99
1683751251073 2.7149088 100
1683751251138 2.736507 101
1683751251207 2.758266 102
1683751251273 2.7801857 103
1683751251340 2.8022661 104
1683751251405 2.824507 105
1683751251469 2.8469079 106
1683751251533 2.8694687 107
1683751251599 2.892189 108
1683751251668 2.9150686 109
1683751251735 2.9381073 110
1683751251804 2.9613047 111
1683751251874 2.9846601 112
1683751251939 3.0081742 113
1683751252004 3.0318456 114
1683751252069 3.0556743 115
1683751252132 3.0796602 116
1683751252199 3.1038027 117
1683751252265 3.1281018 118
1683751252332 3.152557 119
1683751252395 3.1771674 120
1683751252461 3.2019339 121
1683751252526 3.226855 122
1683751252590 3.2519312 123
1683751252658 3.2771616 124
1683751252725 3.302546 125
1683751252790 3.3280845 126
1683751252855 3.3537762 127
1683751252920 3.3796215 128
1683751252987 3.4056196 129
1683751253052 3.4317703 130
1683751253116 3.4580731 131
1683751253182 3.484528 132
1683751253248 3.511135 133
1683751253314 3.537893 134
1683751253383 3.5648026 135
1683751253448 3.591863 136
1683751253516 3.6190736 137
1683751253582 3.6464353 138
1683751253648 3.6739464 139
1683751253716 3.7016077 140
1683751253780 3.7294188 141
1683751253846 3.757379 142
1683751253910 3.7854886 143
1683751253975 3.813747 144
1683751254042 3.842154 145
1683751254107 3.8707094 146
1683751254172 3.8994129 147
1683751254240 3.9282644 148
1683751254307 3.957264 149
1683751254372 3.9864104 150
1683751254436 4.0157046 151
1683751254502 4.0451455 152
1683751254714 4.0747337 153
1683751254851 4.104468 154
1683751254921 4.134349 155
1683751254987 4.1643763 156
1683751255052 4.194549 157
1683751255117 4.2248683 158
1683751255183 4.255333 159
1683751255250 4.285943 160
1683751255317 4.316698 161
1683751255383 4.3475986 162
1683751255449 4.378643 163
1683751255513 4.409833 164
1683751255581 4.441167 165
1683751255646 4.4726458 166
1683751255713 4.504268 167
1683751255779 4.5360346 168
1683751255847 4.5679445 169
1683751255913 4.5999985 170
1683751255980 4.6321955 171
1683751256045 4.664536 172
1683751256111 4.6970196 173
1683751256180 4.7296457 174
1683751256245 4.7624145 175
1683751256313 4.795326 176
1683751256381 4.82838 177
1683751256447 4.861576 178
1683751256512 4.8949146 179
1683751256577 4.9283943 180
1683751256646 4.9620166 181
1683751256715 4.99578 182
1683751256781 5.029685 183
1683751256847 5.0637317 184
1683751256912 5.097919 185
1683751256978 5.132247 186
1683751257043 5.1667166 187
1683751257108 5.2013273 188
1683751257173 5.236078 189
1683751257241 5.270969 190
1683751257310 5.306 191
1683751257375 5.341172 192
1683751257439 5.3764834 193
1683751257503 5.411936 194
1683751257569 5.4475265 195
1683751257634 5.4832573 196
1683751257703 5.519128 197
1683751257774 5.555138 198
1683751257881 5.5912876 199
1683751257978 5.6275754 200
1683751258072 5.6640024 201
1683751258152 5.700569 202
1683751258217 5.737275 203
1683751258283 5.7741184 204
1683751258349 5.8111 205
1683751258420 5.848221 206
1683751258492 5.88548 207
1683751258558 5.9228773 208
1683751258623 5.9604115 209
1683751258691 5.998085 210
1683751258755 6.035896 211
1683751258823 6.073845 212
1683751258888 6.1119313 213
1683751258953 6.150155 214
1683751259018 6.188516 215
1683751259081 6.2270145 216
1683751259146 6.2656503 217
1683751259213 6.3044224 218
1683751259278 6.3433323 219
1683751259345 6.3823786 220
1683751259409 6.4215612 221
1683751259473 6.460881 222
1683751259539 6.500338 223
1683751259605 6.539931 224
1683751259674 6.57966 225
1683751259738 6.619525 226
1683751259802 6.6595273 227
1683751259868 6.6996646 228
1683751259935 6.7399383 229
1683751260000 6.7803473 230
1683751260067 6.8208923 231
1683751260132 6.8615723 232
1683751260199 6.9023895 233
1683751260264 6.9433413 234
1683751260329 6.9844284 235
1683751260395 7.0256505 236
1683751260460 7.067008 237
1683751260525 7.1085005 238
1683751260590 7.150128 239
1683751260655 7.1918907 240
1683751260722 7.233788 241
1683751260786 7.27582 242
1683751260852 7.317986 243
1683751260918 7.3602877 244
1683751260983 7.4027233 245
1683751261049 7.445293 246
1683751261115 7.487997 247
1683751261184 7.530835 248
1683751261250 7.5738077 249
1683751261313 7.616914 250
