1683753967483 0.0625672335999226 1
1683753967567 0.0971162250265368 2
1683753967648 0.12429498587878889 3
1683753967729 0.14733212600646048 4
1683753967807 0.16874249577458858 5
1683753967881 0.18950521738260917 6
1683753967961 0.20979534945171174 7
1683753968035 0.22965808516564037 8
1683753968112 0.2491174588873207 9
1683753968189 0.26818663479294835 10
1683753968254 0.28684679260915374 11
1683753968328 0.3050362511223103 12
1683753968402 0.32266088972671253 13
1683753968470 0.33962267441165317 14
1683753968539 0.3558494673184172 15
1683753968607 0.37130453896195864 16
1683753968676 0.38597479706761606 17
1683753968746 0.3998536021979851 18
1683753968813 0.41292883534458563 19
1683753968879 0.42518042446466187 20
1683753968946 0.4365834300372632 21
1683753969012 0.4471132682305951 22
1683753969078 0.45675100275213676 23
1683753969142 0.465487461334113 24
1683753969211 0.4733258092615966 25
1683753969277 0.48028262426847834 26
1683753969348 0.4863883902119693 27
1683753969412 0.4916861243699128 28
1683753969477 0.49622990126061206 29
1683753969540 0.5000825087909893 30
1683753969605 0.5032635752074632 31
1683753969671 0.5059458532728391 32
1683753969739 0.5082118698905085 33
1683753969803 0.5101316877213399 34
1683753969872 0.5117692390771722 35
1683753969938 0.5131837253196624 36
1683753970002 0.5144300778717666 37
1683753970066 0.5155583725260694 38
1683753970130 0.5166135503966287 39
1683753970197 0.5176350491280513 40
1683753970265 0.5186568266051247 41
1683753970332 0.5197076228619609 42
1683753970397 0.5208111289198728 43
1683753970462 0.5219863337923434 44
1683753970525 0.5232480578728753 45
1683753970590 0.5246075947717245 46
1683753970655 0.5260729018941357 47
1683753970723 0.5276494527763441 48
1683753970789 0.5293403768311263 49
1683753970855 0.5311470365395323 50
1683753970919 0.5330693339788752 51
1683753970986 0.535105969517891 52
1683753971050 0.5372549287466825 53
1683753971115 0.5395135004136956 54
1683753971183 0.5418784113537625 55
1683753971248 0.5441783061296472 56
1683753971314 0.5466012190707127 57
1683753971381 0.5491467743993601 58
1683753971446 0.5517411572994921 59
1683753971511 0.5543536673558221 60
1683753971578 0.5569753934885864 61
1683753971642 0.5596095487954722 62
1683753971711 0.562267724565929 63
1683753971777 0.5649687973862025 64
1683753971843 0.5677364276391661 65
1683753971909 0.5705955144515159 66
1683753971974 0.573567048150931 67
1683753972040 0.5766644786344313 68
1683753972105 0.5798924280747808 69
1683753972172 0.583248500383693 70
1683753972238 0.5867258066791 71
1683753972309 0.5903154858305883 72
1683753972378 0.5940085329830554 73
1683753972445 0.597795663278877 74
1683753972511 0.6016707038489819 75
1683753972577 0.6056277234957061 76
1683753972643 0.6096620601973755 77
1683753972712 0.6137696147695676 78
1683753972778 0.617947081503755 79
1683753972845 0.6221917132236156 80
1683753972912 0.6265014610650337 81
1683753972977 0.6308746101353092 82
1683753973042 0.6353098480970817 83
1683753973108 0.6398062925314374 84
1683753973176 0.6443634783210346 85
1683753973241 0.6489808815529565 86
1683753973306 0.6536584086495849 87
1683753973370 0.6583959792679939 88
1683753973435 0.6631936241507584 89
1683753973502 0.6680513870186106 90
1683753973566 0.6729693638306703 91
1683753973633 0.6779475876948531 92
1683753973699 0.6829862402236078 93
1683753973765 0.6880852319510957 94
1683753973832 0.6932445182260603 95
1683753973897 0.6984640938763504 96
1683753973964 0.7037437766716941 97
1683753974029 0.7090835177679605 98
1683753974096 0.7144832685881667 99
1683753974163 0.7199425707469669 100
1683753974231 0.7254611963196081 101
1683753974296 0.7310391254227692 102
1683753974365 0.7366759094118931 103
1683753974432 0.7423712659668203 104
1683753974498 0.7481247914902757 105
1683753974566 0.7539364229820761 106
1683753974633 0.7598057366171191 107
1683753974702 0.7657322728177428 108
1683753974768 0.7717156674538109 109
1683753974833 0.7777558650815284 110
1683753974899 0.7838522164753282 111
1683753974964 0.7900044568961352 112
1683753975030 0.7962123352181772 113
1683753975095 0.802475292345657 114
1683753975160 0.8087931904810155 115
1683753975228 0.8151655601214859 116
1683753975298 0.8215918946728393 117
1683753975364 0.8280720759346719 118
1683753975428 0.834605752215616 119
1683753975495 0.8411923731409099 120
1683753975562 0.8478316908831731 121
1683753975629 0.8545234784756485 122
1683753975701 0.8612672299434815 123
1683753975767 0.868062633205246 124
1683753975833 0.8749093702290661 125
1683753975898 0.8818070276861258 126
1683753975964 0.8887553708684214 127
1683753976026 0.8957540773600597 128
1683753976091 0.9028027416876642 129
1683753976156 0.9099010404741689 130
1683753976223 0.9170488238694001 131
1683753976287 0.924245602670841 132
1683753976351 0.9314910641073153 133
1683753976416 0.9387850452506654 134
1683753976492 0.9461271527940611 135
1683753976560 0.9535171514031311 136
1683753976626 0.9609545623296183 137
1683753976696 0.9684392422769168 138
1683753976761 0.9759709404631103 139
1683753976825 0.9835494482226534 140
1683753976891 0.9911743532604597 141
1683753976956 0.9988452822044301 142
1683753977021 1.0065620763808634 143
1683753977087 1.0143245960236085 144
1683753977153 1.0221323629595487 145
1683753977220 1.029985243169047 146
1683753977285 1.037883015799369 147
1683753977351 1.0458253567244644 148
1683753977416 1.0538119874298453 149
1683753977480 1.0618425962156572 150
1683753977544 1.0699172007322737 151
1683753977612 1.078035358033017 152
1683753977683 1.086196910733323 153
1683753977747 1.094401568252428 154
1683753977812 1.1026491234114286 155
1683753977878 1.110939352658964 156
1683753977943 1.1192720491378894 157
1683753978009 1.1276469950232946 158
1683753978074 1.1360638144776363 159
1683753978139 1.14452263585431 160
1683753978207 1.1530229130231222 161
1683753978274 1.1615646011820395 162
1683753978340 1.1701474945282104 163
1683753978406 1.178771390035672 164
1683753978471 1.1874358397892741 165
1683753978534 1.196141040050409 166
1683753978600 1.2048864574860112 167
1683753978668 1.2136721481999173 168
1683753978735 1.2224978171000924 169
1683753978800 1.2313631809511143 170
1683753978867 1.2402683021350984 171
1683753978933 1.249212709823651 172
1683753979000 1.2581962311894757 173
1683753979110 1.2672189771546825 174
1683753979177 1.2762804327732735 175
1683753979243 1.2853807266587234 176
1683753979310 1.2945196532563392 177
1683753979377 1.3036965511588945 178
1683753979469 1.3129116999890977 179
1683753979532 1.322165072014186 180
1683753979597 1.3314559787310731 181
1683753979664 1.340784733039367 182
1683753979734 1.3501509716374744 183
1683753979800 1.3595546709032567 184
1683753979867 1.3689954686423929 185
1683753979936 1.3784730263558167 186
1683753980000 1.3879877982662503 187
1683753980066 1.3975389475201496 188
1683753980131 1.4071269354301021 189
1683753980198 1.4167512546647258 190
1683753980264 1.4264118773562389 191
1683753980332 1.4361084500590757 192
1683753980400 1.445841127870343 193
1683753980464 1.4556093874406195 194
1683753980530 1.4654133700274812 195
1683753980596 1.4752530651501028 196
1683753980663 1.4851279525761394 197
1683753980732 1.4950383501528606 198
1683753980798 1.504983576085488 199
1683753980864 1.5149637807833494 200
1683753980931 1.5249787812783477 201
1683753980995 1.5350285560701848 202
1683753981059 1.5451129257097835 203
1683753981123 1.555231721113519 204
1683753981191 1.5653844150578462 205
1683753981259 1.5755718249147563 206
1683753981325 1.585792935908555 207
1683753981393 1.596048088824551 208
1683753981459 1.6063369133754897 209
1683753981524 1.6166594126740876 210
1683753981589 1.6270153989193663 211
1683753981655 1.6374046991534497 212
1683753981721 1.6478272964949898 213
1683753981786 1.6582831822548767 214
1683753981852 1.6687720074372292 215
1683753981919 1.6792937645825272 216
1683753981985 1.6898481333431314 217
1683753982050 1.700435221676923 218
1683753982115 1.7110548921150561 219
1683753982182 1.7217072815793255 220
1683753982248 1.73239140666554 221
1683753982313 1.743108052938946 222
1683753982379 1.7538569082898474 223
1683753982446 1.7646374486926295 224
1683753982509 1.775449839228114 225
1683753982576 1.7862940751085217 226
1683753982641 1.7971699651477098 227
1683753982709 1.8080773478941592 228
1683753982775 1.8190160597809228 229
1683753982841 1.8299860673631974 230
1683753982909 1.8409875446969715 231
1683753982975 1.8520194901687963 232
1683753983040 1.863082885895485 233
1683753983106 1.8741770649933864 234
1683753983173 1.8853018463185367 235
1683753983242 1.8964574022465006 236
1683753983307 1.907643219063284 237
1683753983372 1.9188597894425592 238
1683753983438 1.9300212076713121 239
1683753983506 1.9412967630004325 240
1683753983570 1.952619588109276 241
1683753983635 1.9639735912469425 242
1683753983703 1.9752729947401981 243
1683753983770 1.9866781543374712 244
1683753983838 1.9980502520555776 245
1683753983904 2.009525874568319 246
1683753983967 2.020968576966288 247
1683753984031 2.0325095096810712 248
1683753984097 2.044015895496519 249
1683753984163 2.0555485075881155 250
