1683753884101 1.279693331037249 1
1683753884184 1.1882598740713937 2
1683753884252 1.1869585343769617 3
1683753884327 1.219767349106925 4
1683753884396 1.2536824260439192 5
1683753884466 1.2764498676572527 6
1683753884532 1.2864532215254647 7
1683753884598 1.2862671528543745 8
1683753884667 1.2792884366852897 9
1683753884734 1.2683666603905814 10
1683753884801 1.2554964763777596 11
1683753884866 1.2419308423995972 12
1683753884934 1.2283949511391776 13
1683753885000 1.2152762157576424 14
1683753885066 1.2027549232755388 15
1683753885131 1.1908801794052124 16
1683753885201 1.1796128238950456 17
1683753885265 1.1688547815595354 18
1683753885330 1.158474223954337 19
1683753885397 1.1483254602977209 20
1683753885471 1.1382649413176946 21
1683753885541 1.1281626692840032 22
1683753885607 1.1179115985121046 23
1683753885674 1.1074324079922266 24
1683753885741 1.0966761452811105 25
1683753885809 1.08562433719635 26
1683753885875 1.0742859414645605 27
1683753885941 1.062693979058947 28
1683753886008 1.0509010723658971 29
1683753886073 1.0389738082885742 30
1683753886138 1.0269880720547266 31
1683753886206 1.0150240404265267 32
1683753886270 1.003161609172821 33
1683753886333 0.9914770679814475 34
1683753886397 0.9800401926040649 35
1683753886461 0.9689122012683323 36
1683753886526 0.9581448010035923 37
1683753886591 0.9477795788219997 38
1683753886656 0.937848048550742 39
1683753886727 0.9283723149980817 40
1683753886793 0.9193657892090934 41
1683753886858 0.910834184714726 42
1683753886923 0.9027766244752067 43
1683753886999 0.895186573266983 44
1683753887072 0.888052978685924 45
1683753887140 0.8813612844262805 46
1683753887209 0.8750942775181362 47
1683753887273 0.8692328802176884 48
1683753887338 0.863756537437439 49
1683753887403 0.8586442513125283 50
1683753887470 0.8538748366492135 51
1683753887535 0.8494270954813276 52
1683753887601 0.8452805663858142 53
1683753887666 0.8414152945790973 54
1683753887732 0.8378122661794934 55
1683753887796 0.8344535997935704 56
1683753887860 0.831322465624128 57
1683753887926 0.8284031195299966 58
1683753887991 0.8256810477801731 59
1683753888057 0.8231428819043296 60
1683753888124 0.8207763433456421 61
1683753888192 0.8185702264308929 62
1683753888258 0.8165144494601658 63
1683753888322 0.8145998205457415 64
1683753888388 0.8128180461270469 65
1683753888454 0.8111616926533836 66
1683753888517 0.80962421638625 67
1683753888580 0.8081995291369302 68
1683753888647 0.806882381439209 69
1683753888715 0.8056680134364537 70
1683753888780 0.8045520995344434 71
1683753888846 0.8035309953348977 72
1683753888914 0.8026012522833688 73
1683753888984 0.8017597964831761 74
1683753889049 0.8010039329528809 75
1683753889115 0.8003312562193189 76
1683753889182 0.8001081900937217 77
1683753889252 0.799941748380661 78
1683753889316 0.7997545557362693 79
1683753889382 0.7995547992842538 80
1683753889448 0.7993693905217307 81
1683753889515 0.7992217242717743 82
1683753889580 0.799126318522862 83
1683753889646 0.7991202984537397 84
1683753889717 0.7991818955966404 85
1683753889782 0.7993063160351345 86
1683753889850 0.7994917971747262 87
1683753889917 0.799737274646759 88
1683753889983 0.8000421226024628 89
1683753890047 0.8004059408392225 90
1683753890114 0.8008283759866442 91
1683753890183 0.8013090363570622 92
1683753890251 0.8018473216465541 93
1683753890319 0.8024425336292812 94
1683753890385 0.8030939187322345 95
1683753890453 0.803800493478775 96
1683753890520 0.8045613212244851 97
1683753890587 0.8053753801754543 98
1683753890650 0.8062416655676705 99
1683753890717 0.8071591854095459 100
1683753890784 0.8081268966197968 101
1683753890848 0.809143956218447 102
1683753890913 0.8102093040943146 103
1683753890976 0.8113221185547965 104
1683753891040 0.8124815566199166 105
1683753891105 0.8136867029326302 106
1683753891172 0.8149368592670986 107
1683753891238 0.8162312039307186 108
1683753891304 0.8175689067159381 109
1683753891369 0.8189492481095451 110
1683753891434 0.82037153840065 111
1683753891498 0.8218350240162441 112
1683753891565 0.8233390024730137 113
1683753891630 0.8248827500002724 114
1683753891697 0.8264656237193516 115
1683753891763 0.8280869594642094 116
1683753891831 0.8297461143561772 117
1683753891896 0.8314423986843654 118
1683753891965 0.8331752291747502 119
1683753892039 0.8349439288888659 120
1683753892103 0.8367479613849095 121
1683753892170 0.8385866667543139 122
1683753892239 0.8404595341001239 123
1683753892305 0.8423659418310437 124
1683753892372 0.8443054556846619 125
1683753892436 0.8462773646627154 126
1683753892502 0.8482812259878431 127
1683753892566 0.8503166309424809 128
1683753892631 0.8523828855582646 129
1683753892698 0.8544796492372241 130
1683753892763 0.8566063131604876 131
1683753892828 0.8587625111852374 132
1683753892895 0.8609477835042136 133
1683753892961 0.8631616149629865 134
1683753893030 0.8654035457542965 135
1683753893094 0.8676732906273433 136
1683753893160 0.8699702961104256 137
1683753893226 0.8722942045756749 138
1683753893291 0.8746446456227984 139
1683753893355 0.8770211849893842 140
1683753893420 0.87942345227514 141
1683753893631 0.8818511068820953 142
1683753893783 0.8843037273202624 143
1683753893848 0.8867810027939933 144
1683753893914 0.8892825884478432 145
1683753893981 0.8918081266539437 146
1683753894045 0.8943573066166469 147
1683753894110 0.8969298345702035 148
1683753894232 0.8995253145694733 149
1683753894403 0.9021435337407249 150
1683753894470 0.9047841685158866 151
1683753894534 0.9074469123567853 152
1683753894599 0.9101315183298928 153
1683753894666 0.912837701184409 154
1683753894742 0.9155651926994324 155
1683753894811 0.9183136820793152 156
1683753894877 0.9210830543722425 157
1683753894945 0.9238729391779218 158
1683753895013 0.9266831406525203 159
1683753895085 0.9295134714671544 160
1683753895155 0.9323635910238538 161
1683753895225 0.9352333545684814 162
1683753895292 0.9381225151675088 163
1683753895356 0.9410309365817479 164
1683753895420 0.9439582441534314 165
1683753895484 0.9469043059008462 166
1683753895555 0.949868985584804 167
1683753895620 0.9528519511222839 168
1683753895691 0.9558530662740979 169
1683753895756 0.9588720883641925 170
1683753895821 0.9619087874889374 171
1683753895887 0.9649630231516702 172
1683753895952 0.9680345782211849 173
1683753896018 0.9711232653685978 174
1683753896084 0.9742288206304822 175
1683753896149 0.977351073707853 176
1683753896220 0.9804898883615222 177
1683753896285 0.9836450304303851 178
1683753896349 0.9868162657533374 179
1683753896416 0.9900034708636147 180
1683753896481 0.9932064754622323 181
1683753896547 0.9964249942983899 182
1683753896612 0.9996589039053235 183
1683753896680 1.002908136163439 184
1683753896746 1.0061723121574946 185
1683753896811 1.0094513935702187 186
1683753896876 1.0127451079232352 187
1683753896942 1.0160533828394753 188
1683753897007 1.019376005445208 189
1683753897073 1.0227126947471075 190
1683753897140 1.0260634677750724 191
1683753897208 1.029428060565676 192
1683753897273 1.0328062857900346 193
1683753897336 1.0361980753285545 194
1683753897400 1.0396031141281128 195
1683753897466 1.0430214021887099 196
1683753897531 1.046452569110053 197
1683753897596 1.0498966489519392 198
1683753897664 1.0533533777509416 199
1683753897728 1.0568225511482783 200
1683753897792 1.0603040499346597 201
1683753897857 1.0637978400502885 202
1683753897922 1.0673034914902277 203
1683753897986 1.070820974452155 204
1683753898051 1.0743502335889 205
1683753898116 1.077891047511782 206
1683753898184 1.0814430798803056 207
1683753898247 1.0850064413888114 208
1683753898313 1.0885807744094305 209
1683753898377 1.092166040624891 210
1683753898444 1.0957620016166143 211
1683753898509 1.0993685466902596 212
1683753898580 1.102985565151487 213
1683753898646 1.1066128696714128 214
1683753898712 1.110250255891255 215
1683753898778 1.1138976940086909 216
1683753898843 1.1175549924373627 217
1683753898910 1.1212220064231329 218
1683753898984 1.1248985614095415 219
1683753899049 1.1285846531391144 220
1683753899114 1.1322798771517617 221
1683753899179 1.135984412261418 222
1683753899245 1.1396980328219277 223
1683753899310 1.1434204280376434 224
1683753899376 1.1471517469201769 225
1683753899443 1.1508917808532715 226
1683753899506 1.1546402999332972 227
1683753899570 1.158397295645305 228
1683753899634 1.1621626998697008 229
1683753899702 1.1659362018108368 230
1683753899767 1.1697179291929518 231
1683753899833 1.1735076350825173 232
1683753899901 1.1773052087851934 233
1683753899966 1.1811106588159288 234
1683753900034 1.1849237510136195 235
1683753900101 1.18874448963574 236
1683753900167 1.192572798047747 237
1683753900231 1.1964083015918732 238
1683753900344 1.200251315321241 239
1683753900493 1.204101481607982 240
1683753900566 1.207958881344114 241
1683753900631 1.2118233016559057 242
1683753900698 1.2156946573938643 243
1683753900762 1.2195729783603124 244
1683753900829 1.2234580899987901 245
1683753900893 1.22734996676445 246
1683753900961 1.231248336178916 247
1683753901026 1.2351533770561218 248
1683753901092 1.2390649148396082 249
1683753901156 1.2429829495293754 250
