1683752393035 1.357903 1
1683752393104 1.2949718 2
1683752393176 1.3154445 3
1683752393242 1.3658092 4
1683752393307 1.4152348 5
1683752393378 1.4522163 6
1683752393447 1.4754205 7
1683752393514 1.4874845 8
1683752393581 1.4918625 9
1683752393646 1.4914894 10
1683752393717 1.4884541 11
1683752393782 1.4840907 12
1683752393853 1.4791794 13
1683752393920 1.474132 14
1683752393992 1.4691436 15
1683752394059 1.4643049 16
1683752394127 1.4595568 17
1683752394194 1.4547913 18
1683752394260 1.4498658 19
1683752394554 1.444622 20
1683752394702 1.4389017 21
1683752394780 1.4325587 22
1683752394846 1.4254705 23
1683752394910 1.4175456 24
1683752394977 1.4087718 25
1683752395047 1.3990712 26
1683752395117 1.3884641 27
1683752395187 1.3770151 28
1683752395254 1.3648195 29
1683752395322 1.3519944 30
1683752395387 1.33867 31
1683752395454 1.3249834 32
1683752395521 1.3110716 33
1683752395588 1.2970676 34
1683752395657 1.2830942 35
1683752395726 1.2692624 36
1683752395794 1.2556691 37
1683752395861 1.2423956 38
1683752395930 1.2295082 39
1683752395996 1.2170581 40
1683752396063 1.205083 41
1683752396131 1.1936076 42
1683752396204 1.1826454 43
1683752396279 1.1722007 44
1683752396347 1.1622695 45
1683752396413 1.1528411 46
1683752396481 1.1438997 47
1683752396547 1.1354257 48
1683752396613 1.1273963 49
1683752396684 1.1197871 50
1683752396753 1.1125722 51
1683752396823 1.1057258 52
1683752396888 1.0992215 53
1683752396956 1.0930341 54
1683752397022 1.0871392 55
1683752397089 1.0815132 56
1683752397154 1.076134 57
1683752397225 1.070981 58
1683752397292 1.0660354 59
1683752397362 1.0612794 60
1683752397439 1.056697 61
1683752397513 1.052274 62
1683752397580 1.0479968 63
1683752397651 1.0438542 64
1683752397718 1.0398355 65
1683752397787 1.0359471 66
1683752397855 1.0321827 67
1683752397921 1.0285308 68
1683752397990 1.0249801 69
1683752398061 1.0215207 70
1683752398129 1.0181454 71
1683752398197 1.0148486 72
1683752398265 1.0116258 73
1683752398332 1.0084734 74
1683752398400 1.0053889 75
1683752398466 1.0023694 76
1683752398533 0.9994131 77
1683752398598 0.9965178 78
1683752398667 0.9936817 79
1683752398735 0.99090356 80
1683752398804 0.9881819 81
1683752398873 0.98551553 82
1683752398942 0.9829034 83
1683752399014 0.9803448 84
1683752399084 0.97783864 85
1683752399153 0.9753843 86
1683752399221 0.97298086 87
1683752399287 0.9706277 88
1683752399359 0.96832407 89
1683752399426 0.9660693 90
1683752399495 0.9638625 91
1683752399562 0.9617031 92
1683752399629 0.9595902 93
1683752399698 0.9575232 94
1683752399763 0.9555013 95
1683752399829 0.95352364 96
1683752399897 0.95158947 97
1683752399961 0.949698 98
1683752400031 0.94784826 99
1683752400097 0.9460396 100
1683752400164 0.9442711 101
1683752400233 0.94254214 102
1683752400300 0.9408516 103
1683752400367 0.939199 104
1683752400436 0.93758315 105
1683752400502 0.9360035 106
1683752400570 0.9344592 107
1683752400640 0.93294966 108
1683752400709 0.93147373 109
1683752400776 0.9300308 110
1683752400843 0.9286203 111
1683752400913 0.9272413 112
1683752400980 0.92589307 113
1683752401047 0.92457503 114
1683752401113 0.9232864 115
1683752401183 0.9220266 116
1683752401248 0.9207947 117
1683752401315 0.9195905 118
1683752401380 0.918413 119
1683752401447 0.9172616 120
1683752401513 0.9161359 121
1683752401579 0.91503525 122
1683752401644 0.9139589 123
1683752401713 0.91290665 124
1683752401777 0.9118776 125
1683752401844 0.9108713 126
1683752401908 0.9098875 127
1683752401973 0.9089254 128
1683752402041 0.9079846 129
1683752402107 0.9070647 130
1683752402176 0.9061651 131
1683752402241 0.90528554 132
1683752402306 0.9044254 133
1683752402377 0.9035844 134
1683752402443 0.90276206 135
1683752402510 0.90195787 136
1683752402578 0.9011716 137
1683752402643 0.9004029 138
1683752402715 0.89965117 139
1683752402781 0.89891624 140
1683752402849 0.89819753 141
1683752402916 0.89749503 142
1683752402983 0.89680815 143
1683752403054 0.8961366 144
1683752403129 0.8954801 145
1683752403207 0.89483833 146
1683752403275 0.89421093 147
1683752403342 0.8935977 148
1683752403410 0.8929982 149
1683752403475 0.8924124 150
1683752403540 0.8918396 151
1683752403609 0.89127994 152
1683752403678 0.89073294 153
1683752403745 0.89019835 154
1683752403811 0.88967603 155
1683752403878 0.88916564 156
1683752403943 0.8886669 157
1683752404009 0.8881797 158
1683752404075 0.88770366 159
1683752404142 0.8872386 160
1683752404209 0.88678443 161
1683752404276 0.88634074 162
1683752404344 0.88590753 163
1683752404411 0.88548434 164
1683752404475 0.8850711 165
1683752404542 0.8846676 166
1683752404610 0.8842736 167
1683752404681 0.883889 168
1683752404748 0.88351357 169
1683752404815 0.88314706 170
1683752404880 0.8827894 171
1683752404947 0.8824403 172
1683752405013 0.8820996 173
1683752405080 0.8817674 174
1683752405146 0.8814431 175
1683752405214 0.8811268 176
1683752405280 0.88081837 177
1683752405347 0.88051754 178
1683752405414 0.8802219 179
1683752405479 0.87993324 180
1683752405552 0.87965 181
1683752405622 0.87937415 182
1683752405692 0.8791038 183
1683752405761 0.8788383 184
1683752405827 0.878578 185
1683752405893 0.8783229 186
1683752405957 0.8780761 187
1683752406023 0.87783545 188
1683752406088 0.8776001 189
1683752406154 0.87736976 190
1683752406222 0.8771445 191
1683752406288 0.8769246 192
1683752406354 0.87670994 193
1683752406420 0.8765007 194
1683752406486 0.8762969 195
1683752406552 0.8760984 196
1683752406617 0.87590533 197
1683752406685 0.87571746 198
1683752406755 0.87553483 199
1683752406821 0.8753574 200
1683752406889 0.87518495 201
1683752406955 0.87501764 202
1683752407021 0.87485504 203
1683752407087 0.8746973 204
1683752407154 0.87454444 205
1683752407223 0.8743961 206
1683752407293 0.87425244 207
1683752407360 0.8741132 208
1683752407426 0.8739785 209
1683752407493 0.873848 210
1683752407558 0.87372184 211
1683752407623 0.87359977 212
1683752407692 0.87348187 213
1683752407757 0.8733679 214
1683752407824 0.8732579 215
1683752407890 0.87315166 216
1683752407957 0.87304926 217
1683752408027 0.8729506 218
1683752408093 0.87285554 219
1683752408158 0.872764 220
1683752408225 0.872676 221
1683752408291 0.8725914 222
1683752408362 0.8725102 223
1683752408429 0.87243223 224
1683752408495 0.8723576 225
1683752408560 0.87228596 226
1683752408625 0.87221754 227
1683752408695 0.8721522 228
1683752408761 0.8720898 229
1683752408826 0.8720303 230
1683752408894 0.87197375 231
1683752408963 0.87192 232
1683752409028 0.87186897 233
1683752409095 0.8718207 234
1683752409162 0.87177503 235
1683752409230 0.87173206 236
1683752409295 0.87169164 237
1683752409363 0.87165374 238
1683752409431 0.87161833 239
1683752409498 0.8715853 240
1683752409563 0.8715547 241
1683752409629 0.8715264 242
1683752409697 0.8715004 243
1683752409764 0.87147665 244
1683752409830 0.87145483 245
1683752409898 0.8714346 246
1683752409968 0.87141615 247
1683752410032 0.8713994 248
1683752410098 0.87138426 249
1683752410165 0.87137085 250
