1683751329615 1.3361752 1
1683751329702 1.2748749 2
1683751329769 1.2978427 3
1683751329839 1.3511181 4
1683751329907 1.4037116 5
1683751329983 1.4441264 6
1683751330051 1.4709103 7
1683751330118 1.48669 8
1683751330188 1.4949428 9
1683751330255 1.4986317 10
1683751330323 1.4998697 11
1683751330391 1.5000088 12
1683751330460 1.4998419 13
1683751330528 1.4997897 14
1683751330604 1.500035 15
1683751330677 1.5006127 16
1683751330746 1.5014634 17
1683751330811 1.5024682 18
1683751330879 1.5034702 19
1683751330947 1.504292 20
1683751331014 1.5047514 21
1683751331080 1.5046725 22
1683751331145 1.50489 23
1683751331213 1.510689 24
1683751331277 1.5160633 25
1683751331342 1.5209199 26
1683751331410 1.5252049 27
1683751331477 1.528902 28
1683751331542 1.5320301 29
1683751331623 1.534637 30
1683751331696 1.5367938 31
1683751331764 1.538588 32
1683751331827 1.5401175 33
1683751331892 1.5414848 34
1683751331959 1.5427914 35
1683751332025 1.5441353 36
1683751332090 1.5456061 37
1683751332155 1.5472851 38
1683751332221 1.5492421 39
1683751332287 1.5515363 40
1683751332352 1.5542156 41
1683751332417 1.5573174 42
1683751332483 1.560869 43
1683751332548 1.5648887 44
1683751332612 1.5693872 45
1683751332678 1.5743685 46
1683751332744 1.5798298 47
1683751332808 1.5857645 48
1683751332874 1.5921621 49
1683751332937 1.5990083 50
1683751333003 1.6062877 51
1683751333069 1.6139827 52
1683751333135 1.6220748 53
1683751333203 1.6305454 54
1683751333267 1.6393752 55
1683751333332 1.6485457 56
1683751333395 1.6580389 57
1683751333462 1.6678371 58
1683751333530 1.6779238 59
1683751333595 1.6882834 60
1683751333661 1.6989012 61
1683751333728 1.709764 62
1683751333794 1.7208589 63
1683751333859 1.7321749 64
1683751333925 1.7437013 65
1683751333991 1.7554288 66
1683751334057 1.7673488 67
1683751334121 1.7794535 68
1683751334189 1.7917362 69
1683751334257 1.8041908 70
1683751334322 1.8168116 71
1683751334388 1.8295935 72
1683751334451 1.8425329 73
1683751334517 1.8556252 74
1683751334584 1.868867 75
1683751334650 1.8822556 76
1683751334717 1.895788 77
1683751334784 1.9094615 78
1683751334850 1.9232745 79
1683751334918 1.9372244 80
1683751334984 1.9513093 81
1683751335050 1.965528 82
1683751335116 1.9798787 83
1683751335182 1.9943596 84
1683751335248 2.0089698 85
1683751335313 2.0237079 86
1683751335380 2.0385723 87
1683751335446 2.0535622 88
1683751335513 2.0686762 89
1683751335578 2.0839133 90
1683751335647 2.0992725 91
1683751335714 2.114752 92
1683751335780 2.1303513 93
1683751335846 2.1460688 94
1683751335912 2.161904 95
1683751335977 2.1778555 96
1683751336042 2.1939223 97
1683751336107 2.2101035 98
1683751336176 2.2263978 99
1683751336243 2.2428045 100
1683751336310 2.2593224 101
1683751336385 2.2759504 102
1683751336451 2.2926874 103
1683751336519 2.3095329 104
1683751336583 2.3264852 105
1683751336648 2.3435438 106
1683751336718 2.3607073 107
1683751336786 2.377975 108
1683751336850 2.3953457 109
1683751336914 2.4128184 110
1683751336979 2.4303927 111
1683751337044 2.4480672 112
1683751337110 2.4658408 113
1683751337177 2.4837132 114
1683751337247 2.5016828 115
1683751337313 2.5197492 116
1683751337377 2.537911 117
1683751337442 2.5561676 118
1683751337508 2.5745184 119
1683751337574 2.5929623 120
1683751337637 2.6114984 121
1683751337706 2.6301258 122
1683751337775 2.6488438 123
1683751337841 2.6676517 124
1683751337909 2.6865485 125
1683751337975 2.7055335 126
1683751338041 2.724606 127
1683751338106 2.743765 128
1683751338172 2.7630098 129
1683751338237 2.78234 130
1683751338302 2.8017545 131
1683751338366 2.8212526 132
1683751338431 2.840834 133
1683751338498 2.8604975 134
1683751338567 2.880242 135
1683751338633 2.9000683 136
1683751338702 2.9199743 137
1683751338769 2.93996 138
1683751338836 2.9600248 139
1683751338902 2.9801676 140
1683751338967 3.000388 141
1683751339034 3.0206854 142
1683751339102 3.0410593 143
1683751339173 3.0615087 144
1683751339243 3.0820332 145
1683751339308 3.1026325 146
1683751339375 3.1233053 147
1683751339442 3.1440516 148
1683751339509 3.1648707 149
1683751339575 3.185762 150
1683751339642 3.2067246 151
1683751339717 3.2277582 152
1683751339794 3.2488623 153
1683751339865 3.2700367 154
1683751339932 3.2912798 155
1683751339998 3.3125918 156
1683751340065 3.3339725 157
1683751340130 3.3554206 158
1683751340198 3.376936 159
1683751340263 3.3985178 160
1683751340327 3.4201655 161
1683751340392 3.4418797 162
1683751340598 3.4636583 163
1683751340754 3.4855018 164
1683751340825 3.5074093 165
1683751340895 3.5293806 166
1683751340962 3.551415 167
1683751341026 3.573512 168
1683751341093 3.595671 169
1683751341157 3.6178923 170
1683751341224 3.6401744 171
1683751341288 3.6625168 172
1683751341352 3.6849198 173
1683751341416 3.7073827 174
1683751341483 3.7299054 175
1683751341550 3.7524867 176
1683751341617 3.7751265 177
1683751341684 3.797824 178
1683751341751 3.8205793 179
1683751341932 3.843392 180
1683751342126 3.8662612 181
1683751342269 3.8891869 182
1683751342353 3.9121683 183
1683751342419 3.9352052 184
1683751342483 3.9582973 185
1683751342551 3.9814441 186
1683751342615 4.004645 187
1683751342683 4.0278997 188
1683751342751 4.0512085 189
1683751342859 4.0745697 190
1683751342926 4.0979843 191
1683751342992 4.1214504 192
1683751343061 4.1449685 193
1683751343126 4.168538 194
1683751343195 4.192159 195
1683751343264 4.215831 196
1683751343328 4.2395535 197
1683751343393 4.2633257 198
1683751343458 4.2871466 199
1683751343523 4.311018 200
1683751343589 4.334938 201
1683751343655 4.3589063 202
1683751343722 4.3829236 203
1683751343791 4.406988 204
1683751343856 4.4311 205
1683751343919 4.4552593 206
1683751343984 4.4794655 207
1683751344048 4.5037184 208
1683751344114 4.528018 209
1683751344181 4.5523624 210
1683751344249 4.5767527 211
1683751344314 4.601188 212
1683751344380 4.6256685 213
1683751344446 4.650193 214
1683751344510 4.6747627 215
1683751344576 4.6993756 216
1683751344641 4.7240324 217
1683751344709 4.748732 218
1683751344773 4.7734747 219
1683751344838 4.798261 220
1683751344902 4.8230886 221
1683751344967 4.8479595 222
1683751345031 4.8728714 223
1683751345097 4.8978252 224
1683751345167 4.92282 225
1683751345233 4.947856 226
1683751345300 4.9729323 227
1683751345365 4.9980497 228
1683751345430 5.023207 229
1683751345496 5.048404 230
1683751345560 5.0736413 231
1683751345626 5.098917 232
1683751345694 5.124233 233
1683751345764 5.1495867 234
1683751345829 5.17498 235
1683751345897 5.200411 236
1683751345963 5.22588 237
1683751346027 5.2513876 238
1683751346091 5.2769327 239
1683751346156 5.3025146 240
1683751346226 5.3281336 241
1683751346291 5.3537903 242
1683751346355 5.3794827 243
1683751346420 5.405212 244
1683751346486 5.430978 245
1683751346551 5.456779 246
1683751346614 5.4826164 247
1683751346678 5.5084887 248
1683751346755 5.5343966 249
1683751346823 5.56034 250
