1683752820013 1.0434794 1
1683752820100 0.91027325 2
1683752820171 0.8695754 3
1683752820242 0.86810654 4
1683752820309 0.8734466 5
1683752820375 0.87216014 6
1683752820442 0.8612236 7
1683752820508 0.8420112 8
1683752820585 0.81719255 9
1683752820659 0.78908694 10
1683752820731 0.75927424 11
1683752820797 0.728709 12
1683752820868 0.6979587 13
1683752820934 0.66742384 14
1683752821001 0.6374996 15
1683752821069 0.6086592 16
1683752821135 0.5814383 17
1683752821206 0.5563254 18
1683752821273 0.5336307 19
1683752821338 0.5134379 20
1683752821406 0.49565277 21
1683752821472 0.48008516 22
1683752821538 0.46651134 23
1683752821603 0.4547087 24
1683752821671 0.44447196 25
1683752821741 0.43561938 26
1683752821811 0.42798638 27
1683752821879 0.4214324 28
1683752821946 0.4158342 29
1683752822013 0.41108227 30
1683752822081 0.40707824 31
1683752822148 0.40373313 32
1683752822215 0.40096614 33
1683752822284 0.39870402 34
1683752822352 0.39688054 35
1683752822417 0.39543605 36
1683752822480 0.39431736 37
1683752822545 0.3934774 38
1683752822608 0.39287472 39
1683752822676 0.39247346 40
1683752822741 0.39224258 41
1683752822807 0.39215565 42
1683752822872 0.39219055 43
1683752822936 0.39232856 44
1683752822998 0.39255434 45
1683752823063 0.3928554 46
1683752823126 0.39322156 47
1683752823193 0.39364466 48
1683752823257 0.39411837 49
1683752823322 0.39463753 50
1683752823387 0.39519835 51
1683752823452 0.39579776 52
1683752823516 0.39643353 53
1683752823580 0.3971039 54
1683752823645 0.3978076 55
1683752823712 0.3985436 56
1683752823776 0.39931116 57
1683752823842 0.4001097 58
1683752823908 0.4009387 59
1683752823974 0.40179777 60
1683752824039 0.4026866 61
1683752824105 0.40360475 62
1683752824171 0.40455204 63
1683752824236 0.405528 64
1683752824301 0.40653238 65
1683752824364 0.40756482 66
1683752824430 0.4086249 67
1683752824495 0.4097123 68
1683752824561 0.41082668 69
1683752824624 0.41196758 70
1683752824691 0.41290742 71
1683752824756 0.4107595 72
1683752824821 0.40867436 73
1683752824885 0.40664804 74
1683752824951 0.40467757 75
1683752825017 0.40276074 76
1683752825080 0.40089533 77
1683752825148 0.39907932 78
1683752825215 0.39731097 79
1683752825280 0.3955884 80
1683752825345 0.39391005 81
1683752825411 0.39227432 82
1683752825479 0.39067972 83
1683752825543 0.3891248 84
1683752825608 0.3876083 85
1683752825676 0.38612884 86
1683752825741 0.38468528 87
1683752825806 0.3832764 88
1683752825871 0.38190114 89
1683752825936 0.38055837 90
1683752826000 0.37924707 91
1683752826069 0.3779662 92
1683752826134 0.37671483 93
1683752826201 0.37549204 94
1683752826266 0.3742969 95
1683752826330 0.37312853 96
1683752826395 0.37198612 97
1683752826459 0.37086886 98
1683752826526 0.36977592 99
1683752826594 0.36870658 100
1683752826661 0.3676601 101
1683752826728 0.36663574 102
1683752826795 0.3656329 103
1683752826861 0.3646508 104
1683752826927 0.3636889 105
1683752826994 0.36274654 106
1683752827058 0.36182943 107
1683752827122 0.3609383 108
1683752827190 0.3600717 109
1683752827255 0.35922754 110
1683752827319 0.35840392 111
1683752827384 0.35759914 112
1683752827449 0.35681185 113
1683752827513 0.35604095 114
1683752827579 0.35528553 115
1683752827644 0.35454473 116
1683752827711 0.3538179 117
1683752827778 0.35310435 118
1683752827842 0.35240346 119
1683752827909 0.35171455 120
1683752827975 0.35103732 121
1683752828040 0.35037136 122
1683752828107 0.34971637 123
1683752828174 0.3490721 124
1683752828241 0.34843832 125
1683752828306 0.34781477 126
1683752828372 0.3472012 127
1683752828437 0.34659743 128
1683752828501 0.3460033 129
1683752828566 0.34541863 130
1683752828632 0.34484327 131
1683752828709 0.344277 132
1683752828782 0.34371972 133
1683752828848 0.34317136 134
1683752828916 0.3426316 135
1683752828984 0.34210044 136
1683752829050 0.34157768 137
1683752829115 0.34106317 138
1683752829182 0.3405568 139
1683752829247 0.34005845 140
1683752829312 0.3395679 141
1683752829379 0.33908507 142
1683752829445 0.33860984 143
1683752829510 0.338142 144
1683752829574 0.33768156 145
1683752829639 0.3372283 146
1683752829708 0.33678213 147
1683752829774 0.33634296 148
1683752829840 0.33591062 149
1683752829905 0.33548504 150
1683752829972 0.33506614 151
1683752830038 0.3346538 152
1683752830103 0.33424795 153
1683752830170 0.33384848 154
1683752830238 0.33345523 155
1683752830304 0.33306825 156
1683752830370 0.33268738 157
1683752830436 0.3323125 158
1683752830502 0.3319436 159
1683752830566 0.33158055 160
1683752830630 0.3312233 161
1683752830697 0.33087182 162
1683752830763 0.33052593 163
1683752830829 0.33018568 164
1683752830894 0.3298509 165
1683752830960 0.32952166 166
1683752831025 0.3291977 167
1683752831093 0.3288791 168
1683752831160 0.32856578 169
1683752831227 0.3282576 170
1683752831295 0.3279546 171
1683752831360 0.3276567 172
1683752831426 0.32736376 173
1683752831493 0.3270758 174
1683752831558 0.32679278 175
1683752832885 0.3265146 176
1683752833034 0.3262412 177
1683752833183 0.3259726 178
1683752833320 0.32570863 179
1683752833401 0.32544935 180
1683752833466 0.32519466 181
1683752833531 0.3249445 182
1683752833595 0.32469887 183
1683752833660 0.32445765 184
1683752833727 0.32422084 185
1683752833791 0.3239884 186
1683752833856 0.32376027 187
1683752833922 0.32353643 188
1683752833991 0.32331675 189
1683752834057 0.32310125 190
1683752834123 0.3228899 191
1683752834192 0.32268262 192
1683752834257 0.32247943 193
1683752834320 0.3222802 194
1683752834387 0.32208493 195
1683752834453 0.32189363 196
1683752834520 0.32170618 197
1683752834586 0.32152253 198
1683752834656 0.32134274 199
1683752834724 0.32116666 200
1683752834788 0.32099432 201
1683752834852 0.3208257 202
1683752834918 0.32066065 203
1683752834984 0.32049924 204
1683752835050 0.3203414 205
1683752835115 0.32018706 206
1683752836262 0.32003626 207
1683752836336 0.3198889 208
1683752836404 0.31974497 209
1683752836470 0.31960443 210
1683752836535 0.31946725 211
1683752836602 0.31933337 212
1683752836669 0.31920275 213
1683752836736 0.3190754 214
1683752836802 0.3189513 215
1683752836877 0.31883037 216
1683752836946 0.3187126 217
1683752837010 0.3185979 218
1683752837078 0.31848633 219
1683752837143 0.31837785 220
1683752837212 0.31827235 221
1683752837278 0.31816983 222
1683752837344 0.3180703 223
1683752837409 0.3179737 224
1683752837474 0.31788003 225
1683752837540 0.31778923 226
1683752837606 0.31770125 227
1683752837674 0.3176161 228
1683752837740 0.31753373 229
1683752837805 0.31745413 230
1683752837870 0.31737727 231
1683752837936 0.31730312 232
1683752838001 0.31723166 233
1683752838065 0.3171628 234
1683752838130 0.31709662 235
1683752838199 0.31703302 236
1683752838264 0.316972 237
1683752838330 0.3169135 238
1683752838395 0.31685755 239
1683752838462 0.31680408 240
1683752838527 0.3167531 241
1683752838593 0.31670457 242
1683752838657 0.31665844 243
1683752838724 0.31661472 244
1683752838789 0.31657338 245
1683752838854 0.31653437 246
1683752838919 0.31649774 247
1683752838988 0.31646338 248
1683752839055 0.31643128 249
1683752839120 0.3164015 250
