1683754837604 0.061453903153017 1
1683754837688 0.09503207014224399 2
1683754837757 0.12022787735152084 3
1683754837830 0.14035617275229995 4
1683754837896 0.1589508635962962 5
1683754837961 0.17727331853209316 6
1683754838027 0.19541324777781036 7
1683754838093 0.2134106373426698 8
1683754838160 0.2312940912264375 9
1683754838228 0.24910474676253314 10
1683754838295 0.2668744300905713 11
1683754838362 0.2846033371707927 12
1683754838430 0.30224411770102627 13
1683754838496 0.3196893348700003 14
1683754838561 0.3367695577314957 15
1683754838635 0.3532811647259852 16
1683754838708 0.36903966060691196 17
1683754838778 0.3839209055078643 18
1683754838843 0.39786385872673286 19
1683754838909 0.4108503511434025 20
1683754838976 0.42288432707915347 21
1683754839042 0.43398013384576456 22
1683754839107 0.4441579125240819 23
1683754839174 0.45344230133226004 24
1683754839243 0.46186345384360733 25
1683754839311 0.46945812190244424 26
1683754839380 0.47626998014794825 27
1683754839447 0.48234999485685215 28
1683754839512 0.4877557791027015 29
1683754839580 0.49255053166763224 30
1683754839647 0.4968015862334906 31
1683754839712 0.500578720841084 32
1683754839777 0.503952281398667 33
1683754839842 0.5069914987590247 34
1683754839910 0.5097628071743849 35
1683754839977 0.5123285142780627 36
1683754840043 0.5147458773367165 37
1683754840108 0.5170661305484563 38
1683754840172 0.5193344440593317 39
1683754840237 0.5215895064254407 40
1683754840302 0.5238636525330131 41
1683754840372 0.5261834492626737 42
1683754840443 0.5285697825981526 43
1683754840511 0.531038540920119 44
1683754840576 0.5336012605265754 45
1683754840643 0.5362655965084023 46
1683754840707 0.5390359898287355 47
1683754840772 0.5419143530056669 48
1683754840836 0.5449004099203596 49
1683754840900 0.5479921127700362 50
1683754840969 0.5511865018323379 51
1683754841033 0.5544794776805044 52
1683754841100 0.5578665283913644 53
1683754841167 0.5613428796393152 54
1683754841232 0.564903518409368 55
1683754841297 0.5685436168040412 56
1683754841361 0.5722584865575581 57
1683754841428 0.5760436853393643 58
1683754841495 0.5798950913402257 59
1683754841562 0.583809003463549 60
1683754841629 0.5877819549205957 61
1683754841694 0.5918110818143726 62
1683754841759 0.5958936219359066 63
1683754841822 0.6000273246161508 64
1683754841887 0.6042102245714143 65
1683754841953 0.6084406459147454 66
1683754842017 0.6127171451106666 67
1683754842083 0.6170387521058217 68
1683754842149 0.6214043669279857 69
1683754842217 0.6258135272878322 70
1683754842284 0.6302657457647095 71
1683754842350 0.6347608306887474 72
1683754842416 0.6392989789203667 73
1683754842481 0.6438804745603693 74
1683754842545 0.6485058543044537 75
1683754842610 0.6529773365163692 76
1683754842674 0.6574962000777748 77
1683754842739 0.6621046905484627 78
1683754842805 0.6668056108164053 79
1683754842870 0.6715917484667083 80
1683754842933 0.6764548719491033 81
1683754842999 0.6813892334552512 82
1683754843064 0.6863911958313965 83
1683754843130 0.6914586421529627 84
1683754843195 0.6965908839750686 85
1683754843260 0.7017873787266531 86
1683754843328 0.7070479262557151 87
1683754843393 0.712372257565074 88
1683754843459 0.7177601300475709 89
1683754843524 0.7232112599898858 90
1683754843589 0.7287250711955419 91
1683754843655 0.7343013954802086 92
1683754843721 0.7399397202428198 93
1683754843786 0.7456400133237248 94
1683754843851 0.7514021288794315 95
1683754843941 0.7572258283368526 96
1683754844007 0.7631112527593436 97
1683754844074 0.769058140573387 98
1683754844140 0.7750666409029436 99
1683754844205 0.7811366303341933 100
1683754844269 0.7872680636121758 101
1683754844333 0.7934608313259284 102
1683754844397 0.7997150594814852 103
1683754844460 0.8060303915840591 104
1683754844525 0.8124068721182577 105
1683754844589 0.8188442760816398 106
1683754844654 0.8253423194862091 107
1683754844720 0.8319011254533858 108
1683754844786 0.8385200219869493 109
1683754844851 0.8451990159992265 110
1683754844916 0.8519376801422271 111
1683754844984 0.8587358284283563 112
1683754845049 0.8655930114934923 113
1683754845114 0.8725090246233191 114
1683754845178 0.8794834496591837 115
1683754845244 0.8865160010539804 116
1683754845308 0.8936062235926074 117
1683754845375 0.9007538278395313 118
1683754845440 0.9079584014484499 119
1683754845506 0.9152195030772898 120
1683754845573 0.9225369503085696 121
1683754845641 0.9299101149580129 122
1683754845705 0.9373387309480226 123
1683754845770 0.9448223162687379 124
1683754845835 0.952360684214549 125
1683754845899 0.959953184585611 126
1683754845964 0.9675996932926422 127
1683754846030 0.9752994913515978 128
1683754846094 0.9830524446579287 129
1683754846158 0.9908579613014498 130
1683754846224 0.9987159491224145 131
1683754846290 1.0066256298073866 132
1683754846353 1.014586815684256 133
1683754846420 1.0225991473121119 134
1683754846485 1.0306620322382778 135
1683754846552 1.0387753361418988 136
1683754846618 1.046938631968061 137
1683754846684 1.0551513247479176 138
1683754846750 1.0634131940647915 139
1683754846829 1.0717237441388379 140
1683754846895 1.0800826769204754 141
1683754846961 1.0884897225972219 142
1683754847027 1.0969441998817857 143
1683754847098 1.1054460777126311 144
1683754847163 1.11399483222793 145
1683754847229 1.122590027691877 146
1683754847297 1.131231393434553 147
1683754847361 1.1399185736431952 148
1683754847428 1.1486512111210117 149
1683754847496 1.1574287268449694 150
1683754847560 1.1662510738071263 151
1683754847626 1.1751177488704736 152
1683754847693 1.1840284112234174 153
1683754847867 1.1929828719022564 154
1683754847935 1.2019805391379292 155
1683754848001 1.2110212285455608 156
1683754848068 1.2201044511112589 157
1683754848137 1.2292301714301708 158
1683754848206 1.2383974937140438 159
1683754848273 1.2476067973563627 160
1683754848337 1.2568573543510233 161
1683754848403 1.266148895946547 162
1683754848467 1.275481183431484 163
1683754848532 1.2848536287669186 164
1683754848597 1.2942661522585572 165
1683754848663 1.303718503279201 166
1683754848725 1.3132101064319017 167
1683754848790 1.3227408813760833 168
1683754848855 1.3323105870118346 169
1683754848920 1.341918800118654 170
1683754848985 1.351564816908455 171
1683754849049 1.3612490326351874 172
1683754849141 1.3709708837664085 173
1683754849208 1.3807301376104006 174
1683754849275 1.3905262251630788 175
1683754849340 1.400358922707542 176
1683754849407 1.4102282993509268 177
1683754849473 1.4201336450340907 178
1683754849540 1.4300748984702765 179
1683754849605 1.4400519970285055 180
1683754849672 1.4500640551520896 181
1683754849736 1.460111333595783 182
1683754849800 1.4701934530476601 183
1683754849865 1.480310014978014 184
1683754849928 1.490460797733435 185
1683754849996 1.5006455836094992 186
1683754850061 1.5108641573823223 187
1683754850127 1.5211159492442354 188
1683754850194 1.531401260244225 189
1683754850258 1.541719361207534 190
1683754850322 1.5520700348043501 191
1683754850386 1.562453246977046 192
1683754850451 1.5728686022523244 193
1683754850515 1.583316063013608 194
1683754850578 1.593794751178007 195
1683754850645 1.6043052835021792 196
1683754850710 1.6148469501874865 197
1683754850775 1.625419378995623 198
1683754850840 1.6360225375045003 199
1683754850905 1.646656197824181 200
1683754850971 1.6573199970802384 201
1683754851037 1.6680138920551408 202
1683754851101 1.6787375225941579 203
1683754851167 1.689490675930629 204
1683754851233 1.7002729805981645 205
1683754851300 1.711084574917946 206
1683754851365 1.721924921802712 207
1683754851429 1.7328460777730503 208
1683754851495 1.7437419051181082 209
1683754851558 1.7547104536774114 210
1683754851623 1.7656505990844469 211
1683754851689 1.7766670036412266 212
1683754851753 1.7877145953793743 213
1683754851818 1.7987232177832118 214
1683754851883 1.8098106599401278 215
1683754851947 1.820931454019887 216
1683754852010 1.8320755128693529 217
1683754852077 1.8432403640681236 218
1683754852143 1.854426573998682 219
1683754852209 1.8656349044762222 220
1683754852273 1.876866212958889 221
1683754852340 1.8881205248145714 222
1683754852405 1.899398317939316 223
1683754852472 1.9107002688825605 224
1683754852537 1.9220256094007393 225
1683754852603 1.93337484376354 226
1683754852670 1.9447477917443836 227
1683754852736 1.9561445490767193 228
1683754852800 1.9675645677546578 229
1683754852864 1.9790085917319835 230
1683754852928 1.9904755470437414 231
1683754852993 2.001965996792339 232
1683754853058 2.0134795046035534 233
1683754853125 2.0250162778942755 234
1683754853193 2.0365756838078077 235
1683754853258 2.048157917173789 236
1683754853324 2.0597628034872684 237
1683754853389 2.071390192786596 238
1683754853453 2.083039578819263 239
1683754853517 2.094711103946725 240
1683754853583 2.106404436906298 241
1683754853647 2.1181192108821922 242
1683754853716 2.1298557357217174 243
1683754853781 2.1416133522972567 244
1683754853847 2.1533920108243567 245
1683754853913 2.165191866614812 246
1683754853979 2.1770120723248554 247
1683754854043 2.1888529401096797 248
1683754854108 2.2007141108268833 249
1683754854175 2.2125952487340492 250
