1683750862566 1.4024353 1
1683750862634 1.3463175 2
1683750862702 1.3761061 3
1683750862773 1.4371641 4
1683750862844 1.4981914 5
1683750862913 1.5475459 6
1683750862982 1.5836952 7
1683750863049 1.6092117 8
1683750863114 1.6275378 9
1683750863181 1.6416152 10
1683750863247 1.6535428 11
1683750863312 1.6646585 12
1683750863378 1.6757381 13
1683750863444 1.6871816 14
1683750863509 1.6991513 15
1683750863579 1.7116627 16
1683750863643 1.7246386 17
1683750863710 1.7379413 18
1683750863776 1.7513938 19
1683750863852 1.7647959 20
1683750863928 1.7779386 21
1683750864000 1.7906177 22
1683750864072 1.802647 23
1683750864143 1.8138684 24
1683750864212 1.824161 25
1683750864281 1.833446 26
1683750864348 1.8416879 27
1683750864412 1.8488944 28
1683750864480 1.8551114 29
1683750864545 1.8604178 30
1683750864611 1.8649185 31
1683750864680 1.8687376 32
1683750864745 1.8720098 33
1683750864813 1.8748732 34
1683750864880 1.877465 35
1683750864945 1.8799162 36
1683750865013 1.8823477 37
1683750865079 1.8848689 38
1683750865145 1.8875757 39
1683750865213 1.8905504 40
1683750865278 1.8938606 41
1683750865342 1.8975613 42
1683750865409 1.9016945 43
1683750865474 1.906291 44
1683750865543 1.9113721 45
1683750865610 1.9169493 46
1683750865675 1.9230268 47
1683750865741 1.9296031 48
1683750865807 1.9366713 49
1683750865874 1.9442198 50
1683750865938 1.9522347 51
1683750866004 1.9607 52
1683750866070 1.9695967 53
1683750866142 1.9789064 54
1683750866211 1.9886093 55
1683750866277 1.9986861 56
1683750866342 2.0091176 57
1683750866409 2.019885 58
1683750866475 2.0309708 59
1683750866541 2.0423582 60
1683750866608 2.0540311 61
1683750866674 2.0659752 62
1683750866739 2.078177 63
1683750866805 2.0906236 64
1683750866871 2.1033041 65
1683750866935 2.1162086 66
1683750866998 2.1293275 67
1683750867061 2.142653 68
1683750867127 2.1561775 69
1683750867195 2.169895 70
1683750867263 2.1837995 71
1683750867328 2.1978858 72
1683750867394 2.21215 73
1683750867460 2.2265882 74
1683750867524 2.2411976 75
1683750867588 2.2559748 76
1683750867655 2.2709174 77
1683750867723 2.2860236 78
1683750867797 2.3012912 79
1683750867870 2.316719 80
1683750867936 2.3323054 81
1683750868002 2.3480492 82
1683750868066 2.3639493 83
1683750868132 2.380005 84
1683750868201 2.396215 85
1683750868266 2.412578 86
1683750868331 2.4290943 87
1683750868405 2.4457624 88
1683750868479 2.4625812 89
1683750868555 2.4795504 90
1683750868621 2.4966695 91
1683750868690 2.513937 92
1683750868757 2.5313523 93
1683750868821 2.5489147 94
1683750868887 2.566623 95
1683750868951 2.5844767 96
1683750869017 2.6024747 97
1683750869080 2.6206162 98
1683750869146 2.6389008 99
1683750869214 2.6573272 100
1683750869280 2.6758945 101
1683750869345 2.6946015 102
1683750869411 2.7134476 103
1683750869475 2.732431 104
1683750869541 2.7515507 105
1683750869612 2.7708063 106
1683750869681 2.7901955 107
1683750869747 2.8097177 108
1683750869811 2.8293717 109
1683750869876 2.849156 110
1683750869942 2.8690698 111
1683750870006 2.889112 112
1683750870071 2.9092808 113
1683750870138 2.929575 114
1683750870205 2.949994 115
1683750870273 2.9705362 116
1683750870339 2.9912004 117
1683750870407 3.0119858 118
1683750870472 3.0328908 119
1683750870537 3.0539138 120
1683750870603 3.0750544 121
1683750870675 3.096311 122
1683750870749 3.1176827 123
1683750870821 3.139168 124
1683750870889 3.160766 125
1683750870955 3.182475 126
1683750871028 3.204295 127
1683750871108 3.2262237 128
1683750871188 3.2482607 129
1683750871262 3.2704048 130
1683750871341 3.2926548 131
1683750871414 3.315009 132
1683750871496 3.337468 133
1683750871574 3.3600285 134
1683750871646 3.3826914 135
1683750871719 3.4054544 136
1683750871796 3.428317 137
1683750871870 3.451278 138
1683750871949 3.4743366 139
1683750872022 3.4974916 140
1683750872089 3.520742 141
1683750872156 3.5440865 142
1683750872222 3.5675247 143
1683750872290 3.591055 144
1683750872356 3.614677 145
1683750872426 3.638389 146
1683750872491 3.662191 147
1683750872556 3.6860812 148
1683750872624 3.7100592 149
1683750872693 3.7341237 150
1683750872762 3.7582738 151
1683750872979 3.7825086 152
1683750873155 3.8068273 153
1683750873334 3.8312287 154
1683750873417 3.8557124 155
1683750873486 3.8802772 156
1683750873551 3.9049218 157
1683750873617 3.929646 158
1683750873685 3.9544487 159
1683750873751 3.9793284 160
1683750873815 4.004285 161
1683750873881 4.029317 162
1683750873947 4.0544243 163
1683750874015 4.0796056 164
1683750874080 4.1048603 165
1683750874147 4.130187 166
1683750874216 4.155585 167
1683750874281 4.1810536 168
1683750874355 4.2065926 169
1683750874427 4.2321997 170
1683750874505 4.2578754 171
1683750874581 4.2836185 172
1683750874656 4.309428 173
1683750874735 4.3353033 174
1683750874812 4.3612437 175
1683750874886 4.387248 176
1683750874963 4.413316 177
1683750875036 4.4394464 178
1683750875112 4.465638 179
1683750875187 4.491891 180
1683750875255 4.5182047 181
1683750875322 4.544577 182
1683750875386 4.5710087 183
1683750875454 4.597498 184
1683750875518 4.6240444 185
1683750875592 4.650648 186
1683750875670 4.6773067 187
1683750875746 4.7040205 188
1683750875825 4.7307887 189
1683750875899 4.75761 190
1683750875982 4.7844844 191
1683750876058 4.811411 192
1683750876139 4.838389 193
1683750876212 4.8654175 194
1683750876285 4.892496 195
1683750876361 4.9196243 196
1683750876432 4.9468 197
1683750876505 4.974025 198
1683750876581 5.001296 199
1683750876655 5.028614 200
1683750876731 5.0559783 201
1683750876805 5.0833874 202
1683750876875 5.110841 203
1683750876950 5.1383386 204
1683750877029 5.1658792 205
1683750877101 5.1934624 206
1683750877176 5.221088 207
1683750877253 5.2487545 208
1683750877326 5.2764616 209
1683750877401 5.3042083 210
1683750877480 5.331995 211
1683750877553 5.35982 212
1683750877625 5.387683 213
1683750877702 5.4155846 214
1683750877777 5.4435215 215
1683750877853 5.4714956 216
1683750877926 5.499505 217
1683750878000 5.5275497 218
1683750878070 5.555629 219
1683750878136 5.5837417 220
1683750878212 5.611888 221
1683750878295 5.640067 222
1683750878368 5.6682777 223
1683750878442 5.696521 224
1683750878512 5.7247944 225
1683750878588 5.7530985 226
1683750878662 5.781432 227
1683750878741 5.809796 228
1683750878819 5.838187 229
1683750878892 5.8666077 230
1683750878971 5.8950553 231
1683750879046 5.9235306 232
1683750879118 5.9520316 233
1683750879195 5.9805593 234
1683750879269 6.0091124 235
1683750879344 6.03769 236
1683750879421 6.066293 237
1683750879491 6.0949197 238
1683750879567 6.1235695 239
1683750879644 6.1522427 240
1683750879723 6.180938 241
1683750879799 6.2096553 242
1683750879873 6.2383943 243
1683750879952 6.267154 244
1683750880023 6.2959347 245
1683750880095 6.3247347 246
1683750880169 6.353555 247
1683750880242 6.382395 248
1683750880316 6.411253 249
1683750880393 6.4401293 250
