1683752055220 1.2516525 1
1683752055289 1.1603572 2
1683752055361 1.1493024 3
1683752055428 1.1670542 4
1683752055496 1.1844409 5
1683752055564 1.1908348 6
1683752055637 1.1850128 7
1683752055711 1.1695197 8
1683752055781 1.147656 9
1683752055849 1.1222103 10
1683752055918 1.0951561 11
1683752055987 1.0677469 12
1683752056054 1.0407133 13
1683752056121 1.0144429 14
1683752056194 0.9891093 15
1683752056264 0.96475565 16
1683752056331 0.9413472 17
1683752056397 0.9188018 18
1683752056465 0.8970116 19
1683752056534 0.87585866 20
1683752056600 0.85522723 21
1683752056668 0.83501416 22
1683752056738 0.8151358 23
1683752056805 0.7955334 24
1683752056873 0.77617484 25
1683752056944 0.7570541 26
1683752057013 0.7381884 27
1683752057081 0.7196143 28
1683752057148 0.7013824 29
1683752057218 0.68355155 30
1683752057284 0.66618395 31
1683752057351 0.6493404 32
1683752057419 0.6330812 33
1683752057491 0.61745405 34
1683752057558 0.60249615 35
1683752057626 0.58823276 36
1683752057697 0.57467806 37
1683752057763 0.56183636 38
1683752057834 0.5497032 39
1683752057903 0.53826576 40
1683752057969 0.52750504 41
1683752058038 0.5173965 42
1683752058104 0.5079116 43
1683752058173 0.49901897 44
1683752058239 0.49068537 45
1683752058304 0.48287684 46
1683752058370 0.47555923 47
1683752058436 0.46869892 48
1683752058502 0.46226332 49
1683752058568 0.45622116 50
1683752058633 0.45054284 51
1683752058700 0.44520044 52
1683752058766 0.44016784 53
1683752058833 0.43542087 54
1683752058900 0.4309372 55
1683752058964 0.42669612 56
1683752059030 0.4226788 57
1683752059096 0.41886786 58
1683752059162 0.41524753 59
1683752059228 0.41180354 60
1683752059293 0.4085226 61
1683752059359 0.40539253 62
1683752059426 0.40240395 63
1683752059491 0.39954534 64
1683752059556 0.39680734 65
1683752059621 0.39418185 66
1683752059688 0.39166144 67
1683752059752 0.38923937 68
1683752059817 0.38690963 69
1683752059882 0.38466647 70
1683752059949 0.38250473 71
1683752060017 0.38041967 72
1683752060082 0.37840688 73
1683752060147 0.37646243 74
1683752060216 0.3745824 75
1683752060282 0.3727635 76
1683752060348 0.3710025 77
1683752060412 0.36929637 78
1683752060476 0.36764234 79
1683752060542 0.36603802 80
1683752060606 0.3644808 81
1683752060672 0.36296856 82
1683752060737 0.3614992 83
1683752060802 0.36007065 84
1683752060866 0.3586812 85
1683752060931 0.35732904 86
1683752060997 0.35601255 87
1683752061061 0.35473028 88
1683752061125 0.35348067 89
1683752061193 0.35226244 90
1683752061261 0.35107425 91
1683752061326 0.34991488 92
1683752061390 0.3487832 93
1683752061455 0.34767812 94
1683752061522 0.3465986 95
1683752061587 0.34554368 96
1683752061653 0.34451246 97
1683752061721 0.34350395 98
1683752061794 0.34251744 99
1683752061861 0.34155208 100
1683752061927 0.3406071 101
1683752061992 0.33968186 102
1683752062058 0.3387756 103
1683752062123 0.3378877 104
1683752062192 0.33701754 105
1683752062260 0.33616456 106
1683752062326 0.3353282 107
1683752062392 0.33450788 108
1683752062456 0.33370316 109
1683752062522 0.33291352 110
1683752062585 0.3321385 111
1683752062652 0.3313777 112
1683752062717 0.3306307 113
1683752062783 0.32989705 114
1683752062851 0.3291764 115
1683752062915 0.32846838 116
1683752062984 0.32777262 117
1683752063049 0.32708883 118
1683752063114 0.32641667 119
1683752063181 0.32575577 120
1683752063249 0.32510602 121
1683752063315 0.32446694 122
1683752063381 0.32383838 123
1683752063446 0.32322 124
1683752063512 0.32261163 125
1683752063576 0.32201302 126
1683752063640 0.32142395 127
1683752063708 0.3208441 128
1683752063783 0.32027337 129
1683752063856 0.3197115 130
1683752063921 0.31915838 131
1683752063986 0.3186137 132
1683752064052 0.3180774 133
1683752064116 0.31754917 134
1683752064183 0.31702897 135
1683752064248 0.31651658 136
1683752064315 0.31601185 137
1683752064381 0.31551462 138
1683752064446 0.3150248 139
1683752064511 0.31454217 140
1683752064576 0.31406665 141
1683752064640 0.3135981 142
1683752064707 0.31313634 143
1683752064773 0.31268132 144
1683752064839 0.31223288 145
1683752064906 0.31179094 146
1683752064971 0.31135535 147
1683752065037 0.31092602 148
1683752065101 0.31050283 149
1683752065166 0.31008568 150
1683752065232 0.3096745 151
1683752065299 0.30926913 152
1683752065363 0.30886957 153
1683752065430 0.30847564 154
1683752065494 0.30808732 155
1683752065561 0.30770448 156
1683752065626 0.30732703 157
1683752065692 0.30695495 158
1683752065757 0.3065881 159
1683752065822 0.30622643 160
1683752065888 0.30586988 161
1683752065953 0.30551827 162
1683752066021 0.30517167 163
1683752066085 0.30482996 164
1683752066150 0.30449307 165
1683752066219 0.3041609 166
1683752066285 0.30383343 167
1683752066350 0.3035106 168
1683752066415 0.30319232 169
1683752066479 0.30287853 170
1683752066544 0.30256915 171
1683752066608 0.30226418 172
1683752066672 0.30196354 173
1683752066739 0.30166718 174
1683752066804 0.30137503 175
1683752066867 0.30108702 176
1683752066931 0.30080315 177
1683752066994 0.30052334 178
1683752067275 0.30024755 179
1683752067417 0.29997572 180
1683752067542 0.29970777 181
1683752067612 0.29944372 182
1683752067679 0.29918352 183
1683752067744 0.29892707 184
1683752067809 0.29867437 185
1683752067878 0.29842538 186
1683752067945 0.29817998 187
1683752068011 0.29793823 188
1683752068075 0.29770005 189
1683752068142 0.29746538 190
1683752068209 0.29723424 191
1683752068274 0.2970065 192
1683752068338 0.2967822 193
1683752068544 0.29656124 194
1683752068716 0.29634362 195
1683752068827 0.29612935 196
1683752068892 0.29591835 197
1683752068957 0.2957105 198
1683752069024 0.29550594 199
1683752069089 0.2953045 200
1683752069156 0.29510617 201
1683752069223 0.29491097 202
1683752069289 0.2947188 203
1683752069353 0.2945297 204
1683752069417 0.2943436 205
1683752069480 0.29416043 206
1683752069546 0.29398024 207
1683752069612 0.29380295 208
1683752069677 0.29362857 209
1683752069763 0.29345697 210
1683752069936 0.29328826 211
1683752070020 0.29312232 212
1683752070086 0.29295915 213
1683752070151 0.2927987 214
1683752070220 0.29264098 215
1683752070286 0.29248595 216
1683752070352 0.2923336 217
1683752070418 0.29218385 218
1683752070482 0.2920367 219
1683752070548 0.29189217 220
1683752070613 0.29175016 221
1683752070680 0.29161072 222
1683752070749 0.29147375 223
1683752070815 0.29133928 224
1683752070879 0.29120725 225
1683752070946 0.2910777 226
1683752071010 0.2909505 227
1683752071074 0.29082575 228
1683752071140 0.29070333 229
1683752071208 0.2905833 230
1683752071275 0.29046553 231
1683752071341 0.29035008 232
1683752071405 0.29023695 233
1683752071472 0.29012606 234
1683752071537 0.29001743 235
1683752071601 0.28991094 236
1683752071667 0.2898067 237
1683752071733 0.28970462 238
1683752071801 0.2896047 239
1683752071865 0.2895069 240
1683752071941 0.28941125 241
1683752072009 0.28931767 242
1683752072074 0.28922614 243
1683752072138 0.28913674 244
1683752072205 0.28904933 245
1683752072271 0.2889639 246
1683752072339 0.28888053 247
1683752072405 0.28879917 248
1683752072471 0.2887197 249
1683752072534 0.28864223 250
