1683752224026 1.266156878659506 1
1683752224108 1.2124603857947907 2
1683752224181 1.2391652024137818 3
1683752224252 1.2949650284476348 4
1683752224319 1.350257502881425 5
1683752224385 1.3939926991360985 6
1683752224454 1.42481017331127 7
1683752224521 1.44529339415501 8
1683752224588 1.4588267647829833 9
1683752224655 1.4682600914862667 10
1683752224725 1.4755717282919112 11
1683752224792 1.4819543765103989 12
1683752224862 1.4880303177096397 13
1683752224931 1.4940719185577491 14
1683752225001 1.5001643220473388 15
1683752225068 1.5062954324248747 16
1683752225136 1.5123970146315078 17
1683752225205 1.5183623861729323 18
1683752225272 1.524059211568036 19
1683752225342 1.529341819193259 20
1683752225409 1.5340634706760823 21
1683752225477 1.538089515662436 22
1683752225544 1.5413085039905767 23
1683752225613 1.543639781000463 24
1683752225683 1.5450387766912317 25
1683752225750 1.5454969775968532 26
1683752225819 1.5450408045320758 27
1683752225887 1.543727554913049 28
1683752225955 1.5416401727116038 29
1683752226023 1.5388827863385797 30
1683752226090 1.5355732743716772 31
1683752226159 1.531839010760602 32
1683752226227 1.5278103535156553 33
1683752226291 1.5236158687913455 34
1683752226357 1.5193779676360832 35
1683752226423 1.5152099547521605 36
1683752226487 1.511213118518914 37
1683752226554 1.5074756396925917 38
1683752226631 1.5040714579039833 39
1683752226702 1.501060884060501 40
1683752226771 1.4984907981063502 41
1683752226838 1.496395813163689 42
1683752226903 1.494799276846079 43
1683752226969 1.4937149307635673 44
1683752227032 1.493147776272249 45
1683752227099 1.4930962193517683 46
1683752227166 1.4935525664576796 47
1683752227232 1.494504651351408 48
1683752227296 1.4959367421718803 49
1683752227361 1.4978309200417663 50
1683752227426 1.5001671334087119 51
1683752227489 1.502924523099261 52
1683752227553 1.5060814534999911 53
1683752227622 1.5096168262168674 54
1683752227689 1.5135097531836985 55
1683752227753 1.5177395523224737 56
1683752227820 1.52228721464241 57
1683752227892 1.527134245265843 58
1683752227957 1.5322634689178032 59
1683752228022 1.5376589911398852 60
1683752228090 1.5433061042973852 61
1683752228161 1.549191617856469 62
1683752228225 1.555303167108651 63
1683752228292 1.5616297286795076 64
1683752228358 1.5681613300977473 65
1683752228423 1.5748889754025335 66
1683752228488 1.5818048768500197 67
1683752228554 1.588953925954692 68
1683752228618 1.5962794812113574 69
1683752228684 1.6037638001131147 70
1683752228750 1.6114007736767209 71
1683752228815 1.6191882975709269 72
1683752228881 1.6271255075606796 73
1683752228945 1.6352111224867114 74
1683752229009 1.6434436727868724 75
1683752229074 1.6518214476897115 76
1683752229139 1.6603425943288421 77
1683752229207 1.6690050975892645 78
1683752229274 1.677807559507288 79
1683752229338 1.686748144062863 80
1683752229404 1.6958255250099055 81
1683752229469 1.70503849425305 82
1683752229532 1.7143856441074132 83
1683752229596 1.7238658412864578 84
1683752229662 1.7334780759610626 85
1683752229730 1.7432211711879972 86
1683752229796 1.753094098645164 87
1683752229863 1.7630958175564346 88
1683752229928 1.7732250232103643 89
1683752229993 1.7834809046645537 90
1683752230058 1.7938620432821404 91
1683752230122 1.8043673456267237 92
1683752230189 1.8149960623364985 93
1683752230255 1.82574653655271 94
1683752230321 1.836617973022535 95
1683752230389 1.8476090944045982 96
1683752230454 1.8587189699046218 97
1683752230518 1.869948450002854 98
1683752230582 1.881294675930945 99
1683752230649 1.8927559099981206 100
1683752230717 1.9043309799946164 101
1683752230781 1.9160187860156703 102
1683752230846 1.9278180094155575 103
1683752230912 1.9397279703804227 104
1683752230977 1.9517471664270722 105
1683752231042 1.9638747536112005 106
1683752231108 1.9761093790114936 107
1683752231176 1.9884501299015542 108
1683752231242 2.0008955090020746 109
1683752231307 2.0134449933405265 110
1683752231376 2.026097195727731 111
1683752231441 2.038850958570682 112
1683752231505 2.0517053779598555 113
1683752231570 2.0646592731608955 114
1683752231653 2.077711602548481 115
1683752231722 2.090861417826564 116
1683752231787 2.104107649233264 117
1683752231853 2.1174494535407535 118
1683752231921 2.130885392996671 119
1683752231986 2.1444149967016104 120
1683752232051 2.158037083049675 121
1683752232117 2.171750722741157 122
1683752232184 2.1855547909249653 123
1683752232253 2.19944838059871 124
1683752232317 2.2134310501744867 125
1683752232385 2.2275014443630106 126
1683752232452 2.2416588084473283 127
1683752232517 2.2559020532877643 128
1683752232583 2.270230644006965 129
1683752232650 2.2846432959340213 130
1683752232719 2.2991397484044747 131
1683752232785 2.31371847458509 132
1683752232851 2.3283794405111937 133
1683752232921 2.343120898926939 134
1683752232987 2.357943029551117 135
1683752233052 2.3728444852960715 136
1683752233121 2.387824305627875 137
1683752233187 2.4028819164648842 138
1683752233252 2.4180167810270783 139
1683752233336 2.433228108032326 140
1683752233401 2.4485144700242785 141
1683752233467 2.4638762555794878 142
1683752233531 2.479311532273171 143
1683752233595 2.4948205007102078 144
1683752233661 2.510402213855043 145
1683752233726 2.5260556809672368 146
1683752233791 2.5417804145081395 147
1683752233855 2.5575754783794715 148
1683752233920 2.5734405898273125 149
1683752233987 2.589374574507523 150
1683752234051 2.605377462568431 151
1683752234117 2.6214478362238918 152
1683752234184 2.63758546445448 153
1683752234248 2.653789655894457 154
1683752234314 2.670059501019436 155
1683752234380 2.686394569779911 156
1683752234445 2.7027941518316303 157
1683752234512 2.7192578424445717 158
1683752234576 2.7357844756062857 159
1683752234640 2.7523741040677248 160
1683752234718 2.7690254112741193 161
1683752234790 2.7857383886713185 162
1683752234857 2.802512177699792 163
1683752234922 2.819346140528727 164
1683752234988 2.8362395981786244 165
1683752235056 2.8531922005704007 166
1683752235119 2.8702032585545654 167
1683752235185 2.8872719575915013 168
1683752235250 2.9043981079750205 169
1683752235313 2.921580870348145 170
1683752235376 2.9388196160873727 171
1683752235442 2.9561137226756538 172
1683752235505 2.9734632706923185 173
1683752235570 2.9908667456728404 174
1683752235635 3.0083244642631213 175
1683752235703 3.0258350866545123 176
1683752235767 3.04339851637753 177
1683752235833 3.061014146733516 178
1683752235897 3.078681130459229 179
1683752235961 3.0963995902046406 180
1683752236027 3.114168471755674 181
1683752236092 3.131987652899135 182
1683752236158 3.1498556067863515 183
1683752236225 3.1677726745344343 184
1683752236298 3.1857385154708506 185
1683752236371 3.2037518730194527 186
1683752236446 3.2218128458880795 187
1683752236522 3.2399204030350233 188
1683752236591 3.2580746627042103 189
1683752236662 3.276274384555794 190
1683752236730 3.2945194465303906 191
1683752236795 3.3128095042457977 192
1683752236858 3.3311430737254524 193
1683752236925 3.3495212266182888 194
1683752236990 3.3679420217688993 195
1683752237056 3.3864060286151974 196
1683752237121 3.404912260157453 197
1683752237190 3.423459905795916 198
1683752237255 3.4420491339576342 199
1683752237321 3.4606789241867437 200
1683752237387 3.4793496204663756 201
1683752237453 3.4980593347541653 202
1683752237518 3.516808418966188 203
1683752237582 3.5355965877271367 204
1683752237648 3.5544232573656744 205
1683752237719 3.5732874481049324 206
1683752237786 3.5921893429060647 207
1683752237852 3.611127866411353 208
1683752237920 3.63010279621287 209
1683752237986 3.64911402254549 210
1683752238052 3.668160802515691 211
1683752238120 3.6872418504938826 212
1683752238187 3.7063578530276606 213
1683752238254 3.725508259207433 214
1683752238317 3.744692063166256 215
1683752238381 3.7639092331919066 216
1683752238446 3.783158989586969 217
1683752238513 3.802441059817691 218
1683752238577 3.821754872983184 219
1683752238642 3.8410999721452903 220
1683752238707 3.8604764877603532 221
1683752238773 3.8798829766828016 222
1683752238838 3.8993192354922366 223
1683752238903 3.9187856063727775 224
1683752238968 3.9382810815778457 225
1683752239033 3.9578051805997307 226
1683752239099 3.9773575962951453 227
1683752239165 3.996937801272953 228
1683752239233 4.016545298895748 229
1683752239299 4.036179826841808 230
1683752239364 4.055840606489943 231
1683752239430 4.075527850461591 232
1683752239497 4.09524079890477 233
1683752239563 4.114978950693239 234
1683752239627 4.134742254884207 235
1683752239695 4.154529526559507 236
1683752239761 4.17434069880053 237
1683752239828 4.194175519319862 238
1683752239892 4.214033698600657 239
1683752239960 4.233914491154936 240
1683752240024 4.2538183687992515 241
1683752240088 4.273743383480099 242
1683752240262 4.2936902259085095 243
1683752240374 4.31365838090242 244
1683752240461 4.333646893999591 245
1683752240525 4.353656181091692 246
1683752240591 4.373685289335581 247
1683752240656 4.393734176589368 248
1683752240722 4.413801894122293 249
1683752240786 4.433845088947915 250
