1684650223201 53.60113 1
1684650223285 44.8329 2
1684650223363 34.064972 3
1684650223432 25.393684 4
1684650223501 21.77889 5
1684650223570 21.753246 6
1684650223648 22.311731 7
1684650223718 22.397556 8
1684650223802 22.085026 9
1684650223871 21.672377 10
1684650223934 21.3451 11
1684650224018 21.152763 12
1684650224087 21.05928 13
1684650224172 21.052582 14
1684650224250 21.11656 15
1684650224319 21.223864 16
1684650224388 21.364758 17
1684650224466 21.528656 18
1684650224535 21.704428 19
1684650224620 21.883055 20
1684650224689 22.059254 21
1684650224767 22.226711 22
1684650224836 22.380325 23
1684650224905 22.528578 24
1684650224990 22.677351 25
1684650225074 22.83094 26
1684650225153 22.991585 27
1684650225237 23.158903 28
1684650225306 23.331688 29
1684650225375 23.507294 30
1684650225438 23.679127 31
1684650225507 23.84478 32
1684650225591 24.008102 33
1684650225654 24.174322 34
1684650225723 24.34945 35
1684650225808 24.534636 36
1684650225877 24.728525 37
1684650225939 24.929407 38
1684650226008 25.131996 39
1684650226093 25.327377 40
1684650226171 25.515102 41
1684650226240 25.69856 42
1684650226309 25.88072 43
1684650226378 26.059364 44
1684650226456 26.22303 45
1684650226525 26.346527 46
1684650226594 26.422844 47
1684650226672 26.488293 48
1684650226741 26.576408 49
1684650226810 26.69633 50
1684650226895 26.838078 51
1684650226958 26.975058 52
1684650227027 27.059399 53
1684650227096 27.018764 54
1684650227174 26.760847 55
1684650227243 26.335695 56
1684650227312 25.903801 57
1684650227396 25.58219 58
1684650227459 25.40144 59
1684650227544 25.33416 60
1684650227613 25.32333 61
1684650227682 25.303768 62
1684650227744 25.222334 63
1684650227829 25.053097 64
1684650227898 24.806932 65
1684650227960 24.537663 66
1684650228029 24.307564 67
1684650228098 24.146406 68
1684650228183 24.047832 69
1684650228245 23.981762 70
1684650228315 23.91076 71
1684650228384 23.808647 72
1684650228462 23.673124 73
1684650228531 23.52173 74
1684650228600 23.376884 75
1684650228731 23.25376 76
1684650228800 23.15532 77
1684650228863 23.073269 78
1684650228932 22.993168 79
1684650229001 22.901428 80
1684650229079 22.791054 81
1684650229148 22.66364 82
1684650229233 22.527134 83
1684650229302 22.391327 84
1684650229364 22.262486 85
1684650229433 22.137539 86
1684650229518 22.005491 87
1684650229618 21.854504 88
1684650229687 21.676199 89
1684650229750 21.466986 90
1684650229834 21.227417 91
1684650229903 20.960701 92
1684650229966 20.671375 93
1684650230050 20.364601 94
1684650230119 20.045912 95
1684650230188 19.720848 96
1684650230267 19.394173 97
1684650230336 19.068863 98
1684650230405 18.745474 99
1684650230467 18.422224 100
1684650230536 18.095879 101
1684650230605 17.763023 102
1684650230683 17.421251 103
1684650230752 17.06976 104
1684650230821 16.709137 105
1684650230890 16.340553 106
1684650230969 15.964708 107
1684650231022 15.581255 108
1684650231107 15.188988 109
1684650231169 14.786839 110
1684650231238 14.375263 111
1684650231323 13.957346 112
1684650231392 13.539007 113
1684650231470 13.128149 114
1684650231539 12.733076 115
1684650231608 12.360922 116
1684650231670 12.016607 117
1684650231739 11.702576 118
1684650231808 11.419147 119
1684650231887 11.165247 120
1684650231956 10.939281 121
1684650232025 10.739957 122
1684650232094 10.566839 123
1684650232172 10.420353 124
1684650232241 10.30101 125
1684650232310 10.2082 126
1684650232388 10.139444 127
1684650232457 10.0906 128
1684650232526 10.056707 129
1684650232595 10.032849 130
1684650232658 10.014776 131
1684650232727 9.999323 132
1684650232796 9.9845915 133
1684650232874 9.969909 134
1684650232943 9.955502 135
1684650233012 9.942048 136
1684650233096 9.930235 137
1684650233175 9.920451 138
1684650233244 9.912671 139
1684650233313 9.906478 140
1684650233397 9.901158 141
1684650233460 9.895853 142
1684650233544 9.889689 143
1684650233613 9.88192 144
1684650233676 9.872005 145
1684650233745 9.85966 146
1684650233814 9.844859 147
1684650233892 9.82781 148
1684650233961 9.80892 149
1684650234030 9.788766 150
1684650234099 9.768068 151
1684650234347 9.747635 152
1684650234478 9.728286 153
1684650234547 9.710749 154
1684650234632 9.695568 155
1684650234701 9.683043 156
1684650234779 9.673218 157
1684650234848 9.665935 158
1684650234917 9.660881 159
1684650234995 9.657661 160
1684650235064 9.655849 161
1684650235133 9.65502 162
1684650235218 9.654793 163
1684650235280 9.654855 164
1684650235365 9.654982 165
1684650235434 9.655042 166
1684650235503 9.654991 167
1684650235581 9.654848 168
1684650235650 9.654665 169
1684650235719 9.654507 170
1684650235797 9.654425 171
1684650235866 9.654446 172
1684650235935 9.654578 173
1684650236004 9.6548 174
1684650236083 9.655086 175
1684650236152 9.655397 176
1684650236221 9.655706 177
1684650236299 9.655993 178
1684650236368 9.656246 179
1684650236437 9.656466 180
1684650236506 9.656658 181
1684650236584 9.656834 182
1684650236653 9.657 183
1684650236722 9.657164 184
1684650236807 9.65733 185
1684650236885 9.657494 186
1684650236954 9.657654 187
1684650237023 9.657805 188
1684650237085 9.657946 189
1684650237154 9.658069 190
1684650237223 9.6581745 191
1684650237302 9.658263 192
1684650237371 9.658339 193
1684650237440 9.658401 194
1684650237509 9.658455 195
1684650237587 9.658501 196
1684650237656 9.658543 197
1684650237725 9.658581 198
1684650237803 9.658614 199
1684650237872 9.658643 200
1684650237941 9.658668 201
1684650238010 9.658686 202
1684650238088 9.6587 203
1684650238157 9.658709 204
1684650238226 9.658714 205
1684650238304 9.658715 206
1684650238373 9.658714 207
1684650238442 9.658712 208
1684650238527 9.658709 209
1684650238590 9.658705 210
1684650238674 9.658701 211
1684650238743 9.658699 212
1684650238812 9.658693 213
1684650238890 9.6586895 214
1684650238959 9.658684 215
1684650239028 9.658677 216
1684650239091 9.65867 217
1684650239160 9.658665 218
1684650239245 9.658657 219
1684650239314 9.658651 220
1684650239376 9.658645 221
1684650239445 9.65864 222
1684650239530 9.658634 223
1684650239592 9.65863 224
1684650239677 9.658626 225
1684650239746 9.658623 226
1684650239815 9.658618 227
1684650239893 9.658615 228
1684650239962 9.65861 229
1684650240047 9.6586075 230
1684650240116 9.658606 231
1684650240216 9.658604 232
1684650240294 9.658601 233
1684650240379 9.658599 234
1684650240479 9.658598 235
1684650240564 9.658596 236
1684650240633 9.658594 237
1684650240717 9.658593 238
1684650240780 9.658593 239
1684650240849 9.658593 240
1684650240934 9.658593 241
1684650240996 9.658592 242
1684650241065 9.658591 243
1684650241150 9.658591 244
1684650241234 9.65859 245
1684650241319 9.65859 246
1684650241382 9.65859 247
1684650241466 9.65859 248
1684650241535 9.65859 249
1684650241598 9.65859 250
