1684649201828 58.63123 1
1684649201897 58.458267 2
1684649201982 58.081757 3
1684649202044 57.95717 4
1684649202113 57.734966 5
1684649202182 57.516506 6
1684649202261 57.172287 7
1684649202330 56.647606 8
1684649202399 55.766853 9
1684649202483 54.803787 10
1684649202561 54.04916 11
1684649202630 53.47029 12
1684649202700 52.151314 13
1684649202778 50.62088 14
1684649202847 49.201603 15
1684649202916 47.445965 16
1684649202985 43.92785 17
1684649203063 43.52887 18
1684649203132 42.160122 19
1684649203201 39.569103 20
1684649203286 36.756634 21
1684649203348 33.61383 22
1684649203417 29.555618 23
1684649203502 24.602951 24
1684649203580 20.038647 25
1684649203649 16.519197 26
1684649203718 14.689941 27
1684649203787 13.128964 28
1684649203865 12.341848 29
1684649203934 12.137463 30
1684649204003 11.771345 31
1684649204088 11.184026 32
1684649204150 10.613583 33
1684649204219 10.152481 34
1684649204288 9.780886 35
1684649204367 9.550711 36
1684649204436 9.555811 37
1684649204505 9.587654 38
1684649204583 9.626455 39
1684649204652 9.628464 40
1684649204721 9.571323 41
1684649204790 9.460007 42
1684649204868 9.324718 43
1684649204937 9.20551 44
1684649205006 9.207114 45
1684649205084 9.260791 46
1684649205153 9.317996 47
1684649205222 9.380978 48
1684649205291 9.448626 49
1684649205369 9.513793 50
1684649205439 9.564383 51
1684649205508 9.589433 52
1684649205586 9.585416 53
1684649205655 9.55744 54
1684649205724 9.516233 55
1684649205793 9.473928 56
1684649205855 9.440489 57
1684649205940 9.421862 58
1684649206009 9.419826 59
1684649206071 9.432681 60
1684649206140 9.456168 61
1684649206225 9.484536 62
1684649206294 9.511845 63
1684649206357 9.53336 64
1684649206426 9.54656 65
1684649206510 9.551378 66
1684649206573 9.549672 67
1684649206642 9.544302 68
1684649206711 9.5382185 69
1684649206789 9.533829 70
1684649206858 9.532639 71
1684649206927 9.535177 72
1684649206996 9.541096 73
1684649207059 9.549422 74
1684649207128 9.558876 75
1684649207197 9.568176 76
1684649207275 9.57629 77
1684649207360 9.582584 78
1684649207444 9.586885 79
1684649207529 9.589418 80
1684649207598 9.590705 81
1684649207676 9.591385 82
1684649207745 9.592064 83
1684649207814 9.5931835 84
1684649207892 9.594954 85
1684649207961 9.597344 86
1684649208030 9.60015 87
1684649208099 9.60306 88
1684649208177 9.605757 89
1684649208246 9.607996 90
1684649208316 9.609646 91
1684649208378 9.610701 92
1684649208447 9.611268 93
1684649208532 9.611515 94
1684649208601 9.611627 95
1684649208663 9.611757 96
1684649208732 9.612 97
1684649208817 9.612382 98
1684649208879 9.612865 99
1684649208948 9.613381 100
1684649209017 9.613843 101
1684649209202 9.61418 102
1684649209381 9.614351 103
1684649209450 9.614353 104
1684649209519 9.614212 105
1684649209603 9.613979 106
1684649209666 9.613708 107
1684649209735 9.613447 108
1684649209804 9.613228 109
1684649209882 9.613063 110
1684649209951 9.612946 111
1684649210020 9.612855 112
1684649210098 9.61277 113
1684649210167 9.612669 114
1684649210236 9.612536 115
1684649210305 9.61237 116
1684649210383 9.612175 117
1684649210452 9.611965 118
1684649210521 9.611755 119
1684649210600 9.611559 120
1684649210669 9.611384 121
1684649210738 9.611238 122
1684649210807 9.6111145 123
1684649210885 9.6110115 124
1684649210954 9.610921 125
1684649211023 9.610835 126
1684649211101 9.610748 127
1684649211170 9.61066 128
1684649211239 9.610567 129
1684649211308 9.610476 130
1684649211386 9.610388 131
1684649211455 9.610308 132
1684649211524 9.610235 133
1684649211602 9.610176 134
1684649211671 9.610129 135
1684649211841 9.610092 136
1684649212026 9.610064 137
1684649212126 9.610039 138
1684649212210 9.610016 139
1684649212289 9.609993 140
1684649212358 9.60997 141
1684649212442 9.609947 142
1684649212511 9.609927 143
1684649212589 9.609909 144
1684649212659 9.609896 145
1684649212728 9.609886 146
1684649212806 9.60988 147
1684649212875 9.609879 148
1684649212944 9.60988 149
1684649213013 9.609881 150
1684649213075 9.609884 151
1684649213176 9.609888 152
1684649213245 9.60989 153
1684649213314 9.609892 154
1684649213392 9.609894 155
1684649213461 9.609896 156
1684649213530 9.609898 157
1684649213592 9.6098995 158
1684649213661 9.609903 159
1684649213730 9.609905 160
1684649213815 9.609908 161
1684649213878 9.609911 162
1684649213947 9.609915 163
1684649214016 9.609919 164
1684649214078 9.609923 165
1684649214147 9.609928 166
1684649214232 9.609932 167
1684649214294 9.609936 168
1684649214363 9.60994 169
1684649214432 9.6099415 170
1684649214495 9.609943 171
1684649214580 9.609945 172
1684649214649 9.609948 173
1684649214718 9.609951 174
1684649214796 9.609953 175
1684649214865 9.609956 176
1684649214934 9.609959 177
1684649214996 9.609961 178
1684649215065 9.609962 179
1684649215134 9.609963 180
1684649215197 9.609964 181
1684649215266 9.609964 182
1684649215335 9.609964 183
1684649215413 9.609965 184
1684649215498 9.609966 185
1684649215567 9.609966 186
1684649215636 9.609966 187
1684649215720 9.609966 188
1684649215783 9.609965 189
1684649215852 9.609965 190
1684649215921 9.609965 191
1684649215999 9.609965 192
1684649216068 9.609965 193
1684649216137 9.609965 194
1684649216200 9.609965 195
1684649216269 9.609965 196
1684649216338 9.609965 197
1684649216422 9.609965 198
1684649216485 9.609965 199
1684649216554 9.609965 200
1684649216639 9.609965 201
1684649216701 9.609965 202
1684649216786 9.609965 203
1684649216870 9.609965 204
1684649216940 9.609965 205
1684649217024 9.609965 206
1684649217102 9.609965 207
1684649217187 9.609965 208
1684649217272 9.609965 209
1684649217341 9.609966 210
1684649217425 9.609966 211
1684649217503 9.609966 212
1684649217588 9.609966 213
1684649217673 9.609966 214
1684649217757 9.609966 215
1684649217826 9.609966 216
1684649217889 9.609966 217
1684649217974 9.609966 218
1684649218043 9.609966 219
1684649218105 9.609965 220
1684649218190 9.609965 221
1684649218259 9.609965 222
1684649218328 9.609965 223
1684649218406 9.609965 224
1684649218475 9.609965 225
1684649218544 9.609965 226
1684649218622 9.609965 227
1684649218691 9.609965 228
1684649218760 9.609965 229
1684649218829 9.609965 230
1684649218907 9.609965 231
1684649218976 9.609965 232
1684649219045 9.609965 233
1684649219124 9.609965 234
1684649219193 9.609965 235
1684649219262 9.609965 236
1684649219331 9.609965 237
1684649219409 9.609965 238
1684649219478 9.609965 239
1684649219547 9.609965 240
1684649219609 9.609965 241
1684649219678 9.609965 242
1684649219763 9.609965 243
1684649219832 9.609965 244
1684649219895 9.609965 245
1684649220196 9.609965 246
1684649220280 9.609965 247
1684649220465 9.609965 248
1684649220534 9.609965 249
1684649220612 9.609965 250
