1684649711071 56.855892 1
1684649711155 56.345673 2
1684649711240 55.725574 3
1684649711309 49.402122 4
1684649711394 39.84385 5
1684649711487 30.141315 6
1684649711556 23.567408 7
1684649711641 19.180828 8
1684649711726 16.35437 9
1684649711795 15.24316 10
1684649711873 14.306746 11
1684649711942 13.853565 12
1684649712011 13.64986 13
1684649712096 13.4808035 14
1684649712158 13.293732 15
1684649712227 13.056993 16
1684649712312 12.49007 17
1684649712397 11.667042 18
1684649712475 10.939577 19
1684649712544 10.531485 20
1684649712613 10.35141 21
1684649712691 10.249575 22
1684649712760 10.169817 23
1684649712829 10.115099 24
1684649712898 10.087279 25
1684649712976 10.0785265 26
1684649713045 10.076031 27
1684649713114 10.068535 28
1684649713192 10.055736 29
1684649713261 10.043709 30
1684649713330 10.036219 31
1684649713399 10.03339 32
1684649713477 10.0347185 33
1684649713547 10.040775 34
1684649713631 10.05269 35
1684649713700 10.070427 36
1684649713763 10.08992 37
1684649713847 10.099415 38
1684649713916 10.088086 39
1684649714001 10.059987 40
1684649714079 10.034945 41
1684649714148 10.025829 42
1684649714217 10.025358 43
1684649714280 10.023945 44
1684649714349 10.021545 45
1684649714433 10.022842 46
1684649714503 10.031747 47
1684649714581 10.0497875 48
1684649714650 10.076749 49
1684649714719 10.111517 50
1684649714797 10.151667 51
1684649714866 10.192323 52
1684649714935 10.2305155 53
1684649715004 10.261298 54
1684649715082 10.26962 55
1684649715151 10.237591 56
1684649715220 10.169215 57
1684649715283 10.085417 58
1684649715352 10.046149 59
1684649715421 10.050248 60
1684649715505 10.056133 61
1684649715583 10.051455 62
1684649715653 10.045599 63
1684649715722 10.046292 64
1684649715784 10.056186 65
1684649715853 10.0748825 66
1684649715922 10.100711 67
1684649716000 10.130533 68
1684649716069 10.159417 69
1684649716138 10.185311 70
1684649716207 10.211462 71
1684649716285 10.239059 72
1684649716354 10.260173 73
1684649716424 10.247076 74
1684649716502 10.180738 75
1684649716571 10.102161 76
1684649716640 10.067311 77
1684649716709 10.069429 78
1684649716787 10.062288 79
1684649716856 10.045774 80
1684649716925 10.03406 81
1684649716987 10.031755 82
1684649717072 10.038918 83
1684649717141 10.053945 84
1684649717210 10.0736685 85
1684649717273 10.095236 86
1684649717342 10.118469 87
1684649717411 10.143781 88
1684649717489 10.168132 89
1684649717558 10.177265 90
1684649717627 10.150171 91
1684649717705 10.097753 92
1684649717774 10.06183 93
1684649717843 10.05407 94
1684649717912 10.050056 95
1684649717990 10.03833 96
1684649718059 10.026663 97
1684649718128 10.022193 98
1684649718191 10.027086 99
1684649718260 10.04097 100
1684649718329 10.061317 101
1684649718407 10.081807 102
1684649718476 10.0927925 103
1684649718545 10.091593 104
1684649718630 10.085523 105
1684649718692 10.078253 106
1684649718761 10.067578 107
1684649718846 10.051585 108
1684649719031 10.036707 109
1684649719107 10.027417 110
1684649719178 10.022694 111
1684649719247 10.020676 112
1684649719316 10.021868 113
1684649719394 10.028122 114
1684649719463 10.04122 115
1684649719532 10.061419 116
1684649719610 10.085855 117
1684649719679 10.104868 118
1684649719748 10.103846 119
1684649719817 10.080055 120
1684649719895 10.05178 121
1684649719964 10.038385 122
1684649720033 10.035967 123
1684649720118 10.031246 124
1684649720181 10.023664 125
1684649720250 10.019892 126
1684649720319 10.023712 127
1684649720397 10.035344 128
1684649720481 10.053938 129
1684649720551 10.077073 130
1684649720620 10.097597 131
1684649720698 10.103538 132
1684649720767 10.088268 133
1684649720836 10.0604725 134
1684649720898 10.038079 135
1684649720967 10.029247 136
1684649721052 10.026922 137
1684649721121 10.023915 138
1684649721199 10.020795 139
1684649721268 10.021517 140
1684649721337 10.028759 141
1684649721415 10.04246 142
1684649721484 10.059069 143
1684649721553 10.07169 144
1684649721622 10.074164 145
1684649721700 10.066393 146
1684649721770 10.054116 147
1684649721839 10.043511 148
1684649721901 10.0373 149
1684649721970 10.035436 150
1684649722055 10.037273 151
1684649722124 10.042334 152
1684649722202 10.049747 153
1684649722271 10.057711 154
1684649722356 10.063835 155
1684649722440 10.066364 156
1684649722519 10.06516 157
1684649722603 10.061573 158
1684649722688 10.057449 159
1684649722757 10.054203 160
1684649722842 10.052518 161
1684649722920 10.052435 162
1684649723004 10.053591 163
1684649723089 10.055371 164
1684649723174 10.057075 165
1684649723243 10.058122 166
1684649723305 10.058247 167
1684649723374 10.057554 168
1684649723459 10.056408 169
1684649723528 10.055233 170
1684649723590 10.054369 171
1684649723675 10.053978 172
1684649723744 10.054059 173
1684649723807 10.054483 174
1684649723876 10.055054 175
1684649723960 10.0555725 176
1684649724029 10.055899 177
1684649724092 10.055982 178
1684649724161 10.055863 179
1684649724230 10.055644 180
1684649724731 10.055445 181
1684649724963 10.055359 182
1684649725048 10.055434 183
1684649725110 10.055669 184
1684649725179 10.056019 185
1684649725264 10.056416 186
1684649725333 10.056789 187
1684649725396 10.057084 188
1684649725465 10.057274 189
1684649725549 10.057362 190
1684649725612 10.057372 191
1684649725696 10.057339 192
1684649725765 10.057298 193
1684649725834 10.05727 194
1684649725897 10.057268 195
1684649725982 10.05729 196
1684649726051 10.057324 197
1684649726129 10.057362 198
1684649726198 10.057392 199
1684649726267 10.057409 200
1684649726336 10.057413 201
1684649726414 10.05741 202
1684649726483 10.057402 203
1684649726552 10.057394 204
1684649726630 10.05739 205
1684649726699 10.057388 206
1684649726768 10.057388 207
1684649726837 10.057388 208
1684649726915 10.057385 209
1684649726984 10.057382 210
1684649727053 10.057375 211
1684649727116 10.057369 212
1684649727185 10.057364 213
1684649727254 10.057363 214
1684649727332 10.057362 215
1684649727401 10.057362 216
1684649727470 10.0573635 217
1684649727539 10.057362 218
1684649727602 10.05736 219
1684649727686 10.057355 220
1684649727755 10.05735 221
1684649727834 10.057344 222
1684649727903 10.05734 223
1684649727972 10.057337 224
1684649728041 10.057335 225
1684649728103 10.057336 226
1684649728188 10.057337 227
1684649728257 10.057339 228
1684649728319 10.05734 229
1684649728388 10.05734 230
1684649728457 10.057338 231
1684649728542 10.057335 232
1684649728620 10.057333 233
1684649728689 10.057329 234
1684649728758 10.057327 235
1684649728836 10.057327 236
1684649728905 10.057329 237
1684649728974 10.057331 238
1684649729052 10.057331 239
1684649729122 10.057333 240
1684649729206 10.057333 241
1684649729275 10.057333 242
1684649729344 10.057332 243
1684649729406 10.057331 244
1684649729475 10.057331 245
1684649729560 10.057331 246
1684649729623 10.057331 247
1684649729692 10.057331 248
1684649729776 10.057332 249
1684649729845 10.057332 250
