1684651792162 57.92971 1
1684651792247 57.816544 2
1684651792310 57.74507 3
1684651792394 56.598145 4
1684651792463 54.85714 5
1684651792541 52.94463 6
1684651792611 51.21095 7
1684651792680 49.936275 8
1684651792749 49.198074 9
1684651792827 48.84746 10
1684651792896 48.713707 11
1684651792965 48.29299 12
1684651793050 45.904724 13
1684651793112 42.477093 14
1684651793197 37.680557 15
1684651793266 30.466457 16
1684651793344 22.82752 17
1684651793413 17.64392 18
1684651793482 15.477262 19
1684651793567 14.082331 20
1684651793629 12.414709 21
1684651793698 11.374576 22
1684651793767 11.300876 23
1684651793852 11.6688595 24
1684651793915 11.492111 25
1684651793984 10.111362 26
1684651794068 8.92294 27
1684651794146 8.813673 28
1684651794215 9.184235 29
1684651794300 9.147019 30
1684651794369 8.778142 31
1684651794432 8.566617 32
1684651794516 8.619502 33
1684651794585 8.766995 34
1684651794654 8.878826 35
1684651794733 8.930318 36
1684651794802 8.899458 37
1684651794871 8.747278 38
1684651794949 8.582183 39
1684651795018 8.502299 40
1684651795102 8.505221 41
1684651795171 8.526112 42
1684651795256 8.522997 43
1684651795334 8.5031185 44
1684651795403 8.487911 45
1684651795488 8.486631 46
1684651795573 8.497473 47
1684651795673 8.513599 48
1684651795735 8.527569 49
1684651795820 8.541918 50
1684651795905 8.561925 51
1684651795989 8.589867 52
1684651796074 8.6082115 53
1684651796152 8.570078 54
1684651796221 8.51219 55
1684651796290 8.481646 56
1684651796375 8.475028 57
1684651796453 8.474878 58
1684651796522 8.475388 59
1684651796591 8.479246 60
1684651796660 8.490253 61
1684651796738 8.510244 62
1684651796807 8.538757 63
1684651796876 8.572576 64
1684651796939 8.602642 65
1684651797008 8.613283 66
1684651797077 8.597754 67
1684651797155 8.567145 68
1684651797209 8.537964 69
1684651797278 8.519166 70
1684651797356 8.511438 71
1684651797425 8.512754 72
1684651797494 8.521664 73
1684651797563 8.537172 74
1684651797641 8.557516 75
1684651797710 8.579317 76
1684651797779 8.597807 77
1684651797842 8.608354 78
1684651797911 8.608665 79
1684651797980 8.600018 80
1684651798042 8.58642 81
1684651798127 8.5724945 82
1684651798196 8.561674 83
1684651798280 8.555608 84
1684651798343 8.554492 85
1684651798412 8.557622 86
1684651798497 8.563721 87
1684651798566 8.571114 88
1684651798628 8.5779705 89
1684651798697 8.5827055 90
1684651798766 8.584417 91
1684651798845 8.583123 92
1684651798914 8.579651 93
1684651798983 8.575254 94
1684651799045 8.57116 95
1684651799130 8.568255 96
1684651799199 8.566955 97
1684651799268 8.567234 98
1684651799346 8.568733 99
1684651799415 8.570879 100
1684651799484 8.573048 101
1684651799547 8.5746975 102
1684651799616 8.575499 103
1684651799700 8.575385 104
1684651799769 8.574534 105
1684651799832 8.573282 106
1684651799901 8.572 107
1684651799970 8.570996 108
1684651800048 8.570456 109
1684651800117 8.570417 110
1684651800186 8.570795 111
1684651800271 8.571421 112
1684651800333 8.572096 113
1684651800402 8.572647 114
1684651800471 8.572957 115
1684651800534 8.572992 116
1684651800603 8.572792 117
1684651800672 8.572448 118
1684651800750 8.572068 119
1684651800819 8.571754 120
1684651800888 8.571569 121
1684651800966 8.571535 122
1684651801019 8.571634 123
1684651801089 8.5718155 124
1684651801167 8.572023 125
1684651801236 8.572203 126
1684651801305 8.572313 127
1684651801374 8.572345 128
1684651801436 8.572302 129
1684651801521 8.57221 130
1684651801574 8.5721035 131
1684651801652 8.572009 132
1684651801722 8.571949 133
1684651801790 8.571932 134
1684651802054 8.571957 135
1684651802154 8.572006 136
1684651802239 8.572069 137
1684651802308 8.5721245 138
1684651802377 8.572162 139
1684651802455 8.572176 140
1684651802524 8.572168 141
1684651802593 8.572144 142
1684651802655 8.572113 143
1684651802725 8.572085 144
1684651802794 8.572067 145
1684651802872 8.572059 146
1684651802925 8.572063 147
1684651802994 8.572077 148
1684651803072 8.572094 149
1684651803141 8.572109 150
1684651803295 8.572121 151
1684651803358 8.572126 152
1684651803442 8.5721245 153
1684651803511 8.572119 154
1684651803580 8.57211 155
1684651803659 8.572102 156
1684651803743 8.572094 157
1684651803812 8.572091 158
1684651803881 8.572092 159
1684651803959 8.572096 160
1684651804028 8.572102 161
1684651804097 8.572105 162
1684651804176 8.572109 163
1684651804245 8.572111 164
1684651804314 8.57211 165
1684651804383 8.572107 166
1684651804461 8.572105 167
1684651804530 8.5721035 168
1684651804599 8.572102 169
1684651804677 8.572102 170
1684651804746 8.572102 171
1684651804815 8.5721035 172
1684651804884 8.572105 173
1684651804947 8.572105 174
1684651805016 8.572106 175
1684651805085 8.572106 176
1684651805147 8.572106 177
1684651805216 8.572105 178
1684651805285 8.572104 179
1684651805364 8.5721035 180
1684651805433 8.5721035 181
1684651805502 8.5721035 182
1684651805580 8.5721035 183
1684651805649 8.5721035 184
1684651805718 8.5721035 185
1684651805787 8.5721035 186
1684651805849 8.5721035 187
1684651805934 8.5721035 188
1684651805987 8.5721035 189
1684651806066 8.572104 190
1684651806135 8.572104 191
1684651806204 8.572104 192
1684651806266 8.572104 193
1684651806351 8.572104 194
1684651806420 8.572104 195
1684651806489 8.572104 196
1684651806551 8.572104 197
1684651806620 8.572104 198
1684651806689 8.572104 199
1684651806768 8.572104 200
1684651806837 8.572104 201
1684651806906 8.572104 202
1684651806968 8.572104 203
1684651807037 8.572104 204
1684651807106 8.572105 205
1684651807184 8.572105 206
1684651807253 8.572105 207
1684651807322 8.572105 208
1684651807392 8.572105 209
1684651807470 8.572105 210
1684651807539 8.572105 211
1684651807608 8.572105 212
1684651807670 8.572105 213
1684651807739 8.572105 214
1684651807808 8.572104 215
1684651807871 8.572104 216
1684651807940 8.572104 217
1684651808009 8.572104 218
1684651808087 8.572104 219
1684651808156 8.572104 220
1684651808225 8.572104 221
1684651808294 8.572104 222
1684651808372 8.572104 223
1684651808441 8.572104 224
1684651808511 8.572105 225
1684651808573 8.572105 226
1684651808642 8.572105 227
1684651808711 8.572105 228
1684651808789 8.572105 229
1684651808858 8.572105 230
1684651808927 8.572105 231
1684651808996 8.572105 232
1684651809075 8.572105 233
1684651809144 8.572105 234
1684651809213 8.572105 235
1684651809275 8.572105 236
1684651809344 8.572105 237
1684651809429 8.572105 238
1684651809498 8.572105 239
1684651809561 8.572105 240
1684651809630 8.572105 241
1684651809698 8.572105 242
1684651809761 8.572105 243
1684651809830 8.572105 244
1684651809899 8.572105 245
1684651810077 8.572104 246
1684651810247 8.572104 247
1684651810378 8.572104 248
1684651810479 8.572104 249
1684651810579 8.572104 250
