1684650223216 53.916832 1
1684650223285 52.394028 2
1684650223370 51.017475 3
1684650223432 49.99066 4
1684650223501 47.539276 5
1684650223586 39.97089 6
1684650223648 29.948645 7
1684650223733 21.389946 8
1684650223802 17.495775 9
1684650223871 16.259594 10
1684650223949 14.626335 11
1684650224018 12.898759 12
1684650224103 12.7355995 13
1684650224172 12.620478 14
1684650224250 11.887671 15
1684650224319 10.807094 16
1684650224404 9.746151 17
1684650224473 9.46574 18
1684650224551 9.618112 19
1684650224620 9.485444 20
1684650224689 9.101015 21
1684650224774 8.959219 22
1684650224836 9.073403 23
1684650224905 9.0578785 24
1684650224990 8.855751 25
1684650225074 8.745976 26
1684650225168 8.810503 27
1684650225237 8.850702 28
1684650225306 8.767376 29
1684650225375 8.686441 30
1684650225453 8.696892 31
1684650225522 8.731916 32
1684650225591 8.716799 33
1684650225670 8.673134 34
1684650225739 8.650829 35
1684650225808 8.652223 36
1684650225877 8.664584 37
1684650225955 8.68335 38
1684650226024 8.677478 39
1684650226093 8.632173 40
1684650226177 8.602758 41
1684650226240 8.609091 42
1684650226309 8.616208 43
1684650226394 8.604287 44
1684650226456 8.592609 45
1684650226525 8.595078 46
1684650226610 8.603367 47
1684650226679 8.607759 48
1684650226741 8.605986 49
1684650226826 8.60067 50
1684650226895 8.595952 51
1684650226958 8.593852 52
1684650227027 8.59325 53
1684650227111 8.592592 54
1684650227180 8.592 55
1684650227243 8.593203 56
1684650227327 8.596548 57
1684650227396 8.59861 58
1684650227475 8.596481 59
1684650227544 8.59247 60
1684650227613 8.590379 61
1684650227682 8.590314 62
1684650227760 8.590572 63
1684650227829 8.590882 64
1684650227898 8.591946 65
1684650227960 8.59358 66
1684650228045 8.594204 67
1684650228114 8.59294 68
1684650228183 8.591057 69
1684650228245 8.590038 70
1684650228330 8.589824 71
1684650228399 8.589838 72
1684650228462 8.590149 73
1684650228531 8.590961 74
1684650228600 8.591851 75
1684650228731 8.592095 76
1684650228800 8.591576 77
1684650228878 8.590828 78
1684650228947 8.590316 79
1684650229016 8.590096 80
1684650229085 8.590101 81
1684650229148 8.590329 82
1684650229233 8.590735 83
1684650229302 8.591139 84
1684650229380 8.591354 85
1684650229449 8.591314 86
1684650229518 8.591073 87
1684650229618 8.590756 88
1684650229687 8.590489 89
1684650229765 8.590336 90
1684650229834 8.590313 91
1684650229903 8.590392 92
1684650229981 8.590531 93
1684650230050 8.5906725 94
1684650230119 8.590768 95
1684650230188 8.59079 96
1684650230267 8.590748 97
1684650230336 8.590673 98
1684650230405 8.590603 99
1684650230483 8.590563 100
1684650230552 8.590564 101
1684650230621 8.590601 102
1684650230690 8.590658 103
1684650230752 8.590717 104
1684650230821 8.590766 105
1684650230906 8.590803 106
1684650230969 8.590841 107
1684650231038 8.590896 108
1684650231107 8.590982 109
1684650231185 8.591106 110
1684650231254 8.591265 111
1684650231323 8.591439 112
1684650231392 8.591605 113
1684650231470 8.591741 114
1684650231539 8.591837 115
1684650231608 8.591899 116
1684650231670 8.591953 117
1684650231755 8.592028 118
1684650231824 8.592146 119
1684650231893 8.592325 120
1684650231956 8.592565 121
1684650232025 8.592851 122
1684650232094 8.593156 123
1684650232172 8.59344 124
1684650232241 8.593659 125
1684650232310 8.593776 126
1684650232394 8.593772 127
1684650232457 8.593667 128
1684650232526 8.593506 129
1684650232595 8.593342 130
1684650232658 8.593223 131
1684650232727 8.59317 132
1684650232811 8.593184 133
1684650232874 8.593246 134
1684650232943 8.593325 135
1684650233012 8.593385 136
1684650233096 8.593403 137
1684650233175 8.593372 138
1684650233259 8.593303 139
1684650233328 8.593217 140
1684650233397 8.59314 141
1684650233475 8.593091 142
1684650233544 8.593084 143
1684650233613 8.593123 144
1684650233676 8.593204 145
1684650233745 8.593315 146
1684650233814 8.593452 147
1684650233892 8.593606 148
1684650233961 8.593774 149
1684650234030 8.593959 150
1684650234099 8.594164 151
1684650234362 8.59439 152
1684650234494 8.594635 153
1684650234563 8.594889 154
1684650234632 8.595136 155
1684650234701 8.595357 156
1684650234779 8.595531 157
1684650234848 8.59565 158
1684650234933 8.595705 159
1684650235002 8.595707 160
1684650235064 8.59567 161
1684650235149 8.595615 162
1684650235218 8.595562 163
1684650235296 8.595522 164
1684650235365 8.595507 165
1684650235434 8.595513 166
1684650235503 8.595538 167
1684650235581 8.59557 168
1684650235650 8.595599 169
1684650235735 8.595616 170
1684650235804 8.595621 171
1684650235866 8.59561 172
1684650235935 8.595586 173
1684650236020 8.595558 174
1684650236083 8.5955305 175
1684650236152 8.595509 176
1684650236236 8.595495 177
1684650236305 8.595491 178
1684650236368 8.595493 179
1684650236453 8.5955 180
1684650236522 8.595506 181
1684650236584 8.5955105 182
1684650236653 8.5955105 183
1684650236738 8.595507 184
1684650236807 8.595499 185
1684650236885 8.5954895 186
1684650236954 8.595481 187
1684650237023 8.595472 188
1684650237101 8.5954685 189
1684650237170 8.595468 190
1684650237239 8.595468 191
1684650237308 8.5954685 192
1684650237371 8.595471 193
1684650237455 8.595472 194
1684650237509 8.595474 195
1684650237587 8.595472 196
1684650237656 8.595471 197
1684650237725 8.595469 198
1684650237809 8.595468 199
1684650237872 8.595466 200
1684650237941 8.595465 201
1684650238010 8.595465 202
1684650238088 8.595465 203
1684650238157 8.595466 204
1684650238226 8.595467 205
1684650238311 8.5954685 206
1684650238373 8.5954685 207
1684650238458 8.5954685 208
1684650238527 8.5954685 209
1684650238605 8.5954685 210
1684650238674 8.595468 211
1684650238743 8.595468 212
1684650238812 8.595468 213
1684650238890 8.595468 214
1684650238959 8.5954685 215
1684650239028 8.5954685 216
1684650239107 8.5954685 217
1684650239176 8.5954685 218
1684650239245 8.5954685 219
1684650239314 8.5954685 220
1684650239392 8.5954685 221
1684650239461 8.5954685 222
1684650239530 8.5954685 223
1684650239608 8.5954685 224
1684650239677 8.595469 225
1684650239746 8.595469 226
1684650239831 8.595469 227
1684650239893 8.595469 228
1684650239962 8.595469 229
1684650240047 8.595469 230
1684650240131 8.595469 231
1684650240216 8.595469 232
1684650240310 8.595469 233
1684650240394 8.595469 234
1684650240479 8.595469 235
1684650240564 8.595469 236
1684650240648 8.595469 237
1684650240717 8.595469 238
1684650240796 8.595469 239
1684650240865 8.595469 240
1684650240934 8.595469 241
1684650241012 8.595469 242
1684650241081 8.595469 243
1684650241150 8.595469 244
1684650241250 8.595469 245
1684650241319 8.595469 246
1684650241397 8.595469 247
1684650241466 8.595469 248
1684650241535 8.595469 249
1684650241613 8.595469 250
