1684419100041 0.5902015688502854 1
1684419100134 0.9478840059531811 2
1684419100209 1.3744533658013633 3
1684419100285 1.6400137454340016 4
1684419100358 1.7634971499129752 5
1684419100429 1.9222239850744087 6
1684419100503 2.301716529863435 7
1684419100575 2.9437077319587757 8
1684419100647 3.736394868328653 9
1684419100717 4.575441211401238 10
1684419100789 5.39526208700985 11
1684419100861 6.158327312127923 12
1684419100934 6.849679642176749 13
1684419101005 7.472493331174227 14
1684419101079 8.041199104133895 15
1684419101152 8.573600766001427 16
1684419101223 9.082901412498044 17
1684419101295 9.569497971089664 18
1684419101367 10.02294529335473 19
1684419101440 10.430662269637633 20
1684419101514 10.782351347379233 21
1684419101587 11.071889888017255 22
1684419101662 11.297029168547743 23
1684419101734 11.458529556489909 24
1684419101818 11.559710749404486 25
1684419101890 11.598591247247533 26
1684419101967 11.570065750310873 27
1684419102039 11.469586731033822 28
1684419102109 11.294526020362541 29
1684419102180 11.048486328990366 30
1684419102249 10.745056255753218 31
1684419102320 10.407822896789979 32
1684419102393 10.066264810434534 33
1684419102464 9.749117910943077 34
1684419102534 9.477830223662723 35
1684419102605 9.263569067815954 36
1684419102678 9.107623484540943 37
1684419102749 9.003449911473755 38
1684419102823 8.939969762514911 39
1684419102895 8.904386134470426 40
1684419102965 8.884385233341678 41
1684419103034 8.870052637687749 42
1684419103104 8.854938155783042 43
1684419103176 8.835966905583113 44
1684419103246 8.812445181157731 45
1684419103319 8.78502823869639 46
1684419103390 8.755080446220266 47
1684419103547 8.724062258638268 48
1684419103736 8.692690282807762 49
1684419103850 8.660509121506186 50
1684419103922 8.626369975933967 51
1684419103993 8.589597348576447 52
1684419104064 8.550849866017403 53
1684419104136 8.51190672461097 54
1684419104206 8.475009383798902 55
1684419104277 8.442139420450971 56
1684419104348 8.414444509136676 57
1684419104421 8.39202137641376 58
1684419104490 8.374021638860587 59
1684419104560 8.35897178170096 60
1684419104629 8.34517022106754 61
1684419104703 8.331040675149993 62
1684419104773 8.315342194903986 63
1684419104843 8.29719626309754 64
1684419104914 8.275970670737362 65
1684419104983 8.251124854313224 66
1684419105054 8.222137823404045 67
1684419105127 8.188566457417343 68
1684419105197 8.15022420402254 69
1684419105268 8.10736193379381 70
1684419105339 8.060715121259951 71
1684419105410 8.011388817355117 72
1684419105482 7.960650751786082 73
1684419105552 7.909737126038302 74
1684419105621 7.859698147168531 75
1684419105693 7.811297626829265 76
1684419105764 7.764965398452434 77
1684419105833 7.720809376122945 78
1684419105905 7.6786782216889975 79
1684419105976 7.6382547126382825 80
1684419106048 7.599158889583144 81
1684419106119 7.561032688537897 82
1684419106190 7.523603579081252 83
1684419106261 7.486726976999145 84
1684419106334 7.450403355306831 85
1684419106409 7.4147632485612744 86
1684419106479 7.380036590397655 87
1684419106550 7.3465008380232355 88
1684419106623 7.314429858180183 89
1684419106696 7.284045872316109 90
1684419106766 7.255490796162572 91
1684419106838 7.228817799999684 92
1684419106911 7.2039951838209815 93
1684419106983 7.180925076044396 94
1684419107054 7.159464884747966 95
1684419107124 7.139446365417754 96
1684419107197 7.120691180869022 97
1684419107276 7.103021412556211 98
1684419107351 7.086266641533526 99
1684419107507 7.070263832522504 100
1684419107615 7.054856943518755 101
1684419107688 7.039897305489443 102
1684419107757 7.025240245174713 103
1684419107827 7.010744041051676 104
1684419107898 6.996268822691073 105
1684419107967 6.981677295295225 106
1684419108037 6.966837819302693 107
1684419108106 6.951625581162966 108
1684419108176 6.9359285321716015 109
1684419108246 6.919649214192347 110
1684419108316 6.902703134808328 111
1684419108386 6.885020487646175 112
1684419108456 6.866532205241139 113
1684419108525 6.847161321522685 114
1684419108595 6.826806690023932 115
1684419108666 6.805326920390732 116
1684419108736 6.782529888986298 117
1684419108807 6.758175644825049 118
1684419108877 6.73198550297556 119
1684419108949 6.703673506285782 120
1684419109019 6.672989196554164 121
1684419109088 6.639753858240231 122
1684419109158 6.603898222409018 123
1684419109228 6.565477332583772 124
1684419109298 6.524678852585724 125
1684419109371 6.481815846680893 126
1684419109445 6.437315479984867 127
1684419109515 6.391704248405375 128
1684419109585 6.34559975914677 129
1684419109656 6.299712241712667 130
1684419109728 6.254847926817147 131
1684419109800 6.211920106195613 132
1684419109870 6.171941542667716 133
1684419109944 6.13595575037613 134
1684419110020 6.104885938831703 135
1684419110095 6.07932781981189 136
1684419110167 6.059413463861535 137
1684419110239 6.044814880937894 138
1684419110310 6.034887437154154 139
1684419110383 6.028954959257671 140
1684419110456 6.026512270127692 141
1684419110525 6.027130541833378 142
1684419110596 6.030137892395924 143
1684419110665 6.034268340327784 144
1684419110737 6.037438204983062 145
1684419110807 6.036640981399442 146
1684419110877 6.028005741976197 147
1684419110951 6.007377665268252 148
1684419111023 5.971499238141493 149
1684419111093 5.918924945793032 150
1684419111163 5.850140802859104 151
1684419111234 5.76720195518309 152
1684419111306 5.673267302159218 153
1684419111379 5.572161632686224 154
1684419111452 5.467944738277736 155
1684419111528 5.3644084191875425 156
1684419111602 5.264611183631183 157
1684419111677 5.170628726884484 158
1684419111749 5.083559294766421 159
1684419111823 5.003686111845897 160
1684419111894 4.9307126638797 161
1684419111964 4.863985973423754 162
1684419112038 4.802685043441378 163
1684419112108 4.745955218216796 164
1684419112179 4.692991468341265 165
1684419112248 4.643092894170347 166
1684419112319 4.595693255307284 167
1684419112389 4.550386055999644 168
1684419112460 4.50693030017344 169
1684419112529 4.465249974732845 170
1684419112600 4.425409910472176 171
1684419112670 4.38758817835998 172
1684419112742 4.352038153601976 173
1684419112813 4.319043119583696 174
1684419113100 4.28887305373048 175
1684419113178 4.261742252474969 176
1684419113250 4.23777409451276 177
1684419113319 4.216977211673834 178
1684419113388 4.199230538411552 179
1684419113460 4.1842873758946135 180
1684419113531 4.171785530774061 181
1684419113603 4.161268727157272 182
1684419113674 4.152212456114533 183
1684419113746 4.144048929293504 184
1684419113817 4.136196307172395 185
1684419113887 4.1280803695086865 186
1684419113958 4.1191672389338505 187
1684419114030 4.108990537739724 188
1684419114099 4.097185114843395 189
1684419114168 4.083513174332555 190
1684419114325 4.067884267868443 191
1684419114397 4.0503596812717415 192
1684419114469 4.03114065105045 193
1684419114543 4.0105410213070805 194
1684419114613 3.9889498914536365 195
1684419114729 3.9667898559798287 196
1684419114804 3.944476756241625 197
1684419114876 3.922391302546224 198
1684419114945 3.900855631243957 199
1684419115018 3.8801257190960166 200
1684419115088 3.86039098454829 201
1684419115158 3.8417787433834794 202
1684419115228 3.8243675544335263 203
1684419115300 3.808196579329436 204
1684419115386 3.7932774181197795 205
1684419115464 3.7796048798346673 206
1684419115537 3.7671636912327657 207
1684419115608 3.7559367775439307 208
1684419115678 3.745908267397976 209
1684419115750 3.7370663500384036 210
1684419115821 3.7294040571108535 211
1684419115890 3.7229183702516955 212
1684419115960 3.717607725271587 213
1684419116030 3.7134693124564473 214
1684419116099 3.71049536419987 215
1684419116170 3.7086681516107465 216
1684419116240 3.707957908369979 217
1684419116312 3.708319717579032 218
1684419116385 3.709692382483853 219
1684419116456 3.711996225012717 220
1684419116526 3.715134223870012 221
1684419116596 3.7189909936623224 222
1684419116671 3.723433769762157 223
1684419116741 3.7283124495798066 224
1684419116812 3.7334596019031356 225
1684419116882 3.7386899979959547 226
1684419116959 3.7438007435592455 227
1684419117029 3.748568948744522 228
1684419117100 3.7527533232679122 229
1684419117172 3.756091620031887 230
1684419117241 3.758302052484044 231
1684419117313 3.759086259964679 232
1684419117383 3.758130391669614 233
1684419117453 3.7551157537531905 234
1684419117523 3.7497245435833784 235
1684419117593 3.7416560062935194 236
1684419117663 3.730642475525262 237
1684419117734 3.716468891260614 238
1684419117805 3.69899595320304 239
1684419117875 3.6781769816691323 240
1684419117944 3.6540831710704222 241
1684419118014 3.626910707666181 242
1684419118084 3.5969902617375467 243
1684419118154 3.5647821641846122 244
1684419118224 3.5308681520074066 245
1684419118298 3.4959301146126993 246
1684419118371 3.4607293431052915 247
1684419118442 3.4260838343262163 248
1684419118512 3.3928644217817157 249
1684419118581 3.3620286915670503 250
