1684420952266 10.491321 1
1684420952341 10.526901 2
1684420952416 11.4623785 3
1684420952491 13.368746 4
1684420952563 15.714007 5
1684420952636 17.672304 6
1684420952711 18.626383 7
1684420952785 18.383053 8
1684420952856 17.091682 9
1684420952929 15.116679 10
1684420953003 12.875142 11
1684420953080 10.673042 12
1684420953152 8.6789875 13
1684420953228 6.979229 14
1684420953300 5.619001 15
1684420953370 4.564775 16
1684420953443 3.7489305 17
1684420953514 3.1124082 18
1684420953588 2.610092 19
1684420953661 2.202331 20
1684420953731 1.8572861 21
1684420953801 1.55517 22
1684420953870 1.2840967 23
1684420953939 1.0383763 24
1684420954028 0.8177428 25
1684420954105 0.6256555 26
1684420954176 0.46732372 27
1684420954244 0.34780967 28
1684420954316 0.2691853 29
1684420954387 0.22798608 30
1684420954461 0.21503918 31
1684420954531 0.21770602 32
1684420954603 0.22337377 33
1684420954672 0.2227277 34
1684420954741 0.21166624 35
1684420954812 0.1913739 36
1684420954881 0.16675061 37
1684420954954 0.14393106 38
1684420955022 0.12786835 39
1684420955092 0.12081987 40
1684420955163 0.122092515 41
1684420955233 0.12885387 42
1684420955303 0.13746808 43
1684420955377 0.1447468 44
1684420955449 0.14869861 45
1684420955518 0.14868917 46
1684420955587 0.14518549 47
1684420955659 0.13934208 48
1684420955729 0.13258478 49
1684420955798 0.12625052 50
1684420955869 0.12131342 51
1684420955939 0.11822976 52
1684420956010 0.116929665 53
1684420956082 0.11693525 54
1684420956152 0.117564484 55
1684420956222 0.1181543 56
1684420956292 0.11823726 57
1684420956362 0.11763473 58
1684420956435 0.116448164 59
1684420956505 0.11497322 60
1684420956576 0.11357021 61
1684420956645 0.112541825 62
1684420956715 0.11204994 63
1684420956785 0.11209376 64
1684420956855 0.11253677 65
1684420956925 0.113171235 66
1684420956995 0.11378637 67
1684420957067 0.11422211 68
1684420957137 0.11439751 69
1684420957207 0.114309326 70
1684420957279 0.11401209 71
1684420957351 0.11358751 72
1684420957420 0.11311795 73
1684420957489 0.11266649 74
1684420957559 0.112268895 75
1684420957629 0.11193618 76
1684420957701 0.11166082 77
1684420957772 0.11142793 78
1684420957844 0.11122395 79
1684420957915 0.111040935 80
1684420957988 0.110878035 81
1684420958060 0.11073974 82
1684420958133 0.1106323 83
1684420958205 0.110559344 84
1684420958277 0.110520795 85
1684420958348 0.110511094 86
1684420958421 0.11052172 87
1684420958491 0.11054169 88
1684420958564 0.11056112 89
1684420958636 0.110571936 90
1684420958707 0.110570565 91
1684420958777 0.11055529 92
1684420958849 0.11052813 93
1684420958918 0.1104922 94
1684420958989 0.11045116 95
1684420959065 0.11040813 96
1684420959135 0.110365614 97
1684420959205 0.110324696 98
1684420959276 0.11028692 99
1684420959348 0.110253006 100
1684420959422 0.11022337 101
1684420959492 0.110199064 102
1684420959567 0.11018109 103
1684420959640 0.11017062 104
1684420959710 0.11016776 105
1684420959779 0.11017276 106
1684420959848 0.11018525 107
1684420959920 0.110204056 108
1684420959991 0.11022788 109
1684420960060 0.11025497 110
1684420960130 0.11028361 111
1684420960198 0.11031206 112
1684420960268 0.1103393 113
1684420960339 0.11036366 114
1684420960410 0.11038476 115
1684420960480 0.11040129 116
1684420960551 0.11041336 117
1684420960622 0.11042017 118
1684420960693 0.11042179 119
1684420960763 0.11041853 120
1684420960835 0.11041041 121
1684420960905 0.11039753 122
1684420960976 0.11038096 123
1684420961047 0.11036123 124
1684420961124 0.11033885 125
1684420961197 0.110315084 126
1684420961268 0.11029033 127
1684420961344 0.11026576 128
1684420961416 0.11024226 129
1684420961484 0.1102203 130
1684420961554 0.110200465 131
1684420961624 0.11018348 132
1684420961693 0.110169604 133
1684420961762 0.110159114 134
1684420961832 0.110152155 135
1684420961902 0.11014876 136
1684420961971 0.11014888 137
1684420962041 0.11015229 138
1684420962121 0.11015858 139
1684420962198 0.110167265 140
1684420962269 0.11017789 141
1684420962340 0.11018956 142
1684420962412 0.11020115 143
1684420962482 0.11021179 144
1684420962552 0.11021997 145
1684420962624 0.11022462 146
1684420962750 0.11022477 147
1684420962821 0.11022027 148
1684420962892 0.11021073 149
1684420962961 0.1101975 150
1684420963031 0.1101809 151
1684420963102 0.110162914 152
1684420963174 0.11014511 153
1684420963250 0.11012851 154
1684420963321 0.110114664 155
1684420963390 0.11010422 156
1684420963460 0.11009799 157
1684420963531 0.1100966 158
1684420963603 0.1101007 159
1684420963673 0.11011091 160
1684420963742 0.11012776 161
1684420963814 0.11015169 162
1684420963884 0.11018328 163
1684420963952 0.11022219 164
1684420964020 0.11026786 165
1684420964208 0.110318676 166
1684420964303 0.11037356 167
1684420964382 0.11042979 168
1684420964457 0.11048494 169
1684420964529 0.110536024 170
1684420964600 0.11058086 171
1684420964669 0.1106171 172
1684420964740 0.110643655 173
1684420964810 0.11065973 174
1684420964878 0.1106662 175
1684420964947 0.11066401 176
1684420965017 0.11065523 177
1684420965089 0.110642165 178
1684420965160 0.11062729 179
1684420965234 0.1106126 180
1684420965305 0.11060035 181
1684420965376 0.11059284 182
1684420965449 0.11059086 183
1684420965524 0.11059627 184
1684420965591 0.110610306 185
1684420965664 0.11063367 186
1684420965734 0.110667706 187
1684420965807 0.11071332 188
1684420965877 0.110771134 189
1684420965948 0.1108423 190
1684420966021 0.110927746 191
1684420966093 0.111028194 192
1684420966169 0.11114456 193
1684420966240 0.11127885 194
1684420966313 0.1114313 195
1684420966385 0.111603945 196
1684420966455 0.11179905 197
1684420966528 0.11201824 198
1684420966598 0.11226384 199
1684420966668 0.112537414 200
1684420966737 0.11284028 201
1684420966809 0.11317268 202
1684420966879 0.11353335 203
1684420966949 0.11392096 204
1684420967023 0.11433211 205
1684420967092 0.11476411 206
1684420967162 0.115214184 207
1684420967233 0.11568196 208
1684420967305 0.11616926 209
1684420967374 0.11668192 210
1684420967444 0.11722925 211
1684420967515 0.11782318 212
1684420967584 0.11847648 213
1684420967654 0.119199395 214
1684420967723 0.119997665 215
1684420967792 0.120870456 216
1684420967861 0.121809095 217
1684420967931 0.1227981 218
1684420968002 0.123815656 219
1684420968073 0.12483662 220
1684420968143 0.12583387 221
1684420968214 0.12678169 222
1684420968495 0.12765697 223
1684420968655 0.1284408 224
1684420968731 0.12911826 225
1684420968801 0.12968028 226
1684420968870 0.13012275 227
1684420968940 0.1304458 228
1684420969011 0.1306532 229
1684420969081 0.1307527 230
1684420969152 0.13075452 231
1684420969221 0.13067137 232
1684420969291 0.13051678 233
1684420969361 0.1303053 234
1684420969436 0.13005102 235
1684420969505 0.12976791 236
1684420969576 0.12946838 237
1684420969648 0.12916361 238
1684420969717 0.12886249 239
1684420969786 0.12857369 240
1684420969856 0.12830229 241
1684420969927 0.12805277 242
1684420969996 0.12782758 243
1684420970067 0.12762812 244
1684420970139 0.12745428 245
1684420970210 0.12730597 246
1684420970293 0.12718098 247
1684420970365 0.12707789 248
1684420970438 0.12699395 249
1684420970508 0.12692738 250
