1684421498140 12.041048605195643 1
1684421498220 13.323594618561788 2
1684421498298 15.274517581827357 3
1684421498373 17.700950285161372 4
1684421498446 20.391773142897026 5
1684421498518 23.066345209477515 6
1684421498589 25.396664040717987 7
1684421498659 27.182742123321972 8
1684421498731 28.371798955281704 9
1684421498802 29.051061130256574 10
1684421498872 29.37131909749559 11
1684421498948 29.47841681470693 12
1684421499021 29.47573428881736 13
1684421499091 29.416428155345464 14
1684421499167 29.297750456358443 15
1684421499240 29.06801270596423 16
1684421499310 28.717297098605158 17
1684421499383 28.26015733022871 18
1684421499457 27.734850519614366 19
1684421499528 27.20104565463381 20
1684421499600 26.71524003076123 21
1684421499673 26.304376541584908 22
1684421499744 25.96531129348483 23
1684421499817 25.659086180327893 24
1684421499889 25.35386612476406 25
1684421499960 25.036415551344987 26
1684421500034 24.707154631787002 27
1684421500105 24.373127781037212 28
1684421500177 24.04200887761212 29
1684421500252 23.71947421531607 30
1684421500321 23.411303592350322 31
1684421500391 23.131733636376836 32
1684421500462 22.89582140641231 33
1684421500531 22.707437905416853 34
1684421500600 22.561953991827586 35
1684421500669 22.44379869853607 36
1684421500740 22.323967020094095 37
1684421500809 22.16974799827537 38
1684421500886 21.954466898324462 39
1684421500959 21.664941058435183 40
1684421501029 21.30342220518896 41
1684421501100 20.88159692008425 42
1684421501169 20.41325030217461 43
1684421501325 19.912934199667156 44
1684421501398 19.39747286775045 45
1684421501468 18.853323084245986 46
1684421501538 18.23409146956177 47
1684421501605 17.491130742507305 48
1684421501676 16.598045456195216 49
1684421501746 15.56176474039352 50
1684421501815 14.424933297682657 51
1684421501888 13.260624671889529 52
1684421501958 12.156565215285138 53
1684421502028 11.190175824896745 54
1684421502096 10.406555771709174 55
1684421502167 9.809677502535505 56
1684421502240 9.371846705450709 57
1684421502309 9.046620226036346 58
1684421502379 8.793386769576623 59
1684421502450 8.587536635894882 60
1684421502523 8.419566682892434 61
1684421502595 8.28807478611949 62
1684421502666 8.190929895750456 63
1684421502737 8.119233647840279 64
1684421502806 8.061165990510249 65
1684421502874 8.007261225791275 66
1684421502944 7.952299799477617 67
1684421503013 7.894787350163268 68
1684421503079 7.8356867165864745 69
1684421503148 7.7770848920443125 70
1684421503218 7.721442112276078 71
1684421503287 7.671141840309054 72
1684421503357 7.6282033652004255 73
1684421503429 7.594135158236464 74
1684421503500 7.569872943420695 75
1684421503569 7.555804629499587 76
1684421503636 7.551885622181653 77
1684421503709 7.55785465959861 78
1684421503778 7.57332938674427 79
1684421503849 7.597744117199092 80
1684421503920 7.630325251417782 81
1684421503991 7.670086562750937 82
1684421504062 7.71586241891268 83
1684421504133 7.766386009054247 84
1684421504204 7.820390770395001 85
1684421504274 7.876710415284093 86
1684421504344 7.934362128875781 87
1684421504414 7.992580427557307 88
1684421504484 8.05080758430427 89
1684421504552 8.108645540216106 90
1684421504619 8.165824658945683 91
1684421504687 8.222180667142876 92
1684421504759 8.277632459398799 93
1684421504829 8.332147761548946 94
1684421504901 8.38571821493607 95
1684421504971 8.438374776451326 96
1684421505040 8.490237304827707 97
1684421505111 8.541580923889512 98
1684421505181 8.592868284225368 99
1684421505259 8.644737262377042 100
1684421505329 8.697940230978698 101
1684421505403 8.753252973785134 102
1684421505473 8.811390438803098 103
1684421505542 8.872936003470175 104
1684421505612 8.93828914052298 105
1684421505683 9.007607768559721 106
1684421505753 9.080760715910776 107
1684421505823 9.157284950112437 108
1684421505896 9.23638949062185 109
1684421505967 9.317008776012283 110
1684421506038 9.39791366455132 111
1684421506108 9.477858919242351 112
1684421506179 9.55572063098348 113
1684421506250 9.630590561353209 114
1684421506322 9.701818296466385 115
1684421506393 9.768998181660077 116
1684421506463 9.831928922354091 117
1684421506533 9.890557303913951 118
1684421506602 9.944933700989836 119
1684421506675 9.99517530897292 120
1684421506745 10.041440395422697 121
1684421506814 10.083904389476514 122
1684421506883 10.122725857626591 123
1684421506955 10.158016455389465 124
1684421507024 10.189812854920971 125
1684421507094 10.218059415095759 126
1684421507164 10.242591617437032 127
1684421507233 10.263130690641692 128
1684421507301 10.27927713682834 129
1684421507369 10.290524011571474 130
1684421507438 10.296271882112077 131
1684421507509 10.295876865154682 132
1684421507577 10.28871837892584 133
1684421507648 10.274274062142302 134
1684421507721 10.252207699314035 135
1684421507790 10.222431970171481 136
1684421507859 10.18515984215784 137
1684421507930 10.140907923931106 138
1684421508002 10.090474442872555 139
1684421508072 10.034877262421357 140
1684421508143 9.975271454758616 141
1684421508215 9.912852257671188 142
1684421508282 9.848753131514869 143
1684421508349 9.78394824105428 144
1684421508417 9.71918764964278 145
1684421508486 9.654953485969727 146
1684421508556 9.591475096001679 147
1684421508625 9.528748318258385 148
1684421508697 9.46658496575967 149
1684421508767 9.404641668436476 150
1684421508837 9.342458780735754 151
1684421508905 9.279482587077737 152
1684421508976 9.215093923876857 153
1684421509048 9.148619703798389 154
1684421509118 9.079354014873907 155
1684421509189 9.006560439277665 156
1684421509260 8.929471878965073 157
1684421509338 8.847292158366495 158
1684421509420 8.759189708403067 159
1684421509495 8.664297219999256 160
1684421509565 8.561712361811434 161
1684421509634 8.450507741277239 162
1684421509705 8.329733965215322 163
1684421509775 8.198443988999545 164
1684421509844 8.055714197421953 165
1684421509914 7.900678669823295 166
1684421509985 7.732572515055869 167
1684421510055 7.550798747398202 168
1684421510125 7.355001689074942 169
1684421510198 7.145158699634444 170
1684421510271 6.921680305147509 171
1684421510383 6.685503961294822 172
1684421510453 6.438171629370297 173
1684421510523 6.181855686724003 174
1684421510593 5.919321575687006 175
1684421510662 5.653808912616552 176
1684421510733 5.388826500433817 177
1684421510843 5.127892740059082 178
1684421510913 4.874265602900008 179
1684421510983 4.630721925806004 180
1684421511052 4.399448069032985 181
1684421511123 4.182077299943052 182
1684421511195 3.979857074022954 183
1684421511268 3.7938746658228863 184
1684421511339 3.6252136161488213 185
1684421511408 3.4749197131231853 186
1684421511479 3.3437426621495883 187
1684421511550 3.23174444968771 188
1684421511621 3.1379946012017745 189
1684421511691 3.06055809567394 190
1684421511762 2.996822652413642 191
1684421511832 2.94397889267697 192
1684421511900 2.8994354863665333 193
1684421511971 2.8610548907816504 194
1684421512041 2.827218788833523 195
1684421512113 2.796788990335892 196
1684421512185 2.769014789767456 197
1684421512257 2.7434313756135547 198
1684421512328 2.71976979185319 199
1684421512399 2.697881473657254 200
1684421512470 2.677688301802717 201
1684421512540 2.659145797448123 202
1684421512608 2.6422244140077895 203
1684421512678 2.6268947540599634 204
1684421512748 2.6131255479003266 205
1684421512818 2.600881910047579 206
1684421512889 2.5901235050485614 207
1684421512958 2.5808097693043592 208
1684421513028 2.5728978579185355 209
1684421513100 2.566346078578891 210
1684421513169 2.5611138321495224 211
1684421513239 2.5571625989275173 212
1684421513310 2.554457582765535 213
1684421513380 2.5529675023922085 214
1684421513450 2.5526657492953575 215
1684421513520 2.553530684803878 216
1684421513590 2.555546048644656 217
1684421513659 2.558701735137852 218
1684421513732 2.5629945362522415 219
1684421513801 2.56842699014637 220
1684421513871 2.57500816600102 221
1684421513941 2.5827526408860573 222
1684421514012 2.5916808000547205 223
1684421514083 2.6018167149215854 224
1684421514152 2.6131885245166018 225
1684421514222 2.625826275878942 226
1684421514291 2.6397618831623233 227
1684421514363 2.6550266635944917 228
1684421514431 2.6716526200586497 229
1684421514501 2.6896681441848616 230
1684421514572 2.709098049840505 231
1684421514643 2.7299599816297464 232
1684421514716 2.752261886278718 233
1684421514785 2.775998039998923 234
1684421514857 2.8011444003662302 235
1684421514927 2.8276548502425456 236
1684421514996 2.855457073877132 237
1684421515067 2.884452135148076 238
1684421515138 2.914514154752921 239
1684421515207 2.9454929189329446 240
1684421515282 2.9772183633630283 241
1684421515353 3.0095064256538695 242
1684421515423 3.042163949838544 243
1684421515492 3.074996634349037 244
1684421515562 3.107812095263826 245
1684421515633 3.1404260251286464 246
1684421515704 3.172664341039086 247
1684421515775 3.2043665928609393 248
1684421515843 3.2353856218069295 249
1684421515913 3.2655908962647304 250
