1684421204794 12.318712 1
1684421204869 13.7430725 2
1684421204945 15.8087635 3
1684421205019 18.317759 4
1684421205091 20.938105 5
1684421205162 23.329075 6
1684421205235 25.232718 7
1684421205307 26.554157 8
1684421205379 27.32016 9
1684421205450 27.571281 10
1684421205522 27.30692 11
1684421205598 26.530909 12
1684421205671 25.264753 13
1684421205745 23.557358 14
1684421205819 21.497501 15
1684421205890 19.217478 16
1684421205958 16.880032 17
1684421206032 14.6514 18
1684421206113 12.669725 19
1684421206190 11.027395 20
1684421206259 9.800351 21
1684421206331 8.984007 22
1684421206400 8.495718 23
1684421206471 8.229101 24
1684421206541 8.092733 25
1684421206613 8.023689 26
1684421206684 7.9856024 27
1684421206756 7.9608426 28
1684421206827 7.9426513 29
1684421206898 7.9294367 30
1684421206969 7.9214225 31
1684421207041 7.919041 32
1684421207113 7.9223723 33
1684421207183 7.931094 34
1684421207256 7.944611 35
1684421207326 7.9622145 36
1684421207398 7.9832034 37
1684421207469 8.006964 38
1684421207542 8.032996 39
1684421207614 8.06091 40
1684421207683 8.090419 41
1684421207752 8.121344 42
1684421207821 8.153597 43
1684421207890 8.187179 44
1684421207959 8.222151 45
1684421208027 8.258614 46
1684421208100 8.296688 47
1684421208170 8.336494 48
1684421208239 8.37815 49
1684421208312 8.421752 50
1684421208382 8.467386 51
1684421208452 8.515119 52
1684421208522 8.56499 53
1684421208595 8.617023 54
1684421208664 8.671221 55
1684421208735 8.727562 56
1684421208805 8.785998 57
1684421208875 8.84646 58
1684421208944 8.908855 59
1684421209013 8.973099 60
1684421209085 9.039139 61
1684421209154 9.106972 62
1684421209222 9.176643 63
1684421209292 9.248227 64
1684421209363 9.321804 65
1684421209431 9.397444 66
1684421209499 9.475187 67
1684421209572 9.555046 68
1684421209644 9.637011 69
1684421209714 9.721036 70
1684421209790 9.807051 71
1684421209859 9.894949 72
1684421209928 9.984583 73
1684421209997 10.075754 74
1684421210067 10.168208 75
1684421210138 10.261645 76
1684421210209 10.355741 77
1684421210277 10.450198 78
1684421210347 10.544804 79
1684421210416 10.639482 80
1684421210486 10.734321 81
1684421210556 10.829564 82
1684421210629 10.925532 83
1684421210704 11.022522 84
1684421210781 11.120747 85
1684421210853 11.220327 86
1684421210923 11.321316 87
1684421210995 11.423741 88
1684421211065 11.527657 89
1684421211135 11.633227 90
1684421211206 11.740728 91
1684421211276 11.850272 92
1684421211347 11.96104 93
1684421211416 12.071222 94
1684421211486 12.179465 95
1684421211554 12.284979 96
1684421211625 12.387496 97
1684421211694 12.487165 98
1684421211764 12.584418 99
1684421211834 12.679816 100
1684421211905 12.773909 101
1684421211974 12.867134 102
1684421212047 12.9597845 103
1684421212118 13.052015 104
1684421212189 13.143875 105
1684421212260 13.235334 106
1684421212330 13.326307 107
1684421212399 13.416657 108
1684421212469 13.506205 109
1684421212540 13.594714 110
1684421212617 13.681908 111
1684421212692 13.767462 112
1684421212765 13.85103 113
1684421212840 13.9322605 114
1684421212913 14.010803 115
1684421212981 14.08634 116
1684421213051 14.158571 117
1684421213127 14.227234 118
1684421213199 14.292109 119
1684421213271 14.353048 120
1684421213343 14.410008 121
1684421213413 14.463095 122
1684421213485 14.512599 123
1684421213555 14.559034 124
1684421213626 14.603115 125
1684421213696 14.645717 126
1684421213767 14.687788 127
1684421213841 14.730237 128
1684421213911 14.77383 129
1684421213980 14.819096 130
1684421214053 14.866227 131
1684421214123 14.914907 132
1684421214192 14.964104 133
1684421214274 15.011877 134
1684421214346 15.055355 135
1684421214417 15.091001 136
1684421214490 15.115101 137
1684421214559 15.124359 138
1684421214635 15.116356 139
1684421214705 15.089809 140
1684421214778 15.044572 141
1684421214852 14.981469 142
1684421215045 14.901988 143
1684421215154 14.807922 144
1684421215224 14.701057 145
1684421215296 14.582947 146
1684421215370 14.454828 147
1684421215442 14.317648 148
1684421215513 14.172147 149
1684421215584 14.018976 150
1684421215654 13.858772 151
1684421215727 13.692199 152
1684421215797 13.519952 153
1684421215868 13.342739 154
1684421215940 13.161245 155
1684421216010 12.976118 156
1684421216080 12.787935 157
1684421216150 12.597218 158
1684421216220 12.404425 159
1684421216317 12.209975 160
1684421216387 12.0142565 161
1684421216457 11.817635 162
1684421216526 11.620464 163
1684421216597 11.423088 164
1684421216667 11.225835 165
1684421216737 11.029003 166
1684421216811 10.832859 167
1684421216883 10.637617 168
1684421216953 10.4434395 169
1684421217024 10.250424 170
1684421217098 10.058615 171
1684421217168 9.868 172
1684421217239 9.678539 173
1684421217312 9.490181 174
1684421217382 9.302892 175
1684421217452 9.116689 176
1684421217522 8.931662 177
1684421217592 8.748004 178
1684421217665 8.566016 179
1684421217735 8.386103 180
1684421217806 8.208742 181
1684421217876 8.034431 182
1684421217945 7.863635 183
1684421218015 7.696721 184
1684421218085 7.5339265 185
1684421218155 7.375343 186
1684421218226 7.220933 187
1684421218296 7.070553 188
1684421218407 6.923994 189
1684421218495 6.7810187 190
1684421218576 6.641388 191
1684421218647 6.504879 192
1684421218717 6.3712935 193
1684421218788 6.2404633 194
1684421218859 6.112242 195
1684421218930 5.9865007 196
1684421219000 5.863121 197
1684421219070 5.741979 198
1684421219142 5.622947 199
1684421219213 5.5058794 200
1684421219284 5.3906174 201
1684421219354 5.2769995 202
1684421219424 5.164869 203
1684421219494 5.0540943 204
1684421219566 4.944577 205
1684421219636 4.836269 206
1684421219707 4.729167 207
1684421219779 4.623318 208
1684421219853 4.518802 209
1684421219922 4.41572 210
1684421219993 4.314173 211
1684421220067 4.2142386 212
1684421220137 4.1159506 213
1684421220210 4.0192847 214
1684421220281 3.9241543 215
1684421220354 3.8304186 216
1684421220427 3.7378983 217
1684421220498 3.646401 218
1684421220571 3.5557408 219
1684421220643 3.465767 220
1684421220715 3.3763738 221
1684421220789 3.2875185 222
1684421220861 3.199222 223
1684421220930 3.1115732 224
1684421221000 3.0247264 225
1684421221070 2.9389029 226
1684421221141 2.854386 227
1684421221212 2.7715137 228
1684421221283 2.690664 229
1684421221352 2.6122303 230
1684421221421 2.5365944 231
1684421221491 2.4640908 232
1684421221559 2.394981 233
1684421221630 2.3294291 234
1684421221701 2.2674959 235
1684421221993 2.20914 236
1684421222129 2.1542325 237
1684421222204 2.1025758 238
1684421222275 2.0539289 239
1684421222355 2.0080292 240
1684421222429 1.9646139 241
1684421222498 1.9234345 242
1684421222567 1.8842673 243
1684421222636 1.846918 244
1684421222706 1.8112203 245
1684421222778 1.7770319 246
1684421222847 1.7442296 247
1684421222919 1.7127004 248
1684421222989 1.6823328 249
1684421223059 1.6530128 250
