1684632443814 1.6802888 1
1684632443898 1.475611 2
1684632443977 1.3247824 3
1684632444061 1.2146654 4
1684632444146 1.1185876 5
1684632444246 1.0233543 6
1684632444315 0.9251487 7
1684632444431 0.826049 8
1684632444536 0.7310339 9
1684632444622 0.6450126 10
1684632444702 0.5712159 11
1684632444784 0.5109409 12
1684632444866 0.4639902 13
1684632444946 0.42921525 14
1684632445032 0.40494353 15
1684632445125 0.38929075 16
1684632445210 0.38038298 17
1684632445294 0.37635827 18
1684632445379 0.37561363 19
1684632445471 0.3768598 20
1684632445578 0.37911275 21
1684632445667 0.38166147 22
1684632445740 0.38402706 23
1684632445812 0.38591933 24
1684632445888 0.38719422 25
1684632445974 0.38781434 26
1684632446046 0.38781452 27
1684632446127 0.38727373 28
1684632446211 0.38629395 29
1684632446300 0.3849864 30
1684632446379 0.38346514 31
1684632446460 0.38184565 32
1684632446535 0.3802481 33
1684632446623 0.37880343 34
1684632446707 0.37766045 35
1684632446785 0.37699252 36
1684632446884 0.37700176 37
1684632446981 0.37791863 38
1684632447063 0.37999302 39
1684632447148 0.38347366 40
1684632447235 0.3885736 41
1684632447318 0.39542544 42
1684632447402 0.40403414 43
1684632447484 0.4142553 44
1684632447568 0.42579103 45
1684632447654 0.43701127 46
1684632447743 0.44761035 47
1684632447823 0.45794398 48
1684632447903 0.46794552 49
1684632447992 0.47695887 50
1684632448075 0.48509827 51
1684632448158 0.49226487 52
1684632448242 0.49860364 53
1684632448328 0.5041354 54
1684632448413 0.5083913 55
1684632448495 0.51116645 56
1684632448577 0.51236176 57
1684632448666 0.51194596 58
1684632448752 0.509941 59
1684632448837 0.5064142 60
1684632448929 0.5017568 61
1684632449011 0.49611574 62
1684632449093 0.489658 63
1684632449184 0.48250484 64
1684632449266 0.47477654 65
1684632449355 0.46659413 66
1684632449444 0.45807794 67
1684632449524 0.4493445 68
1684632449605 0.44050312 69
1684632449693 0.4316535 70
1684632449776 0.42288396 71
1684632449848 0.414271 72
1684632449921 0.4058785 73
1684632449992 0.397758 74
1684632450067 0.3899499 75
1684632450143 0.3824842 76
1684632450218 0.3753813 77
1684632450291 0.3686532 78
1684632450362 0.36201423 79
1684632450437 0.3559608 80
1684632450524 0.35060656 81
1684632450595 0.34601927 82
1684632450671 0.34220147 83
1684632450745 0.33909822 84
1684632450821 0.33660838 85
1684632450890 0.33460435 86
1684632450964 0.33295292 87
1684632451033 0.33153045 88
1684632451102 0.33023095 89
1684632451180 0.32896918 90
1684632451249 0.32768047 91
1684632451318 0.32631975 92
1684632451403 0.3248599 93
1684632451481 0.32328954 94
1684632451550 0.32161093 95
1684632451619 0.3198371 96
1684632451703 0.31798917 97
1684632451766 0.3160931 98
1684632451835 0.31417698 99
1684632451920 0.31226835 100
1684632451982 0.31039208 101
1684632452051 0.30856878 102
1684632452136 0.30681407 103
1684632452205 0.30513808 104
1684632452283 0.3035459 105
1684632452367 0.30203775 106
1684632452437 0.3006099 107
1684632452521 0.29925543 108
1684632452606 0.29796508 109
1684632452684 0.29672804 110
1684632452753 0.2955327 111
1684632452822 0.29436725 112
1684632452900 0.29322034 113
1684632452969 0.2920816 114
1684632453038 0.290942 115
1684632453107 0.2897941 116
1684632453185 0.28863233 117
1684632453254 0.28745303 118
1684632453323 0.28625453 119
1684632453386 0.28503698 120
1684632453471 0.28380224 121
1684632453540 0.28255373 122
1684632453609 0.28129607 123
1684632453687 0.2800349 124
1684632453756 0.2787764 125
1684632453840 0.27752727 126
1684632453909 0.2762942 127
1684632453988 0.2750836 128
1684632454072 0.27390158 129
1684632454157 0.27275348 130
1684632454241 0.271644 131
1684632454315 0.27057683 132
1684632454393 0.26955473 133
1684632454489 0.26857963 134
1684632454558 0.26765242 135
1684632454627 0.26677322 136
1684632454693 0.26594138 137
1684632454774 0.26515552 138
1684632454843 0.26441377 139
1684632454912 0.26371378 140
1684632454990 0.2630529 141
1684632455059 0.26242837 142
1684632455128 0.26183712 143
1684632455206 0.26127627 144
1684632455275 0.2607429 145
1684632455344 0.26023424 146
1684632455429 0.25974777 147
1684632455491 0.25928122 148
1684632455576 0.2588325 149
1684632455653 0.25839987 150
1684632455730 0.2579819 151
1684632455792 0.2575774 152
1684632455861 0.25718537 153
1684632455946 0.25680524 154
1684632456015 0.2564364 155
1684632456278 0.2560787 156
1684632456378 0.25573182 157
1684632456447 0.25539583 158
1684632456516 0.25507063 159
1684632456610 0.2547563 160
1684632456679 0.25445288 161
1684632456748 0.2541604 162
1684632456817 0.2538789 163
1684632456895 0.25360823 164
1684632456964 0.25334838 165
1684632457033 0.25309914 166
1684632457111 0.25286025 167
1684632457181 0.25263143 168
1684632457250 0.25241232 169
1684632457334 0.25220254 170
1684632457397 0.25200167 171
1684632457466 0.2518092 172
1684632457550 0.25162473 173
1684632457619 0.25144774 174
1684632457698 0.25127774 175
1684632457767 0.25111434 176
1684632457836 0.25095707 177
1684632457914 0.2508056 178
1684632457983 0.25065947 179
1684632458052 0.2505184 180
1684632458121 0.25038216 181
1684632458183 0.25025046 182
1684632458252 0.25012308 183
1684632458337 0.24999994 184
1684632458399 0.24988084 185
1684632458484 0.24976568 186
1684632458553 0.24965444 187
1684632458638 0.249547 188
1684632458722 0.24944335 189
1684632458801 0.2493435 190
1684632458885 0.24924739 191
1684632459086 0.24915497 192
1684632459155 0.24906625 193
1684632459239 0.24898121 194
1684632459302 0.2488998 195
1684632459371 0.24882202 196
1684632459456 0.2487478 197
1684632459525 0.24867707 198
1684632459587 0.24860978 199
1684632459672 0.24854586 200
1684632459741 0.24848524 201
1684632459819 0.24842781 202
1684632459888 0.24837348 203
1684632459957 0.24832222 204
1684632460042 0.24827386 205
1684632460120 0.24822837 206
1684632460189 0.2481856 207
1684632460342 0.24814552 208
1684632460458 0.248108 209
1684632460527 0.24807295 210
1684632460606 0.24804036 211
1684632460675 0.24801008 212
1684632460759 0.24798208 213
1684632460828 0.24795629 214
1684632460906 0.24793267 215
1684632460975 0.24791113 216
1684632461044 0.2478916 217
1684632461107 0.24787408 218
1684632461192 0.2478585 219
1684632461261 0.24784479 220
1684632461330 0.24783294 221
1684632461392 0.24782285 222
1684632461461 0.2478145 223
1684632461546 0.24780786 224
1684632461747 0.24780285 225
1684632461931 0.24779944 226
1684632461994 0.24779755 227
1684632462079 0.24779719 228
1684632462148 0.24779822 229
1684632462210 0.24780066 230
1684632462279 0.2478044 231
1684632462364 0.24780944 232
1684632462433 0.24781568 233
1684632462495 0.24782309 234
1684632462580 0.24783164 235
1684632462649 0.24784122 236
1684632462734 0.24785183 237
1684632462796 0.2478634 238
1684632462865 0.24787587 239
1684632462934 0.24788924 240
1684632463012 0.24790344 241
1684632463097 0.24791841 242
1684632463166 0.24793418 243
1684632463235 0.24795067 244
1684632463313 0.24796785 245
1684632463382 0.24798572 246
1684632463451 0.24800423 247
1684632463529 0.24802335 248
1684632463598 0.2480431 249
1684632463667 0.24806342 250
