1684567695288 47.660255 1
1684567695367 27.81456 2
1684567695432 16.334032 3
1684567695501 12.086155 4
1684567695563 9.7280445 5
1684567695632 10.223909 6
1684567695719 10.144007 7
1684567695782 10.106871 8
1684567695848 10.046927 9
1684567695917 10.049234 10
1684567695995 10.071142 11
1684567696064 10.084791 12
1684567696133 10.056583 13
1684567696202 10.023817 14
1684567696269 10.003708 15
1684567696349 9.967115 16
1684567696419 9.895004 17
1684567696481 9.82821 18
1684567696566 9.774283 19
1684567696635 9.718028 20
1684567696704 9.660477 21
1684567696768 9.608074 22
1684567696835 9.560166 23
1684567696904 9.519585 24
1684567696982 9.487948 25
1684567697051 9.464461 26
1684567697120 9.448168 27
1684567697183 9.43786 28
1684567697262 9.43199 29
1684567697334 9.429126 30
1684567697405 9.428047 31
1684567697468 9.427671 32
1684567697537 9.427056 33
1684567697622 9.425413 34
1684567697706 9.422091 35
1684567697769 9.416561 36
1684567697852 9.408413 37
1684567697907 9.397344 38
1684567697985 9.383156 39
1684567698054 9.365747 40
1684567698123 9.345127 41
1684567698185 9.321422 42
1684567698255 9.294874 43
1684567698324 9.265857 44
1684567698408 9.234863 45
1684567698471 9.202477 46
1684567698540 9.16934 47
1684567698609 9.136093 48
1684567698671 9.103333 49
1684567698756 9.071568 50
1684567698825 9.041194 51
1684567698884 9.012495 52
1684567698964 8.985645 53
1684567699025 8.960735 54
1684567699103 8.937782 55
1684567699172 8.916752 56
1684567699241 8.8975725 57
1684567699311 8.880148 58
1684567699374 8.864367 59
1684567699449 8.85011 60
1684567699527 8.837254 61
1684567699589 8.825679 62
1684567699658 8.815266 63
1684567699728 8.805904 64
1684567699875 8.797487 65
1684567699954 8.78992 66
1684567700013 8.783113 67
1684567700091 8.776981 68
1684567700160 8.771454 69
1684567700229 8.766461 70
1684567700291 8.761945 71
1684567700360 8.757849 72
1684567700429 8.7541275 73
1684567700500 8.750738 74
1684567700576 8.747647 75
1684567700645 8.744821 76
1684567700714 8.742233 77
1684567700777 8.7398615 78
1684567700846 8.737688 79
1684567700915 8.735698 80
1684567700997 8.733877 81
1684567701064 8.732214 82
1684567701194 8.730699 83
1684567701362 8.729324 84
1684567701431 8.728082 85
1684567701509 8.726963 86
1684567701581 8.72596 87
1684567701647 8.725065 88
1684567701716 8.72427 89
1684567701779 8.723569 90
1684567701848 8.722952 91
1684567701917 8.72241 92
1684567701995 8.72194 93
1684567702094 8.721534 94
1684567702164 8.721184 95
1684567702233 8.720884 96
1684567702296 8.720632 97
1684567702365 8.720419 98
1684567702434 8.7202425 99
1684567702496 8.7200985 100
1684567702565 8.719982 101
1684567702636 8.719891 102
1684567702698 8.719822 103
1684567702766 8.719772 104
1684567702851 8.71974 105
1684567702920 8.719722 106
1684567702983 8.719717 107
1684567703052 8.719724 108
1684567703121 8.719739 109
1684567703185 8.719764 110
1684567703268 8.719795 111
1684567703337 8.719831 112
1684567703415 8.719873 113
1684567703484 8.719919 114
1684567703553 8.719968 115
1684567703622 8.720019 116
1684567703688 8.720074 117
1684567703769 8.720128 118
1684567703838 8.720184 119
1684567703901 8.720241 120
1684567703970 8.720297 121
1684567704039 8.720352 122
1684567704117 8.7204075 123
1684567704188 8.720462 124
1684567704255 8.720515 125
1684567704324 8.720567 126
1684567704386 8.720618 127
1684567704455 8.720666 128
1684567704524 8.720715 129
1684567704587 8.720759 130
1684567704656 8.720802 131
1684567704725 8.720843 132
1684567704789 8.720882 133
1684567704872 8.720921 134
1684567704941 8.720955 135
1684567705003 8.720988 136
1684567705072 8.72102 137
1684567705141 8.721048 138
1684567705326 8.721076 139
1684567705489 8.721101 140
1684567705621 8.721124 141
1684567705706 8.721146 142
1684567705774 8.721165 143
1684567705843 8.721184 144
1684567705928 8.721199 145
1684567705991 8.721214 146
1684567706060 8.721228 147
1684567706144 8.721239 148
1684567706207 8.72125 149
1684567706276 8.721259 150
1684567706340 8.721267 151
1684567706419 8.721274 152
1684567706476 8.721281 153
1684567706545 8.721286 154
1684567706608 8.721291 155
1684567706692 8.7212925 156
1684567706761 8.721296 157
1684567706830 8.721297 158
1684567706890 8.721298 159
1684567706962 8.721299 160
1684567707031 8.721298 161
1684567707093 8.721298 162
1684567707162 8.721297 163
1684567707247 8.721296 164
1684567707309 8.721294 165
1684567707386 8.7212925 166
1684567707447 8.721291 167
1684567707510 8.721289 168
1684567707579 8.721286 169
1684567707648 8.721284 170
1684567707726 8.72128 171
1684567707795 8.721278 172
1684567707864 8.721275 173
1684567707933 8.7212715 174
1684567708011 8.721269 175
1684567708064 8.721266 176
1684567708133 8.721262 177
1684567708211 8.721259 178
1684567708280 8.721257 179
1684567708350 8.721252 180
1684567708422 8.721251 181
1684567708484 8.721247 182
1684567708550 8.721245 183
1684567708628 8.721242 184
1684567708697 8.721238 185
1684567708751 8.721235 186
1684567708829 8.721234 187
1684567708898 8.721231 188
1684567708968 8.72123 189
1684567709036 8.721227 190
1684567709098 8.721224 191
1684567709168 8.721223 192
1684567709237 8.72122 193
1684567709311 8.721218 194
1684567709384 8.721217 195
1684567709453 8.721215 196
1684567709517 8.721213 197
1684567709584 8.721211 198
1684567709653 8.7212105 199
1684567709715 8.721209 200
1684567709784 8.721208 201
1684567709854 8.721206 202
1684567709932 8.721205 203
1684567710003 8.721204 204
1684567710065 8.721203 205
1684567710138 8.721201 206
1684567710201 8.721201 207
1684567710270 8.7212 208
1684567710339 8.721199 209
1684567710417 8.721197 210
1684567710486 8.721197 211
1684567710549 8.721197 212
1684567710629 8.721195 213
1684567710702 8.721195 214
1684567710771 8.721194 215
1684567710840 8.721194 216
1684567710903 8.721193 217
1684567710987 8.721193 218
1684567711056 8.721192 219
1684567711116 8.721192 220
1684567711203 8.721191 221
1684567711272 8.721191 222
1684567711335 8.721191 223
1684567711404 8.721191 224
1684567711473 8.721191 225
1684567711542 8.72119 226
1684567711599 8.7211895 227
1684567711673 8.7211895 228
1684567711742 8.7211895 229
1684567711820 8.7211895 230
1684567711890 8.721189 231
1684567711959 8.721189 232
1684567712021 8.721189 233
1684567712322 8.721188 234
1684567712391 8.721188 235
1684567712460 8.721188 236
1684567712523 8.721188 237
1684567712592 8.721188 238
1684567712665 8.721188 239
1684567712728 8.721188 240
1684567712792 8.721188 241
1684567712877 8.721188 242
1684567712946 8.721188 243
1684567713008 8.721188 244
1684567713077 8.721188 245
1684567713146 8.721188 246
1684567713227 8.721188 247
1684567713393 8.721188 248
1684567713509 8.721188 249
1684567713578 8.721188 250
