1684568145446 22.879017 1
1684568145547 18.509418 2
1684568145609 16.53579 3
1684568145695 14.666131 4
1684568145762 14.0078745 5
1684568145825 13.753607 6
1684568145894 11.865018 7
1684568145963 9.835421 8
1684568146048 9.335936 9
1684568146110 9.115471 10
1684568146179 8.997286 11
1684568146264 8.918543 12
1684568146326 8.922836 13
1684568146395 8.910011 14
1684568146480 8.910916 15
1684568146549 8.910457 16
1684568146611 8.909716 17
1684568146680 8.909758 18
1684568146749 8.909578 19
1684568146817 8.909597 20
1684568146897 8.90952 21
1684568146950 8.909502 22
1684568147028 8.909478 23
1684568147097 8.90941 24
1684568147166 8.909394 25
1684568147229 8.909371 26
1684568147311 8.909345 27
1684568147367 8.909336 28
1684568147451 8.909316 29
1684568147513 8.9092865 30
1684568147582 8.909221 31
1684568147652 8.909109 32
1684568147714 8.908988 33
1684568147798 8.908876 34
1684568147868 8.908775 35
1684568147930 8.908685 36
1684568147999 8.908611 37
1684568148068 8.908563 38
1684568148131 8.908536 39
1684568148200 8.908515 40
1684568148269 8.908493 41
1684568148353 8.908465 42
1684568148411 8.908432 43
1684568148485 8.908401 44
1684568148554 8.908377 45
1684568148632 8.90836 46
1684568148701 8.908352 47
1684568148770 8.908351 48
1684568148849 8.908356 49
1684568148913 8.908363 50
1684568148986 8.908372 51
1684568149055 8.9083805 52
1684568149117 8.908387 53
1684568149186 8.908392 54
1684568149255 8.908394 55
1684568149318 8.908396 56
1684568149402 8.908397 57
1684568149471 8.908397 58
1684568149534 8.908397 59
1684568149603 8.908398 60
1684568149672 8.908398 61
1684568149750 8.908399 62
1684568149819 8.9084 63
1684568149888 8.9084015 64
1684568149957 8.908402 65
1684568150019 8.908403 66
1684568150088 8.908404 67
1684568150173 8.908406 68
1684568150235 8.908407 69
1684568150305 8.908408 70
1684568150374 8.908409 71
1684568150447 8.908409 72
1684568150507 8.90841 73
1684568150574 8.908411 74
1684568150652 8.908412 75
1684568150721 8.908412 76
1684568150790 8.908413 77
1684568150859 8.908413 78
1684568150922 8.908413 79
1684568150992 8.908413 80
1684568151075 8.908414 81
1684568151138 8.908414 82
1684568151207 8.908414 83
1684568151276 8.908414 84
1684568151354 8.908414 85
1684568151423 8.908414 86
1684568151503 8.908414 87
1684568151561 8.908414 88
1684568151623 8.908414 89
1684568151692 8.908413 90
1684568151761 8.908413 91
1684568151839 8.908414 92
1684568151893 8.908413 93
1684568151962 8.908413 94
1684568152042 8.908413 95
1684568152109 8.908413 96
1684568152178 8.908414 97
1684568152240 8.908413 98
1684568152309 8.908413 99
1684568152378 8.908413 100
1684568152441 8.908413 101
1684568152510 8.908413 102
1684568152597 8.908413 103
1684568152664 8.908412 104
1684568152726 8.908413 105
1684568152795 8.908412 106
1684568152864 8.908413 107
1684568152927 8.908412 108
1684568152996 8.908412 109
1684568153065 8.908412 110
1684568153129 8.908412 111
1684568153196 8.908412 112
1684568153265 8.908411 113
1684568153343 8.908412 114
1684568153412 8.908411 115
1684568153481 8.908412 116
1684568153544 8.908412 117
1684568153659 8.908411 118
1684568153728 8.908411 119
1684568153813 8.908411 120
1684568153882 8.908411 121
1684568153945 8.908411 122
1684568154014 8.908411 123
1684568154083 8.908411 124
1684568154157 8.908411 125
1684568154216 8.908411 126
1684568154283 8.908411 127
1684568154361 8.908411 128
1684568154430 8.908411 129
1684568154499 8.908411 130
1684568154584 8.908411 131
1684568154646 8.908411 132
1684568154729 8.908411 133
1684568154800 8.908411 134
1684568154869 8.908411 135
1684568154931 8.908411 136
1684568155000 8.908411 137
1684568155069 8.908411 138
1684568155132 8.908411 139
1684568155208 8.908411 140
1684568155270 8.908411 141
1684568155348 8.908411 142
1684568155417 8.908411 143
1684568155486 8.908411 144
1684568155548 8.908411 145
1684568155633 8.908411 146
1684568155702 8.908411 147
1684568155774 8.908411 148
1684568155844 8.908411 149
1684568155902 8.908411 150
1684568155971 8.908411 151
1684568156050 8.908411 152
1684568156119 8.908411 153
1684568156203 8.908409 154
1684568156274 8.908409 155
1684568156345 8.90841 156
1684568156404 8.908411 157
1684568156473 8.90841 158
1684568156551 8.908411 159
1684568156620 8.90841 160
1684568156689 8.908409 161
1684568156751 8.908409 162
1684568156830 8.908409 163
1684568156905 8.908409 164
1684568156967 8.90841 165
1684568157036 8.908409 166
1684568157105 8.908411 167
1684568157174 8.908409 168
1684568157237 8.908409 169
1684568157306 8.908409 170
1684568157375 8.90841 171
1684568157437 8.908409 172
1684568157506 8.908411 173
1684568157575 8.908409 174
1684568157653 8.908409 175
1684568157722 8.908409 176
1684568157791 8.908409 177
1684568157862 8.908409 178
1684568157925 8.908409 179
1684568157992 8.908409 180
1684568158076 8.908409 181
1684568158139 8.908409 182
1684568158208 8.908409 183
1684568158277 8.90841 184
1684568158355 8.908409 185
1684568158409 8.908409 186
1684568158477 8.908409 187
1684568158555 8.908409 188
1684568158624 8.908409 189
1684568158693 8.90841 190
1684568158772 8.908409 191
1684568158841 8.908409 192
1684568158894 8.90841 193
1684568158978 8.908409 194
1684568159041 8.908409 195
1684568159110 8.908409 196
1684568159179 8.908409 197
1684568159395 8.908409 198
1684568159522 8.908409 199
1684568159596 8.908409 200
1684568159674 8.908409 201
1684568159743 8.908409 202
1684568159812 8.908409 203
1684568159881 8.90841 204
1684568159959 8.908409 205
1684568160023 8.908409 206
1684568160097 8.90841 207
1684568160175 8.908409 208
1684568160244 8.90841 209
1684568160313 8.90841 210
1684568160382 8.908409 211
1684568160444 8.90841 212
1684568160525 8.908409 213
1684568160582 8.90841 214
1684568160682 8.908409 215
1684568160745 8.908409 216
1684568160830 8.90841 217
1684568160899 8.908409 218
1684568160961 8.908409 219
1684568161037 8.908409 220
1684568161099 8.908409 221
1684568161177 8.90841 222
1684568161246 8.908409 223
1684568161315 8.90841 224
1684568161384 8.908409 225
1684568161447 8.90841 226
1684568161516 8.908409 227
1684568161596 8.90841 228
1684568161665 8.90841 229
1684568161732 8.908409 230
1684568161817 8.90841 231
1684568161886 8.908409 232
1684568161964 8.90841 233
1684568162033 8.908409 234
1684568162086 8.908409 235
1684568162167 8.90841 236
1684568162233 8.90841 237
1684568162302 8.908409 238
1684568162365 8.908409 239
1684568162434 8.908409 240
1684568162518 8.908409 241
1684568162587 8.908409 242
1684568162664 8.908409 243
1684568162734 8.90841 244
1684568162803 8.908409 245
1684568162866 8.90841 246
1684568162935 8.908409 247
1684568163004 8.90841 248
1684568163066 8.908409 249
1684568163135 8.90841 250
