1684569897345 26.267197 1
1684569897420 17.518307 2
1684569897487 12.467425 3
1684569897556 13.9524555 4
1684569897634 13.827477 5
1684569897703 13.6301155 6
1684569897773 13.430628 7
1684569897852 12.945148 8
1684569897922 12.896519 9
1684569897989 12.914022 10
1684569898057 12.254353 11
1684569898136 11.699656 12
1684569898205 11.363089 13
1684569898274 10.942253 14
1684569898358 10.566479 15
1684569898424 10.158158 16
1684569898490 9.782014 17
1684569898575 9.384501 18
1684569898637 8.912938 19
1684569898722 8.421045 20
1684569898791 8.18032 21
1684569898860 8.140848 22
1684569898924 8.135963 23
1684569898991 8.14279 24
1684569899076 8.151037 25
1684569899154 8.155505 26
1684569899223 8.15582 27
1684569899292 8.1537 28
1684569899361 8.150657 29
1684569899440 8.147654 30
1684569899518 8.145174 31
1684569899577 8.143366 32
1684569899661 8.142204 33
1684569899724 8.141579 34
1684569899793 8.141344 35
1684569899862 8.141342 36
1684569899940 8.141436 37
1684569900012 8.14151 38
1684569900078 8.141477 39
1684569900163 8.141271 40
1684569900225 8.140852 41
1684569900294 8.1402 42
1684569900363 8.139301 43
1684569900442 8.138164 44
1684569900509 8.136796 45
1684569900564 8.135219 46
1684569900642 8.133451 47
1684569900711 8.131518 48
1684569900780 8.129442 49
1684569900843 8.127246 50
1684569900912 8.124947 51
1684569900981 8.1225605 52
1684569901061 8.120098 53
1684569901121 8.117569 54
1684569901197 8.114978 55
1684569901266 8.112329 56
1684569901344 8.109627 57
1684569901413 8.106875 58
1684569901466 8.104063 59
1684569901545 8.101171 60
1684569901607 8.09823 61
1684569901682 8.09488 62
1684569901760 8.091713 63
1684569901814 8.089209 64
1684569901899 8.086806 65
1684569901961 8.08438 66
1684569902030 8.082145 67
1684569902089 8.080064 68
1684569902168 8.078086 69
1684569902246 8.076244 70
1684569902315 8.074532 71
1684569902384 8.072926 72
1684569902446 8.071423 73
1684569902516 8.070017 74
1684569902585 8.068696 75
1684569902667 8.067453 76
1684569902735 8.066285 77
1684569902801 8.0651865 78
1684569902870 8.064158 79
1684569902933 8.063198 80
1684569903002 8.062304 81
1684569903071 8.061467 82
1684569903149 8.060684 83
1684569903205 8.059952 84
1684569903287 8.059265 85
1684569903371 8.058624 86
1684569903434 8.058024 87
1684569903503 8.057465 88
1684569903572 8.056942 89
1684569903650 8.0564575 90
1684569903704 8.056008 91
1684569903772 8.055593 92
1684569903850 8.05521 93
1684569903919 8.054859 94
1684569903989 8.054538 95
1684569904051 8.054245 96
1684569904120 8.05398 97
1684569904189 8.053738 98
1684569904270 8.053521 99
1684569904336 8.053326 100
1684569904405 8.053152 101
1684569904474 8.052997 102
1684569904537 8.052858 103
1684569904606 8.052736 104
1684569904675 8.052629 105
1684569904750 8.052534 106
1684569904804 8.052452 107
1684569904875 8.0523815 108
1684569904953 8.05232 109
1684569905007 8.052267 110
1684569905076 8.052221 111
1684569905154 8.052183 112
1684569905223 8.052152 113
1684569905303 8.052126 114
1684569905359 8.052105 115
1684569905439 8.052088 116
1684569905508 8.052074 117
1684569905577 8.052065 118
1684569905640 8.052057 119
1684569905709 8.052053 120
1684569905778 8.052051 121
1684569905925 8.05205 122
1684569906094 8.052052 123
1684569906156 8.052054 124
1684569906241 8.052057 125
1684569906310 8.052063 126
1684569906379 8.052068 127
1684569906441 8.0520735 128
1684569906526 8.052079 129
1684569906579 8.052085 130
1684569906657 8.052092 131
1684569906726 8.052099 132
1684569906795 8.052105 133
1684569906871 8.052112 134
1684569906930 8.052118 135
1684569906996 8.052124 136
1684569907074 8.052131 137
1684569907143 8.052136 138
1684569907212 8.052141 139
1684569907281 8.052147 140
1684569907344 8.052151 141
1684569907429 8.0521555 142
1684569907497 8.05216 143
1684569907560 8.052165 144
1684569907629 8.05217 145
1684569907698 8.0521755 146
1684569907776 8.05218 147
1684569907845 8.052188 148
1684569907916 8.052196 149
1684569907983 8.052204 150
1684569908045 8.052216 151
1684569908114 8.052227 152
1684569908183 8.052241 153
1684569908246 8.052257 154
1684569908331 8.052275 155
1684569908963 8.052294 156
1684569909133 8.052313 157
1684569909218 8.052335 158
1684569909287 8.052357 159
1684569909349 8.05238 160
1684569909418 8.0524025 161
1684569909487 8.052425 162
1684569909560 8.052446 163
1684569909634 8.052469 164
1684569909703 8.05249 165
1684569909766 8.05251 166
1684569909835 8.052528 167
1684569909919 8.0525465 168
1684569909988 8.052563 169
1684569910078 8.052578 170
1684569910151 8.052592 171
1684569910236 8.052605 172
1684569910305 8.052616 173
1684569910389 8.052625 174
1684569910467 8.052633 175
1684569910552 8.052641 176
1684569910623 8.052649 177
1684569910690 8.052653 178
1684569910768 8.052658 179
1684569910837 8.052661 180
1684569910906 8.052664 181
1684569910984 8.052666 182
1684569911053 8.052668 183
1684569911123 8.052668 184
1684569911191 8.052669 185
1684569911253 8.052669 186
1684569911322 8.052668 187
1684569911407 8.052667 188
1684569911492 8.052666 189
1684569911554 8.052664 190
1684569911630 8.052662 191
1684569911692 8.05266 192
1684569911755 8.052658 193
1684569911824 8.052656 194
1684569911893 8.052654 195
1684569911971 8.052651 196
1684569912040 8.052649 197
1684569912109 8.052647 198
1684569912172 8.052644 199
1684569912252 8.052641 200
1684569912310 8.052639 201
1684569912394 8.052637 202
1684569912457 8.052633 203
1684569912526 8.052631 204
1684569912595 8.052629 205
1684569912673 8.052628 206
1684569912737 8.052625 207
1684569912811 8.052622 208
1684569912889 8.05262 209
1684569912958 8.052618 210
1684569913027 8.052616 211
1684569913096 8.052614 212
1684569913159 8.052612 213
1684569913219 8.05261 214
1684569913296 8.0526085 215
1684569913375 8.052607 216
1684569913444 8.052605 217
1684569913513 8.052603 218
1684569913591 8.052602 219
1684569913660 8.052601 220
1684569913729 8.052599 221
1684569913798 8.052598 222
1684569913876 8.052597 223
1684569913945 8.052596 224
1684569914014 8.052595 225
1684569914076 8.052593 226
1684569914145 8.052593 227
1684569914214 8.052591 228
1684569914285 8.052591 229
1684569914348 8.05259 230
1684569914415 8.052589 231
1684569914493 8.052588 232
1684569914546 8.0525875 233
1684569914615 8.0525875 234
1684569914693 8.0525875 235
1684569914762 8.0525875 236
1684569914833 8.052587 237
1684569914900 8.052587 238
1684569914963 8.052586 239
1684569915032 8.052586 240
1684569915101 8.052586 241
1684569915163 8.052584 242
1684569915233 8.052584 243
1684569915302 8.052584 244
1684569915383 8.052584 245
1684569915448 8.052584 246
1684569915518 8.052584 247
1684569915580 8.052584 248
1684569915649 8.052584 249
1684569915718 8.052584 250
