1684568725836 26.299791 1
1684568725916 16.143095 2
1684568725984 12.233639 3
1684568726056 12.514426 4
1684568726131 8.884553 5
1684568726200 8.846819 6
1684568726262 8.717918 7
1684568726331 8.51355 8
1684568726416 8.477762 9
1684568726478 8.478311 10
1684568726554 8.33723 11
1684568726620 8.34846 12
1684568726685 8.34042 13
1684568726763 8.352767 14
1684568726832 8.378813 15
1684568726901 8.443834 16
1684568726963 8.533592 17
1684568727032 8.587732 18
1684568727117 8.700448 19
1684568727186 8.848788 20
1684568727264 9.056335 21
1684568727333 9.24814 22
1684568727402 9.530626 23
1684568727464 9.282744 24
1684568727533 9.427725 25
1684568727605 9.473631 26
1684568727687 9.711855 27
1684568727765 9.262652 28
1684568727829 9.326002 29
1684568727903 9.267051 30
1684568727965 9.430586 31
1684568728034 9.131027 32
1684568728103 9.206758 33
1684568728187 9.1607685 34
1684568728250 9.312286 35
1684568728319 9.134858 36
1684568728388 9.24321 37
1684568728466 9.228609 38
1684568728535 9.397562 39
1684568728604 9.283993 40
1684568728672 9.422624 41
1684568728737 9.415786 42
1684568728805 9.6030655 43
1684568728889 9.500853 44
1684568729090 9.627094 45
1684568729253 9.718601 46
1684568729322 9.913359 47
1684568729391 9.849503 48
1684568729453 10.017674 49
1684568729522 9.880357 50
1684568729591 10.044377 51
1684568729670 9.809319 52
1684568729738 9.937655 53
1684568729807 9.78858 54
1684568729870 9.939948 55
1684568729939 9.7417755 56
1684568730023 9.871372 57
1684568730092 9.74551 58
1684568730155 9.8986225 59
1684568730224 9.7210865 60
1684568730306 9.854521 61
1684568730368 9.744798 62
1684568730440 9.900316 63
1684568730509 9.747589 64
1684568730587 9.883823 65
1684568730656 9.797366 66
1684568730725 9.954252 67
1684568730801 9.822477 68
1684568730869 9.959122 69
1684568730941 9.868488 70
1684568731010 10.020304 71
1684568731072 9.871157 72
1684568731142 9.998121 73
1684568731211 9.894222 74
1684568731295 10.034729 75
1684568731371 9.887464 76
1684568731442 10.007096 77
1684568731511 9.902013 78
1684568731573 10.032621 79
1684568731643 9.899969 80
1684568731712 10.015294 81
1684568731774 9.914526 82
1684568731854 10.036419 83
1684568731928 9.921085 84
1684568731997 10.031952 85
1684568732059 9.938076 86
1684568732128 10.050489 87
1684568732197 9.952019 88
1684568732275 10.055813 89
1684568732344 9.971062 90
1684568732416 10.071853 91
1684568732478 9.989101 92
1684568732545 10.081852 93
1684568732629 10.008491 94
1684568732692 10.094291 95
1684568732761 10.027771 96
1684568732830 10.103828 97
1684568732899 10.0482235 98
1684568732966 10.112497 99
1684568733030 10.071229 100
1684568733099 10.119051 101
1684568733331 10.09898 102
1684568733415 10.120071 103
1684568733492 10.136314 104
1684568733547 10.09194 105
1684568733616 10.195206 106
1684568733694 9.589248 107
1684568733763 9.237176 108
1684568733832 9.160125 109
1684568733901 8.983918 110
1684568733973 8.879341 111
1684568734041 8.845257 112
1684568734116 8.807713 113
1684568734179 8.77264 114
1684568734248 8.75615 115
1684568734332 8.748068 116
1684568734401 8.742371 117
1684568734464 8.741339 118
1684568734680 8.743818 119
1684568734780 8.747356 120
1684568734865 8.751668 121
1684568734934 8.756534 122
1684568735003 8.761192 123
1684568735075 8.765343 124
1684568735150 8.768997 125
1684568735219 8.772078 126
1684568735297 8.774575 127
1684568735366 8.77659 128
1684568735435 8.778215 129
1684568735504 8.779528 130
1684568735577 8.780611 131
1684568735635 8.781544 132
1684568735704 8.78237 133
1684568735782 8.783136 134
1684568735851 8.783865 135
1684568735998 8.784576 136
1684568736169 8.785276 137
1684568736236 8.785969 138
1684568736305 8.786654 139
1684568736383 8.787329 140
1684568736452 8.787988 141
1684568736521 8.788629 142
1684568736584 8.789246 143
1684568736673 8.789837 144
1684568736753 8.790401 145
1684568736837 8.7909355 146
1684568736922 8.791443 147
1684568737007 8.791918 148
1684568737069 8.792369 149
1684568737150 8.792793 150
1684568737207 8.79319 151
1684568737370 8.793562 152
1684568737454 8.793911 153
1684568737523 8.794241 154
1684568737586 8.794549 155
1684568737655 8.794835 156
1684568737737 8.795101 157
1684568737808 8.795352 158
1684568737886 8.795584 159
1684568737955 8.795799 160
1684568738024 8.795998 161
1684568738087 8.796183 162
1684568738156 8.7963505 163
1684568738243 8.796508 164
1684568738309 8.796652 165
1684568738403 8.796782 166
1684568738488 8.796903 167
1684568738572 8.797014 168
1684568738641 8.797117 169
1684568738726 8.79721 170
1684568738787 8.7972975 171
1684568738857 8.797374 172
1684568738942 8.797446 173
1684568739011 8.797513 174
1684568739073 8.797573 175
1684568739143 8.797628 176
1684568739212 8.797678 177
1684568739295 8.797725 178
1684568739358 8.797766 179
1684568739459 8.797804 180
1684568739528 8.79784 181
1684568739606 8.797873 182
1684568739675 8.797903 183
1684568739744 8.79793 184
1684568739819 8.797955 185
1684568739878 8.797977 186
1684568739944 8.797998 187
1684568740029 8.798019 188
1684568740091 8.798036 189
1684568740192 8.798056 190
1684568740261 8.798076 191
1684568740339 8.798092 192
1684568740414 8.798108 193
1684568740476 8.798122 194
1684568740545 8.798136 195
1684568740614 8.798149 196
1684568740692 8.798161 197
1684568740762 8.798172 198
1684568740831 8.798185 199
1684568740894 8.798199 200
1684568740965 8.798208 201
1684568741031 8.798216 202
1684568741109 8.7982235 203
1684568741178 8.798231 204
1684568741247 8.798236 205
1684568741316 8.798242 206
1684568741494 8.798246 207
1684568741594 8.79825 208
1684568741663 8.798256 209
1684568741732 8.798262 210
1684568741795 8.798266 211
1684568741864 8.798269 212
1684568741944 8.798274 213
1684568742014 8.798279 214
1684568742080 8.798283 215
1684568742149 8.7982855 216
1684568742218 8.798288 217
1684568742280 8.798292 218
1684568742349 8.798294 219
1684568742418 8.798294 220
1684568742496 8.798295 221
1684568742565 8.798295 222
1684568742634 8.798295 223
1684568742697 8.798295 224
1684568742766 8.798295 225
1684568742835 8.798294 226
1684568742897 8.798293 227
1684568742966 8.798292 228
1684568743048 8.798292 229
1684568743111 8.798292 230
1684568743182 8.798292 231
1684568743251 8.798292 232
1684568743320 8.798292 233
1684568743383 8.798294 234
1684568743459 8.798294 235
1684568743521 8.798294 236
1684568743586 8.798294 237
1684568743668 8.798294 238
1684568743737 8.798296 239
1684568743799 8.798298 240
1684568743868 8.7983 241
1684568743937 8.798304 242
1684568744015 8.798309 243
1684568744087 8.79831 244
1684568744153 8.798311 245
1684568744222 8.798315 246
1684568744285 8.798315 247
1684568744354 8.798315 248
1684568744423 8.798315 249
1684568744485 8.798315 250
