1684568270415 51.54190671039921 1
1684568270507 42.058902971679416 2
1684568270586 31.122184723822187 3
1684568270665 25.733956240341737 4
1684568270745 24.350229140027103 5
1684568270824 23.433885105894298 6
1684568270908 20.395319046905467 7
1684568270990 18.671498725149558 8
1684568271072 17.15885393274909 9
1684568271155 16.808972565043387 10
1684568271240 16.54661777754248 11
1684568271325 16.31305268703237 12
1684568271407 16.19064189372488 13
1684568271486 16.12685445057965 14
1684568271567 16.106321368473395 15
1684568271647 16.060023394992257 16
1684568271727 16.03641195675622 17
1684568271805 15.995524130458556 18
1684568271880 15.965321479469246 19
1684568271960 15.93465541948569 20
1684568272042 15.910074512096386 21
1684568272123 15.889888156782822 22
1684568272207 15.872261913324735 23
1684568272289 15.857048674884938 24
1684568272370 15.839959346656638 25
1684568272448 15.82163831702349 26
1684568272529 15.79985920703707 27
1684568272605 15.776217738632415 28
1684568272685 15.74819775589258 29
1684568272770 15.714403843806519 30
1684568272849 15.672327648702218 31
1684568272921 15.6286640147902 32
1684568272991 15.597771886145006 33
1684568273061 15.575504595384963 34
1684568273130 15.555821471070892 35
1684568273191 15.536661436651881 36
1684568273271 15.51643088202538 37
1684568273340 15.49409189004991 38
1684568273416 15.469099229286327 39
1684568273481 15.440857764585271 40
1684568273556 15.409191366067516 41
1684568273619 15.374232513791224 42
1684568273688 15.336131774513245 43
1684568273772 15.294960060100582 44
1684568273841 15.250757827861785 45
1684568273904 15.203593227638963 46
1684568273975 15.153663315932096 47
1684568274057 15.101332864801211 48
1684568274120 15.047095692437328 49
1684568274189 14.991517558124546 50
1684568274274 14.93517945050433 51
1684568274358 14.878635052968736 52
1684568274443 14.822380086705952 53
1684568274526 14.766840012416214 54
1684568274605 14.712359687821698 55
1684568274674 14.659209289551768 56
1684568274743 14.607586093074847 57
1684568274822 14.55763034035394 58
1684568274891 14.509426429485774 59
1684568274960 14.463025541407598 60
1684568275027 14.418445220345646 61
1684568275107 14.37568209410581 62
1684568275160 14.334716294689885 63
1684568275245 14.295518055504202 64
1684568275307 14.258051282044008 65
1684568275376 14.222269595192678 66
1684568275445 14.188125210893649 67
1684568275548 14.155569456048786 68
1684568275606 14.124550541517605 69
1684568275692 14.095013578153894 70
1684568275777 14.066904987025332 71
1684568275846 14.040171378260602 72
1684568275909 14.014756963096941 73
1684568275978 13.990609126145607 74
1684568276055 13.967673218999462 75
1684568276123 13.945897401232557 76
1684568276193 13.925229918872319 77
1684568276262 13.905619245376005 78
1684568276341 13.887016766271694 79
1684568276410 13.86937529353909 80
1684568276479 13.852649300001628 81
1684568276548 13.836792767367122 82
1684568276619 13.821760623042167 83
1684568276679 13.807516577244202 84
1684568276748 13.794015905670777 85
1684568276826 13.781220651433761 86
1684568276911 13.769092907294143 87
1684568276980 13.75759765293266 88
1684568277065 13.746696232343227 89
1684568277152 13.736356986498166 90
1684568277219 13.726544725418677 91
1684568277297 13.717227738495307 92
1684568277382 13.70837135598943 93
1684568277466 13.6999460764351 94
1684568277529 13.691920316214178 95
1684568277613 13.684259587049604 96
1684568277685 13.676936702527927 97
1684568277751 13.669916158038905 98
1684568277814 13.663169853662403 99
1684568277883 13.656662926149773 100
1684568277952 13.650363624427268 101
1684568278030 13.644239708488998 102
1684568278099 13.638254761965845 103
1684568278177 13.632375190728904 104
1684568278235 13.626563773454183 105
1684568278315 13.62078305140091 106
1684568278384 13.614993150539998 107
1684568278453 13.609153588053717 108
1684568278531 13.603223229040637 109
1684568278600 13.597156918199351 110
1684568278669 13.590908625315265 111
1684568278733 13.584432884557032 112
1684568278803 13.5776810232658 113
1684568278869 13.570602915568081 114
1684568278932 13.563150227230608 115
1684568279001 13.555269469057153 116
1684568279086 13.546911948913689 117
1684568279155 13.53802851252347 118
1684568279221 13.52857024308856 119
1684568279286 13.51849183522131 120
1684568279370 13.507752853543163 121
1684568279433 13.496309753939851 122
1684568279502 13.484133330927737 123
1684568279571 13.471195593119251 124
1684568279655 13.457473909432005 125
1684568279718 13.44295325433171 126
1684568279790 13.427626546050504 127
1684568279871 13.411493854326842 128
1684568279934 13.394562362993362 129
1684568280003 13.376844675063472 130
1684568280072 13.358361418272658 131
1684568280157 13.339135795144543 132
1684568280219 13.319197367348568 133
1684568280297 13.298576598547314 134
1684568280357 13.277307295595097 135
1684568280435 13.255424839260284 136
1684568280504 13.232962290307581 137
1684568280573 13.209950885501351 138
1684568280805 13.186424505610134 139
1684568281006 13.162408931900746 140
1684568281137 13.13793320545988 141
1684568281207 13.113020177560532 142
1684568281276 13.087688581148228 143
1684568281352 13.061955093165928 144
1684568281409 13.035837630453752 145
1684568281491 13.0093456264744 146
1684568281560 12.982490637067329 147
1684568281639 12.955277528870157 148
1684568281723 12.92771701454121 149
1684568281792 12.899813843461988 150
1684568281861 12.871572269828533 151
1684568281942 12.842994070230981 152
1684568282024 12.814084934557382 153
1684568282108 12.784850374714036 154
1684568282193 12.755293306289458 155
1684568282262 12.725418213342772 156
1684568282325 12.695231532543831 157
1684568282394 12.664737093670857 158
1684568282462 12.633942801352433 159
1684568282541 12.602856431728867 160
1684568282610 12.57148353121043 161
1684568282679 12.53983713794322 162
1684568282757 12.50792390189833 163
1684568282826 12.47575746349064 164
1684568282895 12.44334508277989 165
1684568282963 12.410701340329481 166
1684568283028 12.377839312256292 167
1684568283095 12.344770528796118 168
1684568283164 12.311509570611857 169
1684568283242 12.27806889159076 170
1684568283311 12.244464277016085 171
1684568283380 12.210710191539132 172
1684568283459 12.17682133700125 173
1684568283530 12.14281125013285 174
1684568283596 12.108697220480067 175
1684568283665 12.074492322250082 176
1684568283728 12.040212896847247 177
1684568283812 12.005872660116701 178
1684568283881 11.971487312328264 179
1684568283959 11.937069795491595 180
1684568284034 11.902635994663207 181
1684568284097 11.868201298669693 182
1684568284166 11.833776540835418 183
1684568284244 11.799376563273729 184
1684568284313 11.765016897620946 185
1684568284382 11.730707868953896 186
1684568284445 11.696463557321154 187
1684568284514 11.662298037422218 188
1684568284600 11.628221750600119 189
1684568284884 11.594246800915716 190
1684568284984 11.560386155784173 191
1684568285068 11.526650780287747 192
1684568285133 11.493052628867588 193
1684568285200 11.459600189237113 194
1684568285269 11.426306183833347 195
1684568285347 11.393180507727198 196
1684568285416 11.36023228278041 197
1684568285469 11.327472029394185 198
1684568285548 11.294909274204336 199
1684568285624 11.262552207381665 200
1684568285685 11.230410250756396 201
1684568285748 11.198491173979143 202
1684568285817 11.166803966424764 203
1684568285886 11.135356564102409 204
1684568285948 11.104156391492978 205
1684568286033 11.073209633828105 206
1684568286102 11.042524471139938 207
1684568286171 11.012106294879247 208
1684568286249 10.98196011933053 209
1684568286318 10.952092730051287 210
1684568286387 10.922509413939748 211
1684568286449 10.89321453378282 212
1684568286518 10.864211991910286 213
1684568286587 10.835506592408027 214
1684568286667 10.807101353981741 215
1684568286737 10.778999340732767 216
1684568286803 10.751201517354172 217
1684568286872 10.7237101835731 218
1684568286935 10.696527247344399 219
1684568287004 10.669651581533019 220
1684568287073 10.643084123418808 221
1684568287135 10.616823235636348 222
1684568287205 10.59086836270846 223
1684568287273 10.565214978849578 224
1684568287352 10.539861270881255 225
1684568287421 10.51480255142759 226
1684568287490 10.490032822811692 227
1684568287552 10.465546531684922 228
1684568287621 10.441336372629959 229
1684568287690 10.417392275688842 230
1684568287755 10.39370452243121 231
1684568287837 10.370261812160965 232
1684568287906 10.347052332604894 233
1684568287975 10.324059334325387 234
1684568288038 10.30126872269287 235
1684568288107 10.278659197794118 236
1684568288176 10.256212840128459 237
1684568288250 10.233904185339345 238
1684568288320 10.21170880106826 239
1684568288376 10.18959815877922 240
1684568288454 10.167540844722467 241
1684568288507 10.14550150569939 242
1684568288576 10.123442712877303 243
1684568288654 10.101321911084247 244
1684568288723 10.079093027941882 245
1684568288787 10.05670446502219 246
1684568288868 10.034102247992475 247
1684568288939 10.011225850627133 248
1684568289008 9.988010261673985 249
1684568289077 9.964387255668662 250
