1684566745062 24.124916 1
1684566745136 16.961092 2
1684566745219 16.121702 3
1684566745295 13.309791 4
1684566745374 10.550805 5
1684566745453 9.502899 6
1684566745527 8.175891 7
1684566745596 8.238015 8
1684566745674 8.149252 9
1684566745743 8.097384 10
1684566745812 8.094268 11
1684566745875 8.096429 12
1684566745962 8.09943 13
1684566746028 8.102099 14
1684566746097 8.100452 15
1684566746176 8.100863 16
1684566746245 8.097866 17
1684566746314 8.094428 18
1684566746376 8.0930195 19
1684566746461 7.9652586 20
1684566746534 8.065997 21
1684566746598 8.092941 22
1684566746677 8.092976 23
1684566746746 8.092949 24
1684566746815 8.092834 25
1684566746893 8.092738 26
1684566747077 8.092651 27
1684566747201 8.092442 28
1684566747279 8.0721 29
1684566747348 8.048236 30
1684566747417 8.054734 31
1684566747495 8.057255 32
1684566747566 8.060055 33
1684566747633 8.063158 34
1684566747702 8.066017 35
1684566747764 8.068527 36
1684566747833 8.070772 37
1684566747902 8.07282 38
1684566747981 8.074724 39
1684566748055 8.076499 40
1684566748118 8.0780945 41
1684566748181 8.079433 42
1684566748250 8.080434 43
1684566748319 8.081018 44
1684566748382 8.081131 45
1684566748451 8.080742 46
1684566748520 8.079855 47
1684566748598 8.078501 48
1684566748653 8.076731 49
1684566748736 8.07462 50
1684566748805 8.072262 51
1684566748867 8.069757 52
1684566748936 8.067211 53
1684566749005 8.064714 54
1684566749083 8.062343 55
1684566749154 8.06015 56
1684566749221 8.058171 57
1684566749284 8.056424 58
1684566749353 8.0549135 59
1684566749422 8.053629 60
1684566749484 8.052553 61
1684566749553 8.051666 62
1684566749622 8.050943 63
1684566749701 8.050362 64
1684566749769 8.049896 65
1684566749838 8.04953 66
1684566749907 8.049243 67
1684566749985 8.049021 68
1684566750054 8.048851 69
1684566750124 8.048723 70
1684566750185 8.048627 71
1684566750249 8.048557 72
1684566750324 8.048508 73
1684566750402 8.048473 74
1684566750471 8.04845 75
1684566750540 8.048435 76
1684566750602 8.048426 77
1684566750672 8.048418 78
1684566750748 8.048414 79
1684566750809 8.048412 80
1684566750887 8.04841 81
1684566750956 8.0484085 82
1684566751025 8.0484085 83
1684566751088 8.048407 84
1684566751173 8.048405 85
1684566751244 8.048404 86
1684566751310 8.048403 87
1684566751373 8.048402 88
1684566751442 8.048401 89
1684566751511 8.048401 90
1684566751589 8.0484 91
1684566751658 8.048399 92
1684566751727 8.0484 93
1684566751801 8.048401 94
1684566751858 8.048401 95
1684566751928 8.048401 96
1684566752006 8.048403 97
1684566752075 8.048403 98
1684566752144 8.048405 99
1684566752213 8.048406 100
1684566752275 8.048407 101
1684566752346 8.0484085 102
1684566752429 8.0484085 103
1684566752491 8.04841 104
1684566752560 8.04841 105
1684566752629 8.048411 106
1684566752714 8.048412 107
1684566752777 8.048414 108
1684566752847 8.048414 109
1684566752914 8.048414 110
1684566752993 8.048414 111
1684566753062 8.048414 112
1684566753131 8.048414 113
1684566753193 8.048414 114
1684566753262 8.048415 115
1684566753331 8.048415 116
1684566753411 8.048415 117
1684566753494 8.048415 118
1684566753563 8.048414 119
1684566753763 8.048414 120
1684566753848 8.048413 121
1684566753920 8.048414 122
1684566753975 8.048412 123
1684566754048 8.048412 124
1684566754117 8.048412 125
1684566754296 8.048412 126
1684566754427 8.048411 127
1684566754491 8.04841 128
1684566754565 8.04841 129
1684566754634 8.0484085 130
1684566754719 8.0484085 131
1684566754781 8.0484085 132
1684566754850 8.048408 133
1684566754919 8.048408 134
1684566754992 8.048407 135
1684566755066 8.048407 136
1684566755135 8.048406 137
1684566755220 8.048405 138
1684566755283 8.048405 139
1684566755352 8.048405 140
1684566755421 8.048404 141
1684566755493 8.048404 142
1684566755552 8.048403 143
1684566755621 8.048403 144
1684566755699 8.048402 145
1684566755768 8.048401 146
1684566755837 8.048401 147
1684566755915 8.0484 148
1684566755984 8.048399 149
1684566756055 8.048399 150
1684566756122 8.048399 151
1684566756185 8.048399 152
1684566756254 8.048399 153
1684566756338 8.048398 154
1684566756416 8.048398 155
1684566756485 8.048397 156
1684566756555 8.048397 157
1684566756623 8.048397 158
1684566756686 8.048396 159
1684566756755 8.048395 160
1684566756824 8.048395 161
1684566756902 8.048396 162
1684566756971 8.048395 163
1684566757025 8.048395 164
1684566757109 8.048395 165
1684566757172 8.048395 166
1684566757241 8.048395 167
1684566757303 8.048395 168
1684566757372 8.048395 169
1684566757441 8.048394 170
1684566757504 8.048394 171
1684566757590 8.048394 172
1684566757655 8.048393 173
1684566757726 8.048393 174
1684566757789 8.048393 175
1684566757858 8.048393 176
1684566757942 8.048393 177
1684566758005 8.048393 178
1684566758074 8.048393 179
1684566758137 8.048393 180
1684566758218 8.048393 181
1684566758290 8.048393 182
1684566758359 8.048393 183
1684566758428 8.048392 184
1684566758490 8.048392 185
1684566758559 8.048392 186
1684566758628 8.048392 187
1684566758701 8.048391 188
1684566758760 8.048392 189
1684566758829 8.048391 190
1684566758907 8.048391 191
1684566758976 8.048391 192
1684566759161 8.048391 193
1684566759330 8.048391 194
1684566759446 8.048391 195
1684566759524 8.048391 196
1684566759593 8.048391 197
1684566759662 8.048391 198
1684566759737 8.048391 199
1684566759796 8.048391 200
1684566759863 8.048391 201
1684566759932 8.048391 202
1684566760010 8.04839 203
1684566760079 8.04839 204
1684566760148 8.048391 205
1684566760210 8.048391 206
1684566760291 8.04839 207
1684566760348 8.048391 208
1684566760426 8.04839 209
1684566760495 8.048391 210
1684566760564 8.048391 211
1684566760633 8.048391 212
1684566760696 8.048391 213
1684566760783 8.048391 214
1684566760849 8.048391 215
1684566760912 8.04839 216
1684566760981 8.04839 217
1684566761050 8.048389 218
1684566761128 8.04839 219
1684566761197 8.04839 220
1684566761266 8.04839 221
1684566761338 8.04839 222
1684566761394 8.04839 223
1684566761466 8.04839 224
1684566761535 8.04839 225
1684566761614 8.04839 226
1684566761698 8.04839 227
1684566761767 8.04839 228
1684566761840 8.04839 229
1684566761911 8.04839 230
1684566761968 8.04839 231
1684566762052 8.04839 232
1684566762115 8.048391 233
1684566762184 8.048391 234
1684566762253 8.048391 235
1684566762315 8.04839 236
1684566762401 8.04839 237
1684566762469 8.04839 238
1684566762538 8.04839 239
1684566762600 8.04839 240
1684566762669 8.04839 241
1684566762738 8.04839 242
1684566762801 8.04839 243
1684566762870 8.04839 244
1684566762942 8.04839 245
1684566762998 8.04839 246
1684566763071 8.04839 247
1684566763155 8.04839 248
1684566763218 8.04839 249
1684566763287 8.04839 250
