1684568391631 24.293327 1
1684568391710 19.764925 2
1684568391790 11.229188 3
1684568391862 11.2811985 4
1684568391931 9.489804 5
1684568392009 9.652224 6
1684568392078 9.026867 7
1684568392157 8.963228 8
1684568392228 8.757171 9
1684568392294 8.549372 10
1684568392363 8.500921 11
1684568392432 8.508673 12
1684568392510 8.494648 13
1684568392579 8.481982 14
1684568392664 8.358413 15
1684568392733 8.348234 16
1684568392795 8.3278055 17
1684568392864 8.3214035 18
1684568392933 8.322951 19
1684568393011 8.3199 20
1684568393080 8.32008 21
1684568393150 8.320282 22
1684568393229 8.319887 23
1684568393296 8.319703 24
1684568393365 8.319805 25
1684568393434 8.319921 26
1684568393516 8.319969 27
1684568393582 8.319388 28
1684568393651 8.319174 29
1684568393713 8.319246 30
1684568393793 8.319081 31
1684568393867 8.318893 32
1684568393930 8.3187685 33
1684568393999 8.318598 34
1684568394068 8.318429 35
1684568394137 8.318324 36
1684568394199 8.318247 37
1684568394279 8.318172 38
1684568394337 8.318106 39
1684568394415 8.318044 40
1684568394484 8.317987 41
1684568394553 8.317936 42
1684568394631 8.317893 43
1684568394700 8.317859 44
1684568394775 8.317831 45
1684568394838 8.317808 46
1684568394901 8.317784 47
1684568394970 8.31776 48
1684568395039 8.3177395 49
1684568395117 8.317722 50
1684568395170 8.317707 51
1684568395255 8.317695 52
1684568395313 8.317685 53
1684568395393 8.3176775 54
1684568395455 8.317671 55
1684568395540 8.317665 56
1684568395602 8.31766 57
1684568395671 8.3176565 58
1684568395740 8.317652 59
1684568395820 8.317649 60
1684568395890 8.317645 61
1684568395956 8.317642 62
1684568396019 8.317637 63
1684568396088 8.317635 64
1684568396157 8.317631 65
1684568396235 8.317627 66
1684568396304 8.317624 67
1684568396374 8.317622 68
1684568396442 8.317619 69
1684568396505 8.317617 70
1684568396574 8.3176155 71
1684568396643 8.317614 72
1684568396705 8.317613 73
1684568396774 8.317611 74
1684568396844 8.31761 75
1684568396909 8.317608 76
1684568396990 8.317607 77
1684568397059 8.317605 78
1684568397122 8.317603 79
1684568397191 8.317601 80
1684568397260 8.317599 81
1684568397338 8.317596 82
1684568397411 8.317595 83
1684568397474 8.317592 84
1684568397545 8.317589 85
1684568397607 8.317586 86
1684568397676 8.317582 87
1684568397761 8.317579 88
1684568397846 8.317576 89
1684568397924 8.317574 90
1684568398010 8.31757 91
1684568398093 8.317567 92
1684568398162 8.317565 93
1684568398247 8.317562 94
1684568398325 8.317561 95
1684568398394 8.317559 96
1684568398526 8.317557 97
1684568398594 8.317556 98
1684568398663 8.317555 99
1684568398742 8.317555 100
1684568398811 8.317554 101
1684568398880 8.317554 102
1684568398949 8.3175535 103
1684568399022 8.3175535 104
1684568399091 8.3175535 105
1684568399196 8.317553 106
1684568399265 8.3175535 107
1684568399343 8.3175535 108
1684568399412 8.317553 109
1684568399481 8.317553 110
1684568399561 8.317553 111
1684568399615 8.317553 112
1684568399697 8.317553 113
1684568399766 8.317552 114
1684568399829 8.317552 115
1684568399898 8.317552 116
1684568399967 8.317551 117
1684568400051 8.317551 118
1684568400117 8.317551 119
1684568400183 8.317551 120
1684568400252 8.317551 121
1684568400330 8.317551 122
1684568400399 8.317551 123
1684568400468 8.317551 124
1684568400546 8.317551 125
1684568400618 8.31755 126
1684568400684 8.31755 127
1684568400753 8.317551 128
1684568400831 8.31755 129
1684568400900 8.31755 130
1684568400969 8.317551 131
1684568401047 8.31755 132
1684568401116 8.31755 133
1684568401187 8.31755 134
1684568401254 8.31755 135
1684568401317 8.31755 136
1684568401386 8.31755 137
1684568401455 8.31755 138
1684568401533 8.317549 139
1684568401602 8.31755 140
1684568401680 8.317549 141
1684568401736 8.31755 142
1684568401818 8.317549 143
1684568401887 8.317549 144
1684568401956 8.317549 145
1684568402019 8.31755 146
1684568402088 8.31755 147
1684568402157 8.317549 148
1684568402238 8.317549 149
1684568402302 8.317549 150
1684568402373 8.317549 151
1684568402435 8.31755 152
1684568402505 8.31755 153
1684568402574 8.317549 154
1684568402652 8.317549 155
1684568402721 8.317549 156
1684568402785 8.317549 157
1684568402858 8.317549 158
1684568402921 8.317549 159
1684568402990 8.317549 160
1684568403059 8.317549 161
1684568403121 8.317549 162
1684568403190 8.317549 163
1684568403272 8.317549 164
1684568403339 8.317549 165
1684568403406 8.317549 166
1684568403468 8.317549 167
1684568403546 8.317549 168
1684568403622 8.317549 169
1684568403691 8.317549 170
1684568403754 8.317549 171
1684568403826 8.317549 172
1684568403892 8.317549 173
1684568403961 8.317549 174
1684568404039 8.317549 175
1684568404108 8.317549 176
1684568404177 8.317549 177
1684568404239 8.317549 178
1684568404318 8.317549 179
1684568404377 8.317549 180
1684568404455 8.317549 181
1684568404525 8.317549 182
1684568404594 8.317549 183
1684568404678 8.317549 184
1684568404741 8.317549 185
1684568404810 8.317549 186
1684568404887 8.317549 187
1684568404943 8.317549 188
1684568405010 8.317549 189
1684568405079 8.317549 190
1684568405158 8.317549 191
1684568405227 8.317548 192
1684568405280 8.317549 193
1684568405363 8.317549 194
1684568405429 8.317549 195
1684568405496 8.317549 196
1684568405565 8.317549 197
1684568405643 8.317549 198
1684568405712 8.317549 199
1684568405781 8.317548 200
1684568405844 8.317548 201
1684568406044 8.317548 202
1684568406229 8.317548 203
1684568406330 8.317548 204
1684568406399 8.317548 205
1684568406473 8.317549 206
1684568406543 8.317548 207
1684568406614 8.317548 208
1684568406684 8.317549 209
1684568406746 8.317549 210
1684568406815 8.317549 211
1684568406884 8.317549 212
1684568406962 8.317549 213
1684568407035 8.317549 214
1684568407100 8.317549 215
1684568407169 8.317549 216
1684568407232 8.317549 217
1684568407386 8.317549 218
1684568407526 8.317549 219
1684568407586 8.317549 220
1684568407671 8.317549 221
1684568407733 8.317549 222
1684568407802 8.317549 223
1684568407871 8.317549 224
1684568407950 8.317549 225
1684568408020 8.317549 226
1684568408087 8.317549 227
1684568408150 8.317549 228
1684568408219 8.317549 229
1684568408288 8.317549 230
1684568408351 8.317549 231
1684568408420 8.317549 232
1684568408489 8.317549 233
1684568408567 8.317549 234
1684568408638 8.317549 235
1684568408705 8.317549 236
1684568408774 8.317549 237
1684568408836 8.317549 238
1684568408905 8.317549 239
1684568408974 8.317549 240
1684568409053 8.317549 241
1684568409108 8.317549 242
1684568409191 8.317549 243
1684568409253 8.317549 244
1684568409322 8.317549 245
1684568409391 8.317549 246
1684568409469 8.317549 247
1684568409538 8.317549 248
1684568409609 8.317549 249
1684568409676 8.317549 250
