1684568186210 51.81734 1
1684568186275 25.755379 2
1684568186359 19.310156 3
1684568186421 14.3508 4
1684568186491 16.00115 5
1684568186559 12.886963 6
1684568186637 12.310921 7
1684568186706 11.572424 8
1684568186775 11.405147 9
1684568186845 10.43121 10
1684568186923 10.059936 11
1684568186992 9.960169 12
1684568187058 9.593412 13
1684568187136 9.349057 14
1684568187207 9.258958 15
1684568187276 9.231623 16
1684568187361 9.21948 17
1684568187424 9.211859 18
1684568187493 9.203158 19
1684568187578 9.193191 20
1684568187646 9.183719 21
1684568187708 9.175753 22
1684568187778 9.170085 23
1684568187862 9.167199 24
1684568187925 9.167057 25
1684568187994 9.169302 26
1684568188073 9.173407 27
1684568188148 9.178723 28
1684568188211 9.184532 29
1684568188294 9.190106 30
1684568188363 9.194749 31
1684568188426 9.197838 32
1684568188510 9.198887 33
1684568188579 9.197586 34
1684568188648 9.193843 35
1684568188711 9.187775 36
1684568188780 9.17969 37
1684568188849 9.170041 38
1684568188927 9.159356 39
1684568188996 9.14819 40
1684568189065 9.137062 41
1684568189137 9.126391 42
1684568189199 9.116474 43
1684568189265 9.107487 44
1684568189343 9.099501 45
1684568189412 9.092514 46
1684568189481 9.08647 47
1684568189550 9.081287 48
1684568189628 9.076872 49
1684568189699 9.073126 50
1684568189766 9.069961 51
1684568189828 9.067295 52
1684568189897 9.065058 53
1684568189966 9.063185 54
1684568190051 9.061621 55
1684568190129 9.060324 56
1684568190200 9.059248 57
1684568190267 9.058364 58
1684568190329 9.05764 59
1684568190398 9.057051 60
1684568190483 9.056577 61
1684568190552 9.056198 62
1684568190615 9.0559 63
1684568190684 9.055668 64
1684568190753 9.0554905 65
1684568190834 9.055359 66
1684568190900 9.055264 67
1684568190969 9.055201 68
1684568191047 9.0551605 69
1684568191116 9.0551405 70
1684568191185 9.055134 71
1684568191255 9.0551405 72
1684568191336 9.055155 73
1684568191401 9.055178 74
1684568191470 9.055204 75
1684568191532 9.055236 76
1684568191601 9.055268 77
1684568191670 9.055303 78
1684568191748 9.055338 79
1684568191820 9.055372 80
1684568191886 9.055407 81
1684568191955 9.055442 82
1684568192018 9.055474 83
1684568192087 9.055507 84
1684568192156 9.055536 85
1684568192234 9.055567 86
1684568192314 9.055594 87
1684568192372 9.05562 88
1684568192450 9.055645 89
1684568192519 9.05567 90
1684568192572 9.055691 91
1684568192651 9.055713 92
1684568192720 9.055731 93
1684568192789 9.055748 94
1684568192857 9.055764 95
1684568192923 9.0557785 96
1684568192989 9.055792 97
1684568193058 9.055802 98
1684568193136 9.055813 99
1684568193205 9.055822 100
1684568193274 9.05583 101
1684568193352 9.055836 102
1684568193424 9.0558405 103
1684568193490 9.055844 104
1684568193559 9.055847 105
1684568193621 9.055847 106
1684568193690 9.055847 107
1684568193759 9.055847 108
1684568193838 9.055845 109
1684568193907 9.055841 110
1684568193975 9.055838 111
1684568194038 9.055834 112
1684568194122 9.055828 113
1684568194191 9.055821 114
1684568194260 9.055815 115
1684568194338 9.055807 116
1684568194427 9.0557995 117
1684568194489 9.055792 118
1684568194561 9.055782 119
1684568194623 9.055773 120
1684568194692 9.055763 121
1684568194761 9.055754 122
1684568194839 9.055742 123
1684568194908 9.055733 124
1684568194972 9.055721 125
1684568195053 9.05571 126
1684568195109 9.055698 127
1684568195178 9.055689 128
1684568195256 9.055677 129
1684568195325 9.055666 130
1684568195394 9.055655 131
1684568195463 9.055643 132
1684568195538 9.055633 133
1684568195610 9.055622 134
1684568195679 9.055611 135
1684568195741 9.0556 136
1684568195942 9.05559 137
1684568196127 9.055579 138
1684568196227 9.055569 139
1684568196296 9.055559 140
1684568196365 9.05555 141
1684568196443 9.05554 142
1684568196512 9.055531 143
1684568196584 9.055522 144
1684568196646 9.055513 145
1684568196712 9.055505 146
1684568196781 9.055496 147
1684568196859 9.055489 148
1684568196929 9.055481 149
1684568196982 9.055473 150
1684568197060 9.055467 151
1684568197132 9.055459 152
1684568197198 9.055452 153
1684568197267 9.055447 154
1684568197329 9.05544 155
1684568197398 9.055434 156
1684568197467 9.055428 157
1684568197545 9.055423 158
1684568197614 9.055417 159
1684568197683 9.055412 160
1684568197746 9.055407 161
1684568197815 9.055403 162
1684568197884 9.055399 163
1684568197946 9.055393 164
1684568198015 9.05539 165
1684568198084 9.055387 166
1684568198149 9.055383 167
1684568198229 9.055379 168
1684568198300 9.055376 169
1684568198369 9.055372 170
1684568198432 9.055369 171
1684568198501 9.0553665 172
1684568198570 9.055364 173
1684568198632 9.055362 174
1684568198701 9.055359 175
1684568198933 9.055356 176
1684568199064 9.055354 177
1684568199134 9.055352 178
1684568199200 9.055349 179
1684568199271 9.055347 180
1684568199334 9.0553465 181
1684568199403 9.055345 182
1684568199472 9.055343 183
1684568199534 9.055342 184
1684568199603 9.05534 185
1684568199672 9.055338 186
1684568199755 9.055338 187
1684568199819 9.055336 188
1684568199888 9.055334 189
1684568199951 9.055334 190
1684568200020 9.055333 191
1684568200089 9.055332 192
1684568200167 9.05533 193
1684568200236 9.05533 194
1684568200307 9.055328 195
1684568200374 9.055328 196
1684568200452 9.055326 197
1684568200521 9.055326 198
1684568200590 9.0553255 199
1684568200653 9.0553255 200
1684568200722 9.055325 201
1684568200802 9.055325 202
1684568200875 9.055325 203
1684568200937 9.055323 204
1684568201006 9.055323 205
1684568201075 9.055323 206
1684568201138 9.055323 207
1684568201207 9.055323 208
1684568201276 9.055322 209
1684568201356 9.055321 210
1684568201570 9.055321 211
1684568201639 9.055321 212
1684568201708 9.055321 213
1684568201777 9.055319 214
1684568201855 9.05532 215
1684568201919 9.055319 216
1684568201993 9.055319 217
1684568202055 9.055319 218
1684568202125 9.055319 219
1684568202194 9.055319 220
1684568202256 9.055319 221
1684568202325 9.055318 222
1684568202406 9.055318 223
1684568202478 9.055318 224
1684568202556 9.055318 225
1684568202626 9.055318 226
1684568202695 9.055318 227
1684568202757 9.055317 228
1684568202826 9.055317 229
1684568202895 9.055317 230
1684568202979 9.055317 231
1684568203042 9.055317 232
1684568203111 9.055317 233
1684568203180 9.055317 234
1684568203243 9.055317 235
1684568203312 9.055317 236
1684568203381 9.055317 237
1684568203463 9.055317 238
1684568203527 9.055317 239
1684568203596 9.055317 240
1684568203659 9.055317 241
1684568203728 9.055317 242
1684568203797 9.055317 243
1684568203882 9.055317 244
1684568203944 9.055317 245
1684568204015 9.055317 246
1684568204082 9.055317 247
1684568204144 9.055317 248
1684568204213 9.055317 249
1684568204282 9.055317 250
