1684568852745 22.832066 1
1684568852843 17.160765 2
1684568852911 15.236475 3
1684568852980 12.164609 4
1684568853058 9.839291 5
1684568853127 9.176341 6
1684568853196 9.228455 7
1684568853280 9.208748 8
1684568853343 9.21649 9
1684568853412 9.139008 10
1684568853496 8.999644 11
1684568853574 8.9746 12
1684568853643 8.961348 13
1684568853712 8.94688 14
1684568853781 8.943338 15
1684568853859 8.945855 16
1684568853944 8.955429 17
1684568854013 8.972002 18
1684568854082 8.993507 19
1684568854145 9.019931 20
1684568854229 9.051279 21
1684568854306 9.086565 22
1684568854379 9.123941 23
1684568854445 9.16301 24
1684568854514 9.203379 25
1684568854583 9.243977 26
1684568854661 9.283106 27
1684568854746 9.318982 28
1684568854815 9.349941 29
1684568854883 9.3744545 30
1684568854961 9.391182 31
1684568855030 9.399058 32
1684568855115 9.397463 33
1684568855184 9.386347 34
1684568855247 9.366224 35
1684568855332 9.338142 36
1684568855400 9.303518 37
1684568855462 9.263946 38
1684568855532 9.220993 39
1684568855601 9.176122 40
1684568855679 9.130651 41
1684568855748 9.085747 42
1684568855801 9.04238 43
1684568855886 9.001273 44
1684568855950 8.962887 45
1684568856017 8.927457 46
1684568856086 8.895035 47
1684568856164 8.865553 48
1684568856233 8.838865 49
1684568856302 8.814786 50
1684568856380 8.793108 51
1684568856451 8.773621 52
1684568856518 8.756122 53
1684568856587 8.740417 54
1684568856665 8.726321 55
1684568856719 8.713667 56
1684568856788 8.702292 57
1684568856866 8.692056 58
1684568856934 8.682818 59
1684568857004 8.674457 60
1684568857066 8.666855 61
1684568857135 8.659906 62
1684568857204 8.653515 63
1684568857282 8.647594 64
1684568857351 8.642071 65
1684568857420 8.636878 66
1684568857495 8.63197 67
1684568857563 8.6273155 68
1684568857621 8.622903 69
1684568857690 8.618746 70
1684568857768 8.6148815 71
1684568857837 8.611371 72
1684568857906 8.608284 73
1684568857968 8.605681 74
1684568858034 8.603598 75
1684568858106 8.602014 76
1684568858169 8.600872 77
1684568858238 8.600088 78
1684568858307 8.599571 79
1684568858385 8.599248 80
1684568858454 8.59906 81
1684568858516 8.5989685 82
1684568858591 8.598944 83
1684568858669 8.598967 84
1684568858739 8.599022 85
1684568858808 8.5991 86
1684568858870 8.599187 87
1684568858939 8.599279 88
1684568859008 8.599367 89
1684568859093 8.599449 90
1684568859155 8.599524 91
1684568859240 8.599587 92
1684568859309 8.599641 93
1684568859371 8.599687 94
1684568859440 8.599724 95
1684568859509 8.599756 96
1684568859581 8.599784 97
1684568859663 8.599809 98
1684568859728 8.599831 99
1684568859794 8.5998535 100
1684568859878 8.5998745 101
1684568859944 8.5998955 102
1684568860010 8.599916 103
1684568860088 8.599937 104
1684568860161 8.599959 105
1684568860226 8.599981 106
1684568860295 8.600002 107
1684568860373 8.600023 108
1684568860441 8.600044 109
1684568860511 8.600064 110
1684568860589 8.600082 111
1684568860658 8.6001005 112
1684568860727 8.600119 113
1684568860796 8.600134 114
1684568860874 8.600149 115
1684568860943 8.600163 116
1684568861012 8.600176 117
1684568861075 8.600187 118
1684568861144 8.600199 119
1684568861223 8.600209 120
1684568861286 8.600218 121
1684568861476 8.600226 122
1684568861561 8.600234 123
1684568861646 8.600241 124
1684568861727 8.600246 125
1684568861786 8.600252 126
1684568861861 8.600258 127
1684568861977 8.600262 128
1684568862031 8.6002655 129
1684568862100 8.600269 130
1684568862178 8.600272 131
1684568862239 8.600275 132
1684568862315 8.600277 133
1684568862394 8.600279 134
1684568862463 8.600281 135
1684568862532 8.600283 136
1684568862601 8.600284 137
1684568862679 8.600285 138
1684568862737 8.600286 139
1684568862817 8.6002865 140
1684568862901 8.6002865 141
1684568862964 8.600287 142
1684568863033 8.600288 143
1684568863102 8.600288 144
1684568863180 8.600288 145
1684568863249 8.600288 146
1684568863321 8.600288 147
1684568863399 8.600288 148
1684568863462 8.600288 149
1684568863534 8.600288 150
1684568863603 8.600288 151
1684568863665 8.600288 152
1684568863734 8.600288 153
1684568863803 8.600288 154
1684568863886 8.6002865 155
1684568863950 8.6002865 156
1684568864019 8.600287 157
1684568864097 8.6002865 158
1684568864166 8.6002865 159
1684568864235 8.6002865 160
1684568864304 8.6002865 161
1684568864368 8.600286 162
1684568864438 8.6002865 163
1684568864520 8.600286 164
1684568864583 8.600286 165
1684568864652 8.600285 166
1684568864721 8.600285 167
1684568864783 8.600285 168
1684568864852 8.600285 169
1684568864922 8.600285 170
1684568865000 8.600285 171
1684568865053 8.600285 172
1684568865122 8.600285 173
1684568865200 8.600283 174
1684568865269 8.600283 175
1684568865338 8.600283 176
1684568865407 8.600283 177
1684568865473 8.600283 178
1684568865539 8.600284 179
1684568865608 8.600283 180
1684568865686 8.600283 181
1684568865755 8.600283 182
1684568865808 8.600283 183
1684568865886 8.600283 184
1684568865957 8.600282 185
1684568866024 8.600283 186
1684568866087 8.600282 187
1684568866156 8.600283 188
1684568866225 8.600283 189
1684568866287 8.600283 190
1684568866356 8.600282 191
1684568866441 8.600282 192
1684568866510 8.600282 193
1684568866575 8.600282 194
1684568866641 8.600282 195
1684568866710 8.600281 196
1684568866958 8.600281 197
1684568867111 8.600281 198
1684568867174 8.600282 199
1684568867243 8.600281 200
1684568867312 8.600281 201
1684568867374 8.600281 202
1684568867443 8.600281 203
1684568867512 8.600281 204
1684568867593 8.600281 205
1684568867659 8.600281 206
1684568867728 8.600281 207
1684568867791 8.600281 208
1684568867860 8.60028 209
1684568867929 8.600281 210
1684568867991 8.600281 211
1684568868070 8.600281 212
1684568868129 8.600281 213
1684568868207 8.600281 214
1684568868276 8.600281 215
1684568868345 8.60028 216
1684568868414 8.600281 217
1684568868492 8.600281 218
1684568868561 8.600281 219
1684568868641 8.600281 220
1684568868710 8.600281 221
1684568868777 8.60028 222
1684568868846 8.60028 223
1684568868915 8.60028 224
1684568868977 8.600281 225
1684568869062 8.60028 226
1684568869133 8.60028 227
1684568869196 8.60028 228
1684568869262 8.600281 229
1684568869331 8.600281 230
1684568869410 8.600281 231
1684568869479 8.600281 232
1684568869548 8.600281 233
1684568869617 8.600281 234
1684568869695 8.600281 235
1684568869763 8.600281 236
1684568869848 8.600281 237
1684568869917 8.600281 238
1684568869980 8.600281 239
1684568870049 8.600281 240
1684568870118 8.600281 241
1684568870181 8.600281 242
1684568870252 8.600281 243
1684568870333 8.600281 244
1684568870396 8.600281 245
1684568870465 8.600281 246
1684568870550 8.600281 247
1684568870619 8.600281 248
1684568870681 8.600281 249
1684568870753 8.600281 250
