1683825514478 1.8299513 1
1683825514538 1.7335936 2
1683825514596 1.6542524 3
1683825514651 1.597996 4
1683825514703 1.5449631 5
1683825514756 1.4845263 6
1683825514809 1.413446 7
1683825514861 1.3328788 8
1683825514914 1.2461809 9
1683825514967 1.1573596 10
1683825515023 1.0701647 11
1683825515075 0.9876063 12
1683825515128 0.9117081 13
1683825515180 0.8434933 14
1683825515234 0.7831823 15
1683825515290 0.7304678 16
1683825515344 0.6847503 17
1683825515395 0.6452992 18
1683825515452 0.61135006 19
1683825515512 0.5823035 20
1683825515567 0.5575368 21
1683825515618 0.5363869 22
1683825515669 0.51824826 23
1683825515720 0.50259674 24
1683825515774 0.48898932 25
1683825515834 0.47705668 26
1683825515891 0.46649408 27
1683825515942 0.4570521 28
1683825515993 0.44852826 29
1683825516044 0.44075906 30
1683825516097 0.43361393 31
1683825516153 0.42698967 32
1683825516206 0.42080468 33
1683825516265 0.41499454 34
1683825516323 0.4095093 35
1683825516376 0.40431023 36
1683825516429 0.39936766 37
1683825516483 0.394659 38
1683825516538 0.39016664 39
1683825516593 0.38587722 40
1683825516644 0.38177988 41
1683825516700 0.37786576 42
1683825516755 0.3741272 43
1683825516808 0.37055716 44
1683825516861 0.3671491 45
1683825516916 0.36389643 46
1683825516969 0.36079258 47
1683825517020 0.3578308 48
1683825517071 0.35500422 49
1683825517122 0.35230583 50
1683825517173 0.34972847 51
1683825517224 0.34726492 52
1683825517276 0.34490812 53
1683825517327 0.3426509 54
1683825517378 0.34048638 55
1683825517429 0.33840778 56
1683825517479 0.33640862 57
1683825517539 0.33448264 58
1683825517598 0.33262396 59
1683825517651 0.3308269 60
1683825517702 0.3290862 61
1683825517753 0.32739687 62
1683825517806 0.32575434 63
1683825517857 0.32415426 64
1683825517908 0.32259262 65
1683825517959 0.32106572 66
1683825518013 0.3195703 67
1683825518068 0.31810316 68
1683825518119 0.31666154 69
1683825518171 0.3152429 70
1683825518223 0.3138449 71
1683825518275 0.31246558 72
1683825518326 0.3111031 73
1683825518380 0.30975592 74
1683825518444 0.30842268 75
1683825518498 0.30710217 76
1683825518551 0.30579352 77
1683825518602 0.3044958 78
1683825518653 0.30320847 79
1683825518704 0.30193102 80
1683825518758 0.30066305 81
1683825518815 0.29940438 82
1683825518867 0.29815483 83
1683825518919 0.29691434 84
1683825518970 0.29568297 85
1683825519021 0.29446074 86
1683825519071 0.29324785 87
1683825519122 0.2920444 88
1683825519173 0.29085064 89
1683825519224 0.28966674 90
1683825519276 0.28849295 91
1683825519327 0.28732947 92
1683825519381 0.28617647 93
1683825519435 0.2850342 94
1683825519489 0.28390285 95
1683825519579 0.28278255 96
1683825519635 0.28167343 97
1683825519690 0.28057563 98
1683825519744 0.27948922 99
1683825519799 0.27841425 100
1683825519854 0.27735078 101
1683825519908 0.27629885 102
1683825519962 0.27525836 103
1683825520016 0.27422935 104
1683825520070 0.27321175 105
1683825520125 0.27220544 106
1683825520179 0.27121037 107
1683825520233 0.27022642 108
1683825520289 0.26925343 109
1683825520343 0.26829132 110
1683825520396 0.26733994 111
1683825520451 0.26639912 112
1683825520505 0.2654687 113
1683825520558 0.26454848 114
1683825520610 0.26363835 115
1683825520660 0.2627381 116
1683825520712 0.26184753 117
1683825520763 0.26096654 118
1683825520817 0.26009488 119
1683825520869 0.2592324 120
1683825520930 0.25837898 121
1683825520992 0.25753438 122
1683825521049 0.2566985 123
1683825521103 0.25587112 124
1683825521159 0.25505215 125
1683825521211 0.25424138 126
1683825521262 0.2534387 127
1683825521318 0.252644 128
1683825521371 0.2518571 129
1683825521421 0.25107786 130
1683825521472 0.2503062 131
1683825521525 0.24954203 132
1683825521577 0.24878517 133
1683825521629 0.24803558 134
1683825521679 0.24729311 135
1683825521731 0.24655771 136
1683825521782 0.24582927 137
1683825521838 0.24510773 138
1683825521891 0.24439299 139
1683825521943 0.24368498 140
1683825521995 0.24298362 141
1683825522047 0.24228887 142
1683825522099 0.24160068 143
1683825522152 0.24091898 144
1683825522202 0.24024366 145
1683825522421 0.2395747 146
1683825522477 0.23891209 147
1683825522533 0.23825575 148
1683825522586 0.2376056 149
1683825522641 0.2369617 150
1683825522695 0.23632386 151
1683825522749 0.23569214 152
1683825522802 0.23506647 153
1683825522854 0.23444682 154
1683825522909 0.23383313 155
1683825522962 0.23322536 156
1683825523014 0.23262349 157
1683825523066 0.23202749 158
1683825523117 0.2314373 159
1683825523170 0.23085287 160
1683825523220 0.23027422 161
1683825523272 0.22970124 162
1683825523323 0.22913395 163
1683825523376 0.22857228 164
1683825523430 0.2280162 165
1683825523555 0.22746566 166
1683825523611 0.22692065 167
1683825523668 0.22638114 168
1683825523722 0.22584704 169
1683825523777 0.22531837 170
1683825523833 0.22479503 171
1683825523886 0.22427705 172
1683825523940 0.22376433 173
1683825523996 0.22325686 174
1683825524051 0.2227546 175
1683825524104 0.22225751 176
1683825524159 0.22176552 177
1683825524211 0.22127864 178
1683825524264 0.22079681 179
1683825524317 0.22031996 180
1683825524370 0.21984808 181
1683825524424 0.21938111 182
1683825524478 0.21891902 183
1683825524531 0.21846175 184
1683825524585 0.21800932 185
1683825524640 0.2175616 186
1683825524694 0.21711859 187
1683825524748 0.21668026 188
1683825524801 0.21624652 189
1683825524852 0.21581736 190
1683825524905 0.21539274 191
1683825524959 0.21497262 192
1683825525015 0.2145569 193
1683825525069 0.2141456 194
1683825525121 0.21373866 195
1683825525175 0.21333599 196
1683825525225 0.21293762 197
1683825525276 0.21254346 198
1683825525328 0.21215343 199
1683825525379 0.21176755 200
1683825525430 0.21138576 201
1683825525482 0.21100795 202
1683825525536 0.21063416 203
1683825525589 0.2102643 204
1683825525644 0.20989831 205
1683825525697 0.20953615 206
1683825525750 0.20917782 207
1683825525803 0.2088232 208
1683825525856 0.20847233 209
1683825525910 0.20812508 210
1683825525962 0.20778146 211
1683825526015 0.2074414 212
1683825526069 0.20710485 213
1683825526125 0.20677179 214
1683825526181 0.20644212 215
1683825526234 0.20611587 216
1683825526285 0.20579295 217
1683825526339 0.2054733 218
1683825526393 0.20515692 219
1683825526445 0.20484376 220
1683825526497 0.20453374 221
1683825526548 0.20422685 222
1683825526602 0.20392302 223
1683825526655 0.20362225 224
1683825526708 0.20332447 225
1683825526760 0.20302965 226
1683825526813 0.20273773 227
1683825526866 0.2024487 228
1683825526919 0.2021625 229
1683825526971 0.20187914 230
1683825527023 0.20159851 231
1683825527075 0.20132062 232
1683825527129 0.20104542 233
1683825527185 0.20077288 234
1683825527239 0.20050299 235
1683825527291 0.20023566 236
1683825527341 0.19997092 237
1683825527394 0.1997087 238
1683825527446 0.19944899 239
1683825527497 0.19919172 240
1683825527550 0.19893694 241
1683825527602 0.19868454 242
1683825527657 0.19843455 243
1683825527876 0.1981869 244
1683825527954 0.1979416 245
1683825528012 0.19769862 246
1683825528062 0.19745791 247
1683825528115 0.19721948 248
1683825528169 0.1969833 249
1683825528223 0.19674933 250
