1683828644370 2.11238867035228 1
1683828644435 2.1163481371627335 2
1683828644490 2.13136073679276 3
1683828644543 2.168625553925092 4
1683828644596 2.209842036150392 5
1683828644651 2.2424261008647584 6
1683828644713 2.259781038669329 7
1683828644777 2.2601658676074585 8
1683828644840 2.2447547221146995 9
1683828644901 2.216344656219965 10
1683828644963 2.178434247695968 11
1683828645025 2.134561322729898 12
1683828645088 2.087873319431017 13
1683828645152 2.0409220862096134 14
1683828645215 1.9956726720336702 15
1683828645278 1.9532912442477186 16
1683828645339 1.9144795881502812 17
1683828645399 1.8795475948798483 18
1683828645460 1.8485138860375945 19
1683828645572 1.8211901270001316 20
1683828645646 1.797247889642379 21
1683828645707 1.776272745215902 22
1683828645764 1.7578047567053456 23
1683828645822 1.7413450024356862 24
1683828645878 1.726517235523049 25
1683828645938 1.7129255141524253 26
1683828646002 1.7001889893247948 27
1683828646059 1.6878808096825053 28
1683828646114 1.6757072237920467 29
1683828646166 1.6634269579831509 30
1683828646221 1.6508598522428004 31
1683828646276 1.6378821503940495 32
1683828646329 1.6244196392460222 33
1683828646382 1.6104425890609528 34
1683828646437 1.5959601406201884 35
1683828646498 1.5810144742935386 36
1683828646562 1.5656746751313038 37
1683828646619 1.550029953265271 38
1683828646675 1.5341832865420786 39
1683828646737 1.5182456617917515 40
1683828646794 1.5023309666574316 41
1683828646850 1.4865515768416473 42
1683828646901 1.4710150026447002 43
1683828646953 1.4558207447658424 44
1683828647017 1.4410591331149785 45
1683828647074 1.4268088798451544 46
1683828647133 1.41313734822026 47
1683828647190 1.4000997194172553 48
1683828647247 1.3877393339724982 49
1683828647300 1.3760880148271006 50
1683828647355 1.3651668630544673 51
1683828647407 1.3549869267653176 52
1683828647461 1.3455504493592736 53
1683828647514 1.3368515185176877 54
1683828647573 1.3288774304624593 55
1683828647632 1.3216095915251849 56
1683828647689 1.3150244854045419 57
1683828647746 1.3090949982954723 58
1683828647802 1.3037902515271613 59
1683828647854 1.299077979144318 60
1683828647905 1.2949239101188827 61
1683828647956 1.29129307359513 62
1683828648006 1.28815009449754 63
1683828648057 1.285460102142732 64
1683828648107 1.2831882665189411 65
1683828648160 1.2813014185059244 66
1683828648215 1.279767076613985 67
1683828648270 1.2785545641585867 68
1683828648326 1.2776345436383822 69
1683828648387 1.2769797923775021 70
1683828648441 1.2765646347426658 71
1683828648496 1.2763654122553814 72
1683828648548 1.276360402393792 73
1683828648599 1.2765296376966315 74
1683828648650 1.2768550946737038 75
1683828648700 1.2773206015106888 76
1683828648752 1.277911469149565 77
1683828648813 1.2786148876941084 78
1683828648865 1.2794195210989532 79
1683828648920 1.2803154388273652 80
1683828648979 1.2812940820802385 81
1683828649035 1.2823481194080992 82
1683828649087 1.2834712767252974 83
1683828649140 1.2846585104281887 84
1683828649192 1.2859054293042749 85
1683828649247 1.2872087533866026 86
1683828649300 1.2885655959445186 87
1683828649357 1.289974252829541 88
1683828649409 1.2914329365384942 89
1683828649469 1.2929407860339444 90
1683828649527 1.2944971354951187 91
1683828649584 1.2961018686098063 92
1683828649640 1.2977550885298714 93
1683828649696 1.2994568406767983 94
1683828649752 1.3012076741362872 95
1683828649806 1.3030083352550588 96
1683828649861 1.3048594349122995 97
1683828649915 1.3067616978966066 98
1683828649969 1.308716035893762 99
1683828650022 1.3107231177101482 100
1683828650075 1.31278394368264 101
1683828650131 1.3148991209766185 102
1683828650188 1.317069618943815 103
1683828650246 1.319295996545223 104
1683828650299 1.3215789135546343 105
1683828650350 1.3239189625637506 106
1683828650404 1.326316763070571 107
1683828650457 1.328772615708189 108
1683828650507 1.3312868547214063 109
1683828650558 1.3338598537328654 110
1683828650609 1.336491731382257 111
1683828650660 1.3391826872850914 112
1683828650711 1.34193270852766 113
1683828650770 1.344741769493377 114
1683828650829 1.3476096853401809 115
1683828650886 1.3505364111638527 116
1683828650940 1.3535216201896505 117
1683828650992 1.3565652046221437 118
1683828651043 1.3596665225269216 119
1683828651094 1.3628254653223448 120
1683828651144 1.366041378925369 121
1683828651195 1.3693138396298048 122
1683828651248 1.3726422884569645 123
1683828651299 1.3760263527873258 124
1683828651353 1.3794650929659413 125
1683828651406 1.3829581780801192 126
1683828651463 1.3865048328982765 127
1683828651518 1.3901044660440962 128
1683828651571 1.3937561534346665 129
1683828651623 1.3974595438694304 130
1683828651678 1.4012136508332915 131
1683828651734 1.405017869119149 132
1683828651795 1.408871366639168 133
1683828651855 1.412773568426568 134
1683828651911 1.4167235771914064 135
1683828651967 1.420720638475229 136
1683828652025 1.424764162203013 137
1683828652081 1.4288533964877859 138
1683828652132 1.4329875011030357 139
1683828652184 1.437165936176365 140
1683828652241 1.4413879654990205 141
1683828652297 1.445652948121713 142
1683828652348 1.4499602146000572 143
1683828652401 1.4543091401886112 144
1683828652454 1.458699227037894 145
1683828652508 1.4631298291899515 146
1683828652564 1.467600220684348 147
1683828652621 1.4721103664076154 148
1683828652680 1.4766592707760993 149
1683828652734 1.4812466598016378 150
1683828652787 1.4858722573023087 151
1683828652838 1.4905353447244125 152
1683828652889 1.4952357175361521 153
1683828652940 1.4999729059529172 154
1683828652991 1.5047465908286908 155
1683828653042 1.509556429000801 156
1683828653093 1.5144022663295995 157
1683828653143 1.5192834919785205 158
1683828653199 1.5242000540508145 159
1683828653258 1.5291516174941266 160
1683828653313 1.5341380709721961 161
1683828653366 1.5391589113943533 162
1683828653416 1.5442140975718857 163
1683828653468 1.549303310337827 164
1683828653523 1.5544265619729338 165
1683828653576 1.5595833050866807 166
1683828653630 1.5647735574647095 167
1683828653681 1.56999713845372 168
1683828653735 1.5752538485666987 169
1683828653791 1.5805436330530447 170
1683828653848 1.58586605219502 171
1683828653905 1.5912209344780774 172
1683828653956 1.596608484052499 173
1683828654006 1.602028199269299 174
1683828654057 1.6074799985063462 175
1683828654108 1.6129637059170918 176
1683828654158 1.6184791805673364 177
1683828654210 1.6240263440012186 178
1683828654263 1.6296048468990514 179
1683828654316 1.6352146124643825 180
1683828654371 1.6408554089083278 181
1683828654427 1.6465272045849044 182
1683828654486 1.652229795058959 183
1683828654543 1.6579626416072504 184
1683828654601 1.6637261732247768 185
1683828654655 1.6695196675395114 186
1683828654707 1.6753434132769458 187
1683828654761 1.681196863729688 188
1683828654815 1.6870799058838148 189
1683828654867 1.6929924395636073 190
1683828655093 1.6989342673096433 191
1683828655150 1.7049050159191863 192
1683828655204 1.7109048951893793 193
1683828655259 1.7169332463450517 194
1683828655314 1.7229901470227684 195
1683828655366 1.7290753761580064 196
1683828655417 1.7351888515982816 197
1683828655467 1.7413299552270374 198
1683828655519 1.7474987995058342 199
1683828655571 1.7536952330913826 200
1683828655628 1.7599188349106245 201
1683828655683 1.7661694184814993 202
1683828655740 1.7724471952806402 203
1683828655799 1.778751365696552 204
1683828655853 1.7850820122629756 205
1683828655906 1.7914389992694846 206
1683828655958 1.797822070887222 207
1683828656009 1.8042309155920488 208
1683828656061 1.8106652318818672 209
1683828656112 1.8171253258884357 210
1683828656164 1.8236101548247694 211
1683828656217 1.8301201679573658 212
1683828656275 1.8366549662875404 213
1683828656335 1.8432144312294891 214
1683828656390 1.8497980473285875 215
1683828656442 1.8564058156160126 216
1683828656492 1.863037433047611 217
1683828656545 1.8696929512789722 218
1683828656599 1.8763720449115557 219
1683828656650 1.8830744697434874 220
1683828656702 1.8897998464400616 221
1683828656757 1.896548259544423 222
1683828656812 1.9033193972584357 223
1683828656869 1.9101130744850359 224
1683828656926 1.9169289625939672 225
1683828656982 1.9237670290196072 226
1683828657036 1.930626966649299 227
1683828657089 1.9375088150453545 228
1683828657141 1.9444121695648546 229
1683828657192 1.9513367906912946 230
1683828657243 1.9582826932105166 231
1683828657297 1.9652495183747891 232
1683828657349 1.972237224468246 233
1683828657400 1.9792454965969792 234
1683828657455 1.986274181362119 235
1683828657509 1.9933231439851413 236
1683828657567 2.000392284067198 237
1683828657636 2.0074813175358885 238
1683828657692 2.014589960435537 239
1683828657745 2.0217181128968456 240
1683828657798 2.0288655334465835 241
1683828657850 2.036032376005097 242
1683828657901 2.0432180180083215 243
1683828657953 2.050422389237611 244
1683828658003 2.0576454660077124 245
1683828658055 2.06488691513579 246
1683828658111 2.072146599548697 247
1683828658169 2.0794245654370855 248
1683828658223 2.086719967528098 249
1683828658324 2.0940333365499644 250
