1683825355284 1.9365954 1
1683825355343 1.9352874 2
1683825355398 1.9438493 3
1683825355456 1.9711567 4
1683825355513 2.0005944 5
1683825355568 2.020464 6
1683825355621 2.0251236 7
1683825355677 2.013008 8
1683825355731 1.9852778 9
1683825355782 1.9447465 10
1683825355836 1.8949791 11
1683825355889 1.8395914 12
1683825355947 1.7817893 13
1683825356002 1.7241404 14
1683825356058 1.6685231 15
1683825356114 1.6161838 16
1683825356168 1.5678473 17
1683825356224 1.523833 18
1683825356278 1.4841648 19
1683825356339 1.4486586 20
1683825356393 1.4169935 21
1683825356447 1.388766 22
1683825356502 1.3635304 23
1683825356554 1.3408297 24
1683825356607 1.3202164 25
1683825356669 1.301276 26
1683825356726 1.283637 27
1683825356779 1.2669787 28
1683825356831 1.2510328 29
1683825356883 1.2355847 30
1683825356936 1.2204719 31
1683825356990 1.2055798 32
1683825357044 1.1908358 33
1683825357099 1.1761729 34
1683825357151 1.1615663 35
1683825357203 1.1470265 36
1683825357254 1.1325862 37
1683825357312 1.1182923 38
1683825357367 1.1041989 39
1683825357423 1.0903635 40
1683825357481 1.0768439 41
1683825357536 1.063695 42
1683825357592 1.0509673 43
1683825357646 1.0387058 44
1683825357702 1.0269489 45
1683825357757 1.0157279 46
1683825357811 1.0050672 47
1683825357863 0.99498415 48
1683825357919 0.9854892 49
1683825357973 0.97658664 50
1683825358026 0.96827483 51
1683825358081 0.960547 52
1683825358136 0.95339155 53
1683825358190 0.9467933 54
1683825358255 0.9407338 55
1683825358314 0.935192 56
1683825358370 0.9301451 57
1683825358425 0.9255686 58
1683825358476 0.9214374 59
1683825358529 0.91772604 60
1683825358584 0.91440916 61
1683825358637 0.91146153 62
1683825358691 0.9088589 63
1683825358745 0.9065774 64
1683825358799 0.9045944 65
1683825358851 0.9028883 66
1683825358903 0.9014386 67
1683825358964 0.900226 68
1683825359021 0.8992327 69
1683825359075 0.89844185 70
1683825359133 0.8978381 71
1683825359193 0.8974073 72
1683825359248 0.89713645 73
1683825359300 0.89701366 74
1683825359354 0.8970282 75
1683825359407 0.8971704 76
1683825359458 0.89743155 77
1683825359509 0.8978039 78
1683825359560 0.8982804 79
1683825359613 0.89885485 80
1683825359664 0.89952195 81
1683825359717 0.90027654 82
1683825359769 0.90111446 83
1683825359822 0.9020319 84
1683825359873 0.90302575 85
1683825359925 0.90409267 86
1683825359978 0.9052304 87
1683825360035 0.90643656 88
1683825360090 0.907709 89
1683825360143 0.90904605 90
1683825360196 0.91044605 91
1683825360247 0.91190755 92
1683825360298 0.9134292 93
1683825360349 0.9150099 94
1683825360400 0.91664845 95
1683825360452 0.91834396 96
1683825360508 0.92009544 97
1683825360560 0.9219021 98
1683825360615 0.92376316 99
1683825360668 0.92567796 100
1683825360720 0.92764574 101
1683825360772 0.92966604 102
1683825360825 0.93173826 103
1683825360879 0.93386215 104
1683825360936 0.93603706 105
1683825360989 0.93826276 106
1683825361040 0.9405389 107
1683825361093 0.9428652 108
1683825361148 0.9452413 109
1683825361199 0.9476666 110
1683825361255 0.9501408 111
1683825361308 0.952663 112
1683825361360 0.9552322 113
1683825361411 0.95784754 114
1683825361462 0.9605074 115
1683825361514 0.96321017 116
1683825361566 0.9659542 117
1683825361620 0.96873724 118
1683825361676 0.9715574 119
1683825361731 0.97441244 120
1683825361787 0.97730017 121
1683825361842 0.9802184 122
1683825361894 0.9831649 123
1683825361946 0.9861376 124
1683825361998 0.98913455 125
1683825362049 0.9921534 126
1683825362102 0.9951927 127
1683825362153 0.9982505 128
1683825362205 1.0013249 129
1683825362256 1.0044146 130
1683825362308 1.0075179 131
1683825362360 1.0106337 132
1683825362411 1.0137606 133
1683825362463 1.0168974 134
1683825362513 1.0200431 135
1683825362564 1.0231969 136
1683825362619 1.0263578 137
1683825362670 1.029525 138
1683825362722 1.0326982 139
1683825362779 1.0358763 140
1683825362834 1.0390593 141
1683825362888 1.0422463 142
1683825362941 1.0454376 143
1683825362992 1.0486321 144
1683825363043 1.0518303 145
1683825363096 1.0550317 146
1683825363148 1.0582362 147
1683825363199 1.0614438 148
1683825363250 1.0646546 149
1683825363301 1.0678686 150
1683825363353 1.0710858 151
1683825363405 1.0743065 152
1683825363457 1.0775307 153
1683825363508 1.0807588 154
1683825363559 1.083991 155
1683825363612 1.0872273 156
1683825363662 1.0904685 157
1683825363713 1.0937147 158
1683825363764 1.0969661 159
1683825363815 1.1002232 160
1683825363868 1.1034863 161
1683825363921 1.1067557 162
1683825363973 1.1100322 163
1683825364024 1.1133157 164
1683825364075 1.1166067 165
1683825364275 1.1199057 166
1683825364331 1.1232129 167
1683825364389 1.126529 168
1683825364475 1.1298537 169
1683825364531 1.1331879 170
1683825364588 1.1365317 171
1683825364641 1.1398853 172
1683825364694 1.1432493 173
1683825364748 1.1466236 174
1683825364802 1.1500087 175
1683825364856 1.1534045 176
1683825364912 1.1568115 177
1683825364968 1.1602296 178
1683825365024 1.163659 179
1683825365081 1.1670998 180
1683825365137 1.1705524 181
1683825365193 1.1740165 182
1683825365250 1.1774923 183
1683825365306 1.1809797 184
1683825365362 1.1844788 185
1683825365417 1.1879896 186
1683825365474 1.1915121 187
1683825365530 1.1950462 188
1683825365585 1.1985917 189
1683825365641 1.2021489 190
1683825365695 1.2057173 191
1683825365749 1.2092971 192
1683825365802 1.212888 193
1683825365857 1.21649 194
1683825365912 1.2201029 195
1683825365968 1.2237265 196
1683825366023 1.227361 197
1683825366079 1.2310057 198
1683825366133 1.234661 199
1683825366187 1.2383265 200
1683825366240 1.2420021 201
1683825366291 1.2456877 202
1683825366362 1.2493831 203
1683825366421 1.253088 204
1683825366476 1.2568028 205
1683825366529 1.2605269 206
1683825366584 1.2642603 207
1683825366640 1.268003 208
1683825366693 1.2717547 209
1683825366745 1.2755153 210
1683825366796 1.279285 211
1683825366850 1.2830634 212
1683825366903 1.2868505 213
1683825366955 1.2906463 214
1683825367008 1.2944505 215
1683825367061 1.2982632 216
1683825367116 1.3020844 217
1683825367168 1.305914 218
1683825367222 1.3097517 219
1683825367274 1.3135979 220
1683825367329 1.3174521 221
1683825367382 1.3213146 222
1683825367439 1.325185 223
1683825367494 1.3290634 224
1683825367546 1.3329501 225
1683825367600 1.3368446 226
1683825367652 1.3407471 227
1683825367705 1.3446574 228
1683825367758 1.3485757 229
1683825367812 1.3525017 230
1683825367865 1.3564357 231
1683825367918 1.3603776 232
1683825367969 1.364327 233
1683825368021 1.3682841 234
1683825368073 1.372249 235
1683825368127 1.3762214 236
1683825368180 1.3802016 237
1683825368236 1.3841894 238
1683825368290 1.3881848 239
1683825368342 1.3921876 240
1683825368393 1.3961978 241
1683825368444 1.4002156 242
1683825368495 1.4042407 243
1683825368546 1.4082732 244
1683825368600 1.412313 245
1683825368652 1.4163601 246
1683825368704 1.4204144 247
1683825368755 1.4244759 248
1683825368806 1.4285445 249
1683825368859 1.4326204 250
