1683827559472 1.8919649635042464 1
1683827559538 1.8582775081907 2
1683827559599 1.8420716183526176 3
1683827559657 1.8509007862636022 4
1683827559712 1.8657361268997192 5
1683827559766 1.8737050294876099 6
1683827559820 1.8688236815588815 7
1683827559873 1.8490221330097742 8
1683827559930 1.816571729523795 9
1683827559987 1.7749501637050085 10
1683827560045 1.7281350237982613 11
1683827560100 1.6795578939574105 12
1683827560156 1.6320866090910775 13
1683827560217 1.587464221886226 14
1683827560274 1.5466409240450179 15
1683827560332 1.510044412953513 16
1683827560387 1.4777594549315316 17
1683827560442 1.4496422750609261 18
1683827560499 1.4253968000411987 19
1683827560553 1.4046423605510168 20
1683827560610 1.3869224744183677 21
1683827560663 1.3717605812208993 22
1683827560717 1.3586800226143427 23
1683827560775 1.3472203399453844 24
1683827560836 1.3369498678616114 25
1683827560897 1.3274751050131661 26
1683827560960 1.3184476452214378 27
1683827561016 1.30956854564803 28
1683827561074 1.3005907365253992 29
1683827561129 1.2913200003760201 30
1683827561186 1.2816139331885747 31
1683827561245 1.271379142999649 32
1683827561304 1.2605676821299963 33
1683827561365 1.2491714230605535 34
1683827561428 1.2372166131223952 35
1683827561487 1.2247571306569236 36
1683827561545 1.2118680604866572 37
1683827561604 1.1986393928527832 38
1683827561662 1.1851698841367448 39
1683827561719 1.1715622288840157 40
1683827561776 1.1579180700438363 41
1683827561833 1.1443349846771784 42
1683827561890 1.1309035590716772 43
1683827561948 1.1177053196089608 44
1683827562006 1.1048119281019484 45
1683827562064 1.0922841898032598 46
1683827562122 1.080172530242375 47
1683827562176 1.0685166035379683 48
1683827562228 1.0573466335024153 49
1683827562281 1.0466833753245217 50
1683827562335 1.0365398526191711 51
1683827562403 1.0269214766366142 52
1683827562462 1.017827672617776 53
1683827562519 1.0092524290084839 54
1683827562579 1.0011852468763078 55
1683827562637 0.9936121361596244 56
1683827562695 0.9865160925047738 57
1683827562754 0.9798779743058341 58
1683827562810 0.9736769114221845 59
1683827562866 0.9678911907332284 60
1683827562918 0.9624981539590018 61
1683827562970 0.9574750789574215 62
1683827563023 0.9527990562575204 63
1683827563076 0.948447619165693 64
1683827563129 0.9443987267357963 65
1683827563185 0.9406310192176274 66
1683827563242 0.9371239457811628 67
1683827563299 0.9338577219418117 68
1683827563358 0.9308136829308101 69
1683827563413 0.9279740835939135 70
1683827563468 0.9253222048282623 71
1683827563522 0.9228425792285374 72
1683827563577 0.9205205653394971 73
1683827563632 0.9183426925114223 74
1683827563687 0.9162966183253697 75
1683827563742 0.9143707624503544 76
1683827563800 0.9125547919954572 77
1683827563861 0.9108392085347857 78
1683827563917 0.909215373652322 79
1683827563972 0.9076755046844482 80
1683827564025 0.9062127896717617 81
1683827564080 0.9048210339886802 82
1683827564135 0.9034946475710187 83
1683827564191 0.9022289769990104 84
1683827564249 0.9010197477681297 85
1683827564307 0.8998632899352482 86
1683827564365 0.8987565168312618 87
1683827564423 0.8976966951574598 88
1683827564481 0.8966815386499677 89
1683827564537 0.8957092634269169 90
1683827564592 0.8947781579835075 91
1683827564646 0.8938869833946228 92
1683827564701 0.8930347306387765 93
1683827564756 0.8922204630715507 94
1683827564811 0.8914436783109393 95
1683827564869 0.8907037803104946 96
1683827564924 0.890000445502145 97
1683827564978 0.8893333928925651 98
1683827565035 0.8887024905000415 99
1683827565091 0.888107533965792 100
1683827565148 0.8875485275472913 101
1683827565205 0.8870253605501992 102
1683827565261 0.8865380542618888 103
1683827565314 0.8860864979880196 104
1683827565369 0.8856707172734397 105
1683827565424 0.8852906439985547 106
1683827565479 0.8849461887563977 107
1683827565535 0.8846372280802045 108
1683827565590 0.8843637023653302 109
1683827565648 0.8841254413127899 110
1683827565706 0.8839222490787506 111
1683827565764 0.8837538659572601 112
1683827565825 0.8836200875895364 113
1683827565886 0.883520632982254 114
1683827565944 0.8834551232201713 115
1683827566001 0.8834232943398612 116
1683827566059 0.8834247163363865 117
1683827566120 0.8834590528692517 118
1683827566181 0.8835258994783673 119
1683827566240 0.8836247197219304 120
1683827566301 0.8837551730019706 121
1683827566363 0.8839167399065835 122
1683827566421 0.8841090415205274 123
1683827566481 0.8843315967491695 124
1683827566537 0.8845838563782829 125
1683827566593 0.8848653733730316 126
1683827566650 0.885175713471004 127
1683827566708 0.8855144381523132 128
1683827566769 0.8858809641429356 129
1683827566828 0.886275018964495 130
1683827566886 0.8866959895406451 131
1683827566945 0.8871435182435172 132
1683827567245 0.8876172644751412 133
1683827567320 0.8881166619913918 134
1683827567382 0.8886414851461139 135
1683827567442 0.8891912826469967 136
1683827567504 0.8897656457764762 137
1683827567564 0.8903642892837524 138
1683827567624 0.8909868512834821 139
1683827567681 0.891633118901934 140
1683827567739 0.8923026536192212 141
1683827567798 0.8929952340466636 142
1683827567856 0.8937105110713414 143
1683827567915 0.8944483484540667 144
1683827567975 0.8952083885669708 145
1683827568033 0.895990367446627 146
1683827568093 0.8967941531113216 147
1683827568152 0.8976194305079324 148
1683827568211 0.8984660676547459 149
1683827568269 0.8993337580135891 150
1683827568327 0.9002223653452737 151
1683827568388 0.9011316086564746 152
1683827568570 0.9020613495792661 153
1683827568649 0.9030113773686546 154
1683827568714 0.903981442962374 155
1683827568779 0.9049715123006276 156
1683827568841 0.9059812639440809 157
1683827568902 0.9070104786327907 158
1683827568959 0.9080591159207481 159
1683827569021 0.9091268245662961 160
1683827569078 0.9102135598659515 161
1683827569134 0.9113190855298724 162
1683827569197 0.912443180169378 163
1683827569254 0.9135858118534088 164
1683827569315 0.9147465867655618 165
1683827569373 0.9159255198069981 166
1683827569433 0.9171223235981805 167
1683827569490 0.9183369044746671 168
1683827569548 0.9195689793143954 169
1683827569604 0.9208184948989323 170
1683827569662 0.9220852362258094 171
1683827569719 0.9233690223523549 172
1683827569782 0.9246697383267539 173
1683827569842 0.9259871521166393 174
1683827569898 0.9273211721863065 175
1683827569957 0.9286715303148542 176
1683827570015 0.9300382307597569 177
1683827570075 0.9314209371805191 178
1683827570131 0.9328195963587079 179
1683827570189 0.934234116758619 180
1683827570247 0.9356642578329358 181
1683827570305 0.9371098343815122 182
1683827570362 0.9385707144226346 183
1683827570420 0.940046883055142 184
1683827570480 0.9415380316121238 185
1683827570560 0.9430440238543919 186
1683827570621 0.9445648299796241 187
1683827570679 0.9461002264704023 188
1683827570738 0.9476501026323864 189
1683827570795 0.9492142562355314 190
1683827570853 0.9507925914866584 191
1683827570910 0.9523849785327911 192
1683827570964 0.9539912534611565 193
1683827571021 0.9556113587958472 194
1683827571078 0.9572450859206063 195
1683827571297 0.9588922602789742 196
1683827571356 0.9605528307812554 197
1683827571430 0.9622266313859394 198
1683827571491 0.9639135662998471 199
1683827571553 0.9656134758676801 200
1683827571610 0.9673262238502502 201
1683827571666 0.9690517506429127 202
1683827571723 0.9707898263420377 203
1683827571780 0.9725403977291924 204
1683827571835 0.9743033668824604 205
1683827571891 0.9760785847902298 206
1683827571945 0.9778658939259393 207
1683827572004 0.9796652431998935 208
1683827572062 0.9814764112234116 209
1683827572117 0.9832993873528072 210
1683827572171 0.9851340821811131 211
1683827572225 0.9869802849633353 212
1683827572281 0.988837902035032 213
1683827572336 0.990706843989236 214
1683827572394 0.9925870086465564 215
1683827572452 0.9944782022918973 216
1683827572508 0.9963804227965218 217
1683827572693 0.9982934466430119 218
1683827572777 1.0002172461577825 219
1683827572834 1.0021516680717468 220
1683827572889 1.0040966038193022 221
1683827572946 1.0060519788946425 222
1683827573002 1.008017652801105 223
1683827573059 1.009993504200663 224
1683827573117 1.0119793585368566 225
1683827573173 1.0139752136809486 226
1683827573231 1.0159808908190047 227
1683827573287 1.017996343118804 228
1683827573343 1.0200213002307075 229
1683827573399 1.0220557834420885 230
1683827573452 1.0240996267114366 231
1683827573508 1.0261527512754713 232
1683827573566 1.0282149740627833 233
1683827573621 1.0302862908158983 234
1683827573674 1.032366394996643 235
1683827573733 1.0344553057636534 236
1683827573790 1.0365529230662756 237
1683827573853 1.0386590297733034 238
1683827573911 1.0407735364777702 239
1683827573968 1.0428963708026069 240
1683827574024 1.0450273645775658 241
1683827574082 1.0471664262669427 242
1683827574139 1.0493133813142776 243
1683827574199 1.0514681381838662 244
1683827574255 1.0536305414778846 245
1683827574313 1.0558005145617895 246
1683827574370 1.0579779531274522 247
1683827574428 1.0601626677172524 248
1683827574484 1.0623544922896795 249
1683827574541 1.06455340555736 250
