1683827838307 1.985959 1
1683827838529 2.0013893 2
1683827838605 2.0278711 3
1683827838659 2.0752764 4
1683827838713 2.126974 5
1683827838778 2.1708574 6
1683827838838 2.2006588 7
1683827838897 2.214029 8
1683827838953 2.211235 9
1683827839012 2.1942105 10
1683827839067 2.1658106 11
1683827839124 2.1292171 12
1683827839178 2.0875037 13
1683827839233 2.0433545 14
1683827839289 1.9989251 15
1683827839346 1.9558163 16
1683827839404 1.9151167 17
1683827839460 1.8774397 18
1683827839518 1.8430872 19
1683827839579 1.8121221 20
1683827839640 1.7844265 21
1683827839697 1.7597531 22
1683827839756 1.7377697 23
1683827839811 1.7180923 24
1683827839866 1.7003127 25
1683827839921 1.6945301 26
1683827839985 1.6927178 27
1683827840042 1.6908153 28
1683827840097 1.6886026 29
1683827840155 1.6859279 30
1683827840214 1.682704 31
1683827840271 1.6788989 32
1683827840327 1.6745274 33
1683827840380 1.6696416 34
1683827840433 1.6643227 35
1683827840485 1.6586707 36
1683827840540 1.6527983 37
1683827840595 1.6468233 38
1683827840650 1.6408643 39
1683827840703 1.6350346 40
1683827840761 1.6294407 41
1683827840822 1.6241794 42
1683827840880 1.6193359 43
1683827840932 1.6149836 44
1683827840984 1.6111841 45
1683827841040 1.6079869 46
1683827841093 1.6054296 47
1683827841145 1.6035397 48
1683827841196 1.6023347 49
1683827841250 1.6018229 50
1683827841305 1.6020046 51
1683827841362 1.6028736 52
1683827841420 1.6044171 53
1683827841475 1.6066176 54
1683827841529 1.6094531 55
1683827841583 1.6128978 56
1683827841634 1.6169235 57
1683827841685 1.6214994 58
1683827841738 1.6265938 59
1683827841791 1.6321737 60
1683827841845 1.6382053 61
1683827841897 1.6446552 62
1683827841953 1.65149 63
1683827842010 1.6586771 64
1683827842068 1.6662017 65
1683827842125 1.6740452 66
1683827842182 1.6821645 67
1683827842239 1.6905434 68
1683827842295 1.6991657 69
1683827842350 1.7080128 70
1683827842407 1.7170674 71
1683827842464 1.726311 72
1683827842522 1.7357277 73
1683827842579 1.7453026 74
1683827842636 1.7550226 75
1683827842692 1.7648757 76
1683827842746 1.7748513 77
1683827842799 1.7849401 78
1683827842852 1.7951341 79
1683827842904 1.8054266 80
1683827842955 1.8158114 81
1683827843007 1.8262846 82
1683827843058 1.836842 83
1683827843110 1.8474811 84
1683827843165 1.8582004 85
1683827843222 1.868999 86
1683827843284 1.8798766 87
1683827843340 1.8908346 88
1683827843399 1.9018742 89
1683827843461 1.912998 90
1683827843521 1.924209 91
1683827843577 1.9355111 92
1683827843634 1.9469092 93
1683827843693 1.9584079 94
1683827843752 1.9700135 95
1683827843809 1.981732 96
1683827843866 1.9935707 97
1683827843923 2.0055366 98
1683827843978 2.0176368 99
1683827844035 2.029879 100
1683827844091 2.0422697 101
1683827844144 2.0548143 102
1683827844197 2.0675175 103
1683827844250 2.0803816 104
1683827844305 2.0934057 105
1683827844362 2.1065862 106
1683827844418 2.119917 107
1683827844476 2.133387 108
1683827844535 2.1469834 109
1683827844598 2.1606898 110
1683827844653 2.1744885 111
1683827844707 2.1883593 112
1683827844763 2.2022815 113
1683827844816 2.2162347 114
1683827844868 2.2301993 115
1683827844919 2.2441554 116
1683827844971 2.2580857 117
1683827845028 2.271975 118
1683827845081 2.2858088 119
1683827845161 2.2995768 120
1683827845217 2.3132684 121
1683827845271 2.3268778 122
1683827845325 2.3404002 123
1683827845380 2.3538332 124
1683827845433 2.3671756 125
1683827845485 2.3804288 126
1683827845538 2.3935955 127
1683827845594 2.4066794 128
1683827845651 2.4196858 129
1683827845708 2.432621 130
1683827845768 2.4454908 131
1683827845823 2.4583025 132
1683827845879 2.4710631 133
1683827845933 2.4837801 134
1683827845989 2.496461 135
1683827846043 2.5091114 136
1683827846094 2.521739 137
1683827846146 2.5343494 138
1683827846199 2.5469477 139
1683827846256 2.5595388 140
1683827846315 2.5721273 141
1683827846372 2.5847163 142
1683827846426 2.5973086 143
1683827846478 2.6099064 144
1683827846533 2.6225119 145
1683827846587 2.6351247 146
1683827846641 2.6477468 147
1683827846694 2.6603777 148
1683827846745 2.6730173 149
1683827846799 2.6856644 150
1683827846862 2.6983194 151
1683827846931 2.7109804 152
1683827846988 2.7236466 153
1683827847045 2.736317 154
1683827847102 2.7489903 155
1683827847153 2.7616656 156
1683827847204 2.774342 157
1683827847257 2.7870188 158
1683827847312 2.7996948 159
1683827847364 2.8123696 160
1683827847416 2.8250434 161
1683827847472 2.8377154 162
1683827847532 2.8503861 163
1683827847587 2.8630555 164
1683827847641 2.8757238 165
1683827847694 2.8883917 166
1683827847745 2.9010596 167
1683827847798 2.9137285 168
1683827847853 2.9263992 169
1683827847904 2.9390726 170
1683827847954 2.95175 171
1683827848006 2.9644327 172
1683827848059 2.977121 173
1683827848116 2.989817 174
1683827848173 3.0025213 175
1683827848227 3.0152354 176
1683827848281 3.0279608 177
1683827848336 3.040698 178
1683827848391 3.0534482 179
1683827848444 3.0662131 180
1683827848497 3.0789933 181
1683827848551 3.0917904 182
1683827848604 3.104605 183
1683827848657 3.117438 184
1683827848713 3.130291 185
1683827848773 3.1431644 186
1683827848828 3.156059 187
1683827848880 3.1689763 188
1683827848933 3.1819162 189
1683827848983 3.19488 190
1683827849036 3.2078686 191
1683827849089 3.2208827 192
1683827849141 3.2339225 193
1683827849193 3.2469897 194
1683827849253 3.2600842 195
1683827849311 3.2732072 196
1683827849370 3.2863588 197
1683827849426 3.29954 198
1683827849483 3.3127515 199
1683827849581 3.3259938 200
1683827849638 3.3392677 201
1683827849695 3.3525734 202
1683827849751 3.3659112 203
1683827849811 3.3792825 204
1683827849868 3.3926873 205
1683827849926 3.4061258 206
1683827849982 3.4195993 207
1683827850040 3.4331076 208
1683827850096 3.446651 209
1683827850152 3.4602304 210
1683827850205 3.473846 211
1683827850261 3.4874983 212
1683827850318 3.5011868 213
1683827850375 3.5149128 214
1683827850431 3.5286756 215
1683827850485 3.5424762 216
1683827850544 3.5563145 217
1683827850622 3.5701904 218
1683827850682 3.5841045 219
1683827850741 3.5980563 220
1683827850800 3.6120462 221
1683827850856 3.6260746 222
1683827850911 3.6401405 223
1683827850967 3.654245 224
1683827851021 3.668387 225
1683827851075 3.6825674 226
1683827851127 3.696785 227
1683827851178 3.7110405 228
1683827851231 3.7253342 229
1683827851288 3.739665 230
1683827851344 3.754033 231
1683827851398 3.7684379 232
1683827851451 3.7828798 233
1683827851503 3.797359 234
1683827851556 3.8118742 235
1683827851610 3.8264256 236
1683827851661 3.841013 237
1683827851713 3.8556361 238
1683827851764 3.8702946 239
1683827851821 3.8849885 240
1683827851877 3.8997173 241
1683827851933 3.9144812 242
1683827851988 3.9292793 243
1683827852042 3.9441116 244
1683827852102 3.958978 245
1683827852159 3.9738777 246
1683827852213 3.988811 247
1683827852267 4.0037775 248
1683827852321 4.0187764 249
1683827852372 4.0338078 250
