1683825594050 1.9529742 1
1683825594109 1.9470831 2
1683825594166 1.9512588 3
1683825594231 1.9748583 4
1683825594293 2.0007203 5
1683825594352 2.0168443 6
1683825594409 2.0175748 7
1683825594465 2.0015373 8
1683825594520 1.9701648 9
1683825594573 1.9265242 10
1683825594627 1.8743532 11
1683825594682 1.8173418 12
1683825594736 1.7586855 13
1683825594788 1.7008786 14
1683825594847 1.645694 15
1683825594904 1.5942645 16
1683825594961 1.5472009 17
1683825595022 1.504725 18
1683825595078 1.4667777 19
1683825595139 1.4331069 20
1683825595195 1.4033352 21
1683825595250 1.3770114 22
1683825595302 1.3536482 23
1683825595357 1.3327531 24
1683825595411 1.3138494 25
1683825595475 1.2964938 26
1683825595534 1.2802886 27
1683825595591 1.2648888 28
1683825595645 1.2500067 29
1683825595698 1.2354133 30
1683825595751 1.2209352 31
1683825595804 1.206451 32
1683825595865 1.1918864 33
1683825595922 1.1772059 34
1683825595976 1.1624075 35
1683825596030 1.1475145 36
1683825596085 1.1325693 37
1683825596139 1.1176276 38
1683825596193 1.1027517 39
1683825596251 1.0880086 40
1683825596304 1.0734656 41
1683825596358 1.0591869 42
1683825596411 1.0452322 43
1683825596462 1.0316542 44
1683825596514 1.0184994 45
1683825596568 1.0058056 46
1683825596623 0.993604 47
1683825596679 0.9819177 48
1683825596731 0.970763 49
1683825596783 0.96015 50
1683825596834 0.9500826 51
1683825596888 0.9405598 52
1683825596939 0.9315741 53
1683825596990 0.92311496 54
1683825597040 0.91516954 55
1683825597093 0.9077222 56
1683825597145 0.9007555 57
1683825597200 0.8942504 58
1683825597254 0.8881865 59
1683825597305 0.8825427 60
1683825597361 0.8772972 61
1683825597414 0.87242806 62
1683825597466 0.86791354 63
1683825597519 0.8637319 64
1683825597573 0.8598622 65
1683825597627 0.8562838 66
1683825597681 0.85297686 67
1683825597737 0.8499222 68
1683825597791 0.84710133 69
1683825597847 0.84449697 70
1683825597899 0.8420928 71
1683825597950 0.83987296 72
1683825598004 0.8378234 73
1683825598056 0.8359301 74
1683825598109 0.834181 75
1683825598162 0.8325643 76
1683825598216 0.8310694 77
1683825598267 0.8296867 78
1683825598318 0.8284072 79
1683825598371 0.82722306 80
1683825598424 0.82612693 81
1683825598474 0.82511246 82
1683825598526 0.8241738 83
1683825598579 0.8233058 84
1683825598634 0.8225038 85
1683825598689 0.821764 86
1683825598744 0.8210828 87
1683825598798 0.8204571 88
1683825598853 0.81988424 89
1683825598906 0.81936216 90
1683825598957 0.8188888 91
1683825599008 0.8184624 92
1683825599060 0.81808186 93
1683825599112 0.8177458 94
1683825599163 0.81745344 95
1683825599215 0.817204 96
1683825599266 0.81699693 97
1683825599317 0.8168317 98
1683825599370 0.8167081 99
1683825599422 0.8166257 100
1683825599473 0.8165846 101
1683825599526 0.81658447 102
1683825599585 0.8166254 103
1683825599644 0.8167073 104
1683825599698 0.8168303 105
1683825599749 0.8169943 106
1683825599800 0.81719935 107
1683825599858 0.81744564 108
1683825599916 0.81773293 109
1683825599988 0.81806123 110
1683825600046 0.8184306 111
1683825600101 0.8188409 112
1683825600152 0.8192921 113
1683825600203 0.819784 114
1683825600254 0.8203163 115
1683825600306 0.8208891 116
1683825600358 0.82150173 117
1683825600412 0.8221541 118
1683825600464 0.82284576 119
1683825600521 0.82357633 120
1683825600574 0.82434535 121
1683825600626 0.82515246 122
1683825600677 0.825997 123
1683825600728 0.82687837 124
1683825600779 0.8277961 125
1683825600831 0.8287494 126
1683825600886 0.82973784 127
1683825600939 0.8307604 128
1683825600991 0.8318166 129
1683825601044 0.8329056 130
1683825601096 0.8340266 131
1683825601148 0.83517873 132
1683825601200 0.8363614 133
1683825601257 0.83757365 134
1683825601316 0.8388148 135
1683825601372 0.84008384 136
1683825601426 0.84138 137
1683825601477 0.84270257 138
1683825601528 0.8440506 139
1683825601578 0.8454233 140
1683825601630 0.8468199 141
1683825601681 0.84823966 142
1683825601732 0.84968174 143
1683825601783 0.85114545 144
1683825601834 0.85263 145
1683825601888 0.85413474 146
1683825601939 0.85565907 147
1683825601992 0.85720223 148
1683825602045 0.8587636 149
1683825602098 0.8603425 150
1683825602149 0.86193854 151
1683825602201 0.8635511 152
1683825602254 0.86517954 153
1683825602307 0.86682355 154
1683825602372 0.86848265 155
1683825602441 0.8701563 156
1683825602497 0.8718442 157
1683825602551 0.87354594 158
1683825602604 0.87526107 159
1683825602789 0.87698936 160
1683825602878 0.8787305 161
1683825602933 0.8804842 162
1683825602986 0.88225013 163
1683825603040 0.8840282 164
1683825603096 0.885818 165
1683825603148 0.8876195 166
1683825603201 0.8894324 167
1683825603255 0.8912566 168
1683825603310 0.8930918 169
1683825603364 0.894938 170
1683825603418 0.8967949 171
1683825603473 0.89866257 172
1683825603527 0.90054095 173
1683825603653 0.9024297 174
1683825603709 0.9043288 175
1683825603762 0.90623826 176
1683825603818 0.9081578 177
1683825603874 0.9100876 178
1683825603930 0.91202736 179
1683825603985 0.913977 180
1683825604042 0.9159366 181
1683825604099 0.91790605 182
1683825604155 0.9198854 183
1683825604207 0.9218743 184
1683825604261 0.9238728 185
1683825604318 0.925881 186
1683825604373 0.92789876 187
1683825604427 0.92992604 188
1683825604481 0.9319627 189
1683825604536 0.93400884 190
1683825604592 0.93606424 191
1683825604645 0.93812907 192
1683825604698 0.94020295 193
1683825604752 0.94228625 194
1683825604805 0.9443787 195
1683825604858 0.9464803 196
1683825604909 0.94859093 197
1683825604960 0.95071065 198
1683825605011 0.9528395 199
1683825605066 0.9549773 200
1683825605122 0.957124 201
1683825605178 0.9592797 202
1683825605232 0.9614444 203
1683825605287 0.9636179 204
1683825605343 0.96580034 205
1683825605400 0.9679915 206
1683825605456 0.97019154 207
1683825605509 0.97240037 208
1683825605561 0.97461796 209
1683825605616 0.9768442 210
1683825605668 0.9790793 211
1683825605720 0.981323 212
1683825605771 0.98357546 213
1683825605822 0.9858365 214
1683825605874 0.98810625 215
1683825605926 0.9903846 216
1683825605977 0.99267143 217
1683825606028 0.99496686 218
1683825606082 0.9972708 219
1683825606136 0.9995833 220
1683825606188 1.0019041 221
1683825606241 1.0042335 222
1683825606297 1.0065712 223
1683825606351 1.0089171 224
1683825606404 1.0112714 225
1683825606458 1.0136337 226
1683825606511 1.0160043 227
1683825606562 1.0183831 228
1683825606617 1.0207697 229
1683825606672 1.0231644 230
1683825606724 1.0255668 231
1683825606777 1.027977 232
1683825606830 1.0303949 233
1683825606882 1.0328203 234
1683825606933 1.0352533 235
1683825606984 1.0376935 236
1683825607035 1.0401411 237
1683825607089 1.0425959 238
1683825607142 1.0450574 239
1683825607196 1.0475259 240
1683825607250 1.0500013 241
1683825607305 1.0524831 242
1683825607357 1.0549713 243
1683825607410 1.057466 244
1683825607461 1.0599668 245
1683825607512 1.0624735 246
1683825607566 1.0649862 247
1683825607622 1.0675046 248
1683825607675 1.0700285 249
1683825607727 1.0725578 250
