1683726649915 1.9168255 1
1683726650011 1.8127924 2
1683726650076 1.7149366 3
1683726650143 1.6350429 4
1683726650206 1.5610529 5
1683726650268 1.484799 6
1683726650333 1.402638 7
1683726650396 1.3142331 8
1683726650463 1.2214793 9
1683726650534 1.1274738 10
1683726650599 1.0356461 11
1683726650665 0.94912213 12
1683726650730 0.8703358 13
1683726650793 0.80085903 14
1683726650859 0.7414017 15
1683726650925 0.6919248 16
1683726650990 0.65181154 17
1683726651056 0.6200774 18
1683726651119 0.6163007 19
1683726651183 0.6302434 20
1683726651250 0.6458747 21
1683726651316 0.66231847 22
1683726651379 0.6790015 23
1683726651441 0.69560385 24
1683726651506 0.71200514 25
1683726651574 0.72823095 26
1683726651637 0.7444044 27
1683726651700 0.7607019 28
1683726651764 0.777316 29
1683726651830 0.79442686 30
1683726651890 0.81218153 31
1683726651953 0.83068216 32
1683726652017 0.8499842 33
1683726652085 0.8700963 34
1683726652147 0.8909828 35
1683726652212 0.91256857 36
1683726652276 0.9347438 37
1683726652340 0.9573701 38
1683726652408 0.9802865 39
1683726652472 1.0033162 40
1683726652536 1.0262737 41
1683726652598 1.0489713 42
1683726652661 1.0712255 43
1683726652721 1.0928631 44
1683726652783 1.1137259 45
1683726652845 1.1336746 46
1683726652908 1.1525936 47
1683726652970 1.1703923 48
1683726653033 1.1870072 49
1683726653096 1.2024034 50
1683726653163 1.2165749 51
1683726653226 1.2295434 52
1683726653289 1.2413578 53
1683726653351 1.2520907 54
1683726653416 1.2618341 55
1683726653479 1.2706951 56
1683726653544 1.2787886 57
1683726653608 1.2862313 58
1683726653674 1.2931379 59
1683726653737 1.2996156 60
1683726653802 1.3057643 61
1683726653864 1.3116754 62
1683726653926 1.3174332 63
1683726653988 1.3231139 64
1683726654050 1.3287868 65
1683726654112 1.3345121 66
1683726654179 1.3403429 67
1683726654242 1.3463223 68
1683726654308 1.352485 69
1683726654370 1.358856 70
1683726654433 1.365453 71
1683726654495 1.3722866 72
1683726654556 1.3793608 73
1683726654619 1.3866755 74
1683726654683 1.3942261 75
1683726654743 1.402005 76
1683726654805 1.410001 77
1683726654867 1.4182001 78
1683726654928 1.4265866 79
1683726654990 1.4351437 80
1683726655052 1.4438543 81
1683726655114 1.4527006 82
1683726655184 1.4616655 83
1683726655251 1.4707333 84
1683726655315 1.4798887 85
1683726655377 1.4891183 86
1683726655438 1.4984105 87
1683726655501 1.5077547 88
1683726655563 1.5171427 89
1683726655623 1.5265672 90
1683726655685 1.5360227 91
1683726655747 1.5455046 92
1683726655810 1.5550094 93
1683726655871 1.5645345 94
1683726655933 1.5740778 95
1683726655996 1.5836382 96
1683726656059 1.5932145 97
1683726656121 1.6028067 98
1683726656184 1.6124144 99
1683726656246 1.6220385 100
1683726656309 1.6316793 101
1683726656370 1.6413378 102
1683726656432 1.651015 103
1683726656520 1.660712 104
1683726656583 1.67043 105
1683726656646 1.6801693 106
1683726656709 1.689932 107
1683726656784 1.699718 108
1683726656850 1.7095279 109
1683726656913 1.7193623 110
1683726656975 1.7292206 111
1683726657038 1.7391031 112
1683726657106 1.7490087 113
1683726657169 1.7589371 114
1683726657231 1.7688868 115
1683726657294 1.7788569 116
1683726657354 1.7888459 117
1683726657415 1.7988523 118
1683726657478 1.8088747 119
1683726657542 1.8189116 120
1683726657604 1.8289618 121
1683726657665 1.8390241 122
1683726657728 1.849097 123
1683726657792 1.8591805 124
1683726657854 1.8692733 125
1683726657915 1.8793757 126
1683726657977 1.8894875 127
1683726658038 1.8996086 128
1683726658101 1.90974 129
1683726658162 1.9198818 130
1683726658222 1.9300348 131
1683726658285 1.9401996 132
1683726658347 1.9503766 133
1683726658408 1.9605668 134
1683726658472 1.9707704 135
1683726658536 1.9809875 136
1683726658598 1.9912193 137
1683726658660 2.0014653 138
1683726658724 2.0117257 139
1683726658788 2.022001 140
1683726658850 2.0322914 141
1683726658910 2.0425963 142
1683726658970 2.0529165 143
1683726659032 2.063252 144
1683726659094 2.0736027 145
1683726659159 2.0839696 146
1683726659228 2.0943522 147
1683726659298 2.104751 148
1683726659361 2.115167 149
1683726659424 2.1255999 150
1683726659487 2.13605 151
1683726659551 2.1465182 152
1683726659613 2.1570048 153
1683726659675 2.1675096 154
1683726659737 2.1780336 155
1683726659799 2.1885762 156
1683726659859 2.1991384 157
1683726659919 2.2097197 158
1683726659982 2.2203205 159
1683726660049 2.2309406 160
1683726660111 2.2415807 161
1683726660174 2.25224 162
1683726660236 2.262919 163
1683726660297 2.2736177 164
1683726660359 2.284336 165
1683726660422 2.2950745 166
1683726660482 2.3058324 167
1683726660546 2.3166108 168
1683726660610 2.3274102 169
1683726660673 2.3382306 170
1683726660736 2.349073 171
1683726660799 2.3599377 172
1683726660863 2.3708258 173
1683726660926 2.3817384 174
1683726660987 2.3926764 175
1683726661048 2.403641 176
1683726661109 2.4146335 177
1683726661172 2.4256551 178
1683726661236 2.4367073 179
1683726661299 2.4477916 180
1683726661360 2.458909 181
1683726661422 2.4700613 182
1683726661484 2.4812496 183
1683726661548 2.4924746 184
1683726661610 2.5037374 185
1683726661675 2.5150392 186
1683726661737 2.5263803 187
1683726661801 2.5377612 188
1683726661862 2.549182 189
1683726661923 2.5606427 190
1683726661988 2.5721433 191
1683726662053 2.5836833 192
1683726662118 2.5952616 193
1683726662180 2.6068783 194
1683726662241 2.6185317 195
1683726662301 2.630221 196
1683726662363 2.6419456 197
1683726662424 2.6537032 198
1683726662484 2.6654937 199
1683726662548 2.6773152 200
1683726662611 2.689166 201
1683726662673 2.7010455 202
1683726662734 2.712952 203
1683726662797 2.724884 204
1683726662859 2.7368405 205
1683726662919 2.7488203 206
1683726662980 2.7608223 207
1683726663042 2.7728453 208
1683726663103 2.7848878 209
1683726663166 2.7969491 210
1683726663228 2.8090289 211
1683726663289 2.8211255 212
1683726663558 2.833238 213
1683726663728 2.8453655 214
1683726663853 2.8575077 215
1683726663915 2.869664 216
1683726663978 2.881833 217
1683726664042 2.8940144 218
1683726664108 2.9062076 219
1683726664170 2.9184117 220
1683726664233 2.9306264 221
1683726664295 2.9428508 222
1683726664356 2.9550848 223
1683726664418 2.9673274 224
1683726664480 2.9795785 225
1683726664542 2.9918377 226
1683726664602 3.0041041 227
1683726664739 3.016378 228
1683726664925 3.0286584 229
1683726664996 3.0409455 230
1683726665057 3.0532396 231
1683726665121 3.0655394 232
1683726665182 3.0778453 233
1683726665245 3.0901573 234
1683726665307 3.1024752 235
1683726665369 3.114799 236
1683726665432 3.1271288 237
1683726665493 3.1394649 238
1683726665554 3.151807 239
1683726665617 3.1641555 240
1683726665680 3.1765103 241
1683726665743 3.1888723 242
1683726665805 3.2012413 243
1683726665868 3.2136176 244
1683726665931 3.2260013 245
1683726665992 3.2383928 246
1683726666056 3.2507925 247
1683726666119 3.2632008 248
1683726666181 3.2756171 249
1683726666243 3.2880428 250
