1683723693161 0.08080724771957004 1
1683723693238 0.13240588671964365 2
1683723693303 0.1704317638746363 3
1683723693369 0.19932822238241055 4
1683723693433 0.2219228664336333 5
1683723693498 0.23850086165801598 6
1683723693562 0.2482905980665721 7
1683723693626 0.25053428670190814 8
1683723693691 0.24512455153475304 9
1683723693755 0.2327285117840939 10
1683723693817 0.2146597795229378 11
1683723693885 0.1926032954126947 12
1683723693950 0.16840685672731212 13
1683723694014 0.14395719451566155 14
1683723694076 0.12113001957699235 15
1683723694143 0.10129890888358692 16
1683723694207 0.0858866281638001 17
1683723694271 0.07656559417759119 18
1683723694334 0.07377931857014647 19
1683723694402 0.07612717684525082 20
1683723694468 0.08116629063048204 21
1683723694531 0.08733856249924742 22
1683723694596 0.09383555161630845 23
1683723694658 0.10039323120251717 24
1683723694721 0.10704178839965836 25
1683723694786 0.1139095220741807 26
1683723694853 0.12114747605242929 27
1683723694918 0.1287218422749847 28
1683723694982 0.13649515465390868 29
1683723695045 0.14435743332895462 30
1683723695108 0.15206768037275156 31
1683723695171 0.15971085862100518 32
1683723695235 0.16733910036837432 33
1683723695297 0.1749982467576057 34
1683723695365 0.18272883457036998 35
1683723695428 0.19056044320291585 36
1683723695493 0.19850685267714552 37
1683723695558 0.20656409292414854 38
1683723695624 0.2147106950884961 39
1683723695688 0.22291089422209903 40
1683723695751 0.23111838401412968 41
1683723695813 0.23928055953323604 42
1683723695880 0.2473233092036463 43
1683723695942 0.25520527127569803 44
1683723696005 0.2628805000297239 45
1683723696073 0.2703077015648923 46
1683723696145 0.27745206227546226 47
1683723696211 0.2842869934898527 48
1683723696276 0.29079408547384344 49
1683723696340 0.2969631627020536 50
1683723696402 0.3027917426797085 51
1683723696466 0.3082837869443296 52
1683723696529 0.3134490156287637 53
1683723696593 0.31830112890435 54
1683723696654 0.3228574694154018 55
1683723696716 0.3271375750359611 56
1683723696778 0.331162358188025 57
1683723696845 0.3349541664864271 58
1683723696909 0.3385358968895026 59
1683723696972 0.34193116671447416 60
1683723697034 0.34516434723983314 61
1683723697098 0.348260236053298 62
1683723697162 0.35124425018070354 63
1683723697225 0.3541418634269377 64
1683723697288 0.3569781261904126 65
1683723697353 0.3597770869574999 66
1683723697419 0.3625949439950832 67
1683723697484 0.36542618136148464 68
1683723697545 0.36828065976470986 69
1683723697608 0.3711689115702302 70
1683723697670 0.3741007100940455 71
1683723697731 0.377084060037496 72
1683723697793 0.3801252997600135 73
1683723697859 0.3832293058082909 74
1683723697921 0.3863997052858418 75
1683723697985 0.389639467402762 76
1683723698050 0.3929507995861983 77
1683723698113 0.3963353486981274 78
1683723698174 0.39979446901745724 79
1683723698240 0.4033290389767405 80
1683723698303 0.4069393871559252 81
1683723698369 0.4106255466965163 82
1683723698433 0.41438678699638176 83
1683723698496 0.4182219183776498 84
1683723698558 0.42212919357062684 85
1683723698621 0.426106224716263 86
1683723698686 0.430149970747652 87
1683723698748 0.43427070764645836 88
1683723698809 0.43844959597285527 89
1683723698875 0.4426781196750025 90
1683723698936 0.44694956926468 91
1683723698999 0.4512585151981917 92
1683723699062 0.4555998077666942 93
1683723699125 0.4599686279243673 94
1683723699187 0.46436047747446174 95
1683723699249 0.4687710364825093 96
1683723699310 0.47319649020712606 97
1683723699375 0.4776333510380886 98
1683723699436 0.4820783150597108 99
1683723699500 0.48652875438021786 100
1683723699561 0.4909821636571333 101
1683723699626 0.49543666529489 102
1683723699692 0.4998905526394512 103
1683723699756 0.5043424940840959 104
1683723699819 0.5087912941545353 105
1683723699881 0.5132363671942183 106
1683723699943 0.5176769966821749 107
1683723700008 0.52211282870949 108
1683723700070 0.5265436446121786 109
1683723700131 0.5309692420262716 110
1683723700194 0.535389737417967 111
1683723700255 0.5398050930061628 112
1683723700321 0.5442154460617145 113
1683723700387 0.5486209620961091 114
1683723700448 0.5530219289786195 115
1683723700512 0.5574185725828044 116
1683723700573 0.561811111955271 117
1683723700638 0.5661998806645931 118
1683723700701 0.5705848739727082 119
1683723700763 0.5749666313368293 120
1683723700828 0.579345068153023 121
1683723700896 0.583720382240983 122
1683723700959 0.5880926409204063 123
1683723701020 0.592461904835813 124
1683723701083 0.5968283197418037 125
1683723701144 0.6011917794310518 126
1683723701206 0.6055521942876135 127
1683723701270 0.6099096474929813 128
1683723701332 0.6142640224265171 129
1683723701397 0.6186154314231367 130
1683723701458 0.6229639371962646 131
1683723701522 0.6273094086519276 132
1683723701583 0.6316520585706185 133
1683723701645 0.635991958233973 134
1683723701708 0.6403293977953742 135
1683723701771 0.6446643241188784 136
1683723701835 0.6489972235196828 137
1683723701898 0.6533282702596879 138
1683723701960 0.657657797133049 139
1683723702024 0.6619862057732449 140
1683723702083 0.6663138282624583 141
1683723702146 0.6706411260914048 142
1683723702208 0.6749684712445507 143
1683723702271 0.6792963819539342 144
1683723702336 0.6836252199944106 145
1683723702398 0.6879556171374206 146
1683723702465 0.6922879227398512 147
1683723702528 0.6966226475841886 148
1683723702600 0.7009600804350811 149
1683723702663 0.7053008752336094 150
1683723702727 0.7096452978505668 151
1683723702792 0.7139937979515825 152
1683723702857 0.7183468051362321 153
1683723702929 0.7227044114828275 154
1683723702996 0.727067264171055 155
1683723703059 0.7314355463880458 156
1683723703122 0.7358094792551741 157
1683723703186 0.7401895871034319 158
1683723703248 0.744575785279903 159
1683723703311 0.7489687080171571 160
1683723703377 0.7533682337880566 161
1683723703441 0.7577748864768403 162
1683723703503 0.762189081880768 163
1683723703566 0.7666109700726484 164
1683723703627 0.7710407843465309 165
1683723703690 0.7754791970680563 166
1683723703751 0.7799263268704799 167
1683723703816 0.7843828711371574 168
1683723703881 0.7888489495755435 169
1683723703951 0.7933252293374836 170
1683723704018 0.79781194382741 171
1683723704079 0.8023096739451288 172
1683723704142 0.806818777911956 173
1683723704204 0.8113397596738259 174
1683723704280 0.8158727786505997 175
1683723704349 0.8204181580250546 176
1683723704411 0.8249763090359207 177
1683723704473 0.829547302918656 178
1683723704534 0.8341311734071807 179
1683723704597 0.8387283226276415 180
1683723704658 0.8433384836000007 181
1683723704721 0.847961769817781 182
1683723704784 0.8525980694276101 183
1683723704849 0.8572472673998531 184
1683723704911 0.8619093586794566 185
1683723704975 0.8665839990068586 186
1683723705038 0.8712710913650592 187
1683723705101 0.8759702710054325 188
1683723705161 0.8806812987396592 189
1683723705224 0.8854039903037854 190
1683723705284 0.8901379558806021 191
1683723705350 0.8948828431010866 192
1683723705413 0.8996384868922912 193
1683723705476 0.9044042786807714 194
1683723705540 0.909180068973312 195
1683723705603 0.9139654707562036 196
1683723705665 0.9187133323088247 197
1683723705727 0.9234603390025109 198
1683723705788 0.928216488914911 199
1683723705853 0.9329868562357336 200
1683723705916 0.9377738301094171 201
1683723705978 0.9426246080458867 202
1683723706042 0.9474554332005726 203
1683723706103 0.9522939068324624 204
1683723706166 0.9571448745263024 205
1683723706226 0.9620112048213073 206
1683723706288 0.9668936820569203 207
1683723706353 0.9717923928228606 208
1683723706611 0.9767536934824027 209
1683723706777 0.9816921757141062 210
1683723706938 0.9866347711351423 211
1683723707002 0.9915859887155564 212
1683723707064 0.9965482137305928 213
1683723707126 1.0015220163332708 214
1683723707189 1.0065071576392988 215
1683723707252 1.0115031823761358 216
1683723707317 1.0165094433684676 217
1683723707385 1.0215253945805596 218
1683723707452 1.0265500999707762 219
1683723707515 1.0315829240897316 220
1683723707576 1.0366231392113585 221
1683723707639 1.0416699216661847 222
1683723707702 1.0467225977610624 223
1683723707842 1.0517804830050892 224
1683723707907 1.056842552207122 225
1683723707971 1.0619084412035709 226
1683723708034 1.0669773332612382 227
1683723708093 1.072048661410988 228
1683723708153 1.0771216975076425 229
1683723708217 1.0821961537940459 230
1683723708279 1.08727128019318 231
1683723708344 1.0923466414161638 232
1683723708405 1.0974217641596238 233
1683723708468 1.1024964964592359 234
1683723708530 1.107570295300101 235
1683723708595 1.112642782581147 236
1683723708656 1.1177139223261618 237
1683723708721 1.1227833148302189 238
1683723708784 1.1278507906807564 239
1683723708852 1.1329162332977836 240
1683723708913 1.1379796542923661 241
1683723708976 1.143040812140211 242
1683723709038 1.1480997197269334 243
1683723709099 1.1531562695278015 244
1683723709299 1.1582106403550623 245
1683723709486 1.1632626585547954 246
1683723709571 1.1683126608625334 247
1683723709633 1.1733606377153123 248
1683723709696 1.178406704288962 249
1683723709757 1.1834508163018378 250
