1683723374231 1.7116823541697495 1
1683723374362 1.5135015572913717 2
1683723374426 1.335508905175183 3
1683723374494 1.1852414499595831 4
1683723374557 1.049719222362832 5
1683723374621 0.9237779779943008 6
1683723374683 0.807513847591252 7
1683723374745 0.7033366955472359 8
1683723374807 0.6139694024066567 9
1683723374871 0.5412784028928114 10
1683723374935 0.4858005074095977 11
1683723374997 0.4467566181319276 12
1683723375060 0.4221994395534685 13
1683723375124 0.4094217956617796 14
1683723375186 0.4050541997687176 15
1683723375250 0.40622383528471906 16
1683723375314 0.41082028620329125 17
1683723375379 0.4162283555099444 18
1683723375442 0.4206837832379851 19
1683723375505 0.4235646680832342 20
1683723375570 0.424565980581178 21
1683723375632 0.42394999762724506 22
1683723375696 0.4219808471136016 23
1683723375758 0.418913176157962 24
1683723375821 0.4150025716301363 25
1683723375887 0.4104934326790086 26
1683723375951 0.4055937042764022 27
1683723376014 0.4004569023590384 28
1683723376078 0.3951816513867642 29
1683723376141 0.38974064305689127 30
1683723376203 0.3841294260678786 31
1683723376266 0.37850252491138575 32
1683723376331 0.3729475425220299 33
1683723376395 0.367750473413579 34
1683723376459 0.3627932532473662 35
1683723376525 0.35807138860064136 36
1683723376589 0.3536139265787008 37
1683723376650 0.3494702996046618 38
1683723376712 0.3456909174527125 39
1683723376776 0.3423203446614085 40
1683723376840 0.3393926931615569 41
1683723376905 0.3369294499031927 42
1683723376973 0.33499537202287943 43
1683723377035 0.3335464474261516 44
1683723377099 0.3325531648683675 45
1683723377162 0.3319797954960636 46
1683723377224 0.33178430647244217 47
1683723377288 0.33191917575400093 48
1683723377351 0.33233369446119654 49
1683723377413 0.33297633735530524 50
1683723377474 0.3337970235059863 51
1683723377537 0.3347494166584314 52
1683723377600 0.335792546640628 53
1683723377663 0.3368917014316088 54
1683723377724 0.3380193767239908 55
1683723377788 0.3391553559490675 56
1683723377851 0.34028595091015673 57
1683723377912 0.34140363376922284 58
1683723377975 0.34250606184591914 59
1683723378037 0.34359468407091587 60
1683723378101 0.34467381913505424 61
1683723378164 0.34563924017444164 62
1683723378226 0.3465711983185378 63
1683723378290 0.3474968356077248 64
1683723378352 0.3484324863507817 65
1683723378415 0.34938804079786984 66
1683723378477 0.3503692624226246 67
1683723378542 0.35137877224987857 68
1683723378607 0.35241689685965094 69
1683723378669 0.35348147441874944 70
1683723378732 0.35456859480424574 71
1683723378810 0.35567290159346077 72
1683723378879 0.35678820624281965 73
1683723378942 0.35790789223819913 74
1683723379011 0.35902547946712887 75
1683723379078 0.3601351151928766 76
1683723379141 0.36123160446736036 77
1683723379204 0.36231067897776736 78
1683723379266 0.3633690728020793 79
1683723379329 0.36440445056456006 80
1683723379393 0.36541517894090003 81
1683723379456 0.3664004725532034 82
1683723379520 0.3673602613009059 83
1683723379583 0.36815065157043925 84
1683723379647 0.3688771596716603 85
1683723379709 0.36956800422240277 86
1683723379771 0.3702379542510226 87
1683723379834 0.370894232653938 88
1683723379896 0.3715409025619066 89
1683723379957 0.37218048622453137 90
1683723380021 0.3728146785276292 91
1683723380086 0.3734442963332635 92
1683723380150 0.37406971622265467 93
1683723380212 0.3746907248121618 94
1683723380276 0.37530675820183024 95
1683723380339 0.3759168417134728 96
1683723380403 0.3765197483671085 97
1683723380465 0.3771140628107366 98
1683723380527 0.37769839222765605 99
1683723380742 0.3782711600482512 100
1683723380883 0.3788308096737858 101
1683723380945 0.3793759172436367 102
1683723381006 0.37990498684773955 103
1683723381071 0.38041662495932166 104
1683723381134 0.3809097245887384 105
1683723381197 0.38138291345659925 106
1683723381262 0.38183520926006154 107
1683723381326 0.3822656405122468 108
1683723381391 0.3826732200655704 109
1683723381453 0.38305720598995474 110
1683723381517 0.38341687316171186 111
1683723381581 0.3837515754348953 112
1683723381645 0.38406081867730635 113
1683723381708 0.38434407412417276 114
1683723381771 0.3846010464358504 115
1683723381833 0.384831418359684 116
1683723381896 0.38503503463588934 117
1683723381992 0.385211817437896 118
1683723382058 0.3853616372899612 119
1683723382121 0.3854845673393951 120
1683723382182 0.38558078353985636 121
1683723382244 0.3856503878517789 122
1683723382308 0.3856935461226955 123
1683723382371 0.3857106372786705 124
1683723382434 0.3857019272006411 125
1683723382497 0.38566777303055577 126
1683723382560 0.385608543037856 127
1683723382623 0.38552455440891814 128
1683723382685 0.3854163177687018 129
1683723382747 0.3852842116916594 130
1683723382809 0.3851284440007412 131
1683723382872 0.3849495419164338 132
1683723382936 0.38474780632165206 133
1683723382999 0.38452359090157007 134
1683723383063 0.38427712720785767 135
1683723383126 0.3840086547556125 136
1683723383188 0.3837185831492391 137
1683723383251 0.38340696461961343 138
1683723383314 0.3830740228796117 139
1683723383377 0.3827200287958017 140
1683723383438 0.38234511883012434 141
1683723383501 0.3819493094122782 142
1683723383566 0.3815329198535157 143
1683723383628 0.38109595700557164 144
1683723383690 0.3806386076598802 145
1683723383753 0.3801609468692453 146
1683723383816 0.3796632252409379 147
1683723383877 0.37914548626295674 148
1683723383940 0.37860794347934656 149
1683723384001 0.3780506785041632 150
1683723384063 0.3774740137607552 151
1683723384125 0.3768780303242012 152
1683723384187 0.37626297345946647 153
1683723384250 0.3756289495311791 154
1683723384314 0.37497631009807253 155
1683723384377 0.374305173993969 156
1683723384439 0.3736157786242128 157
1683723384501 0.3729084665232325 158
1683723384564 0.3721832191089943 159
1683723384626 0.37144044464528114 160
1683723384691 0.37068027908532963 161
1683723384753 0.36990293743056935 162
1683723384816 0.3691085612010756 163
1683723384879 0.36829741209967026 164
1683723384941 0.367469600708195 165
1683723385002 0.3666253130331164 166
1683723385068 0.365764698068502 167
1683723385131 0.36488798956955615 168
1683723385193 0.3639951525592622 169
1683723385257 0.36308648554952916 170
1683723385321 0.3621620286269276 171
1683723385384 0.3612220016067179 172
1683723385446 0.36026644483783854 173
1683723385508 0.35929555500317645 174
1683723385573 0.3583094353841393 175
1683723385634 0.35730823543920254 176
1683723385698 0.3562921358446076 177
1683723385762 0.35526123157696277 178
1683723385831 0.35421578777452034 179
1683723385896 0.35315589571819983 180
1683723385956 0.35208172566360985 181
1683723386018 0.3509935268808091 182
1683723386082 0.34989154977335546 183
1683723386144 0.34877598000797305 184
1683723386206 0.34764716588714595 185
1683723386268 0.34650520439066756 186
1683723386330 0.3453504898746633 187
1683723386392 0.3441833394612319 188
1683723386455 0.34300404475982604 189
1683723386517 0.34181283720137035 190
1683723386580 0.3406102211391382 191
1683723386642 0.3393963229665474 192
1683723386709 0.3381717984304722 193
1683723386775 0.33693664464772244 194
1683723386838 0.3356914357733235 195
1683723386906 0.3346771720555529 196
1683723386980 0.33371261312695555 197
1683723387046 0.3327520223160262 198
1683723387109 0.3317730378644943 199
1683723387171 0.33076674749215007 200
1683723387234 0.32972955561989425 201
1683723387293 0.32866036755487193 202
1683723387356 0.32755928268845336 203
1683723387583 0.32642731368108346 204
1683723387748 0.32526583313698487 205
1683723387870 0.3240765738694773 206
1683723387933 0.3228613553922782 207
1683723387997 0.32162225500519515 208
1683723388060 0.3203613720822376 209
1683723388122 0.31908078320448796 210
1683723388185 0.31778221455388744 211
1683723388248 0.31646776547328936 212
1683723388313 0.31513904204780074 213
1683723388376 0.3137975703126423 214
1683723388440 0.31244482657979944 215
1683723388502 0.311081972352512 216
1683723388566 0.3097101495889145 217
1683723388628 0.3083303891078679 218
1683723388690 0.306943451480736 219
1683723388752 0.3055499210695518 220
1683723388817 0.3041504609537905 221
1683723388879 0.3027456067506815 222
1683723388941 0.3013356142795275 223
1683723389003 0.29992093383883 224
1683723389068 0.29850155347914376 225
1683723389130 0.29707773071113086 226
1683723389191 0.2956496399275522 227
1683723389255 0.2942172199229943 228
1683723389318 0.29278053126250714 229
1683723389382 0.2913396697641819 230
1683723389446 0.28989452370549207 231
1683723389518 0.2884450744886754 232
1683723389583 0.28699122056356174 233
1683723389644 0.2855330605418648 234
1683723389706 0.28407050223783303 235
1683723389769 0.2826036175880854 236
1683723389833 0.2811322276413525 237
1683723389894 0.27965649313429863 238
1683723389957 0.27817620217293126 239
1683723390018 0.27669160762642286 240
1683723390083 0.27520262479420265 241
1683723390155 0.2737093682576277 242
1683723390226 0.27221181495160907 243
1683723390289 0.27071003880471656 244
1683723390353 0.26920424245404495 245
1683723390417 0.26769439305622533 246
1683723390479 0.2661805676404142 247
1683723390541 0.2646630996305761 248
1683723390604 0.26314178897876705 249
1683723390664 0.26161688892568713 250
