1683725094907 1.7162195739655464 1
1683725094988 1.5969322057584485 2
1683725095057 1.485099249853397 3
1683725095133 1.391603482204711 4
1683725095202 1.3052458566552108 5
1683725095267 1.2192020654134672 6
1683725095332 1.1312694874571643 7
1683725095397 1.0423751573635918 8
1683725095462 0.9549172854300658 9
1683725095532 0.8719533491385734 10
1683725095597 0.7964016626792275 11
1683725095661 0.7305918952539608 12
1683725095725 0.6762273052024781 13
1683725095790 0.6338958233219446 14
1683725095855 0.6035837049980501 15
1683725095919 0.5847486719735269 16
1683725095981 0.5762242636179244 17
1683725096047 0.5760889078288243 18
1683725096111 0.5817744324708001 19
1683725096174 0.5908050794124456 20
1683725096237 0.6012520219423337 21
1683725096303 0.6118865741633301 22
1683725096365 0.6220786532875655 23
1683725096428 0.6316217460843689 24
1683725096494 0.6405706632638613 25
1683725096562 0.6491334295298876 26
1683725096630 0.6575671013437139 27
1683725096691 0.6660996749019816 28
1683725096755 0.6749060710258692 29
1683725096817 0.6840626127693309 30
1683725096882 0.6936784911229174 31
1683725096944 0.703821834267215 32
1683725097008 0.7145371258022729 33
1683725097072 0.7258491017445968 34
1683725097134 0.7377610585360835 35
1683725097198 0.7502521460348253 36
1683725097262 0.7632751055982161 37
1683725097326 0.7767573130802335 38
1683725097389 0.7906198081020106 39
1683725097452 0.8047396098574373 40
1683725097516 0.8190304408380538 41
1683725097580 0.8333947170418325 42
1683725097644 0.8477275837546506 43
1683725097707 0.8619332140307796 44
1683725097771 0.8759177862020915 45
1683725097833 0.8895308346122824 46
1683725097897 0.9027593979781303 47
1683725097960 0.9155783636861194 48
1683725098023 0.9280580590613565 49
1683725098086 0.9401316031266759 50
1683725098148 0.9517892856866902 51
1683725098287 0.9630472823566265 52
1683725098454 0.9740340460175843 53
1683725098533 0.9846848041026264 54
1683725098596 0.995019459440493 55
1683725098660 1.005076791046984 56
1683725098724 1.0148911905268783 57
1683725098787 1.02452964097933 58
1683725098851 1.0340438947319113 59
1683725098915 1.043437807109886 60
1683725098978 1.0527622309029798 61
1683725099045 1.0620455295281235 62
1683725099108 1.0713083936152474 63
1683725099170 1.0805653801501833 64
1683725099232 1.0898268279696741 65
1683725099296 1.0990996643117608 66
1683725099359 1.1083882109095478 67
1683725099423 1.1176942179434026 68
1683725099486 1.1270176373216367 69
1683725099553 1.1363571083926023 70
1683725099620 1.1457104236649223 71
1683725099681 1.155074579566671 72
1683725099743 1.164446241488653 73
1683725099806 1.1738227704648436 74
1683725099870 1.183201273548252 75
1683725099933 1.1925799117713558 76
1683725099996 1.2019572495705775 77
1683725100065 1.2113323108866103 78
1683725100129 1.2207049611678737 79
1683725100192 1.2300752751439452 80
1683725100256 1.2394434739325644 81
1683725100318 1.2488098487455768 82
1683725100382 1.2581742944407042 83
1683725100446 1.2675364314048287 84
1683725100510 1.2768955320760416 85
1683725100573 1.286250244716815 86
1683725100638 1.2955988641625618 87
1683725100699 1.3049392779551154 88
1683725100762 1.3142691106586664 89
1683725100825 1.3235856913155721 90
1683725100889 1.332886526037971 91
1683725100954 1.3421687574106353 92
1683725101021 1.3514299575253155 93
1683725101084 1.3606676407184666 94
1683725101148 1.369879307059932 95
1683725101212 1.3790631831508315 96
1683725101275 1.3882170317814198 97
1683725101337 1.3973395106189268 98
1683725101399 1.406428980734684 99
1683725101461 1.4154844154685193 100
1683725101526 1.424504232852518 101
1683725101589 1.4334875690107562 102
1683725101653 1.4424330884958203 103
1683725101718 1.4513395294761338 104
1683725101782 1.4602058763185126 105
1683725101846 1.4690305883028296 106
1683725101911 1.4778123225052553 107
1683725101974 1.4865497297504482 108
1683725102040 1.495241258068333 109
1683725102102 1.5038857662397482 110
1683725102164 1.5124818721332036 111
1683725102226 1.5210284507049452 112
1683725102290 1.529524444822257 113
1683725102351 1.5379694723722372 114
1683725102415 1.5463629515550856 115
1683725102477 1.5547046768600765 116
1683725102543 1.5629950152831906 117
1683725102606 1.571233911119697 118
1683725102670 1.579422459745781 119
1683725102733 1.5875616812280349 120
1683725102796 1.5956525232396461 121
1683725102860 1.6036968568234036 122
1683725102926 1.6116958774991739 123
1683725102988 1.619651836124295 124
1683725103057 1.627566490651954 125
1683725103120 1.635442146321162 126
1683725103184 1.6432808862565873 127
1683725103260 1.6510849000735832 128
1683725103328 1.6588565665911 129
1683725103392 1.6665981581961438 130
1683725103456 1.6743118294974995 131
1683725103522 1.681999984570398 132
1683725103585 1.6896644054496708 133
1683725103648 1.6973074626995497 134
1683725103917 1.7049309756044875 135
1683725104014 1.712536827134139 136
1683725104082 1.7201267918612224 137
1683725104144 1.727702530088945 138
1683725104206 1.735265485186415 139
1683725104270 1.742817222919843 140
1683725104333 1.7503588315880338 141
1683725104395 1.7578916245833804 142
1683725104458 1.7654166351457357 143
1683725104524 1.772934730702018 144
1683725104637 1.780446859366163 145
1683725104697 1.7879536752563867 146
1683725104759 1.7954555917862884 147
1683725104824 1.802953538413333 148
1683725104888 1.8104476699753005 149
1683725104950 1.8179386195512781 150
1683725105016 1.8254261945187351 151
1683725105084 1.8329105975181306 152
1683725105145 1.8403920287682296 153
1683725105207 1.847870339166736 154
1683725105272 1.8553454096190967 155
1683725105335 1.862816969859967 156
1683725105397 1.8702846828123902 157
1683725105461 1.877748276679615 158
1683725105528 1.8852072546733472 159
1683725105597 1.8926610986894303 160
1683725105659 1.9001090833393883 161
1683725105721 1.9075507384812918 162
1683725105782 1.91498528425938 163
1683725105846 1.9224121893621997 164
1683725105908 1.9298304746994055 165
1683725105969 1.9372395475178759 166
1683725106034 1.9446386536460516 167
1683725106098 1.9520268164744161 168
1683725106161 1.959403158425243 169
1683725106224 1.9667670624915812 170
1683725106287 1.974117818175257 171
1683725106350 1.981454454825917 172
1683725106413 1.9887759509587055 173
1683725106476 1.9960821429166293 174
1683725106541 2.003371826985914 175
1683725106608 2.0106445269769053 176
1683725106669 2.017899598746619 177
1683725106730 2.0251360204245676 178
1683725106790 2.0323538036650084 179
1683725106852 2.0395517645225785 180
1683725106915 2.0467300630983076 181
1683725106977 2.0538875299979935 182
1683725107041 2.061024153598927 183
1683725107104 2.0681395633458965 184
1683725107166 2.0752330529678877 185
1683725107228 2.082304933848146 186
1683725107291 2.089354562096203 187
1683725107353 2.0963818708481607 188
1683725107415 2.1033867349238844 189
1683725107477 2.1103692907762515 190
1683725107542 2.1173291473890683 191
1683725107603 2.124266442105382 192
1683725107667 2.1311814691221813 193
1683725107729 2.13807411852893 194
1683725107791 2.144944764632437 195
1683725107853 2.151793339973191 196
1683725107915 2.158620478821361 197
1683725107976 2.165426154340339 198
1683725108040 2.1722105777863954 199
1683725108104 2.1789742527875 200
1683725108167 2.185717526802623 201
1683725108229 2.192440744958256 202
1683725108292 2.199144214082212 203
1683725108356 2.205828003273892 204
1683725108420 2.2124924044977874 205
1683725108481 2.219137888230055 206
1683725108548 2.225764321401799 207
1683725108611 2.2323719155776898 208
1683725108673 2.2389606551494126 209
1683725108735 2.2455305075193888 210
1683725108798 2.2520813708234795 211
1683725108861 2.2586133793631156 212
1683725108923 2.2651260062756178 213
1683725108985 2.2716194330472015 214
1683725109048 2.2780930113231177 215
1683725109112 2.2845468481084663 216
1683725109176 2.290980552196922 217
1683725109238 2.2973938696504392 218
1683725109300 2.3037866039305746 219
1683725109364 2.3101586322734766 220
1683725109428 2.3165096379672194 221
1683725109491 2.3228395490063183 222
1683725109558 2.329148438507575 223
1683725109627 2.3354362313853456 224
1683725109689 2.341702588719288 225
1683725109751 2.347948074640935 226
1683725109813 2.3541728084551585 227
1683725109874 2.360376782796169 228
1683725109936 2.366560638736659 229
1683725109998 2.3727242917576827 230
1683725110063 2.378868657893312 231
1683725110126 2.3849940804360834 232
1683725110189 2.3911007577241516 233
1683725110252 2.3971899193545716 234
1683725110316 2.403261647068085 235
1683725110379 2.4093169744413783 236
1683725110442 2.4153562023505435 237
1683725110529 2.421380425124384 238
1683725110596 2.427390470252835 239
1683725110659 2.433386683181032 240
1683725110721 2.4393701603329663 241
1683725110783 2.445341514945234 242
1683725110847 2.4513014564985127 243
1683725110910 2.4572507993021224 244
1683725110972 2.4631903323852375 245
1683725111039 2.469120435450068 246
1683725111102 2.4750419907471395 247
1683725111165 2.480955227061854 248
1683725111228 2.4868610809617815 249
1683725111291 2.4927598225432694 250
