1683725448823 1.697030360492005 1
1683725448908 1.4961347188114218 2
1683725448972 1.3206101162584962 3
1683725449042 1.1762734620769866 4
1683725449106 1.0488307439324793 5
1683725449170 0.9315841879047949 6
1683725449237 0.8233970462754712 7
1683725449301 0.7258709812246308 8
1683725449364 0.6413750609390004 9
1683725449427 0.5717297295140068 10
1683725449492 0.5177308443065385 11
1683725449561 0.47863171889806316 12
1683725449626 0.4527202681184749 13
1683725449692 0.4374433094522586 14
1683725449755 0.4296499982113955 15
1683725449820 0.426839120886917 16
1683725449883 0.4272939445702222 17
1683725450020 0.42889945263382456 18
1683725450214 0.4302966039036251 19
1683725450292 0.43084466854195813 20
1683725450358 0.4299413482958234 21
1683725450421 0.4274761610387411 22
1683725450485 0.42338867634820054 23
1683725450553 0.41774678414611105 24
1683725450620 0.41077352380768173 25
1683725450688 0.40284377812423755 26
1683725450751 0.3944562183759294 27
1683725450814 0.3861548400481668 28
1683725450876 0.37836904088286394 29
1683725450938 0.3708486324931479 30
1683725450999 0.36385686831991065 31
1683725451064 0.35751571164924667 32
1683725451126 0.35185559058341 33
1683725451188 0.34698320102391106 34
1683725451250 0.342899811919643 35
1683725451312 0.33957744490044084 36
1683725451374 0.3369700957849843 37
1683725451438 0.335026527888899 38
1683725451505 0.3336941033757893 39
1683725451569 0.33291734468928014 40
1683725451631 0.3326432722071086 41
1683725451697 0.3328162752553559 42
1683725451760 0.3333786539639831 43
1683725451821 0.33427063510067284 44
1683725451883 0.3354313423596426 45
1683725451947 0.3367997910826281 46
1683725452011 0.33831597263642055 47
1683725452074 0.33992276894667905 48
1683725452135 0.3415667154083668 49
1683725452197 0.3431997651170523 50
1683725452260 0.3447802066730599 51
1683725452321 0.3462738001192221 52
1683725452384 0.34765394349972434 53
1683725452446 0.34890195786222256 54
1683725452510 0.3500067520505634 55
1683725452573 0.3509643419564981 56
1683725452635 0.3517766523048985 57
1683725452698 0.3524505825481989 58
1683725452761 0.3529968905142314 59
1683725452828 0.35342886935251905 60
1683725452901 0.3537614060065401 61
1683725452966 0.35401017908465515 62
1683725453030 0.35419141520315034 63
1683725453092 0.35431918701697185 64
1683725453155 0.3544068544997834 65
1683725453218 0.35446620216277486 66
1683725453280 0.35450727632996254 67
1683725453341 0.3545378917746828 68
1683725453402 0.3545637874225795 69
1683725453465 0.35458857897122426 70
1683725453530 0.354614129796866 71
1683725453592 0.35464063361799286 72
1683725453654 0.35466722443917614 73
1683725453717 0.3546920834910878 74
1683725453781 0.35471289050056487 75
1683725453842 0.35472713168052583 76
1683725453906 0.3547322756382536 77
1683725453969 0.354725892477489 78
1683725454035 0.3547056034244576 79
1683725454097 0.35466939691090216 80
1683725454160 0.35461556624564516 81
1683725454223 0.35454251864548486 82
1683725454286 0.3544489282289879 83
1683725454348 0.35433376872093286 84
1683725454411 0.35419627537861426 85
1683725454474 0.3540358111770246 86
1683725454537 0.3538520105681317 87
1683725454601 0.35364474700720966 88
1683725454666 0.3534139620280381 89
1683725454728 0.353159668864445 90
1683725454794 0.3528820935146202 91
1683725454859 0.3525815043033859 92
1683725454920 0.35225801362747267 93
1683725454983 0.3519118633442855 94
1683725455049 0.3515432849617931 95
1683725455112 0.3511522070575292 96
1683725455180 0.35073879656787654 97
1683725455241 0.35030299348425264 98
1683725455304 0.3498446343938292 99
1683725455366 0.34936358337736917 100
1683725455429 0.3488594517681094 101
1683725455491 0.3483317825445523 102
1683725455558 0.347780135840982 103
1683725455619 0.3472038046611038 104
1683725455681 0.3466021263560565 105
1683725455742 0.34597423163063035 106
1683725455805 0.3453192635537702 107
1683725455867 0.3446362402624008 108
1683725455930 0.34392427462660546 109
1683725455992 0.3431824339043765 110
1683725456057 0.3424096127112407 111
1683725456120 0.3416050064424503 112
1683725456185 0.3407675967825974 113
1683725456247 0.33989664101051775 114
1683725456308 0.33899136747749026 115
1683725456370 0.3380511014901887 116
1683725456433 0.3370752437506448 117
1683725456495 0.336063273075243 118
1683725456561 0.33501487171891264 119
1683725456623 0.33392976537642716 120
1683725456686 0.3328078295590676 121
1683725456747 0.3316490335096859 122
1683725456894 0.3304535193977933 123
1683725456976 0.3292214907553497 124
1683725457047 0.3279533494474661 125
1683725457110 0.3266495801876771 126
1683725457173 0.32531078494811116 127
1683725457238 0.323937765429931 128
1683725457299 0.32253131684916025 129
1683725457362 0.3210923025061281 130
1683725457424 0.3196216087579903 131
1683725457487 0.31812036755217055 132
1683725457552 0.3165895658125081 133
1683725457613 0.3150301685743945 134
1683725457680 0.3134431944785594 135
1683725457744 0.31182957744882733 136
1683725457807 0.31019039171753326 137
1683725457870 0.3085264015590007 138
1683725457935 0.30683863442838755 139
1683725457999 0.30512773695829365 140
1683725458064 0.3033945701980919 141
1683725458128 0.3016398303959088 142
1683725458193 0.29986411261479773 143
1683725458255 0.2980680449268691 144
1683725458318 0.29625226439875363 145
1683725458380 0.2944172236224879 146
1683725458442 0.2925634449764264 147
1683725458505 0.29069129980881225 148
1683725458571 0.28880120373233864 149
1683725458634 0.2868936142677958 150
1683725458697 0.2849688189974121 151
1683725458760 0.28302716254549853 152
1683725458823 0.28106898699668836 153
1683725458891 0.27909449874641634 154
1683725458954 0.2771041590903709 155
1683725459019 0.27509809790757045 156
1683725459082 0.273076597820329 157
1683725459144 0.2710400222641728 158
1683725459209 0.26898852968525566 159
1683725459273 0.26692238550896985 160
1683725459337 0.2648419285098267 161
1683725459398 0.2627474324911868 162
1683725459461 0.2606390134330999 163
1683725459527 0.25851711378274045 164
1683725459590 0.2563817982418124 165
1683725459651 0.2542334531257132 166
1683725459714 0.25207227504814056 167
1683725459776 0.24989849873104653 168
1683725459839 0.24771245908817574 169
1683725459902 0.24551419081927284 170
1683725459966 0.24330399957365967 171
1683725460034 0.24108213921834876 172
1683725460096 0.23884869949322818 173
1683725460167 0.23660389392967274 174
1683725460228 0.2343479409749354 175
1683725460290 0.23208089078368643 176
1683725460355 0.22980295951741536 177
1683725460420 0.22751415810972553 178
1683725460482 0.22521474923872287 179
1683725460548 0.222904726354326 180
1683725460609 0.22058425098173118 181
1683725460675 0.21825329432294904 182
1683725460739 0.2159120764544986 183
1683725460802 0.21356053450173562 184
1683725460867 0.21119872945241613 185
1683725460932 0.20882687688656532 186
1683725461005 0.20644487882974505 187
1683725461075 0.20405285286307462 188
1683725461138 0.20165088246611862 189
1683725461203 0.1992390297716906 190
1683725461264 0.1968172796036488 191
1683725461326 0.19438583422709044 192
1683725461389 0.19194463991395172 193
1683725461451 0.189493762257524 194
1683725461518 0.18703337059322322 195
1683725461580 0.1845635199817166 196
1683725461643 0.18208431952759097 197
1683725461707 0.17959579204525167 198
1683725461769 0.17709800702169953 199
1683725461834 0.17459115606618936 200
1683725461897 0.1720753482203623 201
1683725461962 0.1695505651714193 202
1683725462029 0.16701704982259324 203
1683725462092 0.16447484856834416 204
1683725462156 0.16192407120119767 205
1683725462390 0.15936480302644218 206
1683725462626 0.1567972379202648 207
1683725462731 0.15422151158682673 208
1683725462793 0.1516375305460762 209
1683725462855 0.14904573612908179 210
1683725462919 0.14644600865621937 211
1683725462981 0.14383861224204453 212
1683725463045 0.14122356366803346 213
1683725463109 0.13860115499451453 214
1683725463172 0.13597157156293993 215
1683725463235 0.13333468776255786 216
1683725463298 0.13069097686164732 217
1683725463360 0.128040376959353 218
1683725463423 0.12538342668201552 219
1683725463485 0.12271998883218527 220
1683725463551 0.12005040103717346 221
1683725463614 0.11737479298262588 222
1683725463675 0.11469344175852192 223
1683725463737 0.11200664219810852 224
1683725463802 0.10931458711722097 225
1683725463864 0.10661741617740872 226
1683725463926 0.10391547743486385 227
1683725463989 0.1012089881704541 228
1683725464056 0.0984981911698033 229
1683725464120 0.09578341646454169 230
1683725464183 0.09306473289064221 231
1683725464245 0.0903424737131795 232
1683725464307 0.08761701370042685 233
1683725464370 0.08488835160366004 234
1683725464432 0.08215683081815084 235
1683725464494 0.0794226775520317 236
1683725464559 0.07668610025219547 237
1683725464624 0.07394728657310745 238
1683725464686 0.0712064302353641 239
1683725464747 0.06846372173861792 240
1683725464808 0.06571936416140223 241
1683725464874 0.06297342564292685 242
1683725464935 0.060226255728099476 243
1683725465000 0.05747765716812436 244
1683725465066 0.0547282135653262 245
1683725465131 0.051977586126990216 246
1683725465195 0.049226234736334806 247
1683725465256 0.046474049984451815 248
1683725465319 0.04372137974323387 249
1683725465383 0.04096800210395779 250
