1683725254855 1.8242848 1
1683725254934 1.7028335 2
1683725255000 1.5889056 3
1683725255067 1.4939966 4
1683725255131 1.4055156 5
1683725255194 1.3153538 6
1683725255255 1.2203571 7
1683725255317 1.1208426 8
1683725255377 1.019298 9
1683725255454 0.9192116 10
1683725255518 0.82415515 11
1683725255582 0.7371651 12
1683725255646 0.66040456 13
1683725255709 0.5950496 14
1683725255771 0.5413401 15
1683725255834 0.49869347 16
1683725255901 0.4659332 17
1683725255964 0.44152492 18
1683725256029 0.42379105 19
1683725256094 0.41108847 20
1683725256156 0.40193692 21
1683725256220 0.39513564 22
1683725256282 0.3898039 23
1683725256346 0.38535357 24
1683725256409 0.3814392 25
1683725256478 0.37789515 26
1683725256543 0.37467253 27
1683725256605 0.37178946 28
1683725256669 0.36929908 29
1683725256732 0.36726487 30
1683725256796 0.36575574 31
1683725256859 0.36483848 32
1683725256923 0.36457637 33
1683725256986 0.36501968 34
1683725257051 0.36620694 35
1683725257115 0.3681606 36
1683725257179 0.37088382 37
1683725257242 0.37435836 38
1683725257305 0.3785431 39
1683725257366 0.38337487 40
1683725257428 0.38876954 41
1683725257491 0.39462528 42
1683725257555 0.40082633 43
1683725257624 0.407248 44
1683725257696 0.41376182 45
1683725257798 0.42024145 46
1683725257861 0.42656696 47
1683725257925 0.43262985 48
1683725257987 0.43833652 49
1683725258053 0.44361076 50
1683725258115 0.44839555 51
1683725258179 0.4526533 52
1683725258241 0.4563652 53
1683725258304 0.45952982 54
1683725258365 0.4621609 55
1683725258426 0.46428475 56
1683725258489 0.4659374 57
1683725258556 0.467162 58
1683725258618 0.46800599 59
1683725258680 0.4685186 60
1683725258744 0.46874934 61
1683725258806 0.4687457 62
1683725258868 0.4685526 63
1683725258931 0.46821082 64
1683725258993 0.46775693 65
1683725259061 0.467223 66
1683725259123 0.46663627 67
1683725259187 0.46601963 68
1683725259249 0.46539187 69
1683725259311 0.46476793 70
1683725259375 0.46415934 71
1683725259438 0.4635749 72
1683725259502 0.46302074 73
1683725259569 0.46250105 74
1683725259631 0.4620182 75
1683725259696 0.4615733 76
1683725259760 0.46116632 77
1683725259826 0.46079665 78
1683725259888 0.460463 79
1683725259951 0.4601637 80
1683725260015 0.4598972 81
1683725260077 0.45966092 82
1683725260140 0.45945275 83
1683725260204 0.4592708 84
1683725260266 0.45911336 85
1683725260329 0.45897907 86
1683725260390 0.4588667 87
1683725260454 0.45877522 88
1683725260517 0.45870382 89
1683725260585 0.4586518 90
1683725260650 0.45861858 91
1683725260714 0.45860362 92
1683725260776 0.4586064 93
1683725260842 0.4586266 94
1683725260907 0.45866367 95
1683725260971 0.4587173 96
1683725261037 0.458787 97
1683725261098 0.4588724 98
1683725261160 0.458973 99
1683725261223 0.45908827 100
1683725261285 0.4592178 101
1683725261348 0.4593609 102
1683725261410 0.459517 103
1683725261472 0.45968547 104
1683725261537 0.4598657 105
1683725261600 0.460057 106
1683725261660 0.4602585 107
1683725261724 0.46046966 108
1683725261793 0.46068957 109
1683725261857 0.46091753 110
1683725261920 0.4611528 111
1683725261985 0.46139455 112
1683725262051 0.46164197 113
1683725262113 0.46189433 114
1683725262175 0.46215084 115
1683725262241 0.46241078 116
1683725262303 0.4626734 117
1683725262365 0.46293795 118
1683725262428 0.4632038 119
1683725262491 0.46347028 120
1683725262556 0.4637367 121
1683725262620 0.4640025 122
1683725262683 0.4642671 123
1683725262747 0.46452993 124
1683725262813 0.46479055 125
1683725262878 0.46504843 126
1683725262942 0.46530327 127
1683725263008 0.46555454 128
1683725263071 0.465802 129
1683725263134 0.46604526 130
1683725263198 0.4662841 131
1683725263261 0.46651822 132
1683725263323 0.46674752 133
1683725263385 0.46697176 134
1683725263447 0.46719065 135
1683725263512 0.46740428 136
1683725263579 0.46761242 137
1683725263661 0.46781498 138
1683725263724 0.46801198 139
1683725263786 0.46820325 140
1683725263849 0.46838883 141
1683725263911 0.4685687 142
1683725263974 0.46874285 143
1683725264041 0.4689113 144
1683725264103 0.469074 145
1683725264164 0.46923107 146
1683725264228 0.46938252 147
1683725264296 0.46952838 148
1683725264366 0.4696687 149
1683725264427 0.46980363 150
1683725264491 0.46993312 151
1683725264746 0.4700574 152
1683725264864 0.47017646 153
1683725264926 0.47029042 154
1683725264991 0.4703994 155
1683725265059 0.4705035 156
1683725265123 0.47060278 157
1683725265188 0.47069746 158
1683725265250 0.4707876 159
1683725265313 0.47087333 160
1683725265374 0.4709548 161
1683725265436 0.47103208 162
1683725265498 0.4711054 163
1683725265562 0.47117475 164
1683725265625 0.4712404 165
1683725265687 0.47130248 166
1683725265758 0.47136098 167
1683725265830 0.47141618 168
1683725265893 0.47146815 169
1683725265956 0.4715171 170
1683725266023 0.47156298 171
1683725266086 0.47160614 172
1683725266149 0.4716465 173
1683725266213 0.47168434 174
1683725266276 0.47171968 175
1683725266339 0.4717527 176
1683725266401 0.47178352 177
1683725266466 0.4718122 178
1683725266534 0.47183886 179
1683725266599 0.47186357 180
1683725266662 0.47188655 181
1683725266726 0.47190776 182
1683725266789 0.47192734 183
1683725266851 0.47194546 184
1683725266913 0.47196203 185
1683725266975 0.47197726 186
1683725267040 0.4719912 187
1683725267101 0.47200394 188
1683725267165 0.4720155 189
1683725267229 0.4720259 190
1683725267291 0.47203538 191
1683725267353 0.4720438 192
1683725267416 0.4720514 193
1683725267481 0.47205812 194
1683725267547 0.47206402 195
1683725267611 0.47206908 196
1683725267673 0.47207353 197
1683725267741 0.47207728 198
1683725267805 0.4720804 199
1683725267868 0.47208297 200
1683725267930 0.47208494 201
1683725267994 0.47208643 202
1683725268059 0.47208753 203
1683725268121 0.47208813 204
1683725268185 0.4720884 205
1683725268247 0.47208822 206
1683725268311 0.47208783 207
1683725268375 0.47208714 208
1683725268437 0.47208625 209
1683725268502 0.47208515 210
1683725268568 0.47208387 211
1683725268758 0.4720825 212
1683725268930 0.47208112 213
1683725269053 0.47207966 214
1683725269120 0.4720782 215
1683725269185 0.47207686 216
1683725269247 0.47207564 217
1683725269312 0.4720745 218
1683725269375 0.47207704 219
1683725269436 0.47208518 220
1683725269499 0.47210017 221
1683725269565 0.47212264 222
1683725269628 0.47215277 223
1683725269689 0.47219062 224
1683725269751 0.4722359 225
1683725269815 0.47228852 226
1683725269878 0.47234797 227
1683725269940 0.4724139 228
1683725270005 0.47248572 229
1683725270069 0.47256303 230
1683725270130 0.47264522 231
1683725270193 0.47273177 232
1683725270254 0.4728221 233
1683725270316 0.47291574 234
1683725270378 0.4730121 235
1683725270442 0.47311077 236
1683725270506 0.47321123 237
1683725270619 0.4733131 238
1683725270750 0.47341597 239
1683725270840 0.4735195 240
1683725270922 0.4736234 241
1683725270993 0.4737274 242
1683725271063 0.47383124 243
1683725271126 0.47393474 244
1683725271188 0.47403774 245
1683725271251 0.47414017 246
1683725271313 0.47424185 247
1683725271375 0.47434276 248
1683725271437 0.4744429 249
1683725271501 0.47454214 250
