1683725566026 1.6868699543810046 1
1683725566108 1.4869202481120076 2
1683725566178 1.3127554088112354 3
1683725566243 1.1683356137335272 4
1683725566314 1.0384306023098628 5
1683725566403 0.9178143958757199 6
1683725566483 0.8059432440167864 7
1683725566551 0.7046070641535505 8
1683725566624 0.6162156207296231 9
1683725566699 0.5426571715469969 10
1683725566773 0.48472672137033207 11
1683725566844 0.44199662348221413 12
1683725566909 0.4130286019400828 13
1683725566975 0.3953685044716201 14
1683725567046 0.385995536851577 15
1683725567114 0.3816743225994513 16
1683725567185 0.3800927137207516 17
1683725567249 0.3797140049657995 18
1683725567314 0.3792099034495475 19
1683725567383 0.3779630180042568 20
1683725567448 0.37564586352804985 21
1683725567514 0.37215806570559806 22
1683725567578 0.36763776442085827 23
1683725567648 0.362376764688363 24
1683725567712 0.3567374917515559 25
1683725567780 0.3510696605889678 26
1683725567845 0.34565428535773385 27
1683725567915 0.34069019348944546 28
1683725567990 0.33614108467533466 29
1683725568070 0.3321476602397444 30
1683725568140 0.32881789483533863 31
1683725568207 0.3261686330172237 32
1683725568272 0.3241209368808581 33
1683725568335 0.322170004674471 34
1683725568399 0.32044529209413575 35
1683725568464 0.31893684411634937 36
1683725568526 0.3176097276702836 37
1683725568594 0.3164378288336981 38
1683725568658 0.31541377883796806 39
1683725568726 0.3145485031978502 40
1683725568798 0.313865866937033 41
1683725568861 0.3133964127761659 42
1683725568924 0.313171745459322 43
1683725568991 0.3132199062931675 44
1683725569059 0.3136251368013627 45
1683725569125 0.31435433832284254 46
1683725569194 0.3153975688321474 47
1683725569271 0.3167399819384289 48
1683725569336 0.3183595657291438 49
1683725569405 0.3202263893125244 50
1683725569475 0.3223041007250849 51
1683725569536 0.32455189691276193 52
1683725569599 0.32692699242996254 53
1683725569665 0.3293870967762587 54
1683725569734 0.331892106659423 55
1683725569809 0.3344058071810657 56
1683725569872 0.3368968887852593 57
1683725569950 0.33926150204114974 58
1683725570016 0.3415296413694807 59
1683725570091 0.34370027314957974 60
1683725570165 0.3457710884807606 61
1683725570231 0.34774081596586354 62
1683725570294 0.3496109267479557 63
1683725570361 0.3513852327471916 64
1683725570428 0.3530697689488487 65
1683725570493 0.35467230026287033 66
1683725570555 0.35620154403408966 67
1683725570623 0.3576671195576657 68
1683725570689 0.3590788017199104 69
1683725570754 0.3604465315319283 70
1683725570819 0.36177959225739553 71
1683725570884 0.36308663117651774 72
1683725570947 0.3643751071425219 73
1683725571014 0.36565106653659046 74
1683725571078 0.36691898052549793 75
1683725571142 0.36818177380896716 76
1683725571206 0.3694406617294348 77
1683725571269 0.37069543096014607 78
1683725571335 0.37194467443298745 79
1683725571400 0.37318577342645304 80
1683725571464 0.37427423170393503 81
1683725571528 0.37530577869578824 82
1683725571596 0.3763019014234037 83
1683725571665 0.3772709726416054 84
1683725571729 0.37821453236000147 85
1683725571794 0.37913146073714504 86
1683725571857 0.3800198417697357 87
1683725571923 0.3808774142484117 88
1683725571996 0.3817018586503149 89
1683725572072 0.3824912415484312 90
1683725572140 0.38324372112048033 91
1683725572203 0.38395789923982004 92
1683725572266 0.384632775945241 93
1683725572328 0.3852675765730832 94
1683725572393 0.38586202481195675 95
1683725572454 0.3864162022824226 96
1683725572518 0.38693036229644734 97
1683725572590 0.38740508335608204 98
1683725572651 0.38784139395042905 99
1683725572715 0.3882402468546321 100
1683725572781 0.3886027365934604 101
1683725572844 0.3889302581874264 102
1683725572907 0.38922400887007735 103
1683725572972 0.3894853757014051 104
1683725573041 0.3897155740787419 105
1683725573116 0.3899157817281896 106
1683725573188 0.39008712357481656 107
1683725573255 0.3902305817051376 108
1683725573330 0.3903469877996598 109
1683725573398 0.39043713639790933 110
1683725573463 0.39050150383458615 111
1683725573525 0.39054055121339337 112
1683725573587 0.3905545413574192 113
1683725573650 0.3905436652593079 114
1683725573713 0.39050792690355085 115
1683725573780 0.3904471892387894 116
1683725573855 0.3903613208216946 117
1683725573928 0.39025009186288373 118
1683725573990 0.3901131011047685 119
1683725574052 0.3899499979783546 120
1683725574113 0.3897603715293372 121
1683725574179 0.38954371884244954 122
1683725574247 0.3892997085428792 123
1683725574309 0.3890277641649287 124
1683725574371 0.38872749767798087 125
1683725574440 0.38839838474052624 126
1683725574501 0.38804011884967693 127
1683725574564 0.3876522588501 128
1683725574624 0.38723449641331276 129
1683725574686 0.3867865527076587 130
1683725574749 0.3863081812175062 131
1683725574817 0.3857992747690908 132
1683725574885 0.38525973985869777 133
1683725574950 0.3846896272630569 134
1683725575012 0.38408897183295154 135
1683725575076 0.38345794110913256 136
1683725575138 0.38279682615971833 137
1683725575203 0.3821059215099212 138
1683725575265 0.3813856112379962 139
1683725575331 0.38063636492895647 140
1683725575393 0.37985865411722786 141
1683725575458 0.37905294497736475 142
1683725575522 0.37821989213256346 143
1683725575583 0.37735999935140985 144
1683725575644 0.37647382437674515 145
1683725575707 0.37556199286387304 146
1683725575770 0.3746250943800603 147
1683725575832 0.3736636819732685 148
1683725575895 0.3726783387530884 149
1683725575957 0.37166958617621826 150
1683725576019 0.37063806216605155 151
1683725576084 0.3695841681508093 152
1683725576146 0.3685085912824929 153
1683725576210 0.36741179853687433 154
1683725576273 0.3662943797890643 155
1683725576336 0.3651566161195362 156
1683725576399 0.36399928429036954 157
1683725576461 0.3628227296749794 158
1683725576523 0.3616274945881853 159
1683725576584 0.3604140141450094 160
1683725576646 0.35918276405748206 161
1683725576709 0.3579341830786793 162
1683725576771 0.35666867250101175 163
1683725576834 0.3553867416127815 164
1683725576898 0.3540886707823502 165
1683725576962 0.3527749100669981 166
1683725577023 0.3514457806855287 167
1683725577085 0.3501017076227275 168
1683725577149 0.34874295224431595 169
1683725577212 0.3473698200967589 170
1683725577275 0.3459827568435332 171
1683725577337 0.3445819074470883 172
1683725577398 0.3431676745011234 173
1683725577462 0.34174028758136865 174
1683725577525 0.3403001650029428 175
1683725577587 0.3388473667393095 176
1683725577651 0.33738245538879796 177
1683725577714 0.3359055085963272 178
1683725577777 0.33441681829199454 179
1683725577840 0.3329167573769556 180
1683725577902 0.3314055864498209 181
1683725577966 0.32988362071068766 182
1683725578029 0.3283511492826737 183
1683725578092 0.32680849326407013 184
1683725578154 0.32525594940781266 185
1683725578217 0.3236939226328699 186
1683725578279 0.32212267822618457 187
1683725578342 0.3205425367850271 188
1683725578404 0.3189539375470516 189
1683725578466 0.317357047696731 190
1683725578529 0.31575226950741775 191
1683725578589 0.3141399991415813 192
1683725578651 0.3125206047475517 193
1683725578714 0.3108943940804081 194
1683725578776 0.30926166428532054 195
1683725578839 0.3076226597615017 196
1683725578901 0.30597799287931104 197
1683725578963 0.3043277893194344 198
1683725579025 0.30267242205268763 199
1683725579089 0.3010122670839511 200
1683725579151 0.29934748686960144 201
1683725579214 0.29767858063795605 202
1683725579276 0.29600577985559573 203
1683725579338 0.29432926114548286 204
1683725579402 0.29298824398388457 205
1683725579634 0.291732604467853 206
1683725579817 0.29050084175274205 207
1683725579986 0.2892619169258722 208
1683725580113 0.28800255143441644 209
1683725580184 0.28671620436364187 210
1683725580245 0.28539953450578115 211
1683725580307 0.28405129851682087 212
1683725580375 0.282670934457827 213
1683725580438 0.28125861356767434 214
1683725580502 0.2798156800869611 215
1683725580563 0.2783432857546265 216
1683725580625 0.27684365746500006 217
1683725580686 0.2753184982564719 218
1683725580747 0.2737702033387224 219
1683725580809 0.27220104555330815 220
1683725580870 0.27061314127688096 221
1683725580933 0.26900883577241663 222
1683725580994 0.26739000043944416 223
1683725581058 0.2657588586500834 224
1683725581119 0.26411704231403055 225
1683725581181 0.2624661177431996 226
1683725581244 0.2608074898165431 227
1683725581305 0.25914260132930644 228
1683725581368 0.257472328386981 229
1683725581432 0.2557976948248427 230
1683725581493 0.2541192900066609 231
1683725581556 0.2524375941964856 232
1683725581617 0.2507531488973974 233
1683725581678 0.24906610113965344 234
1683725581739 0.24737656891502546 235
1683725581801 0.24568458995882536 236
1683725581863 0.24399009617651835 237
1683725581926 0.24229291869774872 238
1683725581988 0.2405929194306412 239
1683725582049 0.23888963166111643 240
1683725582112 0.23718306427468783 241
1683725582173 0.235472722689809 242
1683725582236 0.23375844061349094 243
1683725582299 0.23203983324556643 244
1683725582374 0.23031663393382673 245
1683725582438 0.2285887740197199 246
1683725582502 0.22685586830670723 247
1683725582566 0.22511786151107538 248
1683725582630 0.22337453281337405 249
1683725582693 0.22162588927679328 250
