1684446520544 43.17548942565918 1
1684446520635 38.55265017918178 2
1684446520708 34.10826914651053 3
1684446520777 30.363715171813965 4
1684446520839 26.229634148733957 5
1684446520909 23.826929773603165 6
1684446520978 22.870770863124303 7
1684446521040 19.13709204537528 8
1684446521109 17.157451220921107 9
1684446521194 15.76593726021903 10
1684446521263 14.445193018232073 11
1684446521325 12.763397080557686 12
1684446521394 10.682895251682826 13
1684446521479 9.733056340898786 14
1684446521541 9.255757331848145 15
1684446521626 9.158282552446638 16
1684446521695 8.970587866646904 17
1684446521764 9.007287979125977 18
1684446521827 9.057738849094935 19
1684446521911 9.133006368364606 20
1684446521980 9.237784385681152 21
1684446522043 9.375078473772321 22
1684446522112 9.543007033211845 23
1684446522181 9.737558501107353 24
1684446522259 9.95710550035749 25
1684446522328 10.198895181928362 26
1684446522397 10.454477718898229 27
1684446522466 10.69263403756278 28
1684446522544 10.849018505641393 29
1684446522613 10.901029995509557 30
1684446522682 10.873761313302177 31
1684446522744 10.794283730643135 32
1684446522813 10.685148647853307 33
1684446522882 10.564712524414062 34
1684446522961 10.447511128016881 35
1684446523030 10.345073427472796 36
1684446523099 10.266306604657855 37
1684446523168 10.217842102050781 38
1684446523230 10.20505496433803 39
1684446523299 10.228836468287877 40
1684446523368 10.282753126961845 41
1684446523431 10.359084265572685 42
1684446523500 10.452686309814453 43
1684446523569 10.560785157339913 44
1684446523647 10.68202795301165 45
1684446523716 10.815784590584892 46
1684446523769 10.96164962223598 47
1684446523847 11.118849890572685 48
1684446523916 11.285105160304479 49
1684446523970 11.454406329563685 50
1684446524048 11.615538733346122 51
1684446524117 11.760775974818639 52
1684446524286 11.894551140921456 53
1684446524418 12.024047306605748 54
1684446524503 12.152810641697474 55
1684446524572 12.280473981584821 56
1684446524634 12.394917351858956 57
1684446524703 12.331362860543388 58
1684446524772 12.041125842503138 59
1684446524850 11.620126043047224 60
1684446524919 10.946632249014717 61
1684446524973 10.072750091552734 62
1684446525047 9.851308141435895 63
1684446525120 9.758873122079033 64
1684446525173 9.732182775224958 65
1684446525251 9.738636425563268 66
1684446525320 9.769353457859584 67
1684446525373 9.82095309666225 68
1684446525452 9.89159665788923 69
1684446525521 9.980434145246234 70
1684446525590 10.087301662990026 71
1684446525652 10.212562152317592 72
1684446525721 10.354913984026227 73
1684446525790 10.511799812316895 74
1684446525853 10.68214566367013 75
1684446525922 10.864619527544294 76
1684446526006 11.05700056893485 77
1684446526075 11.253580910818917 78
1684446526154 11.438455309186663 79
1684446526223 11.603916576930455 80
1684446526292 11.752539907182966 81
1684446526354 11.885160718645368 82
1684446526423 12.00256075177874 83
1684446526508 12.107470921107701 84
1684446526577 12.204391751970563 85
1684446526639 12.297600609915596 86
1684446526724 12.389316422598702 87
1684446526793 12.479534830365862 88
1684446526855 12.566867555890765 89
1684446527040 12.649171148027692 90
1684446527172 12.72320066179548 91
1684446527225 12.78243977682931 92
1684446527294 12.81065205165318 93
1684446527373 12.769390651157924 94
1684446527442 12.60495662689209 95
1684446527511 12.285460880824498 96
1684446527580 11.759515081133161 97
1684446527642 10.454198156084333 98
1684446527727 9.86818517957415 99
1684446527796 9.661740030561175 100
1684446527858 9.398496764046806 101
1684446527927 9.285155432564872 102
1684446527996 9.251048496791295 103
1684446528059 9.159585680280413 104
1684446528128 9.161568914140974 105
1684446528197 9.180549212864467 106
1684446528297 9.212334905351911 107
1684446528360 9.258780888148717 108
1684446528429 9.323004722595215 109
1684446528498 9.407885551452637 110
1684446528560 9.515979221888951 111
1684446528629 9.649124009268624 112
1684446528698 9.80796732221331 113
1684446528761 9.991510391235352 114
1684446528830 10.196547508239746 115
1684446528899 10.41721521105085 116
1684446528961 10.645815440586635 117
1684446529030 10.875016212463379 118
1684446529099 11.096125602722168 119
1684446529162 11.286011014665876 120
1684446529231 11.396124839782715 121
1684446529300 11.421554701668876 122
1684446529378 11.400869641985212 123
1684446529431 11.364436830793109 124
1684446529500 11.329106330871582 125
1684446529579 11.303592000688825 126
1684446529648 11.292809895106725 127
1684446529763 11.299186025347028 128
1684446529902 11.322920663016182 129
1684446529986 11.361659731183734 130
1684446530049 11.411732809884208 131
1684446530118 11.470350674220494 132
1684446530187 11.535642215183803 133
1684446530265 11.606096540178571 134
1684446530334 11.680764334542411 135
1684446530403 11.75952843257359 136
1684446530465 11.842989921569824 137
1684446530534 11.931922231401716 138
1684446530603 12.026574679783412 139
1684446530666 12.126206125531878 140
1684446530735 12.229155949183873 141
1684446530804 12.333187103271484 142
1684446530882 12.434839112418038 143
1684446530951 12.519070080348424 144
1684446531020 12.491691861833845 145
1684446531089 12.29830619267055 146
1684446531152 12.02940205165318 147
1684446531221 11.742198671613421 148
1684446531290 11.47653443472726 149
1684446531352 11.293259620666504 150
1684446531421 11.194136483328682 151
1684446531490 11.130617414202009 152
1684446531568 11.061544009617396 153
1684446531637 10.955420630318779 154
1684446531706 10.842595100402832 155
1684446531769 10.768035888671875 156
1684446531838 10.745420047215053 157
1684446531907 10.76549598148891 158
1684446531969 10.813455036708287 159
1684446532038 10.879690034048897 160
1684446532108 10.961813381740026 161
1684446532186 11.060125759669713 162
1684446532239 11.173960413251605 163
1684446532308 11.30157198224749 164
1684446532556 11.440836906433105 165
1684446532656 11.589670317513603 166
1684446532725 11.74618216923305 167
1684446532794 11.90871184212821 168
1684446532856 12.075839587620326 169
1684446532925 12.246385165623256 170
1684446532994 12.419369425092425 171
1684446533073 12.593937737601143 172
1684446533142 12.76923383985247 173
1684446533211 12.9441956111363 174
1684446533273 13.117158481052943 175
1684446533342 13.28502641405378 176
1684446533411 13.441473688398089 177
1684446533474 13.573248726981026 178
1684446533543 13.653886113848005 179
1684446533612 13.63220500946045 180
1684446533690 13.41078131539481 181
1684446533790 12.967652320861816 182
1684446533859 12.492715971810478 183
1684446533928 12.08079011099679 184
1684446533997 11.732020378112793 185
1684446534060 11.429848670959473 186
1684446534144 11.161723273141044 187
1684446534213 10.934910093035016 188
1684446534276 10.836931909833636 189
1684446534345 10.811163357325963 190
1684446534414 10.821042878287178 191
1684446534492 10.856924057006836 192
1684446534561 10.918561662946429 193
1684446534614 11.004582950047084 194
1684446534693 11.113290105547224 195
1684446534762 11.243734904697963 196
1684446534815 11.39485250200544 197
1684446534893 11.563521793910436 198
1684446534962 11.741460255214147 199
1684446535030 11.923561232430595 200
1684446535100 12.11133098602295 201
1684446535162 12.305331366402763 202
1684446535231 12.503382819039482 203
1684446535300 12.679227692740303 204
1684446535401 12.725753784179688 205
1684446535463 12.691960062299456 206
1684446535548 12.616027014596122 207
1684446535601 12.511773790631976 208
1684446535679 12.381878171648298 209
1684446535748 12.224494934082031 210
1684446535817 12.038305418831962 211
1684446535880 11.828219413757324 212
1684446535949 11.610471861703056 213
1684446536018 11.432296344212123 214
1684446536080 11.379544121878487 215
1684446536149 11.387317521231514 216
1684446536218 11.411258697509766 217
1684446536281 11.417366300310407 218
1684446536350 11.40011991773333 219
1684446536419 11.375319344656807 220
1684446536497 11.354895727975029 221
1684446536566 11.341573987688337 222
1684446536635 11.33174296787807 223
1684446536704 11.318036760602679 224
1684446536782 11.288054602486747 225
1684446536851 11.217296736580986 226
1684446536920 11.050468853541783 227
1684446536983 10.74928024836949 228
1684446537052 10.63616943359375 229
1684446537121 10.590152059282575 230
1684446537183 10.557884625026158 231
1684446537252 10.509011404854911 232
1684446537321 10.436222212655204 233
1684446537384 10.35967104775565 234
1684446537453 10.306177411760602 235
1684446537522 10.28421756199428 236
1684446537584 10.290056228637695 237
1684446537653 10.319180352347237 238
1684446537722 10.368915966578893 239
1684446537801 10.438219342912946 240
1684446537870 10.526976312909808 241
1684446537939 10.635001863752093 242
1684446538008 10.761197771344866 243
1684446538070 10.903721400669642 244
1684446538139 11.061006001063756 245
1684446538208 11.23215729849679 246
1684446538271 11.416390282767159 247
1684446538340 11.612082345145089 248
1684446538409 11.814812932695661 249
1684446538487 12.012175015040807 250
