1684446647261 57.127136 1
1684446647337 56.6594 2
1684446647404 56.07231 3
1684446647471 55.12809 4
1684446647540 54.727654 5
1684446647602 54.31771 6
1684446647671 54.08747 7
1684446647740 53.996925 8
1684446647825 53.88044 9
1684446647903 53.784454 10
1684446647972 53.267864 11
1684446648057 50.797123 12
1684446648126 49.158165 13
1684446648188 45.68757 14
1684446648257 41.08302 15
1684446648342 36.22202 16
1684446648405 32.840847 17
1684446648474 26.74685 18
1684446648543 23.857357 19
1684446648621 21.095776 20
1684446648690 16.036572 21
1684446648774 11.273848 22
1684446648844 10.651927 23
1684446648928 10.987458 24
1684446649006 11.289478 25
1684446649091 11.52637 26
1684446649176 11.768763 27
1684446649260 12.0460415 28
1684446649329 12.388662 29
1684446649407 12.82689 30
1684446649476 13.384712 31
1684446649545 14.074209 32
1684446649623 14.9051695 33
1684446649692 15.918064 34
1684446649761 17.115654 35
1684446649830 18.470493 36
1684446649893 19.938011 37
1684446649962 21.449722 38
1684446650031 22.98396 39
1684446650109 24.56107 40
1684446650178 26.186932 41
1684446650247 27.846828 42
1684446650310 29.505526 43
1684446650379 31.088463 44
1684446650448 32.43083 45
1684446650510 33.254715 46
1684446650579 33.356495 47
1684446650648 32.72928 48
1684446650711 31.345734 49
1684446650780 28.787178 50
1684446650849 24.173292 51
1684446650911 20.71145 52
1684446650980 17.724903 53
1684446651049 13.41175 54
1684446651128 11.358729 55
1684446651197 10.0959015 56
1684446651250 9.1046715 57
1684446651328 9.15874 58
1684446651397 8.937683 59
1684446651451 8.868328 60
1684446651529 8.954771 61
1684446651598 9.143718 62
1684446651667 9.435999 63
1684446651736 9.861198 64
1684446651798 10.4429455 65
1684446651867 11.1896305 66
1684446651936 12.101726 67
1684446652015 13.173937 68
1684446652084 14.395258 69
1684446652153 15.74813 70
1684446652215 17.205315 71
1684446652284 18.72748 72
1684446652353 20.262375 73
1684446652416 21.670727 74
1684446652485 22.519672 75
1684446652554 22.68657 76
1684446652632 22.47062 77
1684446652685 22.08776 78
1684446652754 21.649124 79
1684446652839 21.193954 80
1684446652901 20.725006 81
1684446652970 20.234535 82
1684446653040 19.718533 83
1684446653102 19.181114 84
1684446653171 18.633198 85
1684446653240 18.08948 86
1684446653303 17.568611 87
1684446653372 17.09911 88
1684446653441 16.728924 89
1684446653519 16.526104 90
1684446653588 16.552801 91
1684446653657 16.826351 92
1684446653719 17.3131 93
1684446653788 17.966087 94
1684446653857 18.753368 95
1684446653920 19.655924 96
1684446653989 20.658403 97
1684446654058 21.741215 98
1684446654136 22.876028 99
1684446654190 24.032608 100
1684446654259 25.197123 101
1684446654337 26.375553 102
1684446654406 27.579174 103
1684446654459 28.814144 104
1684446654537 30.079731 105
1684446654606 31.369785 106
1684446654675 32.673363 107
1684446654744 33.958664 108
1684446654807 34.829117 109
1684446654876 33.96437 110
1684446654945 32.263237 111
1684446655007 30.116785 112
1684446655079 25.989742 113
1684446655148 19.153118 114
1684446655210 17.738445 115
1684446655279 17.41108 116
1684446655348 17.503826 117
1684446655411 17.793163 118
1684446655480 18.213675 119
1684446655549 18.744688 120
1684446655611 19.377668 121
1684446655680 20.10262 122
1684446655749 20.888132 123
1684446655827 21.546658 124
1684446655897 21.695614 125
1684446655966 21.42635 126
1684446656050 20.939234 127
1684446656113 20.383 128
1684446656182 19.862724 129
1684446656251 19.474148 130
1684446656313 19.356054 131
1684446656382 19.57211 132
1684446656614 19.937313 133
1684446656683 20.393188 134
1684446656752 20.997488 135
1684446656946 21.717545 136
1684446657015 22.515297 137
1684446657084 23.367088 138
1684446657153 24.260353 139
1684446657216 25.187313 140
1684446657300 26.13919 141
1684446657369 27.092716 142
1684446657432 27.9441 143
1684446657501 28.302694 144
1684446657570 27.7537 145
1684446657648 26.538372 146
1684446657717 25.031916 147
1684446657786 23.440878 148
1684446657855 21.553038 149
1684446657918 17.180183 150
1684446657987 14.500138 151
1684446658056 13.581239 152
1684446658118 13.183775 153
1684446658187 13.072075 154
1684446658256 13.129853 155
1684446658319 13.300943 156
1684446658388 13.573393 157
1684446658457 13.950869 158
1684446658519 14.442967 159
1684446658588 15.06459 160
1684446658657 15.826591 161
1684446658735 16.733562 162
1684446658804 17.787958 163
1684446658858 18.988222 164
1684446658936 20.324976 165
1684446659005 21.763884 166
1684446659074 23.22333 167
1684446659137 24.659588 168
1684446659206 26.074894 169
1684446659275 27.46591 170
1684446659337 28.807913 171
1684446659406 30.041988 172
1684446659475 31.05388 173
1684446659538 31.668016 174
1684446659607 31.725512 175
1684446659676 31.206745 176
1684446659738 30.229015 177
1684446659807 28.957907 178
1684446659876 27.544535 179
1684446659954 26.105425 180
1684446660023 24.75782 181
1684446660093 24.021942 182
1684446660162 23.98155 183
1684446660224 24.225828 184
1684446660293 24.610825 185
1684446660362 25.082346 186
1684446660425 25.621151 187
1684446660494 26.219814 188
1684446660563 26.874731 189
1684446660641 27.583946 190
1684446660710 28.348404 191
1684446660763 29.175083 192
1684446660841 30.074175 193
1684446660895 31.007133 194
1684446660964 31.501144 195
1684446661042 30.63763 196
1684446661111 28.94633 197
1684446661164 26.955997 198
1684446661242 25.056103 199
1684446661312 23.85936 200
1684446661381 23.41006 201
1684446661443 23.417107 202
1684446661512 23.722034 203
1684446661581 24.257433 204
1684446661644 24.991882 205
1684446661713 25.890104 206
1684446661782 26.917713 207
1684446662569 28.043531 208
1684446662769 29.236027 209
1684446662916 30.460848 210
1684446663001 31.684952 211
1684446663070 32.887054 212
1684446663148 34.062347 213
1684446663217 35.215893 214
1684446663286 36.35405 215
1684446663349 37.48039 216
1684446663418 38.59481 217
1684446663487 39.693214 218
1684446663565 40.76554 219
1684446663634 41.789635 220
1684446663703 42.715042 221
1684446663772 43.428097 222
1684446663835 43.729324 223
1684446663904 43.471703 224
1684446663973 42.735382 225
1684446664035 41.6884 226
1684446664120 40.420387 227
1684446664189 38.959686 228
1684446664267 37.38971 229
1684446664336 35.75815 230
1684446664405 33.94291 231
1684446664474 31.833506 232
1684446664537 29.612974 233
1684446664606 27.432938 234
1684446664675 24.827568 235
1684446664753 22.435726 236
1684446664806 21.197002 237
1684446664875 19.440311 238
1684446664953 17.153023 239
1684446665022 16.538307 240
1684446665091 16.48018 241
1684446665154 16.57122 242
1684446665223 16.75687 243
1684446665292 17.031832 244
1684446665370 17.394989 245
1684446665439 17.853954 246
1684446665492 18.422743 247
1684446665570 19.116802 248
1684446665639 19.948063 249
1684446665708 20.916546 250
