1684445571813 40.399963 1
1684445571879 32.479538 2
1684445571958 24.44178 3
1684445572027 20.411308 4
1684445572096 12.234703 5
1684445572174 10.2707615 6
1684445572243 9.387007 7
1684445572312 9.440523 8
1684445572374 9.47122 9
1684445572443 9.609045 10
1684445572512 9.8228035 11
1684445572597 10.0113735 12
1684445572660 9.978059 13
1684445572744 9.582274 14
1684445572813 8.942007 15
1684445572876 8.949057 16
1684445572960 8.947034 17
1684445573029 8.9201565 18
1684445573098 8.920166 19
1684445573161 8.929087 20
1684445573246 8.925024 21
1684445573315 8.911205 22
1684445573377 8.906029 23
1684445573446 8.906248 24
1684445573515 8.908026 25
1684445573600 8.910622 26
1684445573678 8.913872 27
1684445573763 8.917799 28
1684445573831 8.922082 29
1684445573916 8.926355 30
1684445573994 8.930414 31
1684445574063 8.9341545 32
1684445574132 8.937352 33
1684445574201 8.939384 34
1684445574279 8.939579 35
1684445574348 8.938618 36
1684445574417 8.937426 37
1684445574480 8.936335 38
1684445574557 8.935483 39
1684445574617 8.934921 40
1684445574702 8.934513 41
1684445574765 8.933871 42
1684445574834 8.932805 43
1684445574903 8.931545 44
1684445574965 8.930345 45
1684445575034 8.929291 46
1684445575103 8.928375 47
1684445575181 8.92762 48
1684445575235 8.927006 49
1684445575304 8.926474 50
1684445575382 8.926005 51
1684445575451 8.925599 52
1684445575520 8.925243 53
1684445575582 8.924936 54
1684445575652 8.9246855 55
1684445575721 8.924746 56
1684445575783 8.926448 57
1684445575852 8.928005 58
1684445575937 8.929399 59
1684445576006 8.93111 60
1684445576084 8.934427 61
1684445576153 8.936896 62
1684445576222 8.947191 63
1684445576284 8.953348 64
1684445576353 8.955159 65
1684445576422 8.952747 66
1684445576501 8.963331 67
1684445576570 8.94179 68
1684445576639 8.930032 69
1684445576708 8.926584 70
1684445576770 8.925955 71
1684445576855 8.925833 72
1684445576924 8.926109 73
1684445576986 8.926793 74
1684445577055 8.927526 75
1684445577124 8.92795 76
1684445577202 8.927874 77
1684445577256 8.927229 78
1684445577325 8.926098 79
1684445577410 8.924721 80
1684445577472 8.9233885 81
1684445577541 8.92234 82
1684445577610 8.921689 83
1684445577688 8.92143 84
1684445577757 8.9214945 85
1684445577826 8.921822 86
1684445577889 8.922286 87
1684445577958 8.922745 88
1684445578027 8.923138 89
1684445578105 8.923456 90
1684445578174 8.923712 91
1684445578243 8.923931 92
1684445578312 8.924147 93
1684445578375 8.924429 94
1684445578444 8.924955 95
1684445578513 8.925703 96
1684445578575 8.92652 97
1684445578644 8.927307 98
1684445578713 8.927984 99
1684445578776 8.928516 100
1684445578845 8.928919 101
1684445578914 8.929235 102
1684445578992 8.929571 103
1684445579061 8.930766 104
1684445579130 8.931036 105
1684445579192 8.930839 106
1684445579261 8.930873 107
1684445579330 8.931911 108
1684445579415 8.938431 109
1684445579478 8.958719 110
1684445579547 8.974109 111
1684445579616 8.947528 112
1684445579678 8.92944 113
1684445579747 8.923872 114
1684445579816 8.923105 115
1684445579894 8.92326 116
1684445579963 8.923724 117
1684445580032 8.924585 118
1684445580095 8.925605 119
1684445580164 8.92642 120
1684445580233 8.926828 121
1684445580311 8.926754 122
1684445580380 8.926205 123
1684445580433 8.925301 124
1684445580512 8.924256 125
1684445580581 8.923304 126
1684445580650 8.922615 127
1684445580719 8.922275 128
1684445580781 8.92242 129
1684445580850 8.923035 130
1684445580935 8.923875 131
1684445580997 8.924762 132
1684445581066 8.925546 133
1684445581135 8.926125 134
1684445581198 8.926455 135
1684445581267 8.926546 136
1684445581336 8.926443 137
1684445581398 8.92621 138
1684445581467 8.925926 139
1684445581537 8.925667 140
1684445581599 8.925498 141
1684445581668 8.92546 142
1684445581737 8.925575 143
1684445581815 8.925844 144
1684445581884 8.92623 145
1684445581969 8.926608 146
1684445582038 8.926794 147
1684445582116 8.926664 148
1684445582185 8.926247 149
1684445582254 8.925719 150
1684445582323 8.92526 151
1684445582386 8.924964 152
1684445582455 8.924855 153
1684445582524 8.924921 154
1684445582586 8.925114 155
1684445582655 8.925348 156
1684445582724 8.925552 157
1684445582802 8.925685 158
1684445582871 8.925736 159
1684445582940 8.925698 160
1684445583003 8.925573 161
1684445583072 8.925392 162
1684445583141 8.925177 163
1684445583203 8.924948 164
1684445583273 8.92471 165
1684445583342 8.924467 166
1684445583404 8.924222 167
1684445583473 8.923975 168
1684445583542 8.9237385 169
1684445583605 8.9235935 170
1684445583674 8.924011 171
1684445583743 8.92523 172
1684445583821 8.928665 173
1684445583874 8.930468 174
1684445583943 8.931398 175
1684445584021 8.930794 176
1684445584090 8.929392 177
1684445584159 8.9278965 178
1684445584228 8.926584 179
1684445584291 8.925505 180
1684445584360 8.924665 181
1684445584422 8.924046 182
1684445584492 8.9236145 183
1684445584560 8.923344 184
1684445584629 8.92321 185
1684445584692 8.923204 186
1684445584761 8.923342 187
1684445584830 8.923779 188
1684445584892 8.924718 189
1684445584961 8.925585 190
1684445585246 8.926285 191
1684445585331 8.926851 192
1684445585409 8.927286 193
1684445585478 8.92754 194
1684445585547 8.9275875 195
1684445585610 8.927453 196
1684445585679 8.927191 197
1684445585748 8.926844 198
1684445585826 8.926447 199
1684445585895 8.926031 200
1684445585964 8.925623 201
1684445586033 8.925255 202
1684445586095 8.92495 203
1684445586164 8.924703 204
1684445586233 8.924459 205
1684445586327 8.924201 206
1684445586396 8.924018 207
1684445586465 8.923971 208
1684445586534 8.924057 209
1684445586597 8.924305 210
1684445586666 8.924768 211
1684445586735 8.925436 212
1684445586797 8.926215 213
1684445586866 8.926996 214
1684445586935 8.927652 215
1684445586998 8.928055 216
1684445587067 8.928116 217
1684445587151 8.927725 218
1684445587214 8.926989 219
1684445587283 8.926249 220
1684445587352 8.925705 221
1684445587430 8.925359 222
1684445587499 8.925154 223
1684445587568 8.925032 224
1684445587637 8.924958 225
1684445587700 8.924913 226
1684445587769 8.9249 227
1684445587838 8.924961 228
1684445587900 8.925185 229
1684445587985 8.925636 230
1684445588054 8.92625 231
1684445588116 8.926949 232
1684445588185 8.92765 233
1684445588254 8.928255 234
1684445588317 8.928618 235
1684445588386 8.928435 236
1684445588455 8.927637 237
1684445588533 8.926705 238
1684445588587 8.925936 239
1684445588656 8.925356 240
1684445588734 8.924915 241
1684445588787 8.924559 242
1684445588856 8.92425 243
1684445588934 8.923973 244
1684445589003 8.923732 245
1684445589072 8.923548 246
1684445589141 8.923477 247
1684445589219 8.92362 248
1684445589288 8.923984 249
1684445589342 8.924484 250
