1684445067514 59.27496 1
1684445067589 59.327965 2
1684445067652 59.302303 3
1684445067736 48.135365 4
1684445067806 44.60886 5
1684445067868 39.739765 6
1684445067937 33.612312 7
1684445068022 24.13088 8
1684445068091 16.42184 9
1684445068169 11.955087 10
1684445068238 10.189743 11
1684445068307 9.426757 12
1684445068385 9.489841 13
1684445068454 9.120875 14
1684445068539 9.12875 15
1684445068608 9.019769 16
1684445068693 8.997463 17
1684445068755 8.999918 18
1684445068840 9.017237 19
1684445068909 9.0266285 20
1684445068971 9.012533 21
1684445069041 9.004296 22
1684445069125 9.00572 23
1684445069194 9.01159 24
1684445069257 9.018547 25
1684445069341 9.024269 26
1684445069410 9.02758 27
1684445069483 9.02956 28
1684445069557 9.030866 29
1684445069626 9.032529 30
1684445069695 9.034409 31
1684445069774 9.03532 32
1684445069843 9.033236 33
1684445069912 9.026048 34
1684445069974 9.01449 35
1684445070043 9.004317 36
1684445070112 8.999567 37
1684445070175 8.998444 38
1684445070244 8.998848 39
1684445070313 8.999681 40
1684445070391 9.000313 41
1684445070460 9.000584 42
1684445070529 9.00065 43
1684445070598 9.000659 44
1684445070661 9.000668 45
1684445070730 9.000681 46
1684445070799 9.000698 47
1684445070861 9.000711 48
1684445070930 9.000719 49
1684445070999 9.00072 50
1684445071078 9.00071 51
1684445071147 9.000689 52
1684445071216 9.000657 53
1684445071278 9.000614 54
1684445071347 9.000565 55
1684445071416 9.000511 56
1684445071494 9.00046 57
1684445071563 9.000407 58
1684445071633 9.000351 59
1684445071702 9.000301 60
1684445071764 9.000259 61
1684445071833 9.000216 62
1684445071902 9.000166 63
1684445071980 9.000118 64
1684445072049 9.000087 65
1684445072118 9.000075 66
1684445072181 9.000077 67
1684445072250 9.000071 68
1684445072319 9.000042 69
1684445072404 9.000023 70
1684445072466 9.000029 71
1684445072535 9.000025 72
1684445072604 8.999929 73
1684445072683 8.999431 74
1684445072752 8.998829 75
1684445072821 8.999189 76
1684445072883 8.99946 77
1684445072952 9.000053 78
1684445073021 9.000595 79
1684445073084 9.00049 80
1684445073168 8.999731 81
1684445073237 8.998945 82
1684445073306 8.998516 83
1684445073369 8.99845 84
1684445073438 8.9986 85
1684445073507 8.998821 86
1684445073585 8.99901 87
1684445073824 8.999125 88
1684445073908 8.999199 89
1684445073986 8.999293 90
1684445074055 8.999424 91
1684445074124 8.999558 92
1684445074203 8.999656 93
1684445074272 8.99971 94
1684445074341 8.999744 95
1684445074410 8.999783 96
1684445074472 8.999818 97
1684445074541 8.999813 98
1684445074610 8.999765 99
1684445074689 8.999695 100
1684445074758 8.999627 101
1684445074827 8.999573 102
1684445074889 8.999546 103
1684445075090 8.999552 104
1684445075174 8.99959 105
1684445075275 8.999648 106
1684445075359 8.99971 107
1684445075429 8.999764 108
1684445075491 8.999807 109
1684445075560 8.999846 110
1684445075645 8.99989 111
1684445075714 8.999959 112
1684445075776 9.000054 113
1684445075845 9.000152 114
1684445075914 9.000216 115
1684445075993 9.0002365 116
1684445076062 9.000223 117
1684445076131 9.000201 118
1684445076215 9.000187 119
1684445076309 9.000179 120
1684445076416 9.000177 121
1684445076494 9.000172 122
1684445076579 9.000164 123
1684445076663 9.000157 124
1684445076748 9.000152 125
1684445076833 9.00015 126
1684445076895 9.000147 127
1684445076964 9.000131 128
1684445077049 9.000088 129
1684445077118 9.000024 130
1684445077180 8.999962 131
1684445077265 8.999903 132
1684445077334 8.999854 133
1684445077397 8.999847 134
1684445077466 8.999886 135
1684445077550 8.999937 136
1684445077635 8.999972 137
1684445077735 8.999984 138
1684445077820 8.999977 139
1684445077898 8.999962 140
1684445078023 8.999945 141
1684445078113 8.999929 142
1684445078194 8.999923 143
1684445078285 8.999926 144
1684445078369 8.999936 145
1684445078454 8.99995 146
1684445078535 8.999958 147
1684445078614 8.999953 148
1684445078697 8.999933 149
1684445078782 8.999903 150
1684445078866 8.999871 151
1684445078936 8.999859 152
1684445079029 8.999878 153
1684445079114 8.999918 154
1684445079199 8.999955 155
1684445079268 8.99998 156
1684445079352 8.999996 157
1684445079437 9.000017 158
1684445079515 9.000046 159
1684445079600 9.000078 160
1684445079669 9.000111 161
1684445079738 9.000137 162
1684445079816 9.000158 163
1684445079885 9.000175 164
1684445079970 9.000189 165
1684445080039 9.000208 166
1684445080117 9.000231 167
1684445080186 9.000252 168
1684445080270 9.000267 169
1684445080339 9.000277 170
1684445080418 9.000282 171
1684445080502 9.000293 172
1684445080571 9.000303 173
1684445080640 9.000297 174
1684445080718 9.000271 175
1684445080787 9.00022 176
1684445080872 9.000132 177
1684445080941 9.000022 178
1684445081019 8.999842 179
1684445081088 8.99963 180
1684445081173 8.999456 181
1684445081242 8.999378 182
1684445081320 8.999374 183
1684445081389 8.999386 184
1684445081458 8.999367 185
1684445081543 8.999309 186
1684445081621 8.999235 187
1684445081690 8.999182 188
1684445081759 8.999172 189
1684445081837 8.99921 190
1684445081906 8.999279 191
1684445081975 8.999358 192
1684445082038 8.99943 193
1684445082107 8.9994755 194
1684445082176 8.99948 195
1684445082245 8.999452 196
1684445082307 8.999414 197
1684445082377 8.999389 198
1684445082446 8.999384 199
1684445082508 8.999408 200
1684445082577 8.999459 201
1684445082646 8.999521 202
1684445082724 8.999569 203
1684445082793 8.99959 204
1684445082863 8.99959 205
1684445082925 8.999579 206
1684445082994 8.999573 207
1684445083063 8.999575 208
1684445083148 8.999586 209
1684445083210 8.999607 210
1684445083287 8.999634 211
1684445083348 8.9996605 212
1684445083427 8.999685 213
1684445083496 8.999702 214
1684445083549 8.999712 215
1684445083627 8.99971 216
1684445083696 8.999701 217
1684445083765 8.999685 218
1684445083828 8.999672 219
1684445083897 8.999664 220
1684445083966 8.999673 221
1684445084029 8.999698 222
1684445084098 8.999736 223
1684445084167 8.999777 224
1684445084245 8.999812 225
1684445084314 8.999842 226
1684445084367 8.999865 227
1684445084446 8.999885 228
1684445084515 8.999901 229
1684445084584 8.999911 230
1684445084653 8.999914 231
1684445084715 8.999909 232
1684445084784 8.999901 233
1684445084869 8.9998865 234
1684445084954 8.999866 235
1684445085016 8.999836 236
1684445085085 8.999793 237
1684445085154 8.999742 238
1684445085217 8.999692 239
1684445085286 8.999672 240
1684445085355 8.999704 241
1684445085433 8.999775 242
1684445085486 8.999842 243
1684445085555 8.999876 244
1684445085634 8.999878 245
1684445085703 8.999871 246
1684445085772 8.999879 247
1684445085834 8.999905 248
1684445086104 8.999943 249
1684445086235 8.999977 250
