1684447549951 54.64197804677633 1
1684447550023 51.03084269518958 2
1684447550090 44.5158955265417 3
1684447550168 36.04645401956276 4
1684447550237 30.39370217118828 5
1684447550306 27.550072040932157 6
1684447550384 25.522547992461607 7
1684447550453 24.23454832150143 8
1684447550522 23.319501742161947 9
1684447550591 22.433147123710647 10
1684447550669 21.729177310002765 11
1684447550738 20.739911485619118 12
1684447550808 18.548471709483575 13
1684447550870 16.940188875441585 14
1684447550955 15.762438053223134 15
1684447551024 14.873405304854746 16
1684447551093 14.18838759528486 17
1684447551155 13.871141733772713 18
1684447551224 14.454876230505294 19
1684447551293 15.279109803506298 20
1684447551372 16.008015202070126 21
1684447551456 16.825487943517558 22
1684447551525 17.663404400515127 23
1684447551610 18.47804299905034 24
1684447551673 19.142110967255267 25
1684447551742 19.446360721424774 26
1684447551811 19.38375901115527 27
1684447551895 19.02362465153507 28
1684447551952 18.440248251083954 29
1684447552027 17.705244502777795 30
1684447552096 16.86923360863357 31
1684447552174 15.99728499066552 32
1684447552243 15.161361424446357 33
1684447552312 14.59944831858169 34
1684447552390 14.467404069755549 35
1684447552459 14.50112876278305 36
1684447552528 14.610297617552174 37
1684447552597 14.764295257572723 38
1684447552660 14.95453469689733 39
1684447552729 15.178627478584367 40
1684447552798 15.435499743694479 41
1684447552861 15.723773574221294 42
1684447552929 16.04001487433958 43
1684447552998 16.373045198244814 44
1684447553061 16.673243717416582 45
1684447553130 16.756157827702197 46
1684447553199 16.51099195472992 47
1684447553262 16.10432502336616 48
1684447553331 15.734207473442996 49
1684447553400 15.54587827324869 50
1684447553478 15.530228981139063 51
1684447553547 15.619719725162955 52
1684447553616 15.757630631975687 53
1684447553678 15.891972334878472 54
1684447553747 15.955157938513088 55
1684447553816 15.858796389674385 56
1684447553895 15.622785578977446 57
1684447553964 15.399944334311638 58
1684447554033 15.128061929436619 59
1684447554102 14.760660933024571 60
1684447554164 14.451207078405679 61
1684447554233 14.22108023981764 62
1684447554302 14.058142076444458 63
1684447554380 13.96332946745318 64
1684447554449 13.95017069029787 65
1684447554519 14.025572092519413 66
1684447554581 14.135670696713852 67
1684447554650 14.165813735794318 68
1684447554719 14.103278082916294 69
1684447554797 14.004737101174985 70
1684447554866 13.919215660461555 71
1684447554920 13.878547764784022 72
1684447554998 13.89595582195797 73
1684447555067 13.966504918748731 74
1684447555136 14.07138410431988 75
1684447555205 14.183386361076495 76
1684447555268 14.27187275326089 77
1684447555337 14.309091099707128 78
1684447555406 14.27783027284102 79
1684447555484 14.175490397710119 80
1684447555553 14.010085513338254 81
1684447555622 13.789535780287249 82
1684447555684 13.505243369869081 83
1684447555753 13.100024137196659 84
1684447555823 12.416428160084092 85
1684447555885 11.407154776766127 86
1684447555954 10.689606167339152 87
1684447556023 10.278765910939914 88
1684447556101 10.059458502268749 89
1684447556170 9.952936599914704 90
1684447556224 9.920099245550867 91
1684447556302 9.944104235794073 92
1684447556371 10.017991163584211 93
1684447556424 10.140357838381332 94
1684447556503 10.313105675897559 95
1684447556572 10.540925751546483 96
1684447556641 10.831769634992671 97
1684447556710 11.194016708729263 98
1684447556772 11.630739793956206 99
1684447556841 12.138476623432233 100
1684447556910 12.710177787026547 101
1684447556988 13.337865780219808 102
1684447557058 14.013881566803283 103
1684447557127 14.730765560742896 104
1684447557189 15.477143929387974 105
1684447557258 16.2128388094662 106
1684447557327 16.75405337991505 107
1684447557390 16.850941448539984 108
1684447557459 16.628803842472276 109
1684447557528 16.23280050894771 110
1684447557590 15.749078432339818 111
1684447557659 15.232640438611934 112
1684447557728 14.73030764910392 113
1684447557791 14.289395031264782 114
1684447557860 13.951493276603351 115
1684447557929 13.736367288973742 116
1684447558007 13.643235081166806 117
1684447558076 13.67529073360522 118
1684447558145 13.839843124667452 119
1684447558214 14.118905850768488 120
1684447558277 14.485080482865854 121
1684447558346 14.919237665897942 122
1684447558415 15.409935435871263 123
1684447558477 15.949997993336837 124
1684447558546 16.534312146449594 125
1684447558615 17.158568920570485 126
1684447558678 17.817609399810216 127
1684447558747 18.500629788491185 128
1684447558816 19.176957774459243 129
1684447558879 19.78299274100324 130
1684447558948 20.303740615828985 131
1684447559017 20.787563210313373 132
1684447559148 21.25910693373925 133
1684447559264 21.717213246815263 134
1684447559333 22.14858621913632 135
1684447559396 22.530225657116503 136
1684447559465 22.8184637255739 137
1684447559550 22.92030749733592 138
1684447559619 22.667915744657606 139
1684447559697 21.929918042759503 140
1684447559766 20.790816828427744 141
1684447559835 19.414783625208816 142
1684447559897 18.032673532894055 143
1684447559966 17.40877676533172 144
1684447560035 17.21792433570844 145
1684447560114 17.180073443511674 146
1684447560183 17.186920514483273 147
1684447560252 17.177495345699562 148
1684447560314 17.153688043392044 149
1684447560383 17.29669543261461 150
1684447560452 17.51086326992757 151
1684447560521 17.601586624765815 152
1684447560584 17.62406655447289 153
1684447560653 17.6854332246421 154
1684447560722 17.837822463402702 155
1684447560784 18.081388577106747 156
1684447560853 18.396188021275456 157
1684447560923 18.76214615440341 158
1684447560985 19.164405309390855 159
1684447561054 19.592795047137372 160
1684447561139 20.040112595535668 161
1684447561201 20.500665314413673 162
1684447561270 20.96897122269101 163
1684447561339 21.4368851536535 164
1684447561402 21.87933622442788 165
1684447561471 22.16986302296652 166
1684447561540 21.836856180975932 167
1684447561618 20.7479285677306 168
1684447561687 19.622868555657426 169
1684447561741 18.681260408157023 170
1684447561819 17.878642131109732 171
1684447561888 17.17262960655644 172
1684447561957 16.53836513258957 173
1684447562026 15.959582619516766 174
1684447562088 15.426978711762821 175
1684447562158 14.939213570786485 176
1684447562227 14.502597878433129 177
1684447562289 14.126541273431657 178
1684447562358 13.81578625728157 179
1684447562427 13.568093195386446 180
1684447562490 13.37763039891509 181
1684447562559 13.236099712879483 182
1684447562628 13.125440189310911 183
1684447562690 13.020995904841666 184
1684447562759 12.933114362526993 185
1684447562828 12.872196781507238 186
1684447562891 12.825115357229352 187
1684447562960 12.77025536522937 188
1684447563029 12.684471884320484 189
1684447563091 12.55233036824924 190
1684447563160 12.413997685703203 191
1684447563229 12.406879063662593 192
1684447563308 12.529513916664245 193
1684447563377 12.750101859407936 194
1684447563446 13.06141545239689 195
1684447563508 13.460020445189762 196
1684447563577 13.938640159322254 197
1684447563646 14.488060338409513 198
1684447563709 15.099082187929111 199
1684447563778 15.762802467774087 200
1684447563847 16.469797004619878 201
1684447563925 17.207361832992955 202
1684447563978 17.94219565845922 203
1684447564048 18.50535437809197 204
1684447564126 18.61308562834185 205
1684447564195 18.427103573795392 206
1684447564264 18.112582473628855 207
1684447564333 17.760997592205598 208
1684447564395 17.420233202298043 209
1684447564464 17.117189906337195 210
1684447564533 16.869881034183805 211
1684447564596 16.69323619688574 212
1684447564665 16.599498325675683 213
1684447564734 16.593736857130843 214
1684447564812 16.671336743245753 215
1684447564866 16.822293138264765 216
1684447564935 17.036191541823897 217
1684447565028 17.30395600615583 218
1684447565098 17.617881195483136 219
1684447565167 17.97130140718197 220
1684447565236 18.358090567628384 221
1684447565298 18.771870420424026 222
1684447565367 19.20457718539054 223
1684447565436 19.64371575915663 224
1684447565499 20.067473557641605 225
1684447565568 20.443026206781212 226
1684447565637 20.760776789038303 227
1684447565699 21.088169104376043 228
1684447565768 21.47710253082512 229
1684447565837 21.923358516696048 230
1684447565900 22.410941329495422 231
1684447565969 22.923668679413147 232
1684447566038 23.4477381591131 233
1684447566116 23.971816994686492 234
1684447566185 24.486090487632314 235
1684447566254 24.981407119319783 236
1684447566317 25.44277676487074 237
1684447566386 25.685886619856028 238
1684447566455 24.99300880125613 239
1684447566533 23.536616775592243 240
1684447566586 20.762403897560226 241
1684447566656 17.391277035730923 242
1684447566734 15.886885890688127 243
1684447566803 14.677017403974748 244
1684447566872 13.331532732424183 245
1684447566941 12.508005630336786 246
1684447567003 12.356718897237798 247
1684447567072 12.462488921924955 248
1684447567141 12.56494039283525 249
1684447567204 12.705498265088913 250
