1684448373689 58.84081544249589 1
1684448373762 55.61364064489558 2
1684448373828 48.926598589647625 3
1684448373906 31.972439934820308 4
1684448373959 26.936892179177544 5
1684448374028 22.99958095541593 6
1684448374106 18.965791139323574 7
1684448374175 17.49896074367969 8
1684448374245 15.970264242774128 9
1684448374313 15.162144901276227 10
1684448374392 11.753497146264227 11
1684448374445 11.619461485859135 12
1684448374530 12.039417351837207 13
1684448374592 12.641659537147781 14
1684448374661 13.282882200050025 15
1684448374730 14.029321237738868 16
1684448374809 14.702543409911433 17
1684448374862 15.485921553125394 18
1684448374931 16.07949015637901 19
1684448375009 16.73385723703748 20
1684448375078 17.069620180186583 21
1684448375147 17.39193057573478 22
1684448375210 17.578324332072995 23
1684448375279 17.641806152408165 24
1684448375348 17.679089728536823 25
1684448375426 17.645101372315796 26
1684448375495 17.279096965816436 27
1684448375564 16.646681035749793 28
1684448375633 15.977520412315123 29
1684448375706 15.251269119372262 30
1684448375765 14.497102467580667 31
1684448375834 13.526556503922958 32
1684448375912 11.3418519737273 33
1684448375965 10.114229364609939 34
1684448376034 9.427878436423958 35
1684448376112 9.011410460412874 36
1684448376181 9.021710192664473 37
1684448376250 8.96305296181753 38
1684448376313 8.964993068160833 39
1684448376398 8.97691323726608 40
1684448376467 9.009075172430927 41
1684448376536 9.086929782381086 42
1684448376598 9.241624420900242 43
1684448376667 9.490708585189914 44
1684448376736 9.836770228754801 45
1684448376799 10.277708073780008 46
1684448376868 10.810998796969626 47
1684448376937 11.433919872207746 48
1684448377000 12.142473296616304 49
1684448377084 12.927947502301105 50
1684448377169 13.76962484487677 51
1684448377238 14.63413497308257 52
1684448377316 15.44994243657252 53
1684448377369 15.96606396990067 54
1684448377438 16.109182874196044 55
1684448377501 16.06827403912223 56
1684448377570 15.980569910134335 57
1684448377639 15.91062260479955 58
1684448377717 15.86488253002296 59
1684448377786 15.825091379157392 60
1684448377855 15.772177974747969 61
1684448377918 15.694485799081665 62
1684448377987 15.588263536417385 63
1684448378072 15.456313515266325 64
1684448378134 15.306597149146008 65
1684448378203 15.15037863540014 66
1684448378272 14.999092348043266 67
1684448378341 14.860397001072364 68
1684448378404 14.73582200948551 69
1684448378473 14.62130784150374 70
1684448378542 14.509884357375185 71
1684448378605 14.394803558584451 72
1684448378674 14.273424799033496 73
1684448378743 14.163095185477072 74
1684448378821 14.161862529607433 75
1684448378874 14.338009922315127 76
1684448378959 14.614045888137847 77
1684448379021 14.943239957470098 78
1684448379091 15.310269271170476 79
1684448379160 15.711612726018977 80
1684448379238 16.14577646569315 81
1684448379307 16.61084686865359 82
1684448379376 17.104077399514306 83
1684448379445 17.621712944412938 84
1684448379507 18.158150987940928 85
1684448379577 18.701697497805945 86
1684448379646 19.218971364105386 87
1684448379724 19.613604652869626 88
1684448379793 19.63818296806904 89
1684448379862 19.117800725331797 90
1684448379962 18.6525341246808 91
1684448380040 18.427782835968365 92
1684448380109 18.019272120901377 93
1684448380178 16.941671146778532 94
1684448380247 15.96892525479344 95
1684448380448 15.127071076230017 96
1684448380526 14.489695240057705 97
1684448380595 14.289531406352141 98
1684448380649 14.332490998033414 99
1684448380727 14.494780524545218 100
1684448380796 14.72425653475364 101
1684448380865 14.995258104751358 102
1684448380950 15.285780123501706 103
1684448381012 15.556085967104234 104
1684448381081 15.720010308754887 105
1684448381150 15.67565445276137 106
1684448381213 15.424726270284319 107
1684448381298 15.043291662210347 108
1684448381367 14.601611349092156 109
1684448381429 14.14598445072544 110
1684448381498 13.707234123589362 111
1684448381567 13.311360073531839 112
1684448381630 12.984864251420733 113
1684448381699 12.75105086379362 114
1684448381768 12.620060197310053 115
1684448381830 12.594869980815417 116
1684448381915 12.683448862432925 117
1684448381984 12.883394648058466 118
1684448382047 13.175087677541665 119
1684448382116 13.538086350064654 120
1684448382185 13.957989365416545 121
1684448382254 14.423183991907152 122
1684448382316 14.912317804005003 123
1684448382385 15.345655957803778 124
1684448382454 15.533632362627976 125
1684448382517 15.476031450208234 126
1684448382586 15.431264014558394 127
1684448382655 15.550298784088596 128
1684448382717 15.787779478220205 129
1684448382802 16.078633113777375 130
1684448382871 16.36917559552339 131
1684448382934 16.600083576486405 132
1684448383003 16.692642235950796 133
1684448383072 16.593521835952753 134
1684448383134 16.40231751068002 135
1684448383203 16.377418825593452 136
1684448383272 16.57071371352945 137
1684448383335 16.80293726621778 138
1684448383404 16.95595139019815 139
1684448383473 17.047370970995182 140
1684448383535 17.11750921404716 141
1684448383604 17.176927100044786 142
1684448383673 17.208568025684592 143
1684448383752 17.168060951783747 144
1684448383821 16.978848105237923 145
1684448383890 16.587508643887716 146
1684448383959 16.208716185127273 147
1684448384021 16.134608028257055 148
1684448384090 16.23630070903109 149
1684448384159 16.42606459423827 150
1684448384222 16.655517462627092 151
1684448384289 16.88470842307845 152
1684448384360 17.06114215132692 153
1684448384422 17.13017218820697 154
1684448384491 17.08881245079862 155
1684448384560 17.009173808025267 156
1684448384623 16.988665185840215 157
1684448384692 17.08054257642518 158
1684448384761 17.27823928509003 159
1684448384839 17.55081749896164 160
1684448384908 17.860907537612874 161
1684448384977 18.1526694914014 162
1684448385055 18.332642355344007 163
1684448385124 18.342388349931824 164
1684448385193 18.25737216501765 165
1684448385262 18.164029593489012 166
1684448385325 18.076554007294675 167
1684448385394 17.969193198075263 168
1684448385463 17.81640233631197 169
1684448385526 17.610398501549792 170
1684448385595 17.361525709213307 171
1684448385664 17.097455478822518 172
1684448385726 16.85852219173084 173
1684448385795 16.677768072120887 174
1684448385864 16.57703425018593 175
1684448385927 16.580652483305784 176
1684448385996 16.7076761905566 177
1684448386065 16.954845720830743 178
1684448386143 17.301966006999933 179
1684448386196 17.721506167362215 180
1684448386266 18.186046913630186 181
1684448386344 18.676398451633837 182
1684448386413 19.183787012428468 183
1684448386482 19.704704573359034 184
1684448386544 20.2362004965562 185
1684448386613 20.774596534849252 186
1684448386682 21.315807285179304 187
1684448386745 21.855763577317667 188
1684448386814 22.390583438233566 189
1684448386883 22.916590508313647 190
1684448386961 23.43027732693573 191
1684448387030 23.92825663784263 192
1684448387268 24.40711975344481 193
1684448387447 24.862364321938863 194
1684448387569 25.279502449278922 195
1684448387632 25.55561319635403 196
1684448387701 25.251629289502684 197
1684448387770 24.390093967426516 198
1684448387832 23.25918759279311 199
1684448387901 22.029483440121417 200
1684448387970 20.81215771916424 201
1684448388033 19.7065035669223 202
1684448388102 18.797539005986653 203
1684448388171 18.09583153220016 204
1684448388249 17.37720805284752 205
1684448388303 14.404065584652407 206
1684448388372 13.740687340176255 207
1684448388466 13.495291248285657 208
1684448388535 13.377685642188577 209
1684448388588 13.311346361089905 210
1684448388666 13.285452465247442 211
1684448388735 13.297690492183477 212
1684448388789 13.346851864823982 213
1684448388867 13.44065776643648 214
1684448388936 13.589851985388743 215
1684448389020 13.793256143573897 216
1684448389090 14.025191113214637 217
1684448389152 14.200274323831175 218
1684448389221 14.066668226305616 219
1684448389290 13.342253715988402 220
1684448389353 12.52548069999883 221
1684448389422 12.002271436499912 222
1684448389491 11.757831096031424 223
1684448389569 11.663744146480578 224
1684448389638 11.639297577896931 225
1684448389691 11.658757121074856 226
1684448389769 11.717785130452707 227
1684448389838 11.81904191541512 228
1684448389908 11.968065107781877 229
1684448389977 12.171662301588452 230
1684448390039 12.43756548359193 231
1684448390108 12.774668058947046 232
1684448390177 13.190798796253114 233
1684448390255 13.688961924982475 234
1684448390324 14.264604891833244 235
1684448390394 14.903181399756459 236
1684448390456 15.589247520328637 237
1684448390525 16.317473463204987 238
1684448390594 17.081522265010477 239
1684448390657 17.850938290640716 240
1684448390726 18.50787705442259 241
1684448390810 18.815010478198136 242
1684448390879 18.778999443782887 243
1684448390958 18.545981129046915 244
1684448391027 18.217139670559995 245
1684448391096 17.85123806616832 246
1684448391158 17.485382077958445 247
1684448391227 17.149126678519252 248
1684448391296 16.86737084250014 249
1684448391381 16.653523898242227 250
