1684448939064 58.325745 1
1684448939127 58.15767 2
1684448939206 58.00783 3
1684448939275 57.847687 4
1684448939344 57.666855 5
1684448939422 57.442635 6
1684448939491 57.341965 7
1684448939560 57.0617 8
1684448939629 56.950287 9
1684448939707 56.87032 10
1684448939776 56.76085 11
1684448939845 56.407104 12
1684448939923 55.65118 13
1684448939992 55.133087 14
1684448940077 54.93373 15
1684448940146 54.84366 16
1684448940208 54.7835 17
1684448940277 54.653324 18
1684448940346 54.173225 19
1684448940425 52.58377 20
1684448940478 51.295166 21
1684448940563 50.721146 22
1684448940632 50.388847 23
1684448940694 50.137238 24
1684448940763 49.83497 25
1684448940832 49.2555 26
1684448940910 48.23681 27
1684448940979 46.870224 28
1684448941052 45.39727 29
1684448941115 44.098 30
1684448941195 43.103355 31
1684448941265 42.375076 32
1684448941334 41.843296 33
1684448941412 41.440712 34
1684448941481 41.11498 35
1684448941550 40.805206 36
1684448941628 40.438366 37
1684448941697 39.829628 38
1684448941766 38.50199 39
1684448941835 36.164047 40
1684448941897 33.446064 41
1684448941966 30.85944 42
1684448942035 29.063322 43
1684448942098 28.17427 44
1684448942183 27.750813 45
1684448942252 27.553976 46
1684448942330 27.43925 47
1684448942399 27.284288 48
1684448942468 27.018322 49
1684448942530 26.720816 50
1684448942599 26.327152 51
1684448942668 25.83627 52
1684448942737 25.28009 53
1684448942800 24.514908 54
1684448942869 23.542576 55
1684448942938 22.516731 56
1684448943016 21.532303 57
1684448943085 20.698017 58
1684448943154 20.122307 59
1684448943217 19.850714 60
1684448943286 19.854553 61
1684448943355 20.087145 62
1684448943417 20.512217 63
1684448943486 21.103447 64
1684448943555 21.838425 65
1684448943633 22.695354 66
1684448943702 23.651535 67
1684448943756 24.679306 68
1684448943834 25.730293 69
1684448943903 26.683533 70
1684448943972 27.279102 71
1684448944041 27.345419 72
1684448944103 26.996151 73
1684448944172 26.460117 74
1684448944241 25.969437 75
1684448944304 25.630981 76
1684448944373 25.420084 77
1684448944442 25.2688 78
1684448944520 25.133171 79
1684448944589 25.033249 80
1684448944658 25.032557 81
1684448944721 25.159557 82
1684448944790 25.3931 83
1684448944874 25.698626 84
1684448944943 26.04517 85
1684448945006 26.408743 86
1684448945075 26.783287 87
1684448945144 27.211807 88
1684448945222 27.785454 89
1684448945291 28.529726 90
1684448945360 29.380198 91
1684448945438 30.279137 92
1684448945507 31.204334 93
1684448945576 32.149975 94
1684448945645 33.112846 95
1684448945708 34.088688 96
1684448945777 35.071663 97
1684448945846 36.05106 98
1684448945908 36.978848 99
1684448945978 37.5107 100
1684448946140 36.344467 101
1684448946278 33.516163 102
1684448946394 30.149063 103
1684448946463 24.504248 104
1684448946526 21.29149 105
1684448946595 19.340218 106
1684448946664 16.327284 107
1684448946726 15.394657 108
1684448946795 15.0905075 109
1684448946864 15.061716 110
1684448946927 15.166901 111
1684448946996 15.384258 112
1684448947065 15.724249 113
1684448947127 16.160046 114
1684448947228 16.679209 115
1684448947382 17.28223 116
1684448947451 17.99145 117
1684448947513 18.850842 118
1684448947582 19.855389 119
1684448947651 20.98178 120
1684448947714 22.192425 121
1684448947783 23.447666 122
1684448947852 24.7373 123
1684448947930 26.057938 124
1684448947999 27.398994 125
1684448948068 28.746473 126
1684448948130 30.08747 127
1684448948199 31.4118 128
1684448948268 32.711758 129
1684448948331 33.9812 130
1684448948400 35.214577 131
1684448948469 36.406303 132
1684448948531 37.550102 133
1684448948600 38.6376 134
1684448948669 39.64896 135
1684448948748 40.46295 136
1684448948817 40.2275 137
1684448948886 38.400597 138
1684448948950 35.772438 139
1684448949021 32.956326 140
1684448949089 30.279518 141
1684448949158 27.703499 142
1684448949221 24.149727 143
1684448949290 22.341156 144
1684448949359 21.085861 145
1684448949421 20.198208 146
1684448949490 19.61971 147
1684448949559 19.34338 148
1684448949622 19.351257 149
1684448949691 19.60476 150
1684448949760 20.064386 151
1684448949822 20.703003 152
1684448949891 21.517677 153
1684448949960 22.514297 154
1684448950039 23.66248 155
1684448950108 24.880857 156
1684448950177 26.103376 157
1684448950255 27.346628 158
1684448950324 28.620197 159
1684448950393 29.9229 160
1684448950462 31.249428 161
1684448950540 32.59359 162
1684448950609 33.949284 163
1684448950678 35.3105 164
1684448950741 36.671024 165
1684448950810 38.024147 166
1684448950879 39.362545 167
1684448950957 40.678413 168
1684448951026 41.96375 169
1684448951095 43.210663 170
1684448951157 44.41156 171
1684448951226 45.55918 172
1684448951295 46.646614 173
1684448951358 47.666946 174
1684448951427 48.611248 175
1684448951496 49.453987 176
1684448951565 50.03945 177
1684448951627 49.562393 178
1684448951696 47.70852 179
1684448951765 45.144268 180
1684448951828 42.317062 181
1684448951897 39.472298 182
1684448951966 36.737686 183
1684448952029 34.15754 184
1684448952098 31.580515 185
1684448952167 27.81002 186
1684448952229 23.080025 187
1684448952298 19.97041 188
1684448952367 19.709167 189
1684448952430 19.395672 190
1684448952499 18.82388 191
1684448952568 19.060204 192
1684448952630 19.078615 193
1684448952699 19.111439 194
1684448952947 19.228096 195
1684448953069 19.472021 196
1684448953132 19.869148 197
1684448953201 20.429585 198
1684448953270 21.16233 199
1684448953348 22.074066 200
1684448953417 23.163605 201
1684448953486 24.42075 202
1684448953564 25.828539 203
1684448953633 27.365381 204
1684448953702 29.00637 205
1684448953771 30.72442 206
1684448953834 32.491634 207
1684448953903 34.280384 208
1684448953972 36.059948 209
1684448954034 37.74022 210
1684448954103 38.705555 211
1684448954172 38.564243 212
1684448954351 37.95752 213
1684448954451 37.24481 214
1684448954536 36.59205 215
1684448954605 36.03141 216
1684448954674 35.529846 217
1684448954736 35.049534 218
1684448954805 34.569725 219
1684448954874 34.084427 220
1684448954953 33.595024 221
1684448955022 33.107067 222
1684448955091 32.63116 223
1684448955153 32.18475 224
1684448955222 31.792042 225
1684448955291 31.481573 226
1684448955354 31.282719 227
1684448955438 31.220219 228
1684448955507 31.307076 229
1684448955623 31.541378 230
1684448955692 31.910162 231
1684448955770 32.39576 232
1684448955839 32.98022 233
1684448955908 33.647293 234
1684448955977 34.383797 235
1684448956040 35.18193 236
1684448956109 36.04183 237
1684448956178 36.967213 238
1684448956240 37.946053 239
1684448956310 38.926952 240
1684448956379 39.81891 241
1684448956441 40.529118 242
1684448956510 40.961143 243
1684448956579 40.94019 244
1684448956642 40.266655 245
1684448956711 39.20786 246
1684448956780 38.44657 247
1684448956842 38.044525 248
1684448956911 37.87599 249
1684448956980 37.94624 250
