1684446887264 14.12504300295066 1
1684446887341 10.586349506662911 2
1684446887425 11.248429050173234 3
1684446887504 4.302375048226489 4
1684446887573 4.483880908915464 5
1684446887642 5.457909564216744 6
1684446887704 5.435876471363173 7
1684446887774 4.835131823671705 8
1684446887858 3.9295398817653364 9
1684446887921 3.926004669836983 10
1684446887990 4.058353750436362 11
1684446888059 3.9340889586852223 12
1684446888137 2.777372430123456 13
1684446888206 0.6202566799562333 14
1684446888275 0.47806916226750473 15
1684446888344 0.47198309215161144 16
1684446888422 0.4695869999884401 17
1684446888491 0.43163316734701046 18
1684446888560 0.38691951248682793 19
1684446888638 0.3823707177076621 20
1684446888707 0.4650494851394622 21
1684446888776 0.64075428006855 22
1684446888845 0.8952524845626193 23
1684446888908 1.2119150313629152 24
1684446888977 1.5815133577829747 25
1684446889046 1.999325804863162 26
1684446889124 2.4626962350169164 27
1684446889193 2.97068368430746 28
1684446889262 3.5233344827633006 29
1684446889319 4.120365432636083 30
1684446889393 4.759835345650479 31
1684446889462 5.437588196975173 32
1684446889525 6.1475030047877715 33
1684446889594 6.881855691360188 34
1684446889663 7.630653646169095 35
1684446889741 8.349222694412513 36
1684446889794 8.96914980834345 37
1684446889863 9.513663776459902 38
1684446889941 9.798472665476048 39
1684446890010 9.54432489122263 40
1684446890064 8.987357927472283 41
1684446890142 8.293334398319475 42
1684446890211 7.539193257254689 43
1684446890280 6.761837503838377 44
1684446890349 5.983497038481303 45
1684446890411 5.2227774819205655 46
1684446890480 4.497902939456178 47
1684446890549 3.8261146527951055 48
1684446890612 3.222778671272753 49
1684446890681 2.713934569651835 50
1684446890750 2.419793941543432 51
1684446890828 2.3284114903491204 52
1684446890897 2.3484265216192863 53
1684446890966 2.4415418104328266 54
1684446891029 2.593219783479443 55
1684446891098 2.7971715395551424 56
1684446891167 3.0472104461803013 57
1684446891229 3.3290991189356145 58
1684446891298 3.626333040901387 59
1684446891367 3.94123289190449 60
1684446891430 4.2794294349382325 61
1684446891499 4.641891934522657 62
1684446891568 5.026598297324721 63
1684446891646 5.430086608948886 64
1684446891715 5.848059279694734 65
1684446891784 6.27533822003853 66
1684446891853 6.705191553033283 67
1684446891916 7.1278181705252495 68
1684446891985 7.527542825901362 69
1684446892054 7.879235077228384 70
1684446892132 8.14964455500965 71
1684446892201 8.314308894930841 72
1684446892286 8.379155225767773 73
1684446892355 8.367937235285169 74
1684446892417 8.231586632126831 75
1684446892486 7.7244811631025385 76
1684446892555 7.118658661057562 77
1684446892633 6.478673626972885 78
1684446892697 5.824453682240028 79
1684446892771 5.192725767135556 80
1684446892833 4.609135619934746 81
1684446892903 4.084470003320041 82
1684446892972 3.6192740044297413 83
1684446893034 3.212372668668913 84
1684446893103 2.8672478928959544 85
1684446893172 2.606941976133055 86
1684446893235 2.4497531014173064 87
1684446893304 2.359448940286685 88
1684446893373 2.2942131376214916 89
1684446893451 2.2301469823115774 90
1684446893520 2.1742852912413837 91
1684446893573 2.157053793598881 92
1684446893836 2.1994501442290906 93
1684446893959 2.302670602683604 94
1684446894021 2.459972116411946 95
1684446894090 2.6644965001127394 96
1684446894159 2.9109056155038995 97
1684446894222 3.1948969973390473 98
1684446894291 3.5126568000353164 99
1684446894360 3.861297197569812 100
1684446894422 4.241198974566553 101
1684446894491 4.659472793141198 102
1684446894560 5.125357936802685 103
1684446894639 5.632025642413448 104
1684446894708 6.15141692744665 105
1684446894777 6.658612222215717 106
1684446894839 7.151901482475919 107
1684446894908 7.630796811734872 108
1684446895024 8.06675805490832 109
1684446895209 8.274262660670454 110
1684446895278 8.026286852274872 111
1684446895341 7.5252087793918605 112
1684446895410 6.999480311744327 113
1684446895479 6.639082533122537 114
1684446895557 6.448682565776449 115
1684446895626 6.343976824031327 116
1684446895695 6.2251801774515725 117
1684446895764 5.933825512246331 118
1684446895826 5.367332951480981 119
1684446895895 4.868868978246487 120
1684446895964 4.6452812156652135 121
1684446896027 4.56801001859805 122
1684446896096 4.545191550817274 123
1684446896180 4.5117508836159335 124
1684446896296 4.398669228304293 125
1684446896365 4.160394625356521 126
1684446896444 3.8271485291892158 127
1684446896513 3.464979687435132 128
1684446896582 3.123814972429256 129
1684446896644 2.83031490803039 130
1684446896713 2.595643935029006 131
1684446896798 2.4250572316682497 132
1684446896867 2.324799448210079 133
1684446896929 2.2999340653856524 134
1684446896998 2.3455519261185733 135
1684446897067 2.4490719050823064 136
1684446897130 2.598671768307531 137
1684446897199 2.787000065880903 138
1684446897268 3.01124990145105 139
1684446897346 3.2716008588815138 140
1684446897415 3.5683737318640363 141
1684446897468 3.898890783703389 142
1684446897547 4.255612379993761 143
1684446897616 4.626647750121609 144
1684446897685 5.000924554104453 145
1684446897747 5.377166935752852 146
1684446897816 5.7645724200519615 147
1684446897885 6.17216914163822 148
1684446897948 6.601145597426214 149
1684446898017 7.0463050988586735 150
1684446898086 7.500518922837271 151
1684446898164 7.957315054748277 152
1684446898217 8.411448771688937 153
1684446898286 8.858679976011212 154
1684446898364 9.29548807066836 155
1684446898433 9.718909751901478 156
1684446898502 10.126502680672353 157
1684446898571 10.516254658836221 158
1684446898634 10.886263132322139 159
1684446898703 11.233171449331643 160
1684446898772 11.543352225483108 161
1684446898834 11.744023483519715 162
1684446898919 11.604505856009311 163
1684446898973 11.076683711347178 164
1684446899051 10.262863504741926 165
1684446899120 9.056408233031183 166
1684446899189 7.574439842617274 167
1684446899251 6.596749743822245 168
1684446899320 6.19705022904862 169
1684446899389 6.068600063540776 170
1684446899452 6.0453446952568655 171
1684446899521 6.056280437862282 172
1684446899590 6.0351657343393965 173
1684446899668 5.931669712863145 174
1684446899737 5.771912835908679 175
1684446899806 5.621296840494908 176
1684446899875 5.5192085937452235 177
1684446899938 5.484909119425024 178
1684446900007 5.536940063596884 179
1684446900076 5.670117710616921 180
1684446900154 5.8418837770537 181
1684446900238 5.9822986812220655 182
1684446900307 6.101029192370802 183
1684446900376 6.238975214499362 184
1684446900608 6.4009212710320345 185
1684446900771 6.554697624810018 186
1684446900840 6.631996393282202 187
1684446900909 6.565710771845303 188
1684446900978 6.357073789034908 189
1684446901041 6.058690343818767 190
1684446901110 5.721766933701001 191
1684446901179 5.381124970553435 192
1684446901257 5.062513938848551 193
1684446901326 4.792213509473534 194
1684446901395 4.5979040652636565 195
1684446901457 4.494263693244513 196
1684446901526 4.4691385503439225 197
1684446901595 4.496367701209857 198
1684446901658 4.5516165758484375 199
1684446901727 4.61651899397978 200
1684446901780 4.679909138512646 201
1684446902028 4.7411616881441105 202
1684446902097 4.813756587953942 203
1684446902175 4.920157334197505 204
1684446902244 5.075300950536469 205
1684446902313 5.27950248135772 206
1684446902382 5.52571812747062 207
1684446902445 5.805779101594283 208
1684446902514 6.111961772515261 209
1684446902598 6.436398470377002 210
1684446902661 6.769783155244151 211
1684446902730 7.099841925227667 212
1684446902798 7.410166059835423 213
1684446902861 7.6814530630825395 214
1684446902930 7.898330732106536 215
1684446902999 8.059544697390313 216
1684446903077 8.18057721745999 217
1684446903130 8.2835867540036 218
1684446903199 8.38418341491684 219
1684446903277 8.485629920846096 220
1684446903346 8.581086193684806 221
1684446903400 8.658529337756624 222
1684446903478 8.705160023297458 223
1684446903547 8.71141524870613 224
1684446903616 8.674146570009574 225
1684446903685 8.597436462590064 226
1684446903748 8.490320576302683 227
1684446903832 8.363185436160045 228
1684446903901 8.224956629464474 229
1684446903964 8.082168332046011 230
1684446904033 7.939512269880295 231
1684446904102 7.799981107240961 232
1684446904180 7.663799927701759 233
1684446904249 7.529084180613507 234
1684446904302 7.399245634929885 235
1684446904380 7.291754995471639 236
1684446904449 7.227172385631818 237
1684446904503 7.211775805572678 238
1684446904581 7.238129175721408 239
1684446904650 7.292516143283126 240
1684446904703 7.359859174278602 241
1684446904782 7.426200956473506 242
1684446904851 7.4799421605912135 243
1684446904904 7.512207281882678 244
1684446904982 7.516631487015602 245
1684446905051 7.489164639198884 246
1684446905120 7.428557855457672 247
1684446905183 7.338379755855603 248
1684446905252 7.231292238172234 249
1684446905321 7.132369611831606 250
