1683719426140 24.88316 1
1683719426204 15.862242 2
1683719426271 17.211935 3
1683719426335 16.870676 4
1683719426399 16.29314 5
1683719426463 13.801194 6
1683719426527 11.76971 7
1683719426591 10.339612 8
1683719426656 9.80729 9
1683719426721 9.293308 10
1683719426784 9.053069 11
1683719426849 8.93894 12
1683719426914 8.949581 13
1683719426979 8.983627 14
1683719427041 8.969952 15
1683719427105 8.954212 16
1683719427168 8.935765 17
1683719427230 8.9235325 18
1683719427295 8.920767 19
1683719427363 8.922146 20
1683719427429 8.923905 21
1683719427492 8.926333 22
1683719427554 8.933378 23
1683719427619 8.940242 24
1683719427683 8.932167 25
1683719427749 8.918522 26
1683719427816 8.915812 27
1683719427879 8.919899 28
1683719427942 8.922437 29
1683719428003 8.920546 30
1683719428067 8.918924 31
1683719428130 8.91984 32
1683719428192 8.922382 33
1683719428255 8.925518 34
1683719428315 8.929056 35
1683719428383 8.933309 36
1683719428445 8.9391 37
1683719428509 8.947531 38
1683719428571 8.955931 39
1683719428635 8.960514 40
1683719428697 8.961228 41
1683719428759 8.959533 42
1683719428820 8.956629 43
1683719428883 8.95332 44
1683719428943 8.950105 45
1683719429004 8.947206 46
1683719429129 8.944662 47
1683719429190 8.942471 48
1683719429250 8.940643 49
1683719429311 8.939207 50
1683719429373 8.93816 51
1683719429435 8.937433 52
1683719429499 8.936941 53
1683719429559 8.936605 54
1683719429622 8.93639 55
1683719429683 8.93628 56
1683719429744 8.93627 57
1683719429805 8.936338 58
1683719429865 8.936465 59
1683719429924 8.936624 60
1683719429985 8.936793 61
1683719430047 8.936961 62
1683719430108 8.937118 63
1683719430166 8.93726 64
1683719430228 8.937389 65
1683719430287 8.937509 66
1683719430346 8.937624 67
1683719430415 8.937742 68
1683719430479 8.937865 69
1683719430540 8.937991 70
1683719430601 8.938115 71
1683719430663 8.938229 72
1683719430727 8.938322 73
1683719430789 8.938386 74
1683719430851 8.938413 75
1683719430913 8.938396 76
1683719430976 8.93834 77
1683719431038 8.938257 78
1683719431102 8.938166 79
1683719431163 8.93808 80
1683719431227 8.938012 81
1683719431287 8.9379635 82
1683719431348 8.937927 83
1683719431408 8.937902 84
1683719431472 8.937883 85
1683719431534 8.93787 86
1683719431598 8.937866 87
1683719431660 8.937883 88
1683719431721 8.937929 89
1683719431784 8.938004 90
1683719431846 8.938099 91
1683719431911 8.938193 92
1683719431975 8.938269 93
1683719432036 8.9383135 94
1683719432097 8.938326 95
1683719432158 8.93832 96
1683719432221 8.938319 97
1683719432284 8.938324 98
1683719432343 8.938328 99
1683719432406 8.938322 100
1683719432470 8.938303 101
1683719432534 8.938279 102
1683719432608 8.938254 103
1683719432674 8.938234 104
1683719432737 8.93822 105
1683719432798 8.938208 106
1683719432861 8.938193 107
1683719432924 8.938178 108
1683719432988 8.938161 109
1683719433051 8.938141 110
1683719433114 8.938124 111
1683719433177 8.938107 112
1683719433240 8.938092 113
1683719433301 8.938079 114
1683719433362 8.9380665 115
1683719433424 8.938057 116
1683719433488 8.9380455 117
1683719433550 8.938034 118
1683719433615 8.93802 119
1683719433676 8.938003 120
1683719433754 8.9379835 121
1683719433817 8.937962 122
1683719433879 8.937937 123
1683719433941 8.937914 124
1683719434004 8.937892 125
1683719434066 8.937874 126
1683719434130 8.9378605 127
1683719434190 8.937851 128
1683719434252 8.937847 129
1683719434315 8.937843 130
1683719434376 8.937839 131
1683719434436 8.93783 132
1683719434502 8.937817 133
1683719434563 8.937801 134
1683719434625 8.93779 135
1683719434687 8.937786 136
1683719434750 8.937799 137
1683719434813 8.937841 138
1683719434875 8.937918 139
1683719434936 8.938028 140
1683719434999 8.93816 141
1683719435060 8.938274 142
1683719435121 8.938332 143
1683719435184 8.938311 144
1683719435245 8.938227 145
1683719435308 8.938125 146
1683719435371 8.938043 147
1683719435434 8.938006 148
1683719435498 8.938016 149
1683719435561 8.938055 150
1683719435623 8.938108 151
1683719435685 8.938158 152
1683719435746 8.9382 153
1683719435807 8.938234 154
1683719435871 8.938263 155
1683719435934 8.9382925 156
1683719435998 8.93832 157
1683719436061 8.938345 158
1683719436124 8.93836 159
1683719436187 8.938364 160
1683719436250 8.938356 161
1683719436312 8.93834 162
1683719436375 8.93832 163
1683719436437 8.938301 164
1683719436500 8.938282 165
1683719436562 8.938267 166
1683719436625 8.9382515 167
1683719436688 8.938237 168
1683719436750 8.93822 169
1683719436811 8.938203 170
1683719436873 8.938185 171
1683719436936 8.938167 172
1683719437000 8.93815 173
1683719437062 8.938133 174
1683719437124 8.938119 175
1683719437185 8.938105 176
1683719437250 8.938093 177
1683719437311 8.938083 178
1683719437376 8.938074 179
1683719437437 8.9380665 180
1683719437501 8.938061 181
1683719437563 8.938055 182
1683719437626 8.93805 183
1683719437688 8.9380455 184
1683719437751 8.938038 185
1683719437812 8.938028 186
1683719437875 8.938017 187
1683719437937 8.938004 188
1683719438000 8.937988 189
1683719438062 8.93797 190
1683719438125 8.937952 191
1683719438188 8.937935 192
1683719438249 8.937923 193
1683719438311 8.937912 194
1683719438372 8.937904 195
1683719438435 8.937899 196
1683719438499 8.937894 197
1683719438560 8.937891 198
1683719438820 8.937885 199
1683719438941 8.937878 200
1683719439002 8.937868 201
1683719439065 8.937857 202
1683719439126 8.937847 203
1683719439187 8.937847 204
1683719439250 8.937862 205
1683719439312 8.937899 206
1683719439374 8.937949 207
1683719439436 8.9380045 208
1683719439499 8.938051 209
1683719439561 8.938083 210
1683719439622 8.938093 211
1683719439682 8.938095 212
1683719439742 8.938095 213
1683719439803 8.938095 214
1683719439863 8.938099 215
1683719439922 8.938106 216
1683719440145 8.938108 217
1683719440278 8.938105 218
1683719440340 8.938091 219
1683719440403 8.938068 220
1683719440464 8.93804 221
1683719440525 8.938007 222
1683719440586 8.937973 223
1683719440651 8.937945 224
1683719440723 8.937927 225
1683719440790 8.937925 226
1683719440854 8.93795 227
1683719440916 8.9380045 228
1683719440979 8.938092 229
1683719441043 8.938199 230
1683719441108 8.938304 231
1683719441170 8.938383 232
1683719441231 8.938423 233
1683719441294 8.938424 234
1683719441380 8.938397 235
1683719441443 8.938358 236
1683719441504 8.938322 237
1683719441566 8.93829 238
1683719441631 8.938265 239
1683719441693 8.938245 240
1683719441755 8.938227 241
1683719441818 8.938208 242
1683719441881 8.93819 243
1683719441942 8.938176 244
1683719442005 8.938161 245
1683719442068 8.9381485 246
1683719442130 8.938136 247
1683719442191 8.938125 248
1683719442254 8.938113 249
1683719442317 8.938105 250
