1683719386248 57.282467 1
1683719386322 56.656605 2
1683719386387 55.237427 3
1683719386451 54.645878 4
1683719386515 54.283485 5
1683719386581 53.822327 6
1683719386644 52.368233 7
1683719386708 51.628845 8
1683719386773 50.0458 9
1683719386836 47.452156 10
1683719386900 43.32904 11
1683719386966 41.33187 12
1683719387033 40.118073 13
1683719387098 37.966633 14
1683719387161 21.9305 15
1683719387227 14.421043 16
1683719387293 12.56405 17
1683719387357 10.00417 18
1683719387423 11.602299 19
1683719387487 10.046013 20
1683719387551 9.160341 21
1683719387614 9.034618 22
1683719387677 8.953688 23
1683719387740 8.952977 24
1683719387803 8.952232 25
1683719387868 8.946197 26
1683719387936 8.940263 27
1683719388001 8.939743 28
1683719388064 8.94047 29
1683719388129 8.939407 30
1683719388194 8.93756 31
1683719388258 8.936493 32
1683719388324 8.936142 33
1683719388394 8.936005 34
1683719388463 8.935894 35
1683719388526 8.935707 36
1683719388589 8.935397 37
1683719388652 8.935102 38
1683719388714 8.934925 39
1683719388777 8.934835 40
1683719388840 8.934791 41
1683719388902 8.934786 42
1683719388963 8.9348135 43
1683719389024 8.9348755 44
1683719389087 8.935031 45
1683719389148 8.935253 46
1683719389210 8.935234 47
1683719389271 8.935088 48
1683719389333 8.935038 49
1683719389395 8.935066 50
1683719389458 8.93508 51
1683719389520 8.934994 52
1683719389583 8.935005 53
1683719389643 8.936488 54
1683719389703 8.939125 55
1683719389763 8.956071 56
1683719389826 8.936184 57
1683719389887 8.934 58
1683719389948 8.934629 59
1683719390008 8.935291 60
1683719390071 8.934977 61
1683719390132 8.93457 62
1683719390192 8.934191 63
1683719390253 8.934066 64
1683719390316 8.934088 65
1683719390377 8.934112 66
1683719390438 8.93413 67
1683719390501 8.934174 68
1683719390567 8.934237 69
1683719390629 8.934301 70
1683719390693 8.9343605 71
1683719390754 8.934418 72
1683719390818 8.934471 73
1683719390882 8.934519 74
1683719390943 8.934563 75
1683719391009 8.934603 76
1683719391072 8.934641 77
1683719391133 8.934677 78
1683719391195 8.9347105 79
1683719391256 8.934741 80
1683719391319 8.934763 81
1683719391380 8.934773 82
1683719391442 8.934773 83
1683719391506 8.934763 84
1683719391569 8.934749 85
1683719391631 8.93473 86
1683719391693 8.9347105 87
1683719391755 8.934692 88
1683719391817 8.934675 89
1683719391879 8.93466 90
1683719391950 8.934649 91
1683719392019 8.934641 92
1683719392082 8.934637 93
1683719392145 8.934636 94
1683719392207 8.934637 95
1683719392270 8.934639 96
1683719392332 8.934643 97
1683719392396 8.934647 98
1683719392458 8.93465 99
1683719392521 8.934655 100
1683719392586 8.93466 101
1683719392649 8.934668 102
1683719392711 8.934677 103
1683719392773 8.93469 104
1683719392838 8.934711 105
1683719392901 8.934735 106
1683719392962 8.9347515 107
1683719393025 8.934746 108
1683719393087 8.934716 109
1683719393149 8.934676 110
1683719393210 8.934642 111
1683719393271 8.93462 112
1683719393332 8.934609 113
1683719393393 8.934602 114
1683719393454 8.934589 115
1683719393516 8.934561 116
1683719393579 8.934511 117
1683719393641 8.934451 118
1683719393704 8.934401 119
1683719393770 8.93437 120
1683719393831 8.934357 121
1683719393892 8.934354 122
1683719393955 8.934357 123
1683719394016 8.934365 124
1683719394081 8.934377 125
1683719394144 8.934391 126
1683719394205 8.934411 127
1683719394267 8.934431 128
1683719394332 8.934454 129
1683719394396 8.934475 130
1683719394459 8.934494 131
1683719394522 8.934512 132
1683719394586 8.934529 133
1683719394648 8.9345455 134
1683719394709 8.934561 135
1683719394772 8.934574 136
1683719394835 8.9345875 137
1683719394897 8.934602 138
1683719394961 8.934614 139
1683719395025 8.934626 140
1683719395087 8.934636 141
1683719395150 8.934645 142
1683719395211 8.934653 143
1683719395273 8.93466 144
1683719395336 8.934665 145
1683719395398 8.934669 146
1683719395459 8.934671 147
1683719395520 8.934673 148
1683719395583 8.934674 149
1683719395645 8.934674 150
1683719395707 8.934675 151
1683719395771 8.934675 152
1683719395833 8.934675 153
1683719395897 8.934675 154
1683719395958 8.934676 155
1683719396023 8.934677 156
1683719396087 8.934679 157
1683719396149 8.93468 158
1683719396209 8.934681 159
1683719396270 8.934684 160
1683719396333 8.934687 161
1683719396395 8.93469 162
1683719396458 8.934696 163
1683719396524 8.9347 164
1683719396586 8.934706 165
1683719396649 8.9347105 166
1683719396712 8.934715 167
1683719396773 8.934719 168
1683719396839 8.934722 169
1683719396901 8.934723 170
1683719396966 8.934724 171
1683719397029 8.934721 172
1683719397092 8.934717 173
1683719397155 8.93471 174
1683719397218 8.934699 175
1683719397282 8.934681 176
1683719397346 8.934662 177
1683719397409 8.934643 178
1683719397473 8.934624 179
1683719397535 8.9346075 180
1683719397599 8.934589 181
1683719397660 8.934568 182
1683719397723 8.9345455 183
1683719397786 8.934521 184
1683719397848 8.934497 185
1683719397911 8.934473 186
1683719397973 8.934452 187
1683719398035 8.934435 188
1683719398097 8.934424 189
1683719398160 8.934418 190
1683719398222 8.934417 191
1683719398284 8.93442 192
1683719398345 8.934428 193
1683719398406 8.93444 194
1683719398470 8.934453 195
1683719398531 8.934469 196
1683719398593 8.934487 197
1683719398653 8.934505 198
1683719398716 8.934525 199
1683719398779 8.934543 200
1683719398843 8.934563 201
1683719398907 8.93458 202
1683719398969 8.934598 203
1683719399031 8.934613 204
1683719399277 8.9346285 205
1683719399401 8.934642 206
1683719399501 8.934654 207
1683719399566 8.934664 208
1683719399627 8.934672 209
1683719399689 8.934679 210
1683719399752 8.934685 211
1683719399815 8.934688 212
1683719399877 8.93469 213
1683719399938 8.93469 214
1683719400000 8.934691 215
1683719400072 8.934691 216
1683719400141 8.93469 217
1683719400206 8.9346895 218
1683719400269 8.934689 219
1683719400332 8.934688 220
1683719400396 8.934687 221
1683719400461 8.934686 222
1683719400524 8.934686 223
1683719400586 8.934687 224
1683719400647 8.934689 225
1683719400709 8.934692 226
1683719400770 8.934696 227
1683719400832 8.934702 228
1683719400896 8.934708 229
1683719400957 8.934715 230
1683719401059 8.934721 231
1683719401123 8.934727 232
1683719401186 8.934731 233
1683719401248 8.934732 234
1683719401310 8.934734 235
1683719401372 8.934732 236
1683719401434 8.93473 237
1683719401498 8.934727 238
1683719401560 8.934723 239
1683719401623 8.934716 240
1683719401686 8.934706 241
1683719401747 8.934691 242
1683719401809 8.934671 243
1683719401873 8.934647 244
1683719401934 8.934624 245
1683719401997 8.934603 246
1683719402060 8.934586 247
1683719402119 8.93457 248
1683719402182 8.934557 249
1683719402243 8.934542 250
