1683719101363 55.468933 1
1683719101467 33.665016 2
1683719101532 19.733566 3
1683719101598 13.632747 4
1683719101662 10.832579 5
1683719101725 9.889559 6
1683719101788 10.30872 7
1683719101853 10.766975 8
1683719101916 9.760243 9
1683719101981 9.328635 10
1683719102045 9.320366 11
1683719102109 9.389132 12
1683719102175 9.329227 13
1683719102237 9.311785 14
1683719102301 9.340333 15
1683719102364 9.396652 16
1683719102428 9.435827 17
1683719102492 9.458352 18
1683719102556 9.439423 19
1683719102725 9.350468 20
1683719102855 9.282543 21
1683719102946 9.2732525 22
1683719103016 9.30808 23
1683719103083 9.365467 24
1683719103146 9.425677 25
1683719103210 9.468555 26
1683719103278 9.486771 27
1683719103340 9.487766 28
1683719103402 9.477098 29
1683719103463 9.454683 30
1683719103524 9.421952 31
1683719103587 9.38313 32
1683719103648 9.340496 33
1683719103710 9.292306 34
1683719103773 9.23404 35
1683719103835 9.173352 36
1683719103897 9.138237 37
1683719103958 9.129779 38
1683719104019 9.132182 39
1683719104082 9.1373415 40
1683719104144 9.14225 41
1683719104207 9.145418 42
1683719104268 9.146251 43
1683719104330 9.144879 44
1683719104393 9.142012 45
1683719104461 9.138557 46
1683719104524 9.13524 47
1683719104588 9.132448 48
1683719104653 9.130291 49
1683719104715 9.1287 50
1683719104776 9.127537 51
1683719104839 9.126664 52
1683719104900 9.12598 53
1683719104959 9.12543 54
1683719105021 9.124992 55
1683719105083 9.124668 56
1683719105145 9.124468 57
1683719105207 9.124392 58
1683719105269 9.124428 59
1683719105330 9.124555 60
1683719105390 9.12475 61
1683719105452 9.125002 62
1683719105516 9.125298 63
1683719105581 9.125655 64
1683719105645 9.126235 65
1683719105708 9.12718 66
1683719105769 9.128235 67
1683719105832 9.128225 68
1683719105893 9.128411 69
1683719105955 9.129291 70
1683719106017 9.130589 71
1683719106079 9.131627 72
1683719106143 9.131981 73
1683719106206 9.131698 74
1683719106266 9.131082 75
1683719106329 9.130408 76
1683719106391 9.129808 77
1683719106452 9.129309 78
1683719106514 9.128893 79
1683719106578 9.128535 80
1683719106642 9.12822 81
1683719106703 9.127938 82
1683719106765 9.127686 83
1683719106826 9.127459 84
1683719106886 9.127256 85
1683719106947 9.127075 86
1683719107009 9.126912 87
1683719107072 9.126762 88
1683719107135 9.126625 89
1683719107201 9.126499 90
1683719107264 9.12639 91
1683719107326 9.126301 92
1683719107436 9.126236 93
1683719107499 9.126197 94
1683719107561 9.126184 95
1683719107625 9.126192 96
1683719107685 9.126216 97
1683719107747 9.126251 98
1683719107808 9.126293 99
1683719107871 9.126341 100
1683719107932 9.126391 101
1683719107996 9.126446 102
1683719108057 9.126506 103
1683719108121 9.12657 104
1683719108182 9.126637 105
1683719108244 9.126711 106
1683719108309 9.126789 107
1683719108372 9.126871 108
1683719108433 9.126957 109
1683719108496 9.127049 110
1683719108561 9.127148 111
1683719108625 9.127257 112
1683719108687 9.127383 113
1683719108851 9.127543 114
1683719108913 9.1277275 115
1683719108976 9.127881 116
1683719109037 9.128012 117
1683719109098 9.12819 118
1683719109162 9.128469 119
1683719109224 9.128841 120
1683719109286 9.129215 121
1683719109349 9.129486 122
1683719109413 9.129591 123
1683719109476 9.129532 124
1683719109540 9.129347 125
1683719109603 9.129081 126
1683719109667 9.128774 127
1683719109729 9.128456 128
1683719109791 9.128153 129
1683719109859 9.12788 130
1683719109925 9.127652 131
1683719109987 9.12747 132
1683719110050 9.12733 133
1683719110113 9.127224 134
1683719110176 9.127142 135
1683719110238 9.127071 136
1683719110300 9.127005 137
1683719110363 9.126938 138
1683719110424 9.126869 139
1683719110487 9.126801 140
1683719110549 9.126731 141
1683719110616 9.126665 142
1683719110681 9.126604 143
1683719110743 9.126553 144
1683719110806 9.126509 145
1683719110869 9.126474 146
1683719110931 9.126448 147
1683719110993 9.12643 148
1683719111055 9.126419 149
1683719111116 9.126415 150
1683719111178 9.126416 151
1683719111240 9.126421 152
1683719111303 9.12643 153
1683719111366 9.126443 154
1683719111456 9.126457 155
1683719111520 9.126474 156
1683719111582 9.126495 157
1683719111645 9.126517 158
1683719111707 9.126541 159
1683719111768 9.126567 160
1683719111829 9.126594 161
1683719111890 9.126621 162
1683719111953 9.126651 163
1683719112014 9.126681 164
1683719112076 9.126713 165
1683719112138 9.126745 166
1683719112202 9.1267805 167
1683719112262 9.126817 168
1683719112324 9.126855 169
1683719112386 9.126896 170
1683719112450 9.126938 171
1683719112512 9.126984 172
1683719112575 9.127037 173
1683719112638 9.127109 174
1683719112700 9.127212 175
1683719112762 9.127348 176
1683719112965 9.12749 177
1683719113037 9.127607 178
1683719113098 9.127696 179
1683719113159 9.127792 180
1683719113222 9.12793 181
1683719113284 9.128088 182
1683719113347 9.128214 183
1683719113408 9.128245 184
1683719113468 9.12816 185
1683719113530 9.12798 186
1683719113591 9.1277485 187
1683719113654 9.127509 188
1683719113716 9.127298 189
1683719113776 9.127131 190
1683719113837 9.127017 191
1683719113898 9.126948 192
1683719113960 9.12692 193
1683719114023 9.126915 194
1683719114085 9.1269245 195
1683719114146 9.126937 196
1683719114210 9.126944 197
1683719114272 9.126943 198
1683719114574 9.126932 199
1683719114742 9.126912 200
1683719114823 9.126886 201
1683719114886 9.126856 202
1683719114948 9.126824 203
1683719115009 9.126793 204
1683719115070 9.126764 205
1683719115134 9.126738 206
1683719115198 9.126717 207
1683719115259 9.126698 208
1683719115320 9.126683 209
1683719115381 9.126672 210
1683719115443 9.126664 211
1683719115515 9.126659 212
1683719115584 9.1266575 213
1683719115651 9.126658 214
1683719115714 9.126661 215
1683719115776 9.126668 216
1683719115837 9.126676 217
1683719115899 9.126686 218
1683719115961 9.126698 219
1683719116022 9.126712 220
1683719116085 9.126726 221
1683719116146 9.12674 222
1683719116211 9.126755 223
1683719116274 9.126768 224
1683719116338 9.126779 225
1683719116402 9.126787 226
1683719116465 9.126793 227
1683719116527 9.126795 228
1683719116591 9.126796 229
1683719116653 9.126795 230
1683719116716 9.126794 231
1683719116777 9.126795 232
1683719116838 9.126799 233
1683719116902 9.126809 234
1683719116965 9.126823 235
1683719117027 9.1268425 236
1683719117088 9.126866 237
1683719117151 9.126895 238
1683719117214 9.126926 239
1683719117275 9.126961 240
1683719117336 9.126996 241
1683719117398 9.127031 242
1683719117461 9.127063 243
1683719117525 9.127088 244
1683719117586 9.127103 245
1683719117647 9.127109 246
1683719117711 9.127102 247
1683719117772 9.127082 248
1683719117834 9.1270485 249
1683719117896 9.126999 250
