1683720774268 13.38807085627474 1
1683720774364 15.315896754474629 2
1683720774436 15.446381935237657 3
1683720774499 16.618272136411388 4
1683720774562 14.699531281213849 5
1683720774624 15.218804178154365 6
1683720774687 15.503636852206082 7
1683720774752 13.825870579412152 8
1683720774815 12.304499735597956 9
1683720774878 10.645320658756344 10
1683720774941 9.040304809717286 11
1683720775005 5.569957512772827 12
1683720775069 2.00883258581671 13
1683720775134 1.6176997286957797 14
1683720775198 0.453921460599207 15
1683720775265 0.48436877538709805 16
1683720775328 0.5384148650670976 17
1683720775392 0.6634263203101362 18
1683720775455 0.7384453696606685 19
1683720775519 0.8190420208125289 20
1683720775583 0.915583067926733 21
1683720775647 1.0400495123630604 22
1683720775712 1.1927643851033969 23
1683720775775 1.366338841360783 24
1683720775838 1.553295916536049 25
1683720775902 1.7505401484353351 26
1683720775968 1.9557025127643186 27
1683720776033 2.1654489001024686 28
1683720776096 2.3780863316060827 29
1683720776158 2.5946001354766985 30
1683720776224 2.815840870188033 31
1683720776289 3.039784562894606 32
1683720776351 3.260137035554061 33
1683720776414 3.46532582072853 34
1683720776478 3.6359393175898025 35
1683720776541 3.7438333670589623 36
1683720776601 3.7758551428071274 37
1683720776666 3.7838992267500666 38
1683720776730 3.8123890622595327 39
1683720776794 3.8288070697161127 40
1683720776860 3.7732908090778867 41
1683720776923 3.5926662731212065 42
1683720776988 3.270138810704844 43
1683720777053 2.845860931969769 44
1683720777116 2.4023086697180673 45
1683720777178 2.022614742003633 46
1683720777299 1.7569731688256467 47
1683720777451 1.5975433721428078 48
1683720777540 1.5038953803332837 49
1683720777602 1.443852601415101 50
1683720777664 1.3971262174459729 51
1683720777726 1.3507957581873766 52
1683720777787 1.2973867997403634 53
1683720777848 1.2352793722785929 54
1683720777909 1.169088421009834 55
1683720777969 1.1080011458356034 56
1683720778031 1.0618527893411853 57
1683720778095 1.0365805680873985 58
1683720778160 1.0324511299653498 59
1683720778225 1.0459206272478327 60
1683720778286 1.0721797194440843 61
1683720778347 1.1065326520101864 62
1683720778407 1.1448999628878025 63
1683720778469 1.1840268210305416 64
1683720778531 1.2215489262271788 65
1683720778594 1.2558515228353981 66
1683720778656 1.2855517288195697 67
1683720778718 1.308700921715234 68
1683720778780 1.322086843331015 69
1683720778842 1.3212734394853825 70
1683720778903 1.3022035170606336 71
1683720778963 1.264167686618316 72
1683720779024 1.2117841663106157 73
1683720779086 1.1537824682444422 74
1683720779151 1.0998341752641678 75
1683720779213 1.0577554051102356 76
1683720779275 1.032069592696882 77
1683720779337 1.0240875414749373 78
1683720779400 1.0330282428317477 79
1683720779462 1.0571993746239063 80
1683720779528 1.0947336013233588 81
1683720779588 1.1438655579112835 82
1683720779648 1.2029512716579265 83
1683720779710 1.2704049878004595 84
1683720779774 1.344616045341593 85
1683720779836 1.4238876439210566 86
1683720779900 1.5064006698756474 87
1683720780060 1.5902165508821666 88
1683720780227 1.673310751912463 89
1683720780353 1.7536331465975619 90
1683720780431 1.8292131312858826 91
1683720780492 1.8982797760961934 92
1683720780554 1.9593929305943447 93
1683720780615 2.011579003568795 94
1683720780676 2.054439443895936 95
1683720780741 2.0882231298771208 96
1683720780802 2.113856125785991 97
1683720780862 2.132942479914672 98
1683720780924 2.1476806217514373 99
1683720780986 2.1607454160824893 100
1683720781049 2.1750513523325163 101
1683720781110 2.1934672078804285 102
1683720781173 2.218472124873446 103
1683720781236 2.2518377183391567 104
1683720781298 2.2944041993729383 105
1683720781359 2.345950852618331 106
1683720781419 2.4051108575176667 107
1683720781481 2.469271727876045 108
1683720781542 2.534388317292482 109
1683720781602 2.594723631406614 110
1683720781666 2.642667031753008 111
1683720781729 2.669117217859043 112
1683720781790 2.6651158420905383 113
1683720781851 2.6248196335483636 114
1683720781912 2.5487860726514016 115
1683720781973 2.44560503406218 116
1683720782034 2.3300019767760527 117
1683720782095 2.2173964377452964 118
1683720782160 2.1187247519766106 119
1683720782222 2.039004879557337 120
1683720782284 1.9792156796522729 121
1683720782345 1.9389279859867075 122
1683720782405 1.917593783449961 123
1683720782474 1.913861984914495 124
1683720782541 1.924397800657132 125
1683720782603 1.9439581401659047 126
1683720782666 1.9663453243224482 127
1683720782731 1.985128830932043 128
1683720782792 1.9938836952485612 129
1683720782853 1.9864120101291334 130
1683720782915 1.9574848415781145 131
1683720782976 1.9041996151573246 132
1683720783035 1.8273014318364427 133
1683720783099 1.7314368177756068 134
1683720783161 1.6239227891404002 135
1683720783225 1.5128238654839117 136
1683720783286 1.4054199334076778 137
1683720783348 1.3074690140438772 138
1683720783410 1.2231031068507783 139
1683720783472 1.1549312698181542 140
1683720783532 1.1041363984709684 141
1683720783592 1.0706569934428916 142
1683720783655 1.0535343551853695 143
1683720783719 1.0513465367097057 144
1683720783781 1.062587731691164 145
1683720783842 1.0858704906087169 146
1683720783904 1.1199808175325086 147
1683720783966 1.1638378818388018 148
1683720784028 1.2164144770534349 149
1683720784091 1.2766522384847068 150
1683720784155 1.343394519787427 151
1683720784222 1.4153255665487048 152
1683720784284 1.4909444532962932 153
1683720784345 1.5685562984954418 154
1683720784406 1.6462941009246477 155
1683720784467 1.7221585773270331 156
1683720784530 1.7941055473093885 157
1683720784593 1.860161171827509 158
1683720784656 1.9185693551827592 159
1683720784722 1.9679667188012362 160
1683720784783 2.0075610964353894 161
1683720784845 2.037287128494735 162
1683720784906 2.0579295684059993 163
1683720784966 2.0711555840874585 164
1683720785026 2.079435087348877 165
1683720785087 2.085820598782693 166
1683720785150 2.0935833744912395 167
1683720785217 2.105773654052547 168
1683720785282 2.1248008597835466 169
1683720785343 2.152211226158011 170
1683720785519 2.188639315782331 171
1683720785689 2.23393846424776 172
1683720785768 2.287358942291983 173
1683720785830 2.3477118545644777 174
1683720785891 2.413472305186747 175
1683720785953 2.4828043921726777 176
1683720786015 2.553490757922275 177
1683720786074 2.6227954768333936 178
1683720786137 2.6873027230872735 179
1683720786240 2.742815044016497 180
1683720786303 2.7845074677637784 181
1683720786366 2.8075642722437437 182
1683720786428 2.8083148365700117 183
1683720786489 2.7855433999716994 184
1683720786548 2.741158298121736 185
1683720786608 2.6796022672431166 186
1683720786669 2.606242485488791 187
1683720786736 2.5257982071206486 188
1683720786797 2.441813027116135 189
1683720786858 2.3573817320119095 190
1683720786919 2.276723250735436 191
1683720786983 2.2060242377482626 192
1683720787046 2.1512660018574414 193
1683720787106 2.1138722082771273 194
1683720787170 2.0894186755571664 195
1683720787235 2.0700228605205266 196
1683720787298 2.04694102175359 197
1683720787360 2.0121893939767643 198
1683720787422 1.959910073536011 199
1683720787483 1.8877434324665603 200
1683720787542 1.797555069675424 201
1683720787600 1.6947880514636093 202
1683720787662 1.586684065071551 203
1683720787726 1.4804603239500327 204
1683720787787 1.3821526154035169 205
1683720787848 1.2961930524554393 206
1683720787907 1.2254210226981406 207
1683720787970 1.1712546400214323 208
1683720788033 1.1339090554018207 209
1683720788098 1.1127062397793528 210
1683720788162 1.1064492176651655 211
1683720788227 1.1137558769079399 212
1683720788288 1.133297349426009 213
1683720788349 1.1638804988811562 214
1683720788409 1.2044579940410853 215
1683720788471 1.2540692674143052 216
1683720788532 1.3117739366970578 217
1683720788593 1.3765767269763667 218
1683720788653 1.447367529018471 219
1683720788717 1.5228749010398193 220
1683720788782 1.6016297743792927 221
1683720788842 1.6819651745106379 222
1683720788903 1.762030027951774 223
1683720788963 1.8398301372213235 224
1683720789024 1.9133183678974524 225
1683720789086 1.9805021236296385 226
1683720789150 2.0396246039951555 227
1683720789217 2.0893553394470956 228
1683720789281 2.1290114940004297 229
1683720789352 2.158775992468734 230
1683720789414 2.179836720721766 231
1683720789476 2.1944320391113306 232
1683720789539 2.2057096306166786 233
1683720789600 2.2173786339900277 234
1683720789660 2.2331673830606933 235
1683720789723 2.256261914880757 236
1683720789789 2.2888732629094646 237
1683720789849 2.3320790076155804 238
1683720789909 2.3859115553028674 239
1683720789971 2.4495462328453774 240
1683720790033 2.5214805508730107 241
1683720790092 2.599646574146454 242
1683720790153 2.6814434127996285 243
1683720790216 2.7637170588496165 244
1683720790279 2.842759317374677 245
1683720790340 2.9143496260712127 246
1683720790401 2.9739587602334274 247
1683720790466 3.01712842056209 248
1683720790526 3.040075937866278 249
1683720790595 3.040411560391401 250
