1684206936034 0.5334368 1
1684206936104 0.4636872 2
1684206936171 0.3982533 3
1684206936251 0.34243667 4
1684206936302 0.29921803 5
1684206936371 0.26902395 6
1684206936449 0.2503935 7
1684206936503 0.24087971 8
1684206936588 0.23782146 9
1684206936650 0.23884653 10
1684206936722 0.2421078 11
1684206936788 0.2463219 12
1684206936850 0.25069356 13
1684206936919 0.2547963 14
1684206936988 0.25845277 15
1684206937051 0.26163676 16
1684206937120 0.2644025 17
1684206937189 0.26683843 18
1684206937263 0.26904 19
1684206937321 0.2710954 20
1684206937390 0.27307943 21
1684206937468 0.2750522 22
1684206937521 0.2770596 23
1684206937590 0.27913553 24
1684206937653 0.28130388 25
1684206937722 0.2835808 26
1684206937795 0.28597635 27
1684206937855 0.28849602 28
1684206937922 0.2911422 29
1684206937991 0.29391482 30
1684206938048 0.2968124 31
1684206938122 0.29983234 32
1684206938176 0.30297157 33
1684206938254 0.30622673 34
1684206938325 0.30959433 35
1684206938392 0.31307116 36
1684206938454 0.3166541 37
1684206938523 0.32034034 38
1684206938577 0.3241274 39
1684206938639 0.32801297 40
1684206938708 0.33199513 41
1684206938777 0.33607215 42
1684206938850 0.3402426 43
1684206938909 0.3445052 44
1684206938978 0.34885895 45
1684206939040 0.3533029 46
1684206939109 0.35783634 47
1684206939178 0.3624586 48
1684206939241 0.36716908 49
1684206939310 0.37196735 50
1684206939378 0.376853 51
1684206939440 0.38182557 52
1684206939495 0.38688475 53
1684206939573 0.39203024 54
1684206939626 0.39726177 55
1684206939695 0.402579 56
1684206939758 0.4079817 57
1684206939827 0.41346955 58
1684206939880 0.41904238 59
1684206939961 0.4246999 60
1684206940080 0.43044186 61
1684206940143 0.4362681 62
1684206940212 0.44217825 63
1684206940274 0.44817224 64
1684206940328 0.45424977 65
1684206940407 0.4604106 66
1684206940474 0.46665454 67
1684206940528 0.47298133 68
1684206940597 0.47939086 69
1684206940659 0.48588288 70
1684206940728 0.49245718 71
1684206940797 0.49911356 72
1684206940860 0.50585186 73
1684206940932 0.5126718 74
1684206940998 0.51957333 75
1684206941060 0.52655613 76
1684206941129 0.53362006 77
1684206941183 0.5407649 78
1684206941245 0.5479907 79
1684206941314 0.55529696 80
1684206941383 0.5626837 81
1684206941446 0.5701506 82
1684206941516 0.5776977 83
1684206941583 0.58532465 84
1684206941646 0.5930313 85
1684206941715 0.60081756 86
1684206941784 0.6086832 87
1684206941846 0.61662805 88
1684206941915 0.6246519 89
1684206941984 0.6327546 90
1684206942052 0.64093614 91
1684206942116 0.64919615 92
1684206942185 0.6575345 93
1684206942247 0.665951 94
1684206942316 0.6744457 95
1684206942385 0.6830181 96
1684206942448 0.6916678 97
1684206942521 0.7003943 98
1684206942585 0.70919734 99
1684206942648 0.71807706 100
1684206942715 0.72703314 101
1684206942778 0.7360655 102
1684206942848 0.7451743 103
1684206942917 0.75435936 104
1684206942980 0.7636207 105
1684206943033 0.7729581 106
1684206943115 0.7823716 107
1684206943177 0.791861 108
1684206943250 0.8014263 109
1684206943319 0.81106716 110
1684206943388 0.8207836 111
1684206943466 0.83057547 112
1684206943535 0.8404425 113
1684206943599 0.8503846 114
1684206943665 0.8604015 115
1684206943735 0.87049323 116
1684206943789 0.88065946 117
1684206943851 0.8909001 118
1684206943920 0.90121496 119
1684206943989 0.9116038 120
1684206944052 0.92206657 121
1684206944117 0.93260306 122
1684206944190 0.943213 123
1684206944252 0.9538963 124
1684206944321 0.9646529 125
1684206944390 0.9754826 126
1684206944453 0.98638487 127
1684206944522 0.9973599 128
1684206944591 1.0084074 129
1684206944650 1.0195272 130
1684206944706 1.0307192 131
1684206944784 1.0419831 132
1684206944838 1.0533187 133
1684206944907 1.0647259 134
1684206944985 1.0762044 135
1684206945038 1.0877542 136
1684206945107 1.099375 137
1684206945181 1.1110668 138
1684206945241 1.1228292 139
1684206945307 1.1346618 140
1684206945370 1.1465648 141
1684206945439 1.1585379 142
1684206945492 1.1705809 143
1684206945555 1.1826935 144
1684206945871 1.1948756 145
1684206945956 1.2071269 146
1684206946025 1.2194474 147
1684206946094 1.2318368 148
1684206946157 1.2442946 149
1684206946228 1.2568212 150
1684206946294 1.2694159 151
1684206946357 1.2820786 152
1684206946426 1.2948093 153
1684206946495 1.3076077 154
1684206946558 1.3204732 155
1684206946611 1.3334062 156
1684206946673 1.346406 157
1684206946742 1.3594728 158
1684206946809 1.3726059 159
1684206946871 1.3858056 160
1684206947191 1.3990712 161
1684206947308 1.412403 162
1684206947389 1.4258002 163
1684206947445 1.4392631 164
1684206947514 1.4527911 165
1684206947576 1.4663842 166
1684206947645 1.480042 167
1684206947714 1.4937644 168
1684206947777 1.507551 169
1684206947854 1.5214016 170
1684206947914 1.5353165 171
1684206947977 1.5492946 172
1684206948046 1.5633365 173
1684206948115 1.5774413 174
1684206948177 1.5916089 175
1684206948262 1.6058395 176
1684206948331 1.6201322 177
1684206948400 1.6344873 178
1684206948462 1.6489043 179
1684206948532 1.6633831 180
1684206948594 1.6779233 181
1684206948663 1.6925248 182
1684206948716 1.7071872 183
1684206948779 1.7219105 184
1684206948848 1.7366942 185
1684206948920 1.7515383 186
1684206948982 1.7664423 187
1684206949048 1.781406 188
1684206949117 1.7964294 189
1684206949180 1.811512 190
1684206949249 1.8266536 191
1684206949302 1.8418541 192
1684206949380 1.857113 193
1684206949435 1.8724302 194
1684206949502 1.8878057 195
1684206949565 1.9032388 196
1684206949634 1.9187295 197
1684206949703 1.9342777 198
1684206949765 1.9498827 199
1684206949819 1.9655448 200
1684206949897 1.9812634 201
1684206949952 1.9970382 202
1684206950019 2.0128694 203
1684206950081 2.0287576 204
1684206950150 2.0447025 205
1684206950219 2.0607052 206
1684206950282 2.076765 207
1684206950351 2.0928812 208
1684206950420 2.1090536 209
1684206950483 2.1252816 210
1684206950553 2.1415648 211
1684206950620 2.157903 212
1684206950683 2.1742954 213
1684206950736 2.190742 214
1684206950805 2.207242 215
1684206950868 2.2237954 216
1684206950937 2.2404022 217
1684206951006 2.257062 218
1684206951071 2.2737741 219
1684206951137 2.2905388 220
1684206951306 2.3073556 221
1684206951406 2.3242252 222
1684206951485 2.3411465 223
1684206951561 2.35812 224
1684206951623 2.375145 225
1684206951685 2.3922212 226
1684206951754 2.4093494 227
1684206951823 2.426529 228
1684206951886 2.4437597 229
1684206951955 2.4610415 230
1684206952008 2.4783745 231
1684206952072 2.4957583 232
1684206952139 2.5131927 233
1684206952208 2.530678 234
1684206952271 2.548214 235
1684206952340 2.5658002 236
1684206952409 2.5834372 237
1684206952487 2.6011243 238
1684206952540 2.6188617 239
1684206952609 2.6366491 240
1684206952674 2.6544867 241
1684206952747 2.6723745 242
1684206952809 2.690312 243
1684206952872 2.7082992 244
1684206952941 2.7263367 245
1684206953010 2.7444236 246
1684206953072 2.7625604 247
1684206953140 2.7807465 248
1684206953210 2.7989826 249
1684206953272 2.8172681 250
