1684207139355 0.0009779947882873434 1
1684207139448 0.0009064559371586512 2
1684207139519 0.0008381911703027548 3
1684207139587 0.0007707699190936906 4
1684207139657 0.0006981273292279154 5
1684207139722 0.0006177267858651325 6
1684207139789 0.0005360601847064063 7
1684207139857 0.0004685534623276921 8
1684207139920 0.00043200687212484123 9
1684207139989 0.0004311447795367217 10
1684207140058 0.0004540460181191458 11
1684207140136 0.0004837063026314673 12
1684207140205 0.0005087004263755144 13
1684207140274 0.0005247042772923506 14
1684207140336 0.0005322428123491294 15
1684207140405 0.0005345262659214249 16
1684207140474 0.0005357970984496427 17
1684207140552 0.0005402676773414532 18
1684207140621 0.0005512915859937995 19
1684207140722 0.0005709987785856459 20
1684207140875 0.0006001634294781745 21
1684207140953 0.0006384769123726547 22
1684207141022 0.0006850574525914312 23
1684207141076 0.0007387925866131131 24
1684207141138 0.0007986283582226853 25
1684207141207 0.0008636976020493977 26
1684207141285 0.0009333927568932832 27
1684207141342 0.0010072183986101753 28
1684207141415 0.0010849015794047586 29
1684207141476 0.0011662766172801722 30
1684207141539 0.0012512674281988396 31
1684207141608 0.0013398653625425042 32
1684207141677 0.001432106587140213 33
1684207141739 0.0015280610864978313 34
1684207141808 0.001627791310399662 35
1684207141877 0.0017314101971991512 36
1684207141940 0.0018389797392977718 37
1684207142009 0.0019505856871621942 38
1684207142078 0.002066311091642173 39
1684207142147 0.002186245283007668 40
1684207142209 0.0023104820604319077 41
1684207142278 0.0024390840177859526 42
1684207142341 0.0025721208432336676 43
1684207142407 0.0027096935409970176 44
1684207142463 0.002851873132039026 45
1684207142526 0.002998716964729134 46
1684207142595 0.0031503405482791102 47
1684207142664 0.0033067713142788196 48
1684207142726 0.003468096968176618 49
1684207142795 0.0036343959080130683 50
1684207142868 0.0038057396454832457 51
1684207142923 0.0039821912971256925 52
1684207142996 0.00416384045375605 53
1684207143065 0.004350752630577694 54
1684207143127 0.00454302109401292 55
1684207143196 0.004740750621211551 56
1684207143259 0.004943944747284577 57
1684207143328 0.005152750239050629 58
1684207143390 0.005367238009583469 59
1684207143455 0.0055874215571259985 60
1684207143512 0.00581342482562779 61
1684207143581 0.006045308907215773 62
1684207143660 0.006283141292491822 63
1684207143729 0.006527019269825402 64
1684207143782 0.006776986395026256 65
1684207143845 0.007033150695280441 66
1684207143922 0.0072955984739340885 67
1684207143982 0.007564408907517986 68
1684207144045 0.007839651694784292 69
1684207144114 0.00812139173347318 70
1684207144167 0.008409730417518623 71
1684207144245 0.008704740975848583 72
1684207144299 0.00900647274314462 73
1684207144368 0.009315040851483533 74
1684207144430 0.009630496985135883 75
1684207144502 0.00995309909973933 76
1684207144564 0.010282943291244148 77
1684207144630 0.010620119903399748 78
1684207144684 0.010964710493460813 79
1684207144762 0.011316727648584374 80
1684207144815 0.01167620259275523 81
1684207144884 0.012043302884681393 82
1684207144947 0.012418070724393361 83
1684207145024 0.012800510789523187 84
1684207145084 0.013190749001419722 85
1684207145147 0.013588727200982677 86
1684207145216 0.013994510675948531 87
1684207145285 0.014408142880452071 88
1684207145347 0.014829614339246025 89
1684207145416 0.015259023773603183 90
1684207145485 0.015696449557315823 91
1684207145552 0.016141789299616037 92
1684207145617 0.016595279727502556 93
1684207145686 0.01705693073368571 94
1684207145748 0.017526801582263947 95
1684207145817 0.018004950544883137 96
1684207145886 0.01849149977428415 97
1684207145949 0.018986505416437323 98
1684207146018 0.019489962910488098 99
1684207146084 0.02000206792290533 100
1684207146146 0.02052279095222042 101
1684207146218 0.021052282924178916 102
1684207146287 0.02159051928718716 103
1684207146349 0.022137666329040313 104
1684207146418 0.022693767949017157 105
1684207146472 0.023258846814624312 106
1684207146550 0.023833022466385887 107
1684207146603 0.024416337546301264 108
1684207146672 0.025008935779303194 109
1684207146750 0.025610762053488174 110
1684207146819 0.02622203528310987 111
1684207146888 0.026842686192039077 112
1684207146951 0.027472881839126075 113
1684207147020 0.02811262882946719 114
1684207147073 0.028762055982928164 115
1684207147137 0.02942117595341549 116
1684207147205 0.030090125082533385 117
1684207147274 0.030768913812636856 118
1684207147336 0.03145763594204658 119
1684207147405 0.03215635053388377 120
1684207147474 0.032865150192222574 121
1684207147537 0.033584065839781345 122
1684207147590 0.03431321339064615 123
1684207147667 0.035052666601464534 124
1684207147721 0.035802413573080304 125
1684207147790 0.03656260340596237 126
1684207147853 0.03733323934415974 127
1684207147922 0.03811449899311207 128
1684207147991 0.03890634307767521 129
1684207148091 0.03970886003002483 130
1684207148162 0.040522163226277406 131
1684207148225 0.041346291977481214 132
1684207148291 0.04218131108530622 133
1684207148354 0.04302730709468063 134
1684207148407 0.043884300608303874 135
1684207148476 0.04475240227710459 136
1684207148538 0.04563168830495225 137
1684207148608 0.04652219721024186 138
1684207148677 0.047424011274340705 139
1684207148741 0.04833719713420105 140
1684207148808 0.04926183179687991 141
1684207148877 0.05019793199917412 142
1684207148939 0.05114563774650904 143
1684207149008 0.05210497457275502 144
1684207149071 0.053076036098670856 145
1684207149124 0.05405880649911117 146
1684207149193 0.05505348827895275 147
1684207149257 0.056060060138520065 148
1684207149324 0.05707859299318186 149
1684207149393 0.05810915531831348 150
1684207149456 0.059151870423870274 151
1684207149525 0.06020675866558398 152
1684207149578 0.06127385787787546 153
1684207149656 0.062353246689381525 154
1684207149710 0.063445041672245 155
1684207149787 0.06454931314346637 156
1684207149851 0.06566610870199284 157
1684207149910 0.06679540675264145 158
1684207149979 0.06793741048479127 159
1684207150041 0.06909210915123824 160
1684207150288 0.07025962089273954 161
1684207150395 0.07143995718133084 162
1684207150473 0.07263324147391352 163
1684207150527 0.07383945518250942 164
1684207150596 0.07505875397491305 165
1684207150658 0.0762911214687059 166
1684207150727 0.0775367882490641 167
1684207150796 0.07879562662566944 168
1684207150870 0.08006785015618723 169
1684207150928 0.08135340891447485 170
1684207150997 0.08265246240306831 171
1684207151060 0.08396504281808001 172
1684207151129 0.08529124086833219 173
1684207151198 0.08663107588916072 174
1684207151260 0.08798468595456913 175
1684207151338 0.08935209290359164 176
1684207151398 0.09073335342720157 177
1684207151560 0.09212857066049147 178
1684207151699 0.09353783111702535 179
1684207151777 0.09496117772691502 180
1684207151830 0.09639861268497749 181
1684207151901 0.09785031576551502 182
1684207151963 0.09931630508449966 183
1684207152031 0.10079667607091473 184
1684207152099 0.10229159374296252 185
1684207152163 0.1038008890557653 186
1684207152231 0.10532474228846889 187
1684207152300 0.10686328980843339 188
1684207152362 0.10841658428554636 189
1684207152440 0.1099846097475527 190
1684207152500 0.11156756207218946 191
1684207152562 0.11316550749255039 192
1684207152632 0.1147783158794942 193
1684207152701 0.1164063443206227 194
1684207152763 0.11804947208657499 195
1684207152848 0.11970784568183085 196
1684207152917 0.12138147018891877 197
1684207152985 0.12307056101940261 198
1684207153048 0.12477494662073617 199
1684207153117 0.1264949892934781 200
1684207153186 0.1282306328876486 201
1684207153249 0.12998189528374848 202
1684207153318 0.13174893604210158 203
1684207153387 0.13353186400471684 204
1684207153455 0.13533055915827918 205
1684207153515 0.13714523984074725 206
1684207153587 0.1389759337750109 207
1684207153650 0.14082282235824461 208
1684207153719 0.14268589845673874 209
1684207153788 0.14456529039051946 210
1684207153850 0.1464608396413764 211
1684207153919 0.14837306466394154 212
1684207153984 0.15030160712171844 213
1684207154048 0.15224681216605587 214
1684207154104 0.1542086415077323 215
1684207154188 0.15618716575697097 216
1684207154251 0.15818247197874633 217
1684207154320 0.1601946791551431 218
1684207154389 0.16222381113461337 219
1684207154467 0.16426998494884304 220
1684207154533 0.16633324391063206 221
1684207154605 0.16841370062137992 222
1684207154689 0.17051135600031372 223
1684207154752 0.172626429947401 224
1684207154842 0.17475886680304253 225
1684207154923 0.17690882855202178 226
1684207154994 0.17907631965973614 227
1684207155079 0.18126141359987066 228
1684207155146 0.18346422218510347 229
1684207155227 0.18568483074063885 230
1684207155298 0.18792327342807902 231
1684207155368 0.19017963432783086 232
1684207155447 0.1924540048054948 233
1684207155520 0.19474637230589245 234
1684207155591 0.19705707796929267 235
1684207155672 0.19938585556383356 236
1684207155751 0.20173290229297952 237
1684207155823 0.2040984274014549 238
1684207155907 0.20648239097507096 239
1684207155985 0.2088848131725903 240
1684207156054 0.21130578717831242 241
1684207156120 0.2137455227468675 242
1684207156192 0.2162039946198545 243
1684207156255 0.21868118061424735 244
1684207156324 0.22117719215448076 245
1684207156408 0.22369220673922632 246
1684207156471 0.22622633105007872 247
1684207156546 0.22877941318632397 248
1684207156624 0.23135163503811762 249
1684207156695 0.2339430624804706 250
