1684206150032 0.53303546 1
1684206150098 0.46230203 2
1684206150180 0.39514878 3
1684206150245 0.33685097 4
1684206150298 0.29049957 5
1684206150377 0.25673044 6
1684206150446 0.23433353 7
1684206150499 0.22110058 8
1684206150577 0.21456054 9
1684206150646 0.21246627 10
1684206150722 0.21303181 11
1684206150781 0.21498233 12
1684206150847 0.21749426 13
1684206150931 0.22009073 14
1684206151000 0.22253451 15
1684206151063 0.22473863 16
1684206151132 0.22670144 17
1684206151201 0.22846316 18
1684206151282 0.2300796 19
1684206151348 0.23160763 20
1684206151417 0.23309815 21
1684206151479 0.23459345 22
1684206151548 0.2361269 23
1684206151617 0.23772377 24
1684206151680 0.23940247 25
1684206151760 0.2411755 26
1684206151818 0.24305123 27
1684206151896 0.24503452 28
1684206151949 0.24712794 29
1684206152022 0.24933216 30
1684206152100 0.25164667 31
1684206152165 0.2540701 32
1684206152219 0.2566005 33
1684206152298 0.25923574 34
1684206152369 0.26197338 35
1684206152435 0.26481128 36
1684206152504 0.26774707 37
1684206152566 0.27077872 38
1684206152635 0.27390438 39
1684206152703 0.2771223 40
1684206152758 0.28043094 41
1684206152837 0.28382903 42
1684206152901 0.28731537 43
1684206152958 0.29088902 44
1684206153027 0.29454914 45
1684206153089 0.29829496 46
1684206153158 0.30212587 47
1684206153227 0.30604136 48
1684206153290 0.3100409 49
1684206153353 0.3141241 50
1684206153412 0.31829065 51
1684206153490 0.32254016 52
1684206153544 0.32687238 53
1684206153613 0.331287 54
1684206153675 0.33578375 55
1684206153744 0.34036243 56
1684206153807 0.3450227 57
1684206153877 0.34976447 58
1684206153936 0.3545874 59
1684206153998 0.35949132 60
1684206154060 0.36447603 61
1684206154129 0.36954132 62
1684206154214 0.37468684 63
1684206154277 0.37991259 64
1684206154346 0.38521832 65
1684206154418 0.3906037 66
1684206154469 0.39606863 67
1684206154546 0.40161294 68
1684206154608 0.40723616 69
1684206154662 0.41293815 70
1684206154731 0.4187187 71
1684206154793 0.42457768 72
1684206154862 0.430515 73
1684206154936 0.43653047 74
1684206155109 0.44262403 75
1684206155178 0.44879562 76
1684206155247 0.45504507 77
1684206155316 0.46137226 78
1684206155379 0.467777 79
1684206155448 0.47425923 80
1684206155516 0.4808188 81
1684206155579 0.48745555 82
1684206155632 0.4941693 83
1684206155710 0.5009599 84
1684206155764 0.5078273 85
1684206155833 0.5147712 86
1684206155895 0.5217916 87
1684206155964 0.52888817 88
1684206156035 0.5360609 89
1684206156097 0.54330945 90
1684206156164 0.5506336 91
1684206156233 0.5580333 92
1684206156296 0.5655084 93
1684206156396 0.57305896 94
1684206156465 0.5806849 95
1684206156534 0.58838606 96
1684206156601 0.5961625 97
1684206156665 0.6040141 98
1684206156734 0.6119408 99
1684206156797 0.6199424 100
1684206156850 0.628019 101
1684206156919 0.63617027 102
1684206156982 0.6443962 103
1684206157060 0.6526966 104
1684206157119 0.6610714 105
1684206157182 0.6695205 106
1684206157251 0.6780436 107
1684206157320 0.68664074 108
1684206157382 0.6953117 109
1684206157452 0.7040564 110
1684206157521 0.71287465 111
1684206157585 0.72176635 112
1684206157650 0.73073137 113
1684206157713 0.7397695 114
1684206157783 0.7488807 115
1684206157852 0.7580648 116
1684206157914 0.7673216 117
1684206157968 0.776651 118
1684206158037 0.78605306 119
1684206158099 0.7955273 120
1684206158171 0.80507374 121
1684206158237 0.8146923 122
1684206158300 0.82438284 123
1684206158369 0.83414507 124
1684206158438 0.843979 125
1684206158500 0.85388446 126
1684206158553 0.8638612 127
1684206158622 0.87390924 128
1684206158688 0.8840283 129
1684206158754 0.8942183 130
1684206158823 0.9044791 131
1684206158886 0.91481054 132
1684206158955 0.9252125 133
1684206159017 0.9356847 134
1684206159086 0.94622713 135
1684206159175 0.9568397 136
1684206159240 0.9675221 137
1684206159302 0.9782742 138
1684206159371 0.9890959 139
1684206159440 0.9999871 140
1684206159503 1.0109476 141
1684206159556 1.0219772 142
1684206159625 1.0330758 143
1684206159688 1.0442431 144
1684206159759 1.0554793 145
1684206159825 1.0667837 146
1684206159888 1.0781566 147
1684206159957 1.0895977 148
1684206160019 1.1011066 149
1684206160088 1.1126837 150
1684206160142 1.1243283 151
1684206160220 1.1360404 152
1684206160286 1.1478199 153
1684206160342 1.1596665 154
1684206160404 1.1715802 155
1684206160474 1.1835608 156
1684206160543 1.1956079 157
1684206160605 1.2077217 158
1684206160674 1.2199018 159
1684206160743 1.2321479 160
1684206160809 1.2444602 161
1684206160874 1.2568381 162
1684206160943 1.2692816 163
1684206161006 1.2817907 164
1684206161059 1.2943649 165
1684206161128 1.3070042 166
1684206161191 1.3197086 167
1684206161260 1.3324773 168
1684206161329 1.3453109 169
1684206161387 1.3582087 170
1684206161461 1.3711705 171
1684206161530 1.3841965 172
1684206161592 1.3972859 173
1684206161661 1.4104393 174
1684206161724 1.4236557 175
1684206161793 1.4369354 176
1684206162025 1.450278 177
1684206162210 1.4636834 178
1684206162326 1.4771515 179
1684206162389 1.4906818 180
1684206162463 1.5042744 181
1684206162532 1.5179288 182
1684206162595 1.531645 183
1684206162648 1.5454228 184
1684206162727 1.559262 185
1684206162780 1.5731622 186
1684206162849 1.5871234 187
1684206162920 1.6011454 188
1684206162980 1.6152277 189
1684206163049 1.6293705 190
1684206163112 1.6435732 191
1684206163181 1.657836 192
1684206163281 1.672158 193
1684206163350 1.6865399 194
1684206163419 1.7009807 195
1684206163484 1.7154807 196
1684206163535 1.7300394 197
1684206163613 1.7446566 198
1684206163667 1.7593323 199
1684206163736 1.774066 200
1684206163798 1.7888577 201
1684206163867 1.8037069 202
1684206163930 1.8186138 203
1684206164000 1.8335778 204
1684206164052 1.8485987 205
1684206164114 1.8636765 206
1684206164183 1.8788109 207
1684206164253 1.8940017 208
1684206164315 1.9092485 209
1684206164384 1.9245511 210
1684206164453 1.9399098 211
1684206164519 1.9553236 212
1684206164584 1.9707928 213
1684206164653 1.9863168 214
1684206164716 2.001896 215
1684206164769 2.0175292 216
1684206164838 2.0332172 217
1684206164901 2.0489593 218
1684206164970 2.0647552 219
1684206165042 2.0806048 220
1684206165099 2.096508 221
1684206165170 2.1124642 222
1684206165232 2.1284735 223
1684206165286 2.1445355 224
1684206165355 2.1606505 225
1684206165417 2.176818 226
1684206165486 2.193037 227
1684206165556 2.2093086 228
1684206165620 2.2256317 229
1684206165671 2.2420065 230
1684206165740 2.2584326 231
1684206165803 2.27491 232
1684206165872 2.291438 233
1684206165941 2.308017 234
1684206166003 2.3246465 235
1684206166057 2.3413262 236
1684206166123 2.3580563 237
1684206166188 2.3748364 238
1684206166257 2.391666 239
1684206166319 2.4085453 240
1684206166389 2.4254742 241
1684206166458 2.442452 242
1684206166520 2.4594789 243
1684206166595 2.4765546 244
1684206166658 2.493679 245
1684206166720 2.5108519 246
1684206166774 2.528073 247
1684206166843 2.5453424 248
1684206166905 2.5626597 249
1684206166974 2.5800247 250
