1684208092318 0.6089282568585349 1
1684208092396 0.5316868377801675 2
1684208092460 0.4579206721179574 3
1684208092525 0.39334301587016424 4
1684208092594 0.34137828980044976 5
1684208092662 0.3028385746627849 6
1684208092725 0.27654751159259766 7
1684208092794 0.26023179844151145 8
1684208092857 0.25130301961363904 9
1684208092926 0.24738154758954278 10
1684208092995 0.2465566065268019 11
1684208093057 0.24744718750098008 12
1684208093127 0.2491446635144777 13
1684208093195 0.2511064753352526 14
1684208093274 0.25304538054656606 15
1684208093343 0.25483690733668396 16
1684208093412 0.2564512993227001 17
1684208093474 0.25790804048294974 18
1684208093543 0.2592478481990046 19
1684208093612 0.2605169035433853 20
1684208093681 0.2617586694070268 21
1684208093746 0.26301032908692723 22
1684208093813 0.26430199629986484 23
1684208093882 0.2656568298177306 24
1684208093944 0.2670920938833548 25
1684208094013 0.26861998573472146 26
1684208094082 0.2702487988445929 27
1684208094145 0.2719837000519305 28
1684208094223 0.2738274160775224 29
1684208094283 0.2757810391217669 30
1684208094356 0.2778443039699819 31
1684208094414 0.2800161145457828 32
1684208094483 0.28229479596396495 33
1684208094545 0.28467835944873715 34
1684208094615 0.28716462181817454 35
1684208094684 0.28975140391148363 36
1684208094746 0.2924365708787088 37
1684208094815 0.29521814815240216 38
1684208094884 0.29809424055639133 39
1684208094946 0.30106318623833533 40
1684208095015 0.30412347167338055 41
1684208095084 0.30727374996740675 42
1684208095147 0.31051288873706745 43
1684208095216 0.31383984404211424 44
1684208095285 0.3172537125210461 45
1684208095349 0.32075374217511143 46
1684208095416 0.3243392327884184 47
1684208095485 0.32800958423847887 48
1684208095548 0.33176425695386835 49
1684208095617 0.3356027839234959 50
1684208095679 0.3395247343535735 51
1684208095733 0.3435297222909062 52
1684208095812 0.3476173655755594 53
1684208095886 0.3517873173685019 54
1684208095949 0.35603924305096835 55
1684208096018 0.3603727981283706 56
1684208096080 0.3647876768260241 57
1684208096133 0.36928359369518665 58
1684208096202 0.3738601948655753 59
1684208096265 0.3785172020614382 60
1684208096344 0.38325430167536817 61
1684208096403 0.3880712022807195 62
1684208096465 0.3929676104107562 63
1684208096534 0.3979432193410797 64
1684208096603 0.4029977714328698 65
1684208096666 0.40813095011678374 66
1684208096735 0.4133425049790055 67
1684208096788 0.41863215055756553 68
1684208096865 0.4239996325518438 69
1684208096929 0.42944465466840204 70
1684208096988 0.43496699903486236 71
1684208097050 0.4405663311147654 72
1684208097119 0.4462424353329105 73
1684208097188 0.4519950694738491 74
1684208097251 0.4578239532281699 75
1684208097320 0.46372880156842405 76
1684208097388 0.469709381882836 77
1684208097447 0.4757654310846539 78
1684208097505 0.48189675559100736 79
1684208097583 0.48810300848501104 80
1684208097652 0.4943840471109094 81
1684208097705 0.5007395081929629 82
1684208097768 0.5071692631474571 83
1684208097837 0.513673030175185 84
1684208097906 0.5202504697763128 85
1684208097965 0.5269015026101573 86
1684208098037 0.5336257524089024 87
1684208098090 0.5404230595144415 88
1684208098153 0.547293155049143 89
1684208098222 0.5542357859011884 90
1684208098291 0.5612507412696648 91
1684208098353 0.5683377445117579 92
1684208098422 0.5754966292484373 93
1684208098496 0.5827271129132938 94
1684208098560 0.5900289018799523 95
1684208098622 0.5974018891061693 96
1684208098691 0.6048457354428518 97
1684208098753 0.6123602455494528 98
1684208098822 0.6199451508311212 99
1684208098891 0.627600274235544 100
1684208098973 0.6353253014244588 101
1684208099041 0.6431200777836951 102
1684208099123 0.6509842826256363 103
1684208099192 0.6589177811736181 104
1684208099254 0.6669202896464728 105
1684208099308 0.6749915102877633 106
1684208099370 0.6831313234231727 107
1684208099439 0.6913393942488403 108
1684208099514 0.6996155368121056 109
1684208099575 0.707959484585849 110
1684208099639 0.7163710666106133 111
1684208099708 0.7248499884353654 112
1684208099771 0.7333960196118174 113
1684208099824 0.7420089614025086 114
1684208099893 0.7506885402053537 115
1684208099956 0.75943450368027 116
1684208100025 0.7682466388783464 117
1684208100094 0.7771247050359978 118
1684208100159 0.7860685151771927 119
1684208100225 0.7950777299961131 120
1684208100288 0.8041521883626462 121
1684208100357 0.8132915885620033 122
1684208100410 0.8224957724610669 123
1684208100472 0.8317644201953714 124
1684208100541 0.8410973626588139 125
1684208100611 0.8504943463035739 126
1684208100674 0.8599550180018906 127
1684208100742 0.8694793272635547 128
1684208100796 0.8790668635778958 129
1684208100874 0.8887174537145891 130
1684208100943 0.8984308668459052 131
1684208100996 0.9082068630894847 132
1684208101074 0.9180451796797664 133
1684208101131 0.9279455339066172 134
1684208101197 0.9379077020534123 135
1684208101259 0.9479315099711927 136
1684208101328 0.9580167089993052 137
1684208101391 0.9681632134921666 138
1684208101460 0.978370753165581 139
1684208101529 0.988638657434742 140
1684208101591 0.998966526636335 141
1684208101646 1.0093539894809513 142
1684208101713 1.019800791953492 143
1684208101791 1.0303067138347919 144
1684208101845 1.0408715992290114 145
1684208101914 1.0514951317755845 146
1684208101992 1.0621772061728163 147
1684208102092 1.0729175850822803 148
1684208102162 1.0837159695364513 149
1684208102232 1.0945722062168948 150
1684208102299 1.1054860697404305 151
1684208102361 1.1164572462142706 152
1684208102430 1.1274855307890976 153
1684208102499 1.1385706925937351 154
1684208102562 1.1497125028565571 155
1684208102631 1.1609105109808848 156
1684208102701 1.172164642945032 157
1684208102766 1.1834743929706342 158
1684208102831 1.1948398278152481 159
1684208102894 1.206260379435374 160
1684208102963 1.2177359458349781 161
1684208103063 1.2292662826546414 162
1684208103132 1.240850942059591 163
1684208103201 1.252489780009967 164
1684208103267 1.2641824959136392 165
1684208103332 1.2759287667190355 166
1684208103395 1.287728374958156 167
1684208103448 1.2995810760752797 168
1684208103517 1.3114865610850646 169
1684208103595 1.323444482280649 170
1684208103648 1.3354546032120378 171
1684208103717 1.3475166613655578 172
1684208103781 1.3596304129409609 173
1684208103851 1.371795456815663 174
1684208103918 1.3840115236300363 175
1684208103980 1.3962784000243498 176
1684208104049 1.408595906464488 177
1684208104103 1.4209634417464647 178
1684208104181 1.433381017483997 179
1684208104234 1.4458481496385664 180
1684208104312 1.4583647425350361 181
1684208104366 1.4709303601109147 182
1684208104435 1.4835447507469406 183
1684208104504 1.4962075651515592 184
1684208104567 1.508918597839481 185
1684208104636 1.5216776101152962 186
1684208104705 1.5344841923290995 187
1684208104767 1.5473380274843866 188
1684208104835 1.5602388622671546 189
1684208104905 1.5731865660701307 190
1684208104968 1.586180680298137 191
1684208105021 1.5992208620851354 192
1684208105084 1.6123070783674192 193
1684208105153 1.6254386788871322 194
1684208105222 1.6386156276742108 195
1684208105284 1.6518374853699398 196
1684208105351 1.665104077323417 197
1684208105422 1.6784150540716092 198
1684208105484 1.6917701396117846 199
1684208105553 1.7051689929738385 200
1684208105607 1.7186114043551515 201
1684208105669 1.7320970360962786 202
1684208105738 1.7456255946545352 203
1684208105807 1.7591968858577678 204
1684208105883 1.7728105441429638 205
1684208105950 1.7864663176391573 206
1684208106008 1.8001637768426353 207
1684208106071 1.8139028570155684 208
1684208106140 1.8276831261712334 209
1684208106209 1.8415043839657408 210
1684208106271 1.8553662580454133 211
1684208106325 1.8692685774719549 212
1684208106404 1.8832110606250774 213
1684208106466 1.8971931031025335 214
1684208106525 1.9112145853916227 215
1684208106588 1.925274987728401 216
1684208106657 1.9393741062226224 217
1684208106726 1.9535119393155607 218
1684208106788 1.9676880308576146 219
1684208106857 1.981902171872473 220
1684208106910 1.996154245953246 221
1684208106981 2.0104441416640433 222
1684208107042 2.024771413113166 223
1684208107111 2.0391360435783485 224
1684208107189 2.0535376906644194 225
1684208107258 2.0679760931443076 226
1684208107327 2.0824510754413073 227
1684208107390 2.096962345099614 228
1684208107461 2.1115099444899132 229
1684208107528 2.1260933676483096 230
1684208107590 2.140712443321384 231
1684208107643 2.155367068332216 232
1684208107712 2.1700568127059072 233
1684208107775 2.1847817251149126 234
1684208107844 2.1995413056442947 235
1684208107913 2.2143355128066493 236
1684208107975 2.2291640704942446 237
1684208108031 2.244026929315294 238
1684208108113 2.2589236624388653 239
1684208108176 2.2738542896124736 240
1684208108229 2.288818539572108 241
1684208108304 2.303816003363291 242
1684208108360 2.3188470175548734 243
1684208108430 2.3339110126305136 244
1684208108492 2.349007769418569 245
1684208108567 2.3641373545973448 246
1684208108630 2.3792994462794828 247
1684208108692 2.3944940446165104 248
1684208108761 2.4097207454813128 249
1684208108831 2.424979459571046 250
