1684206348589 0.59497356 1
1684206348672 0.5210055 2
1684206348735 0.4501897 3
1684206348804 0.38797027 4
1684206348857 0.33763093 5
1684206348938 0.29998648 6
1684206349004 0.27397054 7
1684206349058 0.2574735 8
1684206349136 0.2480769 9
1684206349189 0.24354613 10
1684206349259 0.24207664 11
1684206349321 0.24235404 12
1684206349406 0.24350388 13
1684206349486 0.24499506 14
1684206349559 0.246538 15
1684206349622 0.24799879 16
1684206349691 0.24933545 17
1684206349760 0.2505549 18
1684206349822 0.25168642 19
1684206349892 0.25276628 20
1684206349961 0.25382993 21
1684206350025 0.25490826 22
1684206350092 0.2560267 23
1684206350161 0.25720495 24
1684206350223 0.25845793 25
1684206350293 0.25979638 26
1684206350362 0.26122767 27
1684206350424 0.2627565 28
1684206350493 0.26438552 29
1684206350567 0.26611593 30
1684206350630 0.2679477 31
1684206350694 0.26988006 32
1684206350763 0.27191177 33
1684206350825 0.27404115 34
1684206350894 0.27626646 35
1684206350963 0.27858585 36
1684206351026 0.2809975 37
1684206351096 0.28349978 38
1684206351163 0.28609103 39
1684206351226 0.28876978 40
1684206351295 0.29153475 41
1684206351358 0.29438478 42
1684206351427 0.29731888 43
1684206351480 0.30033606 44
1684206351543 0.30343556 45
1684206351615 0.30661672 46
1684206351681 0.30987895 47
1684206351744 0.31322163 48
1684206351813 0.31664437 49
1684206351882 0.32014662 50
1684206351944 0.3237281 51
1684206352013 0.32738835 52
1684206352082 0.3311271 53
1684206352149 0.33494398 54
1684206352214 0.3388387 55
1684206352267 0.34281087 56
1684206352345 0.3468603 57
1684206352399 0.35098666 58
1684206352468 0.35518962 59
1684206352530 0.35946897 60
1684206352599 0.36382434 61
1684206352678 0.36825556 62
1684206352744 0.37276226 63
1684206352799 0.37734422 64
1684206352868 0.38200116 65
1684206352931 0.3867328 66
1684206353000 0.39153886 67
1684206353069 0.39641917 68
1684206353131 0.4013733 69
1684206353202 0.40640116 70
1684206353269 0.4115024 71
1684206353332 0.41667682 72
1684206353385 0.4219241 73
1684206353463 0.4272441 74
1684206353517 0.43263644 75
1684206353586 0.43810102 76
1684206353648 0.44363755 77
1684206353726 0.44924572 78
1684206353786 0.45492542 79
1684206353848 0.46067634 80
1684206353917 0.46649823 81
1684206353971 0.47239098 82
1684206354033 0.4783542 83
1684206354102 0.48438776 84
1684206354172 0.4904914 85
1684206354234 0.49666494 86
1684206354303 0.5029081 87
1684206354365 0.5092206 88
1684206354435 0.51560235 89
1684206354488 0.52205306 90
1684206354566 0.52857256 91
1684206354635 0.53516054 92
1684206354689 0.54181683 93
1684206354767 0.5485412 94
1684206354822 0.55533355 95
1684206354889 0.5621934 96
1684206354951 0.56912076 97
1684206355020 0.57611537 98
1684206355090 0.583177 99
1684206355168 0.5903053 100
1684206355237 0.5975003 101
1684206355304 0.6047617 102
1684206355354 0.6120892 103
1684206355421 0.61948264 104
1684206355490 0.6269418 105
1684206355553 0.6344665 106
1684206355622 0.6420565 107
1684206355691 0.64971167 108
1684206355754 0.65743166 109
1684206355820 0.6652164 110
1684206355876 0.67306554 111
1684206355954 0.680979 112
1684206356007 0.6889565 113
1684206356076 0.6969979 114
1684206356139 0.705103 115
1684206356208 0.71327144 116
1684206356277 0.7215031 117
1684206356343 0.72979784 118
1684206356402 0.7381555 119
1684206356464 0.74657565 120
1684206356524 0.7550583 121
1684206356593 0.7636032 122
1684206356656 0.7722102 123
1684206356725 0.7808788 124
1684206356778 0.7896092 125
1684206356856 0.79840094 126
1684206356919 0.80725396 127
1684206356978 0.81616795 128
1684206357057 0.82514274 129
1684206357110 0.8341782 130
1684206357179 0.8432742 131
1684206357242 0.8524303 132
1684206357311 0.8616464 133
1684206357373 0.8709224 134
1684206357434 0.88025796 135
1684206357495 0.8896531 136
1684206357580 0.8991073 137
1684206357643 0.9086206 138
1684206357712 0.91819274 139
1684206357781 0.92782366 140
1684206357843 0.93751293 141
1684206357912 0.9472605 142
1684206357981 0.9570661 143
1684206358043 0.9669296 144
1684206358112 0.9768508 145
1684206358181 0.98682946 146
1684206358244 0.99686545 147
1684206358313 1.0069585 148
1684206358376 1.0171084 149
1684206358445 1.0273151 150
1684206358501 1.0375783 151
1684206358563 1.0478979 152
1684206358629 1.0582736 153
1684206358698 1.0687051 154
1684206358761 1.0791926 155
1684206358830 1.0897355 156
1684206358899 1.1003338 157
1684206358961 1.1109873 158
1684206359016 1.1216958 159
1684206359084 1.132459 160
1684206359146 1.1432769 161
1684206359215 1.1541493 162
1684206359284 1.1650758 163
1684206359347 1.1760564 164
1684206359416 1.1870908 165
1684206359478 1.1981788 166
1684206359531 1.2093204 167
1684206359600 1.2205153 168
1684206359678 1.2317631 169
1684206359748 1.2430639 170
1684206359801 1.2544175 171
1684206359863 1.2658236 172
1684206359986 1.277282 173
1684206360057 1.2887925 174
1684206360128 1.300355 175
1684206360186 1.3119693 176
1684206360249 1.3236351 177
1684206360318 1.3353524 178
1684206360387 1.3471208 179
1684206360449 1.3589402 180
1684206360518 1.3708105 181
1684206360582 1.3827314 182
1684206360647 1.3947028 183
1684206360703 1.4067245 184
1684206360766 1.4187962 185
1684206360835 1.4309179 186
1684206360904 1.4430891 187
1684206360966 1.45531 188
1684206361035 1.4675801 189
1684206361107 1.4798994 190
1684206361161 1.4922678 191
1684206361235 1.5046849 192
1684206361304 1.5171504 193
1684206361367 1.5296643 194
1684206361420 1.5422267 195
1684206361489 1.5548366 196
1684206361552 1.5674949 197
1684206361621 1.5802007 198
1684206361690 1.5929539 199
1684206361752 1.6057544 200
1684206361806 1.618602 201
1684206361884 1.6314964 202
1684206361937 1.6444378 203
1684206362006 1.6574255 204
1684206362069 1.6704597 205
1684206362138 1.6835401 206
1684206362209 1.6966665 207
1684206362271 1.7098386 208
1684206362338 1.7230563 209
1684206362407 1.7363157 210
1684206362470 1.7496154 211
1684206362523 1.7629546 212
1684206362592 1.7763333 213
1684206362655 1.789752 214
1684206362725 1.8032115 215
1684206362793 1.8167118 216
1684206362855 1.8302541 217
1684206362908 1.8438385 218
1684206362987 1.8574653 219
1684206363040 1.8711349 220
1684206363109 1.884847 221
1684206363172 1.8986022 222
1684206363240 1.9124 223
1684206363294 1.9262404 224
1684206363356 1.9401236 225
1684206363425 1.9540489 226
1684206363494 1.9680163 227
1684206363557 1.9820259 228
1684206363626 1.9960771 229
1684206363695 2.01017 230
1684206363761 2.024304 231
1684206363822 2.0384793 232
1684206363884 2.0526955 233
1684206363942 2.0669527 234
1684206364011 2.0812507 235
1684206364074 2.095589 236
1684206364143 2.1099675 237
1684206364196 2.1243863 238
1684206364259 2.138845 239
1684206364336 2.1533437 240
1684206364396 2.167882 241
1684206364459 2.1824598 242
1684206364528 2.1970768 243
1684206364591 2.2117333 244
1684206364660 2.2264285 245
1684206364713 2.2411625 246
1684206364791 2.2559352 247
1684206364855 2.2707465 248
1684206364913 2.2855961 249
1684206365114 2.300484 250
