1684208337364 0.5825267516695493 1
1684208337446 0.5080265959008653 2
1684208337534 0.43728559673004136 3
1684208337594 0.3758598267340337 4
1684208337679 0.32702000390160657 5
1684208337757 0.291453641681361 6
1684208337826 0.2678939710921581 7
1684208337911 0.2540110226423695 8
1684208337980 0.2471909757902199 9
1684208338063 0.24505509217208457 10
1684208338142 0.24571343683542152 11
1684208338211 0.24781873153892603 12
1684208338289 0.25050285649961934 13
1684208338380 0.2532650117948688 14
1684208338459 0.25585717701880467 15
1684208338528 0.2581892090918137 16
1684208338607 0.2602600643376326 17
1684208338661 0.2621123612250187 18
1684208338743 0.263805189042704 19
1684208338797 0.2653988609493523 20
1684208338875 0.2669476280147422 21
1684208338928 0.26849675965782627 22
1684208338997 0.2700820826687728 23
1684208339064 0.2717308338750853 24
1684208339129 0.27346284113738367 25
1684208339198 0.2752919001720101 26
1684208339261 0.2772270844075381 27
1684208339330 0.2792738372239635 28
1684208339398 0.2814348918478166 29
1684208339483 0.28371096624796577 30
1684208339546 0.2861014463274285 31
1684208339614 0.2886047334027574 32
1684208339683 0.2912187445851835 33
1684208339746 0.2939410280343063 34
1684208339799 0.29676903240843644 35
1684208339862 0.2997002254804169 36
1684208339931 0.3027321532870468 37
1684208340000 0.3058625315864656 38
1684208340078 0.30908926093720235 39
1684208340146 0.3124104568001515 40
1684208340200 0.31582444490958783 41
1684208340285 0.3193297262784033 42
1684208340347 0.3229250448707463 43
1684208340416 0.32660924039360995 44
1684208340485 0.330381356750066 45
1684208340548 0.3342405808412402 46
1684208340617 0.33818610183916537 47
1684208340678 0.34221735161937283 48
1684208340750 0.34633370820949216 49
1684208340817 0.35053470414094856 50
1684208340880 0.354819849326894 51
1684208340949 0.35918874558597513 52
1684208341018 0.36364096410472235 53
1684208341080 0.368176153811201 54
1684208341134 0.37279397785767 55
1684208341212 0.3774940822017347 56
1684208341267 0.3822761374047991 57
1684208341334 0.3871398237041823 58
1684208341403 0.392084835126606 59
1684208341466 0.39711085980193306 60
1684208341535 0.4022175990858431 61
1684208341666 0.4074047265327382 62
1684208341736 0.4126719639190445 63
1684208341804 0.41801904523737127 64
1684208341866 0.4234456365814542 65
1684208341920 0.4289514795956479 66
1684208341989 0.434536283888574 67
1684208342051 0.44019981613538034 68
1684208342120 0.4459417427112088 69
1684208342189 0.45176187738929935 70
1684208342261 0.45765994710028257 71
1684208342318 0.46363565972909127 72
1684208342389 0.4696887763754352 73
1684208342452 0.47581906598640517 74
1684208342505 0.4820263072652638 75
1684208342583 0.4883102180536148 76
1684208342652 0.4946705541189293 77
1684208342706 0.5011070409730161 78
1684208342768 0.5076195280387967 79
1684208342836 0.5142077454295616 80
1684208342906 0.5208713887568786 81
1684208342991 0.5276103259289994 82
1684208343053 0.5344242691627621 83
1684208343138 0.5413129779255829 84
1684208343207 0.5482762451420901 85
1684208343269 0.5553138745146111 86
1684208343339 0.5624256279833035 87
1684208343392 0.5696112156735305 88
1684208343470 0.5768705236906385 89
1684208343539 0.5842032222089519 90
1684208343592 0.5916091492455885 91
1684208343670 0.5990880316509395 92
1684208343724 0.606639760627103 93
1684208343793 0.6142639297145597 94
1684208343870 0.6219605429808424 95
1684208343924 0.6297291724862765 96
1684208343993 0.6375697592618329 97
1684208344055 0.6454817408562054 98
1684208344124 0.6534648934166253 99
1684208344193 0.6615189653406898 100
1684208344256 0.6696437664355056 101
1684208344444 0.6778387519501163 102
1684208344595 0.6861035939860002 103
1684208344673 0.6944381267456936 104
1684208344726 0.702842231616204 105
1684208344795 0.7113158032620006 106
1684208344858 0.7198587699232439 107
1684208344930 0.7284710725291612 108
1684208344996 0.7371526353901501 109
1684208345058 0.7459033118690982 110
1684208345127 0.7547230389936258 111
1684208345196 0.7636115411586208 112
1684208345259 0.7725687564026354 113
1684208345328 0.7815945079720605 114
1684208345390 0.7906885260549611 115
1684208345463 0.799850597250423 116
1684208345526 0.8090805928968201 117
1684208345588 0.8183782174799246 118
1684208345728 0.8277432885303962 119
1684208345775 0.8371755708316511 120
1684208345860 0.8466747880866531 121
1684208345913 0.8562407611419359 122
1684208346009 0.8658732146190921 123
1684208346071 0.8755719186270373 124
1684208346145 0.8853365343992484 125
1684208346214 0.8951669399910662 126
1684208346276 0.9050628327880176 127
1684208346345 0.9150239320340843 128
1684208346414 0.9250500645570172 129
1684208346477 0.9351410099270726 130
1684208346541 0.9452965248903114 131
1684208346615 0.9555163311035458 132
1684208346677 0.9658002356761838 133
1684208346731 0.9761479682484075 134
1684208346800 0.9865593629173031 135
1684208346862 0.997033978015736 136
1684208346931 1.0075718172337143 137
1684208347000 1.018172476552449 138
1684208347056 1.0288357480492878 139
1684208347132 1.0395613764441303 140
1684208347201 1.0503491834416552 141
1684208347263 1.0611987666251093 142
1684208347332 1.0721099891013781 143
1684208347401 1.0830825024170623 144
1684208347464 1.0941160452577523 145
1684208347517 1.1052104325338776 146
1684208347589 1.1163654141196873 147
1684208347648 1.1275806454871444 148
1684208347718 1.1388558776340338 149
1684208347780 1.150190957200476 150
1684208347849 1.1615854065113194 151
1684208347903 1.1730391303060954 152
1684208347981 1.1845517910615193 153
1684208348034 1.1961231717553622 154
1684208348114 1.2077528801917383 155
1684208348167 1.2194406911062645 156
1684208348234 1.231186332594987 157
1684208348303 1.2429895400478643 158
1684208348366 1.2548500672893006 159
1684208348435 1.2667674924397465 160
1684208348504 1.2787416857591527 161
1684208348566 1.290772200770186 162
1684208348634 1.3028587677047834 163
1684208348701 1.3150012012220134 164
1684208348751 1.3271990762425936 165
1684208348820 1.339452310545875 166
1684208348883 1.3517604458086268 167
1684208348952 1.3641230929874502 168
1684208349021 1.3765401595798583 169
1684208349083 1.3890111779234116 170
1684208349152 1.4015358695423212 171
1684208349221 1.4141139278350565 172
1684208349283 1.4267450798891586 173
1684208349352 1.4394289637627504 174
1684208349406 1.4521652582106075 175
1684208349468 1.4649537092902756 176
1684208349537 1.4777940102950873 177
1684208349606 1.490685676160166 178
1684208349676 1.5036285805600578 179
1684208349733 1.516622264236209 180
1684208349806 1.5296664139044038 181
1684208349869 1.5427607880428162 182
1684208349922 1.555904944808606 183
1684208350000 1.5690986469430637 184
1684208350054 1.5823414306155155 185
1684208350123 1.5956330290497602 186
1684208350185 1.608973160082688 187
1684208350250 1.6223613698150994 188
1684208350323 1.6357974686021892 189
1684208350385 1.6492809520859677 190
1684208350439 1.6628116097969179 191
1684208350508 1.67638893612622 192
1684208350570 1.6900127745956532 193
1684208350639 1.7036825984218642 194
1684208350709 1.7173981820600637 195
1684208350766 1.731159164125219 196
1684208350840 1.7449650985779863 197
1684208350902 1.7588156021714583 198
1684208350956 1.7727105783848691 199
1684208351025 1.7866494356361455 200
1684208351103 1.8006320004991614 201
1684208351285 1.8146577051331043 202
1684208351341 1.828726263589508 203
1684208351410 1.8428375124237197 204
1684208351473 1.8569909072222492 205
1684208351542 1.871186158915405 206
1684208351611 1.885422878089979 207
1684208351673 1.899700699423455 208
1684208351742 1.914019359991499 209
1684208351799 1.9283783993227483 210
1684208351877 1.942777707821275 211
1684208351943 1.9572164597820167 212
1684208352005 1.9716948930384357 213
1684208352059 1.9862123832282432 214
1684208352128 2.0007684692266148 215
1684208352190 2.015362950556255 216
1684208352259 2.0299955360183866 217
1684208352331 2.044665699481183 218
1684208352395 2.059373334249291 219
1684208352459 2.0741179600436896 220
1684208352513 2.0888994673530075 221
1684208352575 2.1037173315971645 222
1684208352644 2.118571183291669 223
1684208352713 2.133460773532855 224
1684208352776 2.1483858630190893 225
1684208352849 2.1633460422741657 226
1684208352912 2.178341223566066 227
1684208352976 2.1933708288014993 228
1684208353029 2.2084346642426316 229
1684208353092 2.2235324474879667 230
1684208353161 2.2386639070590024 231
1684208353230 2.253828524526785 232
1684208353292 2.269026575960543 233
1684208353378 2.284257189628179 234
1684208353445 2.299520366614343 235
1684208353496 2.3148158389995093 236
1684208353562 2.330143448571798 237
1684208353631 2.345502545725444 238
1684208353693 2.3608933365495663 239
1684208353762 2.3763153230422662 240
1684208353831 2.3917683729402146 241
1684208353894 2.4072520094541083 242
1684208353965 2.422766338116919 243
1684208354031 2.4383111063390266 244
1684208354094 2.453885943393037 245
1684208354163 2.4694911399504416 246
1684208354232 2.4851266968486305 247
1684208354294 2.5007922782360477 248
1684208354363 2.5164875238085154 249
1684208354435 2.532212953144009 250
