1684207484859 0.0016299128145215677 1
1684207484954 0.0014636006141484053 2
1684207485010 0.001322796137117265 3
1684207485091 0.0012240373869715775 4
1684207485153 0.0011646878411719515 5
1684207485222 0.0011286277605640181 6
1684207485291 0.0011001637831276057 7
1684207485354 0.001072060087190976 8
1684207485423 0.0010447746947478697 9
1684207485492 0.0010220561709205185 10
1684207485554 0.0010074128751374589 11
1684207485623 0.0010024450766111246 12
1684207485692 0.0010070634581482842 13
1684207485755 0.0010201736332864806 14
1684207485826 0.001040471496234015 15
1684207485892 0.0010666749753037673 16
1684207485971 0.0010977482617405049 17
1684207486040 0.0011328147916727506 18
1684207486109 0.0011711896168951903 19
1684207486171 0.0012122940420778634 20
1684207486240 0.0012556953703538782 21
1684207486311 0.0013010511751121781 22
1684207486376 0.0013481303810664582 23
1684207486425 0.0013967828651654333 24
1684207486494 0.0014469495937956371 25
1684207486625 0.0014985992757545214 26
1684207486688 0.0015517798313774357 27
1684207486741 0.001606528009379204 28
1684207486810 0.0016629684574161923 29
1684207486875 0.0017211657987061214 30
1684207486942 0.0017812259480012842 31
1684207487011 0.001843238790245521 32
1684207487073 0.0019073436020293965 33
1684207487142 0.0019736463956423382 34
1684207487211 0.00204227384940587 35
1684207487274 0.0021133191842349856 36
1684207487343 0.002186916502966747 37
1684207487410 0.0022631446645268727 38
1684207487472 0.002342136219267361 39
1684207487527 0.002423949399113745 40
1684207487596 0.0025087206767179745 41
1684207487659 0.002596512894138175 42
1684207487728 0.002687406504416813 43
1684207487797 0.0027814956127512848 44
1684207487859 0.0028788672247006043 45
1684207487928 0.002979593421148271 46
1684207487997 0.0030837431765612638 47
1684207488059 0.0031914172017095234 48
1684207488128 0.0033026712028762692 49
1684207488197 0.003417598254147135 50
1684207488260 0.003536272172870009 51
1684207488329 0.0036587458633069833 52
1684207488398 0.0037851183291452034 53
1684207488478 0.003915459019628179 54
1684207488545 0.004049826432456688 55
1684207488599 0.0041883276400636466 56
1684207488661 0.0043310155183741575 57
1684207488730 0.004477955375495811 58
1684207488799 0.004629215307049127 59
1684207488862 0.004784869452161289 60
1684207488931 0.00494497429973527 61
1684207488999 0.005109612283737592 62
1684207489062 0.005278854749224562 63
1684207489115 0.00545279711066653 64
1684207489193 0.005631449990995627 65
1684207489262 0.005814971578524533 66
1684207489331 0.0060033758843879865 67
1684207489394 0.006196742517915151 68
1684207489463 0.006395152293328675 69
1684207489534 0.006598694211153691 70
1684207489601 0.006807386550395279 71
1684207489663 0.0070213618756559395 72
1684207489732 0.007240634740870895 73
1684207489795 0.007465309923679925 74
1684207489864 0.0076954394038393804 75
1684207489917 0.007931103748503011 76
1684207489980 0.008172374140995541 77
1684207490058 0.008419304507981023 78
1684207490117 0.008671959995114834 79
1684207490180 0.00893042516497472 80
1684207490249 0.009194743002330032 81
1684207490318 0.009464959963422639 82
1684207490380 0.009741214125888636 83
1684207490434 0.010023453041154812 84
1684207490503 0.010311830749035933 85
1684207490582 0.010606363106595386 86
1684207490650 0.010907130022813714 87
1684207490703 0.011214206365495458 88
1684207490781 0.011527643771951819 89
1684207490835 0.011847465349541486 90
1684207490904 0.01217382774123017 91
1684207491164 0.012506739642554611 92
1684207491305 0.012846251535204247 93
1684207491368 0.013192482003692208 94
1684207491437 0.013545427681903536 95
1684207491506 0.013905203006478042 96
1684207491568 0.014271879930665327 97
1684207491647 0.01464546656728468 98
1684207491706 0.015026067534075163 99
1684207491768 0.015413763819111541 100
1684207491837 0.015808585854344522 101
1684207491906 0.01621060167059499 102
1684207491969 0.01661991450692873 103
1684207492022 0.017036531655048846 104
1684207492100 0.01746056185545587 105
1684207492171 0.017892031121007797 106
1684207492238 0.018331060387469195 107
1684207492301 0.018777643900168853 108
1684207492370 0.01923189869779477 109
1684207492423 0.019693858908924434 110
1684207492486 0.020163601909535398 111
1684207492555 0.020641208828246674 112
1684207492624 0.021126679231706653 113
1684207492695 0.021620175148799905 114
1684207492755 0.022121661021643795 115
1684207492824 0.022631259910461683 116
1684207492886 0.02314902873895616 117
1684207492955 0.02367499395624049 118
1684207493024 0.024209322333913676 119
1684207493103 0.024751938563872908 120
1684207493172 0.02530300888869022 121
1684207493225 0.02586258349646625 122
1684207493309 0.026430654514015755 123
1684207493372 0.027007349671807013 124
1684207493441 0.027592711067822896 125
1684207493503 0.028186819364179976 126
1684207493572 0.028789749352262767 127
1684207493626 0.02940153365792658 128
1684207493688 0.030022238871722933 129
1684207493767 0.030651911946230244 130
1684207493826 0.03129070391438983 131
1684207493888 0.03193857761717254 132
1684207493957 0.0325956726324546 133
1684207494026 0.03326195049108906 134
1684207494089 0.03393759375283818 135
1684207494142 0.03462260629321464 136
1684207494211 0.035317059244074855 137
1684207494284 0.036021016407061415 138
1684207494342 0.036734542637825454 139
1684207494411 0.03745770005858075 140
1684207494474 0.03819055555565445 141
1684207494543 0.03893321496259585 142
1684207494612 0.039685680209830536 143
1684207494674 0.04044802741890344 144
1684207494743 0.04122037429912224 145
1684207494813 0.04200268570329568 146
1684207494871 0.04279510394065141 147
1684207494929 0.04359769812495944 148
1684207495007 0.044410495066062684 149
1684207495076 0.04523357207925729 150
1684207495145 0.04606698551581289 151
1684207495214 0.04691086357701115 152
1684207495277 0.04776521882662832 153
1684207495353 0.048630099721245816 154
1684207495414 0.04950563651838747 155
1684207495477 0.05039180709876069 156
1684207495546 0.051288722067081724 157
1684207495608 0.05219642813970481 158
1684207495677 0.053115140393007784 159
1684207495746 0.05404470508496649 160
1684207495809 0.05498551556370173 161
1684207495874 0.05593763779315881 162
1684207495931 0.05690129407852622 163
1684207495994 0.05787641934091905 164
1684207496063 0.05886313746266679 165
1684207496132 0.059861395838404455 166
1684207496195 0.06087130058182174 167
1684207496264 0.0618928434744687 168
1684207496333 0.06292605062818202 169
1684207496401 0.0639709544037287 170
1684207496479 0.0650276480931897 171
1684207496533 0.06609617243939424 172
1684207496611 0.06717655112414841 173
1684207496664 0.0682688415663627 174
1684207496733 0.06937323845956994 175
1684207496796 0.07048967289416172 176
1684207496865 0.07161825620467653 177
1684207496935 0.07275906523973485 178
1684207496999 0.07391211684046263 179
1684207497049 0.07507756757782517 180
1684207497118 0.07625549646147206 181
1684207497181 0.07744586208794063 182
1684207497250 0.07864885736204595 183
1684207497319 0.07986447811010004 184
1684207497381 0.08109279818177259 185
1684207497449 0.08233393501772854 186
1684207497519 0.0835879509178942 187
1684207497582 0.08485488956508982 188
1684207497651 0.0861348851390422 189
1684207497720 0.087427969578112 190
1684207497969 0.08873411334925821 191
1684207498136 0.09005360403740773 192
1684207498199 0.09138637303724212 193
1684207498268 0.09273251943407702 194
1684207498337 0.0940920722929858 195
1684207498399 0.09546517471521569 196
1684207498468 0.09685196783725214 197
1684207498533 0.09825236440970916 198
1684207498596 0.09966658858023493 199
1684207498668 0.1010945601045286 200
1684207498737 0.1025364892819916 201
1684207498800 0.10399237914219482 202
1684207498869 0.10546243848973864 203
1684207498922 0.10694654863731977 204
1684207498985 0.10844485844036701 205
1684207499063 0.10995740497318804 206
1684207499122 0.11148438950119927 207
1684207499339 0.11302581548588257 208
1684207499423 0.11458178881882324 209
1684207499501 0.11615239443731157 210
1684207499570 0.11773760713837551 211
1684207499624 0.11933755966611588 212
1684207499686 0.12095235692947683 213
1684207499755 0.1225821024018442 214
1684207499824 0.1242268556012832 215
1684207499902 0.12588660597839763 216
1684207499956 0.12756148126655847 217
1684207500040 0.12925169455893906 218
1684207500115 0.130957100908566 219
1684207500187 0.1326777588377059 220
1684207500256 0.1344140551822778 221
1684207500341 0.13616578676373312 222
1684207500425 0.13793316261887412 223
1684207500488 0.1397162098817466 224
1684207500588 0.1415149261678062 225
1684207500660 0.1433295358587498 226
1684207500726 0.1451600637937091 227
1684207500788 0.1470064502973083 228
1684207500857 0.14886902126232457 229
1684207500926 0.15074767429630317 230
1684207500989 0.1526424559269641 231
1684207501058 0.15455353356338417 232
1684207501127 0.15648087919153778 233
1684207501193 0.1584246947528721 234
1684207501258 0.1603849671691237 235
1684207501321 0.1623618002630514 236
1684207501390 0.16435533717452586 237
1684207501443 0.16636551490019003 238
1684207501506 0.1683925005329671 239
1684207501575 0.17043623103448388 240
1684207501644 0.1724968391159258 241
1684207501711 0.17457444029842667 242
1684207501760 0.17666912423202932 243
1684207501829 0.17878068041811887 244
1684207501907 0.18090959161537562 245
1684207501960 0.1830556892062868 246
1684207502029 0.18521905947047412 247
1684207502108 0.18739974305105309 248
1684207502171 0.18959783503966104 249
1684207502240 0.19181343893343455 250
