1684208377418 0.5293961 1
1684208377672 0.45818985 2
1684208377753 0.3908922 3
1684208377818 0.3328433 4
1684208377888 0.2871228 5
1684208377951 0.2542919 6
1684208378020 0.23303193 7
1684208378089 0.2210212 8
1684208378151 0.21569137 9
1684208378220 0.2147254 10
1684208378286 0.2162962 11
1684208378351 0.21911189 12
1684208378420 0.22234973 13
1684208378489 0.22554547 14
1684208378552 0.22848052 15
1684208378621 0.23108876 16
1684208378674 0.23338857 17
1684208378737 0.23543802 18
1684208378806 0.23730797 19
1684208378875 0.23906732 20
1684208378937 0.24077633 21
1684208379006 0.24248424 22
1684208379075 0.24422944 23
1684208379138 0.24604061 24
1684208379207 0.24793844 25
1684208379276 0.24993701 26
1684208379338 0.25204554 27
1684208379410 0.25426924 28
1684208379476 0.25661066 29
1684208379538 0.25907016 30
1684208379607 0.2616468 31
1684208379670 0.2643387 32
1684208379723 0.26714337 33
1684208379792 0.27005813 34
1684208379855 0.27308005 35
1684208379926 0.27620637 36
1684208379993 0.2794345 37
1684208380055 0.28276196 38
1684208380124 0.28618652 39
1684208380178 0.2897062 40
1684208380256 0.29331928 41
1684208380309 0.29702437 42
1684208380378 0.30082005 43
1684208380452 0.30470535 44
1684208380510 0.3086793 45
1684208380579 0.3127411 46
1684208380641 0.31689018 47
1684208380710 0.32112607 48
1684208380773 0.32544822 49
1684208380826 0.32985622 50
1684208380895 0.33434966 51
1684208380959 0.3389282 52
1684208381025 0.34359145 53
1684208381096 0.34833914 54
1684208381159 0.3531709 55
1684208381228 0.3580865 56
1684208381281 0.36308566 57
1684208381344 0.36816806 58
1684208381413 0.3733335 59
1684208381482 0.37858173 60
1684208381547 0.3839125 61
1684208381613 0.3893256 62
1684208381682 0.39482066 63
1684208381744 0.4003976 64
1684208381813 0.4060561 65
1684208381876 0.41179624 66
1684208381945 0.4176178 67
1684208382011 0.42352062 68
1684208382079 0.42950457 69
1684208382130 0.4355695 70
1684208382199 0.44171524 71
1684208382261 0.4479415 72
1684208382330 0.45424825 73
1684208382399 0.46063516 74
1684208382462 0.46710208 75
1684208382544 0.4736489 76
1684208382599 0.4802753 77
1684208382677 0.48698124 78
1684208382746 0.49376643 79
1684208382815 0.50063074 80
1684208382878 0.50757396 81
1684208382931 0.514596 82
1684208383000 0.52169657 83
1684208383118 0.5288755 84
1684208383185 0.5361327 85
1684208383247 0.5434679 86
1684208383316 0.550881 87
1684208383386 0.5583718 88
1684208383448 0.56594 89
1684208383517 0.5735856 90
1684208383586 0.58130836 91
1684208383667 0.589108 92
1684208383733 0.59698445 93
1684208383802 0.6049375 94
1684208383864 0.612967 95
1684208383933 0.62107265 96
1684208384002 0.62925446 97
1684208384065 0.637512 98
1684208384135 0.6458453 99
1684208384203 0.654254 100
1684208384265 0.6627381 101
1684208384334 0.67129725 102
1684208384403 0.6799312 103
1684208384466 0.68864 104
1684208384541 0.6974232 105
1684208384603 0.7062808 106
1684208384668 0.715213 107
1684208384733 0.72421974 108
1684208384804 0.7333009 109
1684208384871 0.7424564 110
1684208384935 0.75168574 111
1684208384988 0.7609887 112
1684208385051 0.7703651 113
1684208385120 0.77981436 114
1684208385189 0.7893363 115
1684208385254 0.79893076 116
1684208385320 0.8085972 117
1684208385389 0.81833553 118
1684208385451 0.8281455 119
1684208385521 0.8380267 120
1684208385590 0.847979 121
1684208385652 0.85800207 122
1684208385719 0.86809576 123
1684208385790 0.8782599 124
1684208385852 0.8884941 125
1684208385921 0.8987981 126
1684208385984 0.90917194 127
1684208386037 0.919615 128
1684208386106 0.93012726 129
1684208386169 0.94070846 130
1684208386240 0.9513583 131
1684208386291 0.96207666 132
1684208386369 0.9728631 133
1684208386438 0.98371744 134
1684208386491 0.9946394 135
1684208386570 1.0056287 136
1684208386623 1.0166852 137
1684208386692 1.0278085 138
1684208386754 1.0389986 139
1684208386826 1.0502547 140
1684208386892 1.061577 141
1684208386955 1.0729649 142
1684208387008 1.0844184 143
1684208387071 1.095937 144
1684208387140 1.1075206 145
1684208387209 1.1191686 146
1684208387271 1.130881 147
1684208387344 1.1426573 148
1684208387409 1.1544975 149
1684208387471 1.166401 150
1684208387540 1.1783664 151
1684208387594 1.190393 152
1684208387672 1.2024804 153
1684208387741 1.2146282 154
1684208387794 1.2268366 155
1684208387874 1.2391051 156
1684208387941 1.251434 157
1684208388010 1.263823 158
1684208388073 1.2762723 159
1684208388142 1.2887814 160
1684208388211 1.3013506 161
1684208388273 1.3139791 162
1684208388342 1.3266672 163
1684208388407 1.3394142 164
1684208388470 1.3522199 165
1684208388542 1.3650842 166
1684208388611 1.3780063 167
1684208388674 1.3909864 168
1684208388743 1.4040236 169
1684208388796 1.4171178 170
1684208388858 1.4302688 171
1684208388939 1.443476 172
1684208388996 1.456739 173
1684208389074 1.4700572 174
1684208389128 1.4834306 175
1684208389197 1.4968587 176
1684208389259 1.5103414 177
1684208389328 1.5238776 178
1684208389397 1.5374675 179
1684208389455 1.5511105 180
1684208389513 1.5648062 181
1684208389591 1.5785542 182
1684208389644 1.592354 183
1684208389713 1.6062056 184
1684208389776 1.6201082 185
1684208389845 1.6340617 186
1684208389898 1.6480654 187
1684208389977 1.6621194 188
1684208390030 1.6762226 189
1684208390099 1.6903751 190
1684208390161 1.7045763 191
1684208390230 1.718826 192
1684208390299 1.7331235 193
1684208390362 1.7474682 194
1684208390415 1.7618594 195
1684208390487 1.7762966 196
1684208390550 1.7907797 197
1684208390616 1.8053083 198
1684208390832 1.8198825 199
1684208390963 1.834502 200
1684208391034 1.8491664 201
1684208391101 1.8638756 202
1684208391164 1.8786294 203
1684208391233 1.8934276 204
1684208391302 1.9082699 205
1684208391364 1.9231558 206
1684208391433 1.9380851 207
1684208391502 1.9530575 208
1684208391584 1.9680727 209
1684208391649 1.9831303 210
1684208391703 1.9982302 211
1684208391781 2.0133717 212
1684208391850 2.028555 213
1684208391919 2.0437791 214
1684208391981 2.0590444 215
1684208392082 2.0743504 216
1684208392153 2.0896966 217
1684208392219 2.105083 218
1684208392282 2.1205091 219
1684208392351 2.135975 220
1684208392420 2.1514802 221
1684208392482 2.1670244 222
1684208392551 2.1826077 223
1684208392606 2.1982293 224
1684208392671 2.2138896 225
1684208392736 2.229588 226
1684208392805 2.2453246 227
1684208392867 2.261099 228
1684208392936 2.2769113 229
1684208393005 2.2927608 230
1684208393068 2.3086476 231
1684208393138 2.324572 232
1684208393206 2.3405333 233
1684208393268 2.3565311 234
1684208393337 2.3725662 235
1684208393406 2.3886378 236
1684208393469 2.404746 237
1684208393538 2.4208903 238
1684208393600 2.4370713 239
1684208393669 2.4532886 240
1684208393723 2.4695418 241
1684208393801 2.4858313 242
1684208393870 2.5021565 243
1684208393923 2.5185177 244
1684208393986 2.534915 245
1684208394055 2.5513477 246
1684208394124 2.5678163 247
1684208394190 2.5843205 248
1684208394339 2.60086 249
1684208394440 2.617436 250
