1684208697256 0.5330107 1
1684208697343 0.46166444 2
1684208697404 0.39421353 3
1684208697471 0.336023 4
1684208697540 0.29019144 5
1684208697603 0.25728872 6
1684208697672 0.2359946 7
1684208697741 0.22397915 8
1684208697803 0.21866268 9
1684208697885 0.21771665 10
1684208697941 0.21930501 11
1684208698026 0.22213042 12
1684208698088 0.22536772 13
1684208698157 0.22855239 14
1684208698226 0.23146686 15
1684208698296 0.2340467 16
1684208698373 0.23631217 17
1684208698445 0.23832306 18
1684208698506 0.24015166 19
1684208698573 0.24186802 20
1684208698642 0.24353313 21
1684208698705 0.24519688 22
1684208698774 0.2468979 23
1684208698843 0.24866515 24
1684208699027 0.2505193 25
1684208699159 0.2524746 26
1684208699243 0.25454012 27
1684208699322 0.25672114 28
1684208699375 0.25901997 29
1684208699444 0.26143712 30
1684208699509 0.2639715 31
1684208699575 0.2666212 32
1684208699645 0.26938367 33
1684208699707 0.2722562 34
1684208699776 0.27523598 35
1684208699829 0.27832037 36
1684208699908 0.2815068 37
1684208699977 0.28479293 38
1684208700042 0.28817663 39
1684208700120 0.29165617 40
1684208700176 0.29522997 41
1684208700246 0.2988965 42
1684208700308 0.30265456 43
1684208700377 0.306503 44
1684208700446 0.310441 45
1684208700509 0.3144676 46
1684208700574 0.31858227 47
1684208700631 0.3227843 48
1684208700709 0.32707337 49
1684208700778 0.33144894 50
1684208700847 0.3359107 51
1684208700910 0.34045827 52
1684208700994 0.34509146 53
1684208701066 0.34980997 54
1684208701132 0.35461354 55
1684208701194 0.3595019 56
1684208701264 0.36447498 57
1684208701326 0.3695324 58
1684208701379 0.37467408 59
1684208701449 0.3798998 60
1684208701527 0.38520935 61
1684208701590 0.39060256 62
1684208701649 0.3960792 63
1684208701711 0.40163916 64
1684208701780 0.40728223 65
1684208701850 0.4130082 66
1684208701912 0.41881698 67
1684208701981 0.4247083 68
1684208702050 0.43068206 69
1684208702123 0.43673813 70
1684208702184 0.44287628 71
1684208702251 0.44909635 72
1684208702313 0.4553983 73
1684208702382 0.4617818 74
1684208702451 0.46824688 75
1684208702514 0.47479331 76
1684208702583 0.48142087 77
1684208702636 0.4881296 78
1684208702719 0.49491918 79
1684208702783 0.5017896 80
1684208702836 0.50874066 81
1684208702899 0.5157722 82
1684208702968 0.5228842 83
1684208703037 0.5300764 84
1684208703100 0.53734875 85
1684208703169 0.544701 86
1684208703238 0.5521331 87
1684208703303 0.55964494 88
1684208703369 0.5672364 89
1684208703438 0.5749073 90
1684208703500 0.58265746 91
1684208703569 0.5904869 92
1684208703638 0.5983953 93
1684208703704 0.60638267 94
1684208703770 0.61444885 95
1684208703838 0.62259364 96
1684208703901 0.630817 97
1684208703970 0.63911873 98
1684208704039 0.6474987 99
1684208704101 0.65595686 100
1684208704170 0.664493 101
1684208704289 0.673107 102
1684208704355 0.6817987 103
1684208704417 0.6905679 104
1684208704487 0.6994146 105
1684208704540 0.7083385 106
1684208704618 0.71733946 107
1684208704671 0.72641736 108
1684208704740 0.73557216 109
1684208704812 0.74480355 110
1684208704872 0.7541114 111
1684208704941 0.7634957 112
1684208705003 0.77295613 113
1684208705057 0.78249264 114
1684208705135 0.79210514 115
1684208705188 0.80179334 116
1684208705257 0.81155723 117
1684208705320 0.8213966 118
1684208705386 0.8313114 119
1684208705457 0.84130144 120
1684208705520 0.8513666 121
1684208705604 0.86150664 122
1684208705673 0.87172157 123
1684208705736 0.8820112 124
1684208705789 0.89237523 125
1684208705875 0.9028138 126
1684208705943 0.91332656 127
1684208706005 0.9239134 128
1684208706074 0.93457425 129
1684208706190 0.9453088 130
1684208706322 0.95611715 131
1684208706397 0.96699893 132
1684208706459 0.9779541 133
1684208706522 0.98898244 134
1684208706591 1.0000838 135
1684208706644 1.0112581 136
1684208706722 1.0225052 137
1684208706776 1.0338248 138
1684208706845 1.0452168 139
1684208706907 1.0566812 140
1684208706976 1.0682176 141
1684208707045 1.0798259 142
1684208707108 1.091506 143
1684208707177 1.1032577 144
1684208707246 1.1150808 145
1684208707308 1.126975 146
1684208707377 1.1389406 147
1684208707446 1.1509769 148
1684208707511 1.163084 149
1684208707578 1.1752616 150
1684208707647 1.1875097 151
1684208707709 1.1998277 152
1684208707778 1.212216 153
1684208707841 1.224674 154
1684208707910 1.2372016 155
1684208707976 1.2497988 156
1684208708027 1.262465 157
1684208708094 1.2752002 158
1684208708163 1.2880044 159
1684208708226 1.3008773 160
1684208708296 1.3138187 161
1684208708364 1.3268282 162
1684208708427 1.339906 163
1684208708496 1.3530514 164
1684208708549 1.3662645 165
1684208708611 1.379545 166
1684208708680 1.3928928 167
1684208708749 1.4063076 168
1684208708812 1.4197891 169
1684208708881 1.4333371 170
1684208708940 1.4469516 171
1684208709016 1.4606321 172
1684208709079 1.4743786 173
1684208709165 1.4881907 174
1684208709227 1.5020682 175
1684208709283 1.516011 176
1684208709350 1.5300186 177
1684208709412 1.5440911 178
1684208709481 1.558228 179
1684208709550 1.5724293 180
1684208709614 1.5866946 181
1684208709850 1.6010234 182
1684208709966 1.615416 183
1684208710029 1.6298718 184
1684208710103 1.6443908 185
1684208710167 1.6589725 186
1684208710229 1.6736166 187
1684208710298 1.6883231 188
1684208710367 1.7030916 189
1684208710430 1.7179219 190
1684208710499 1.7328137 191
1684208710552 1.7477667 192
1684208710631 1.7627809 193
1684208710684 1.7778556 194
1684208710753 1.7929912 195
1684208710815 1.8081867 196
1684208710884 1.823442 197
1684208710947 1.8387573 198
1684208711054 1.8541318 199
1684208711116 1.8695655 200
1684208711187 1.8850583 201
1684208711254 1.9006096 202
1684208711316 1.9162192 203
1684208711370 1.9318869 204
1684208711448 1.9476128 205
1684208711501 1.9633958 206
1684208711570 1.9792364 207
1684208711633 1.9951339 208
1684208711705 2.0110881 209
1684208711771 2.0270987 210
1684208711833 2.043166 211
1684208711902 2.059289 212
1684208711956 2.0754676 213
1684208712034 2.091702 214
1684208712087 2.1079912 215
1684208712156 2.1243358 216
1684208712236 2.1407347 217
1684208712303 2.157188 218
1684208712357 2.1736956 219
1684208712435 2.190257 220
1684208712488 2.2068725 221
1684208712557 2.2235413 222
1684208712620 2.240263 223
1684208712689 2.2570379 224
1684208712757 2.2738652 225
1684208712815 2.2907453 226
1684208712889 2.3076773 227
1684208712951 2.3246617 228
1684208713005 2.3416977 229
1684208713074 2.3587852 230
1684208713136 2.3759239 231
1684208713205 2.3931139 232
1684208713268 2.4103546 233
1684208713332 2.4276462 234
1684208713406 2.4449885 235
1684208713459 2.462381 236
1684208713521 2.479823 237
1684208713590 2.4973154 238
1684208713659 2.5148573 239
1684208713722 2.5324492 240
1684208713785 2.5500898 241
1684208713860 2.56778 242
1684208713922 2.5855188 243
1684208713976 2.6033068 244
1684208714054 2.6211433 245
1684208714123 2.6390283 246
1684208714176 2.6569617 247
1684208714239 2.6749432 248
1684208714317 2.692973 249
1684208714376 2.71105 250
