1683662814007 14.098007758079456 1
1683662814021 17.255868116689804 2
1683662814033 19.303760834744185 3
1683662814045 20.021086084186994 4
1683662814058 18.548725304546817 5
1683662814071 18.412813775204103 6
1683662814083 18.378616553512956 7
1683662814095 18.051964426703545 8
1683662814108 17.482042050246214 9
1683662814120 17.14927369637322 10
1683662814132 16.76988045829619 11
1683662814145 16.054716712151205 12
1683662814157 13.351358984688495 13
1683662814169 12.194128169088156 14
1683662814182 12.018537315463893 15
1683662814194 10.28075025800449 16
1683662814207 9.943696756731386 17
1683662814220 8.788654095540595 18
1683662814233 8.51951707419861 19
1683662814245 7.074685008094253 20
1683662814259 6.3486012176548074 21
1683662814271 4.877518454966638 22
1683662814284 2.4437490400872988 23
1683662814297 1.211393933522366 24
1683662814310 0.8185463899555468 25
1683662814322 0.5840639746562859 26
1683662814334 0.44330951272568886 27
1683662814347 0.3907705016988591 28
1683662814360 0.38656242980593997 29
1683662814372 0.3817777329861711 30
1683662814384 0.3727739843427898 31
1683662814397 0.3632246291669778 32
1683662814410 0.35391724155614857 33
1683662814422 0.34721052869021096 34
1683662814434 0.3440380026406365 35
1683662814447 0.3429950629234657 36
1683662814459 0.3426688392878494 37
1683662814472 0.3424137359401662 38
1683662814484 0.3421050517342333 39
1683662814496 0.3417982307074005 40
1683662814508 0.3415341662500206 41
1683662814520 0.3413091918453718 42
1683662814532 0.34110092411880344 43
1683662814544 0.34089141079980984 44
1683662814557 0.3406696989783218 45
1683662814569 0.34043013225198226 46
1683662814581 0.34016687929370654 47
1683662814593 0.3398759259393329 48
1683662814606 0.33955579903432265 49
1683662814619 0.3392166582748853 50
1683662814631 0.3388785201320657 51
1683662814643 0.3385808034088882 52
1683662814655 0.3383662708689743 53
1683662814668 0.3382500784234266 54
1683662814680 0.33820115753347746 55
1683662814693 0.3381589592157115 56
1683662814705 0.33807780080625144 57
1683662814718 0.33794593375734805 58
1683662814730 0.33777751392808775 59
1683662814742 0.33759300114123497 60
1683662814754 0.3374094075475026 61
1683662814767 0.3372344939321425 62
1683662814779 0.3370732469129359 63
1683662814791 0.3369259633662532 64
1683662814803 0.3367929647553394 65
1683662814816 0.33667434793552653 66
1683662814828 0.33656925843405716 67
1683662814842 0.3364774875072818 68
1683662814855 0.3363979650527637 69
1683662814869 0.3363294953327083 70
1683662814882 0.336271236797943 71
1683662814895 0.3362213771907252 72
1683662814908 0.33617878810252405 73
1683662814922 0.3361423634791611 74
1683662814936 0.3361115813084172 75
1683662814948 0.3360854127507963 76
1683662814961 0.3360628167861987 77
1683662814975 0.3360431715931051 78
1683662814989 0.33602682729264843 79
1683662815002 0.33601185547802365 80
1683662815015 0.33599879928082343 81
1683662815029 0.33598751177380065 82
1683662815042 0.3359778902276214 83
1683662815054 0.3359690091234589 84
1683662815068 0.3359613775828594 85
1683662815081 0.3359546790989147 86
1683662815093 0.33594860007263744 87
1683662815105 0.33594303029235545 88
1683662815118 0.3359382193074028 89
1683662815131 0.3359344882865421 90
1683662815142 0.33593098805977095 91
1683662815156 0.33592734804250907 92
1683662815169 0.33592450959520825 93
1683662815182 0.33592232902764957 94
1683662815195 0.33592034097770523 95
1683662815208 0.335917993167368 96
1683662815221 0.33591687065024406 97
1683662815234 0.3359150126307639 98
1683662815247 0.3359136844009117 99
1683662815259 0.3359123253533313 100
1683662815272 0.3359114096483352 101
1683662815286 0.33590990925171693 102
1683662815298 0.33590943943940776 103
1683662815310 0.33590852170117413 104
1683662815322 0.3359076123375013 105
1683662815335 0.33590702361420627 106
1683662815347 0.33590623755423293 107
1683662815359 0.33590586519936244 108
1683662815371 0.33590491491181157 109
1683662815384 0.3359046032577324 110
1683662815396 0.3359039810302008 111
1683662815408 0.33590374514306204 112
1683662815420 0.33590336034794765 113
1683662815433 0.33590305420164035 114
1683662815445 0.33590237164025105 115
1683662815457 0.3359022578980276 116
1683662815469 0.33590174396383554 117
1683662815481 0.3359016302367611 118
1683662815494 0.3359012369951905 119
1683662815506 0.33590093639835855 120
1683662815518 0.33590115630479594 121
1683662815530 0.3359005944670146 122
1683662815543 0.3359006526572497 123
1683662815555 0.3359003725044534 124
1683662815567 0.3359000213151863 125
1683662815579 0.33590034717433115 126
1683662815592 0.3359002108933017 127
1683662815604 0.33590024321962736 128
1683662815617 0.3359000485822868 129
1683662815629 0.3358995541161753 130
1683662815643 0.3358997234257881 131
1683662815655 0.33589958644317197 132
1683662815668 0.33589969739682535 133
1683662815679 0.3358997760226932 134
1683662815692 0.33589972542032237 135
1683662815704 0.33589970639154265 136
1683662815716 0.33589972682652564 137
1683662815729 0.3358996397433108 138
1683662815741 0.3358994528616822 139
1683662815753 0.3358994528616822 140
1683662815765 0.33589945356472917 141
1683662815778 0.33589924425306217 142
1683662815790 0.3358994528616822 143
1683662815803 0.33589944714198666 144
1683662815815 0.33589931658277655 145
1683662815828 0.33589933059487276 146
1683662815840 0.3358993446073 147
1683662815852 0.3358993453105129 148
1683662815864 0.3358992090318399 149
1683662815877 0.3358993453105129 150
1683662815889 0.3358993586200581 151
1683662815902 0.33589937333647063 152
1683662815914 0.3358994512585937 153
1683662815926 0.33589937333647063 154
1683662815939 0.33589921591886457 155
1683662815951 0.33589921662213307 156
1683662815963 0.335899360026926 157
1683662815975 0.3358992083285714 158
1683662815987 0.3358992090318399 159
1683662816001 0.3358993446073 160
1683662816015 0.33589935932332626 161
1683662816028 0.33589937263314723 162
1683662816040 0.33589937333647063 163
1683662816053 0.33589916402447734 164
1683662816066 0.33589937333647063 165
1683662816079 0.3358993149797427 166
1683662816091 0.33589958753772103 167
1683662816104 0.33589937263314723 168
1683662816116 0.33589937333647063 169
1683662816129 0.33589937263314723 170
1683662816141 0.33589937333647063 171
1683662816155 0.33589937333647063 172
1683662816166 0.3358993669140029 173
1683662816179 0.33589937333647063 174
1683662816191 0.33589938022421034 175
1683662816203 0.3358996029582201 176
1683662816215 0.33589950961551907 177
1683662816228 0.3358995089122512 178
1683662816240 0.33589950961551907 179
1683662816253 0.33589958111531265 180
1683662816265 0.3358995236290439 181
1683662816277 0.3358995236290439 182
1683662816288 0.3358995089122512 183
1683662816301 0.33589953764289976 184
1683662816313 0.33589953764289976 185
1683662816326 0.33589951720657907 186
1683662816338 0.33589938734994595 187
1683662816351 0.3358994006603183 188
1683662816364 0.33589937333647063 189
1683662816376 0.3358994512585937 190
1683662816388 0.33589937263314723 191
1683662816400 0.33589916402447734 192
1683662816413 0.33589930030366594 193
1683662816424 0.3358995089122512 194
1683662816436 0.33589950961551907 195
1683662816448 0.33589950961551907 196
1683662816460 0.335899588241044 197
1683662816472 0.33589950248978606 198
1683662816484 0.3358995089122512 199
1683662816496 0.33589950961551907 200
1683662816509 0.33589950961551907 201
1683662816521 0.3358995089122512 202
1683662816532 0.33589966686688216 203
1683662816544 0.33589950961551907 204
1683662816557 0.33589950961551907 205
1683662816569 0.3358995089122512 206
1683662816581 0.33589950319299866 207
1683662816594 0.33589958753772103 208
1683662816606 0.33589950961551907 209
1683662816618 0.33589950248978606 210
1683662816630 0.33589950961551907 211
1683662816642 0.33589958753772103 212
1683662816654 0.33589950961551907 213
1683662816667 0.33589950961551907 214
1683662816681 0.3358995089122512 215
1683662816694 0.33589950961551907 216
1683662816708 0.3358997568487538 217
1683662816721 0.3358997504262934 218
1683662816734 0.33589958753772103 219
1683662816747 0.33589958753772103 220
1683662816760 0.33589950961551907 221
1683662816774 0.3358995089122512 222
1683662816787 0.33589958753772103 223
1683662816800 0.33589950961551907 224
1683662816813 0.335899588241044 225
1683662816827 0.3358995089122512 226
1683662816839 0.33589958753772103 227
1683662816852 0.3358995089122512 228
1683662816866 0.33589958753772103 229
1683662816879 0.335899588241044 230
1683662816892 0.33589950961551907 231
1683662816904 0.33589958753772103 232
1683662816917 0.33589950961551907 233
1683662816929 0.3358995089122512 234
1683662816942 0.33589950961551907 235
1683662816954 0.33589950961551907 236
1683662816966 0.335899588241044 237
1683662816979 0.33589958753772103 238
1683662816991 0.3358995089122512 239
1683662817003 0.3358995089122512 240
1683662817015 0.33589950961551907 241
1683662817028 0.3358997568487538 242
1683662817040 0.33589950961551907 243
1683662817052 0.33589958753772103 244
1683662817065 0.3358995089122512 245
1683662817077 0.33589950961551907 246
1683662817089 0.3358996661635041 247
1683662817102 0.335899588241044 248
1683662817114 0.3358995089122512 249
1683662817126 0.335899588241044 250
