1683662886265 23.638996 1
1683662886284 15.822447 2
1683662886296 16.154274 3
1683662886308 11.237343 4
1683662886320 9.780102 5
1683662886338 8.916313 6
1683662886352 8.50094 7
1683662886365 8.523445 8
1683662886379 8.421583 9
1683662886392 8.413483 10
1683662886406 8.399727 11
1683662886419 8.41539 12
1683662886433 8.40159 13
1683662886447 8.399468 14
1683662886460 8.413325 15
1683662886474 8.39374 16
1683662886488 8.410521 17
1683662886501 8.400261 18
1683662886513 8.414392 19
1683662886525 8.397966 20
1683662886538 8.414258 21
1683662886550 8.398279 22
1683662886562 8.41543 23
1683662886575 8.408849 24
1683662886588 8.433389 25
1683662886601 8.476566 26
1683662886614 8.461712 27
1683662886627 8.413898 28
1683662886639 8.422271 29
1683662886652 8.419727 30
1683662886664 8.425228 31
1683662886677 8.419255 32
1683662886689 8.425274 33
1683662886702 8.418158 34
1683662886714 8.420074 35
1683662886727 8.415774 36
1683662886739 8.41843 37
1683662886751 8.4159975 38
1683662886763 8.417513 39
1683662886776 8.416592 40
1683662886788 8.417259 41
1683662886800 8.417752 42
1683662886813 8.4179735 43
1683662886825 8.41809 44
1683662886837 8.418054 45
1683662886849 8.418382 46
1683662886861 8.418977 47
1683662886874 8.419491 48
1683662886886 8.419859 49
1683662886899 8.420175 50
1683662886913 8.420493 51
1683662886926 8.420805 52
1683662886939 8.421094 53
1683662886952 8.421353 54
1683662886966 8.421586 55
1683662886980 8.421791 56
1683662886994 8.421971 57
1683662887007 8.42213 58
1683662887021 8.422271 59
1683662887034 8.422394 60
1683662887047 8.422499 61
1683662887060 8.422592 62
1683662887074 8.422674 63
1683662887087 8.422746 64
1683662887099 8.422808 65
1683662887112 8.422861 66
1683662887124 8.422909 67
1683662887137 8.422949 68
1683662887149 8.422985 69
1683662887161 8.423015 70
1683662887174 8.42304 71
1683662887185 8.423062 72
1683662887199 8.42308 73
1683662887212 8.423097 74
1683662887224 8.423111 75
1683662887237 8.423122 76
1683662887249 8.423132 77
1683662887262 8.423141 78
1683662887274 8.423147 79
1683662887287 8.423155 80
1683662887300 8.42316 81
1683662887312 8.423164 82
1683662887324 8.42317 83
1683662887337 8.423174 84
1683662887350 8.423178 85
1683662887362 8.423182 86
1683662887375 8.423184 87
1683662887387 8.423187 88
1683662887400 8.423191 89
1683662887412 8.423193 90
1683662887425 8.423197 91
1683662887437 8.423198 92
1683662887450 8.423201 93
1683662887463 8.4232025 94
1683662887475 8.423204 95
1683662887487 8.423206 96
1683662887500 8.423206 97
1683662887513 8.423208 98
1683662887525 8.423209 99
1683662887538 8.42321 100
1683662887550 8.423211 101
1683662887563 8.423212 102
1683662887575 8.423212 103
1683662887588 8.423212 104
1683662887600 8.423212 105
1683662887613 8.423212 106
1683662887626 8.423212 107
1683662887638 8.423213 108
1683662887650 8.423213 109
1683662887663 8.423213 110
1683662887676 8.423212 111
1683662887688 8.423212 112
1683662887700 8.423212 113
1683662887713 8.423212 114
1683662887725 8.423211 115
1683662887737 8.42321 116
1683662887750 8.42321 117
1683662887762 8.42321 118
1683662887775 8.42321 119
1683662887787 8.42321 120
1683662887799 8.42321 121
1683662887812 8.423208 122
1683662887824 8.423208 123
1683662887837 8.423208 124
1683662887849 8.423208 125
1683662887863 8.423208 126
1683662887876 8.423206 127
1683662887889 8.423207 128
1683662887902 8.423207 129
1683662887915 8.423206 130
1683662887928 8.423206 131
1683662887942 8.423206 132
1683662887956 8.423205 133
1683662887968 8.423205 134
1683662887981 8.423206 135
1683662887993 8.423205 136
1683662888006 8.423206 137
1683662888018 8.423205 138
1683662888030 8.423204 139
1683662888043 8.423204 140
1683662888057 8.423204 141
1683662888070 8.423204 142
1683662888082 8.423204 143
1683662888095 8.423204 144
1683662888107 8.423204 145
1683662888120 8.423204 146
1683662888132 8.423204 147
1683662888144 8.423204 148
1683662888156 8.423204 149
1683662888169 8.423204 150
1683662888180 8.423203 151
1683662888193 8.423203 152
1683662888207 8.423203 153
1683662888219 8.423203 154
1683662888232 8.423203 155
1683662888244 8.423203 156
1683662888257 8.423203 157
1683662888269 8.423203 158
1683662888281 8.423203 159
1683662888293 8.4232025 160
1683662888306 8.4232025 161
1683662888318 8.4232025 162
1683662888330 8.423203 163
1683662888342 8.423203 164
1683662888355 8.4232025 165
1683662888367 8.423203 166
1683662888379 8.423203 167
1683662888392 8.4232025 168
1683662888404 8.4232025 169
1683662888416 8.4232025 170
1683662888428 8.4232025 171
1683662888440 8.423203 172
1683662888452 8.423203 173
1683662888465 8.423203 174
1683662888477 8.423203 175
1683662888489 8.423203 176
1683662888501 8.423203 177
1683662888513 8.423203 178
1683662888524 8.423203 179
1683662888537 8.4232025 180
1683662888549 8.423203 181
1683662888561 8.423203 182
1683662888577 8.4232025 183
1683662888589 8.4232025 184
1683662888603 8.4232025 185
1683662888617 8.423203 186
1683662888630 8.423203 187
1683662888643 8.423203 188
1683662888657 8.4232025 189
1683662888670 8.423203 190
1683662888684 8.423203 191
1683662888698 8.4232025 192
1683662888711 8.423203 193
1683662888725 8.4232025 194
1683662888738 8.423203 195
1683662888752 8.423203 196
1683662888765 8.4232025 197
1683662888778 8.423203 198
1683662888792 8.423203 199
1683662888805 8.4232025 200
1683662888819 8.423203 201
1683662888832 8.423203 202
1683662888846 8.4232025 203
1683662888859 8.4232025 204
1683662888872 8.4232025 205
1683662888885 8.423203 206
1683662888899 8.423202 207
1683662888912 8.423202 208
1683662888925 8.423203 209
1683662888938 8.423203 210
1683662888951 8.423203 211
1683662888964 8.4232025 212
1683662888978 8.423203 213
1683662888991 8.4232025 214
1683662889004 8.4232025 215
1683662889018 8.423203 216
1683662889031 8.4232025 217
1683662889044 8.4232025 218
1683662889057 8.4232025 219
1683662889071 8.4232025 220
1683662889084 8.423202 221
1683662889097 8.4232025 222
1683662889110 8.4232025 223
1683662889123 8.4232025 224
1683662889136 8.4232025 225
1683662889150 8.423202 226
1683662889163 8.4232025 227
1683662889176 8.4232025 228
1683662889190 8.423203 229
1683662889203 8.423203 230
1683662889217 8.423202 231
1683662889231 8.423202 232
1683662889244 8.423202 233
1683662889257 8.4232025 234
1683662889269 8.4232025 235
1683662889281 8.423202 236
1683662889294 8.423202 237
1683662889306 8.4232025 238
1683662889319 8.4232025 239
1683662889331 8.4232025 240
1683662889343 8.423202 241
1683662889355 8.423202 242
1683662889367 8.4232025 243
1683662889379 8.4232025 244
1683662889392 8.423202 245
1683662889404 8.423202 246
1683662889416 8.423202 247
1683662889429 8.4232025 248
1683662889441 8.4232025 249
1683662889453 8.423202 250
