1683662247543 52.99309876088757 1
1683662247560 43.33115531987698 2
1683662247578 38.34657763849023 3
1683662247591 35.91849021374709 4
1683662247604 32.47345755521138 5
1683662247617 25.84277883707512 6
1683662247630 22.858034200596098 7
1683662247643 22.154591687843872 8
1683662247656 21.60357014048164 9
1683662247669 18.625586734958237 10
1683662247681 16.573268647468673 11
1683662247694 15.907577973113785 12
1683662247708 13.633967790727139 13
1683662247720 13.000116527692398 14
1683662247733 12.218416989595937 15
1683662247746 11.796882154942558 16
1683662247758 11.652338213372207 17
1683662247770 11.30815679441038 18
1683662247782 11.14209836152955 19
1683662247794 10.982128420573355 20
1683662247807 10.810281254204112 21
1683662247819 10.630039489269922 22
1683662247832 10.44066049593048 23
1683662247844 10.251811617189317 24
1683662247856 10.060885665027232 25
1683662247869 9.875260446532359 26
1683662247881 9.69545733669106 27
1683662247893 9.52663567772876 28
1683662247906 9.372494285204933 29
1683662247919 9.236950174400816 30
1683662247931 9.122144939103567 31
1683662247944 9.029463312267929 32
1683662247956 8.959730492184596 33
1683662247969 8.911247427582763 34
1683662247982 8.879671414763434 35
1683662247994 8.860007128591226 36
1683662248007 8.848147818357603 37
1683662248020 8.841218717130214 38
1683662248032 8.837331046135061 39
1683662248045 8.835266441118462 40
1683662248058 8.834249439997935 41
1683662248070 8.833808126967819 42
1683662248083 8.833666813825085 43
1683662248095 8.833671412996813 44
1683662248109 8.833737704107898 45
1683662248122 8.833825861361943 46
1683662248135 8.833918522996775 47
1683662248148 8.83401150781285 48
1683662248162 8.834107066284002 49
1683662248175 8.834208859291218 50
1683662248188 8.834321563548139 51
1683662248201 8.83444707964598 52
1683662248214 8.834587970740493 53
1683662248227 8.83474399894382 54
1683662248241 8.834913930479528 55
1683662248254 8.83509627033145 56
1683662248267 8.835288366035881 57
1683662248280 8.83548586059905 58
1683662248294 8.835686126689279 59
1683662248307 8.835885819206233 60
1683662248320 8.836082633228504 61
1683662248334 8.836272355253751 62
1683662248347 8.836453923513 63
1683662248360 8.836623776726151 64
1683662248374 8.836783552916495 65
1683662248387 8.836930698345725 66
1683662248400 8.83706434299156 67
1683662248413 8.83718648252182 68
1683662248426 8.837296141210652 69
1683662248439 8.837394088077268 70
1683662248453 8.837482140204042 71
1683662248466 8.837558337254189 72
1683662248480 8.837626754452709 73
1683662248493 8.837687031549144 74
1683662248506 8.83773949325321 75
1683662248520 8.837786535028423 76
1683662248533 8.83782836667776 77
1683662248546 8.83786380280858 78
1683662248559 8.837897094486177 79
1683662248573 8.837926396032033 80
1683662248586 8.837952584484293 81
1683662248600 8.83797586615245 82
1683662248613 8.837997351618185 83
1683662248626 8.838017498207622 84
1683662248639 8.838035122383864 85
1683662248653 8.838051151855286 86
1683662248666 8.838066835905428 87
1683662248679 8.838080812332139 88
1683662248691 8.83809353842975 89
1683662248704 8.838105519307263 90
1683662248716 8.838116703920715 91
1683662248729 8.838127166565313 92
1683662248741 8.838136711766948 93
1683662248754 8.838144932227104 94
1683662248766 8.838152808000615 95
1683662248779 8.838159786098066 96
1683662248791 8.838167329169769 97
1683662248804 8.838173696510566 98
1683662248815 8.838179581304507 99
1683662248828 8.8381846957959 100
1683662248840 8.838189716962422 101
1683662248853 8.83819429377882 102
1683662248865 8.838197935857442 103
1683662248878 8.838201832529318 104
1683662248891 8.838204915982855 105
1683662248905 8.838207716929295 106
1683662248917 8.83821057130428 107
1683662248929 8.838212649217823 108
1683662248942 8.838214856112643 109
1683662248954 8.838217043290271 110
1683662248966 8.838218904432376 111
1683662248978 8.838220195142275 112
1683662248991 8.838221795450833 113
1683662249004 8.838223269035234 114
1683662249016 8.838224183241879 115
1683662249029 8.838225840788793 116
1683662249042 8.83822657981015 117
1683662249054 8.838227131619377 118
1683662249066 8.838228292416021 119
1683662249078 8.838228660295133 120
1683662249092 8.838228842097587 121
1683662249104 8.838229462381522 122
1683662249117 8.838229701354354 123
1683662249129 8.838230069242137 124
1683662249142 8.838230442555176 125
1683662249154 8.838230626500097 126
1683662249167 8.838231213518728 127
1683662249179 8.838230994391216 128
1683662249192 8.838231233371419 129
1683662249204 8.838231172915703 130
1683662249216 8.838231759937521 131
1683662249228 8.838232074920171 132
1683662249240 8.838231910828071 133
1683662249252 8.83823194600784 134
1683662249265 8.838231671846183 135
1683662249277 8.838231392043102 136
1683662249290 8.838231172915703 137
1683662249302 8.838231603389316 138
1683662249314 8.838231822516574 139
1683662249326 8.838231172915703 140
1683662249338 8.838231172915703 141
1683662249350 8.838231172915703 142
1683662249363 8.838231542933709 143
1683662249375 8.838231726880677 144
1683662249387 8.838231417318537 145
1683662249400 8.838231452498825 146
1683662249412 8.8382310440036 147
1683662249424 8.8382310440036 148
1683662249436 8.838231693604527 149
1683662249448 8.8382314744772 150
1683662249460 8.838231603389316 151
1683662249473 8.838231233371419 152
1683662249485 8.838231263131066 153
1683662249498 8.838231104459235 154
1683662249510 8.838230955693781 155
1683662249523 8.83823073656613 156
1683662249535 8.838230865478454 157
1683662249548 8.838230955693781 158
1683662249560 8.83823073656613 159
1683662249572 8.83823073656613 160
1683662249585 8.83823073656613 161
1683662249597 8.83823073656613 162
1683662249610 8.83823117504105 163
1683662249622 8.838230805022812 164
1683662249634 8.838230994391216 165
1683662249647 8.838230621077004 166
1683662249659 8.83823132176137 167
1683662249671 8.83823073656613 168
1683662249684 8.838230366548155 169
1683662249696 8.83823073656613 170
1683662249709 8.838230933935495 171
1683662249721 8.838231505706952 172
1683662249733 8.838230994391216 173
1683662249745 8.838230994391216 174
1683662249758 8.838230636758446 175
1683662249770 8.838231075233177 176
1683662249782 8.838230865478454 177
1683662249795 8.838230805022812 178
1683662249808 8.838230681532613 179
1683662249820 8.838230822830507 180
1683662249832 8.838230865478454 181
1683662249844 8.838230638885165 182
1683662249858 8.838230867605557 183
1683662249870 8.838231008903447 184
1683662249883 8.838230716714952 185
1683662249895 8.838230497587194 186
1683662249909 8.838230497587194 187
1683662249921 8.838230497587194 188
1683662249933 8.838230638885165 189
1683662249945 8.838230497587194 190
1683662249958 8.838230497587194 191
1683662249971 8.838230807150092 192
1683662249983 8.838230437131624 193
1683662249995 8.838230638885165 194
1683662250009 8.838230437131624 195
1683662250021 8.838230437131624 196
1683662250033 8.838230208411355 197
1683662250045 8.838230437131624 198
1683662250058 8.838230867605557 199
1683662250071 8.838230497587194 200
1683662250083 8.838230716714952 201
1683662250095 8.838230497587194 202
1683662250108 8.838230497587194 203
1683662250120 8.838230497587194 204
1683662250132 8.838230638885165 205
1683662250144 8.838230497587194 206
1683662250157 8.838230497587194 207
1683662250169 8.838230437131624 208
1683662250181 8.838230656259372 209
1683662250194 8.838230638885165 210
1683662250207 8.838230497587194 211
1683662250220 8.838230497587194 212
1683662250232 8.838230716714952 213
1683662250244 8.838230497587194 214
1683662250256 8.838230127569055 215
1683662250269 8.838230858012846 216
1683662250281 8.838230497587194 217
1683662250294 8.838230497587194 218
1683662250307 8.838230638885165 219
1683662250320 8.838230497587194 220
1683662250332 8.838230497587194 221
1683662250344 8.838230858012846 222
1683662250357 8.838230497587194 223
1683662250370 8.838230497587194 224
1683662250382 8.838230638885165 225
1683662250395 8.838230437131624 226
1683662250407 8.838230437131624 227
1683662250420 8.838230427539177 228
1683662250432 8.838230437131624 229
1683662250445 8.838230437131624 230
1683662250458 8.838230948447915 231
1683662250470 8.838230437131624 232
1683662250483 8.838230656259372 233
1683662250496 8.838230437131624 234
1683662250509 8.838230578429524 235
1683662250522 8.838230437131624 236
1683662250534 8.838230578429524 237
1683662250547 8.838230437131624 238
1683662250560 8.838230437131624 239
1683662250572 8.838230578429524 240
1683662250585 8.838230437131624 241
1683662250597 8.838230497587194 242
1683662250610 8.838230497587194 243
1683662250622 8.838230437131624 244
1683662250635 8.838230578429524 245
1683662250647 8.838230437131624 246
1683662250660 8.838230437131624 247
1683662250672 8.838230437131624 248
1683662250685 8.838230437131624 249
1683662250698 8.838230437131624 250
