1684169765068 1.3962204 1
1684169765143 1.2268175 2
1684169765215 1.0471823 3
1684169765286 0.87522966 4
1684169765357 0.7288475 5
1684169765428 0.618096 6
1684169765501 0.54399395 7
1684169765572 0.50083995 8
1684169765645 0.4796545 9
1684169765718 0.471238 10
1684169765790 0.46817034 11
1684169765863 0.4656749 12
1684169765934 0.46159708 13
1684169766010 0.45582682 14
1684169766083 0.44951653 15
1684169766155 0.44432592 16
1684169766225 0.4418413 17
1684169766296 0.443204 18
1684169766372 0.44894326 19
1684169766447 0.4589725 20
1684169766532 0.47269315 21
1684169766610 0.48915434 22
1684169766680 0.5072247 23
1684169766751 0.5257473 24
1684169766822 0.5436619 25
1684169766895 0.5600875 26
1684169766967 0.57436675 27
1684169767041 0.5860777 28
1684169767114 0.59502 29
1684169767183 0.60118425 30
1684169767254 0.60471284 31
1684169767326 0.6058567 32
1684169767400 0.60493547 33
1684169767474 0.60230124 34
1684169767545 0.5983104 35
1684169767616 0.5933021 36
1684169767686 0.58758354 37
1684169767756 0.581422 38
1684169767827 0.5750409 39
1684169767897 0.56862015 40
1684169767968 0.56229943 41
1684169768037 0.5561819 42
1684169768105 0.5503397 43
1684169768176 0.5448193 44
1684169768246 0.53964645 45
1684169768314 0.53483135 46
1684169768384 0.5303721 47
1684169768454 0.5262586 48
1684169768522 0.5224753 49
1684169768591 0.51900303 50
1684169768660 0.5158212 51
1684169768728 0.5129086 52
1684169768796 0.5102444 53
1684169768868 0.5078089 54
1684169768939 0.5055838 55
1684169769018 0.50355184 56
1684169769106 0.5016979 57
1684169769176 0.500008 58
1684169769244 0.49846953 59
1684169769315 0.4970714 60
1684169769385 0.49580336 61
1684169769455 0.49465626 62
1684169769525 0.49362168 63
1684169769593 0.49269193 64
1684169769662 0.4918599 65
1684169769734 0.4911189 66
1684169769804 0.49046263 67
1684169769872 0.4898851 68
1684169769943 0.48938078 69
1684169770015 0.48894423 70
1684169770089 0.48857033 71
1684169770159 0.4882542 72
1684169770228 0.48799124 73
1684169770298 0.4877771 74
1684169770368 0.48760766 75
1684169770438 0.48747912 76
1684169770508 0.4873879 77
1684169770578 0.4873307 78
1684169770647 0.48730457 79
1684169770716 0.48730677 80
1684169770789 0.48733494 81
1684169770861 0.48738685 82
1684169770934 0.48746067 83
1684169771009 0.48755467 84
1684169771081 0.48766744 85
1684169771150 0.48779783 86
1684169771221 0.4879447 87
1684169771292 0.48810732 88
1684169771364 0.4882849 89
1684169771434 0.48847687 90
1684169771502 0.48868293 91
1684169771573 0.48890257 92
1684169771647 0.48913556 93
1684169771716 0.48938167 94
1684169771785 0.48964077 95
1684169771878 0.48991278 96
1684169771948 0.49019748 97
1684169772020 0.49049488 98
1684169772091 0.49080485 99
1684169772165 0.49112743 100
1684169772233 0.49146235 101
1684169772302 0.49180973 102
1684169772371 0.49216932 103
1684169772440 0.49254113 104
1684169772510 0.49292502 105
1684169772580 0.49332082 106
1684169772649 0.49372846 107
1684169772718 0.49414775 108
1684169772789 0.49457857 109
1684169772859 0.49502075 110
1684169772930 0.49547413 111
1684169773003 0.49593854 112
1684169773072 0.49641383 113
1684169773141 0.49689984 114
1684169773213 0.4973964 115
1684169773282 0.49790335 116
1684169773352 0.4984205 117
1684169773420 0.4989477 118
1684169773490 0.49948484 119
1684169773560 0.50003177 120
1684169773630 0.50058836 121
1684169773699 0.5011544 122
1684169773769 0.50172997 123
1684169773838 0.50231475 124
1684169773917 0.50290865 125
1684169773988 0.5035118 126
1684169774057 0.5041238 127
1684169774125 0.50474477 128
1684169774196 0.50537455 129
1684169774265 0.5060131 130
1684169774333 0.50666034 131
1684169774401 0.5073162 132
1684169774471 0.5079805 133
1684169774540 0.50865346 134
1684169774610 0.5093348 135
1684169774694 0.5100245 136
1684169774764 0.5107225 137
1684169774832 0.51142883 138
1684169774902 0.5121434 139
1684169774972 0.512866 140
1684169775039 0.51359683 141
1684169775107 0.5143357 142
1684169775176 0.51508254 143
1684169775246 0.5158374 144
1684169775315 0.51660013 145
1684169775384 0.5173707 146
1684169775455 0.518149 147
1684169775527 0.5189351 148
1684169775595 0.5197288 149
1684169775663 0.5205301 150
1684169775733 0.521339 151
1684169775802 0.5221553 152
1684169775871 0.522979 153
1684169775940 0.52381 154
1684169776012 0.52464837 155
1684169776081 0.52549386 156
1684169776153 0.52634645 157
1684169776222 0.5272062 158
1684169776292 0.5280727 159
1684169776360 0.5289463 160
1684169776433 0.5298266 161
1684169776504 0.5307137 162
1684169776575 0.53160745 163
1684169776645 0.5325078 164
1684169776715 0.5334146 165
1684169776784 0.53432786 166
1684169776853 0.53524745 167
1684169776923 0.5361734 168
1684169776995 0.53710544 169
1684169777065 0.5380437 170
1684169777132 0.53898793 171
1684169777202 0.5399381 172
1684169777270 0.5408942 173
1684169777340 0.54185605 174
1684169777414 0.5428237 175
1684169777494 0.54379696 176
1684169777565 0.5447758 177
1684169777632 0.54576015 178
1684169777702 0.54674995 179
1684169777771 0.5477451 180
1684169777840 0.5487456 181
1684169777912 0.54975116 182
1684169777983 0.55076206 183
1684169778051 0.55177796 184
1684169778118 0.55279887 185
1684169778188 0.55382466 186
1684169778257 0.55485547 187
1684169778328 0.5558909 188
1684169778398 0.55693126 189
1684169778471 0.5579762 190
1684169778540 0.5590257 191
1684169778608 0.5600798 192
1684169778936 0.5611384 193
1684169779019 0.5622014 194
1684169779092 0.56326884 195
1684169779159 0.5643405 196
1684169779227 0.5654164 197
1684169779297 0.5664965 198
1684169779366 0.5675808 199
1684169779436 0.5686691 200
1684169779505 0.56976146 201
1684169779574 0.57085776 202
1684169779642 0.57195795 203
1684169779712 0.57306194 204
1684169779781 0.5741699 205
1684169779851 0.57528144 206
1684169779920 0.5763967 207
1684169779992 0.57751566 208
1684169780063 0.5786381 209
1684169780132 0.5797642 210
1684169780203 0.5808937 211
1684169780272 0.5820266 212
1684169780342 0.583163 213
1684169780410 0.58430266 214
1684169780480 0.58544564 215
1684169780551 0.58659196 216
1684169780623 0.5877414 217
1684169780693 0.588894 218
1684169780764 0.5900497 219
1684169780833 0.5912084 220
1684169780903 0.5923702 221
1684169780975 0.59353495 222
1684169781044 0.59470266 223
1684169781114 0.59587324 224
1684169781181 0.5970467 225
1684169781251 0.5982229 226
1684169781319 0.59940195 227
1684169781454 0.6005837 228
1684169781526 0.6017681 229
1684169781599 0.6029551 230
1684169781667 0.6041448 231
1684169781736 0.605337 232
1684169781803 0.6065318 233
1684169781873 0.6077291 234
1684169781945 0.60892874 235
1684169782014 0.6101309 236
1684169782082 0.6113354 237
1684169782151 0.6125423 238
1684169782219 0.6137515 239
1684169782287 0.61496294 240
1684169782356 0.6161766 241
1684169782426 0.61739254 242
1684169782496 0.6186106 243
1684169782567 0.61983085 244
1684169782636 0.62105316 245
1684169782709 0.6222776 246
1684169782789 0.62350404 247
1684169782862 0.6247325 248
1684169782932 0.6259629 249
1684169783003 0.62719536 250
