1684170365021 1.4545667 1
1684170365173 1.284857 2
1684170365245 1.1056988 3
1684170365318 0.9340565 4
1684170365388 0.7867899 5
1684170365458 0.6731541 6
1684170365531 0.5939002 7
1684170365603 0.54418933 8
1684170365672 0.51851714 9
1684170365744 0.5060938 10
1684170365816 0.5005999 11
1684170365895 0.49816716 12
1684170365968 0.4971523 13
1684170366038 0.49750376 14
1684170366109 0.50003403 15
1684170366179 0.5057969 16
1684170366252 0.51565677 17
1684170366321 0.53006184 18
1684170366391 0.5489855 19
1684170366468 0.57198197 20
1684170366539 0.59830356 21
1684170366607 0.6377263 22
1684170366674 0.6752012 23
1684170366743 0.7072499 24
1684170366810 0.7323315 25
1684170366882 0.7496016 26
1684170366953 0.77676845 27
1684170367023 0.80378354 28
1684170367092 0.82918745 29
1684170367161 0.852979 30
1684170367229 0.8752447 31
1684170367297 0.8961305 32
1684170367367 0.91581726 33
1684170367441 0.93450034 34
1684170367555 0.95237374 35
1684170367623 0.96961915 36
1684170367691 0.9863981 37
1684170367760 1.0028486 38
1684170367829 1.019084 39
1684170367900 1.0351933 40
1684170367969 1.051244 41
1684170368041 1.0672852 42
1684170368110 1.0833508 43
1684170368182 1.0994631 44
1684170368252 1.1156358 45
1684170368321 1.1318765 46
1684170368389 1.1481886 47
1684170368459 1.1645725 48
1684170368527 1.1810266 49
1684170368610 1.1975474 50
1684170368682 1.2141302 51
1684170368753 1.2307682 52
1684170368824 1.2474532 53
1684170368895 1.2641752 54
1684170368964 1.2809223 55
1684170369033 1.2976813 56
1684170369101 1.3144374 57
1684170369172 1.3311745 58
1684170369241 1.3478757 59
1684170369309 1.3645236 60
1684170369379 1.3811007 61
1684170369452 1.3975893 62
1684170369523 1.4139724 63
1684170369590 1.4302336 64
1684170369659 1.4463574 65
1684170369729 1.4623297 66
1684170369797 1.4781381 67
1684170369869 1.493771 68
1684170369937 1.5092182 69
1684170370008 1.5244719 70
1684170370076 1.5395253 71
1684170370144 1.5543725 72
1684170370214 1.5690097 73
1684170370282 1.5834341 74
1684170370349 1.5976437 75
1684170370417 1.611638 76
1684170370487 1.6254165 77
1684170370554 1.6389805 78
1684170370620 1.6523311 79
1684170370688 1.6654701 80
1684170370758 1.6784 81
1684170370827 1.6911234 82
1684170370901 1.7036431 83
1684170370972 1.7159624 84
1684170371042 1.7280846 85
1684170371111 1.7400128 86
1684170371180 1.751751 87
1684170371248 1.7633023 88
1684170371316 1.774671 89
1684170371386 1.7858598 90
1684170371456 1.7968731 91
1684170371530 1.8077142 92
1684170371603 1.8183866 93
1684170371674 1.8288939 94
1684170371745 1.8392392 95
1684170371813 1.8494263 96
1684170371883 1.8594583 97
1684170371954 1.8693385 98
1684170372023 1.8790696 99
1684170372092 1.8886551 100
1684170372160 1.8980974 101
1684170372231 1.9073997 102
1684170372304 1.9165643 103
1684170372374 1.9255941 104
1684170372450 1.9344913 105
1684170372520 1.9432585 106
1684170372590 1.9518979 107
1684170372660 1.9604118 108
1684170372729 1.9688026 109
1684170372801 1.977072 110
1684170372869 1.9852221 111
1684170372942 1.9932554 112
1684170373012 2.0011737 113
1684170373079 2.008979 114
1684170373147 2.0166733 115
1684170373214 2.0242586 116
1684170373279 2.0317369 117
1684170373346 2.03911 118
1684170373416 2.04638 119
1684170373486 2.0535493 120
1684170373555 2.0606194 121
1684170373623 2.0675926 122
1684170373690 2.074471 123
1684170373759 2.0812566 124
1684170373828 2.0879512 125
1684170373896 2.0945573 126
1684170373967 2.1010768 127
1684170374036 2.107512 128
1684170374104 2.1138644 129
1684170374173 2.1201367 130
1684170374243 2.126331 131
1684170374445 2.1324492 132
1684170374622 2.138493 133
1684170374757 2.1444652 134
1684170374831 2.1503675 135
1684170374903 2.1562018 136
1684170374976 2.1619704 137
1684170375049 2.167675 138
1684170375119 2.173318 139
1684170375189 2.178901 140
1684170375260 2.1844256 141
1684170375330 2.1898942 142
1684170375398 2.1953087 143
1684170375471 2.2006702 144
1684170375542 2.205981 145
1684170375611 2.2112427 146
1684170375680 2.216457 147
1684170375748 2.2216249 148
1684170375817 2.2267485 149
1684170375885 2.2318294 150
1684170375952 2.2368684 151
1684170376024 2.2418673 152
1684170376092 2.2468276 153
1684170376160 2.2517495 154
1684170376227 2.2566357 155
1684170376297 2.261486 156
1684170376364 2.266302 157
1684170376437 2.271085 158
1684170376512 2.2758355 159
1684170376580 2.2805543 160
1684170376647 2.2852428 161
1684170376725 2.2899013 162
1684170376802 2.2945309 163
1684170376871 2.2991319 164
1684170376940 2.3037052 165
1684170377021 2.3082516 166
1684170377210 2.3127713 167
1684170377277 2.3172653 168
1684170377345 2.3217342 169
1684170377414 2.3261778 170
1684170377487 2.3305976 171
1684170377556 2.3349936 172
1684170377624 2.3393664 173
1684170377693 2.3437164 174
1684170377761 2.3480444 175
1684170377829 2.3523505 176
1684170377898 2.3566356 177
1684170377967 2.3608997 178
1684170378035 2.3651438 179
1684170378106 2.3693686 180
1684170378182 2.3735738 181
1684170378251 2.377761 182
1684170378322 2.3819299 183
1684170378391 2.3860812 184
1684170378464 2.3902159 185
1684170378534 2.3943343 186
1684170378603 2.398437 187
1684170378673 2.4025247 188
1684170378741 2.4065979 189
1684170378820 2.4106574 190
1684170378898 2.4147036 191
1684170378970 2.4187374 192
1684170379042 2.4227593 193
1684170379110 2.4267697 194
1684170379177 2.4307694 195
1684170379248 2.4347594 196
1684170379322 2.4387398 197
1684170379392 2.4427114 198
1684170379461 2.4466748 199
1684170379531 2.4506307 200
1684170379599 2.4545798 201
1684170379669 2.4585226 202
1684170379738 2.4624596 203
1684170379811 2.4663916 204
1684170379882 2.4703186 205
1684170379953 2.4742417 206
1684170380023 2.4781616 207
1684170380091 2.482078 208
1684170380159 2.4859924 209
1684170380227 2.4899049 210
1684170380299 2.4938157 211
1684170380367 2.4977257 212
1684170380436 2.5016353 213
1684170380509 2.505545 214
1684170380579 2.5094547 215
1684170380647 2.5133657 216
1684170380714 2.5172782 217
1684170380783 2.521192 218
1684170380852 2.525108 219
1684170380923 2.5290267 220
1684170380991 2.532948 221
1684170381060 2.5368729 222
1684170381270 2.5408013 223
1684170381445 2.5447335 224
1684170381537 2.5486703 225
1684170381604 2.5526116 226
1684170381672 2.556558 227
1684170381739 2.5605092 228
1684170381808 2.5644662 229
1684170381876 2.568429 230
1684170381946 2.572398 231
1684170382016 2.5763733 232
1684170382086 2.5803552 233
1684170382153 2.584344 234
1684170382221 2.5883403 235
1684170382292 2.5923436 236
1684170382359 2.5963545 237
1684170382426 2.6003733 238
1684170382496 2.6044002 239
1684170382566 2.6084352 240
1684170382634 2.612479 241
1684170382702 2.6165314 242
1684170382770 2.6205924 243
1684170382839 2.6246626 244
1684170382907 2.6287417 245
1684170383016 2.6328306 246
1684170383085 2.636929 247
1684170383153 2.6410372 248
1684170383223 2.6451552 249
1684170383292 2.649283 250
