1684170192954 1.3323469 1
1684170193040 1.1603549 2
1684170193114 0.9781034 3
1684170193189 0.80498517 4
1684170193261 0.65997094 5
1684170193334 0.55337894 6
1684170193402 0.48561883 7
1684170193476 0.44615942 8
1684170193550 0.42737475 9
1684170193623 0.42119265 10
1684170193693 0.41957825 11
1684170193764 0.41729477 12
1684170193837 0.410785 13
1684170193909 0.40172976 14
1684170193983 0.392626 15
1684170194054 0.38315845 16
1684170194124 0.37537605 17
1684170194194 0.37145013 18
1684170194264 0.372357 19
1684170194372 0.37838978 20
1684170194444 0.38921553 21
1684170194517 0.40401527 22
1684170194588 0.42163453 23
1684170194658 0.44075105 24
1684170194727 0.46002942 25
1684170194799 0.47825044 26
1684170194871 0.49440473 27
1684170194940 0.5077495 28
1684170195011 0.5178273 29
1684170195082 0.5244553 30
1684170195148 0.5276911 31
1684170195215 0.52778363 32
1684170195282 0.525118 33
1684170195354 0.5201617 34
1684170195421 0.5134096 35
1684170195490 0.50535196 36
1684170195558 0.4964442 37
1684170195630 0.48708758 38
1684170195697 0.47761834 39
1684170195765 0.4683045 40
1684170195837 0.45934826 41
1684170195906 0.45089188 42
1684170195977 0.44302619 43
1684170196048 0.43579972 44
1684170196115 0.42922756 45
1684170196184 0.42329997 46
1684170196251 0.4179892 47
1684170196319 0.4132556 48
1684170196388 0.40905207 49
1684170196460 0.40532756 50
1684170196529 0.40202987 51
1684170196596 0.3991072 52
1684170196666 0.3965096 53
1684170196734 0.39418977 54
1684170196804 0.3921038 55
1684170196872 0.39021125 56
1684170196941 0.38847578 57
1684170197010 0.38686478 58
1684170197078 0.38535002 59
1684170197146 0.38390708 60
1684170197212 0.38251555 61
1684170197279 0.3811587 62
1684170197348 0.37982345 63
1684170197416 0.37849993 64
1684170197485 0.3771811 65
1684170197552 0.37586266 66
1684170197632 0.3745423 67
1684170197706 0.3732198 68
1684170197775 0.37189603 69
1684170197846 0.37057322 70
1684170197913 0.36925423 71
1684170197985 0.36794236 72
1684170198056 0.36664116 73
1684170198125 0.365354 74
1684170198193 0.36408418 75
1684170198259 0.3628346 76
1684170198329 0.36160773 77
1684170198396 0.36040545 78
1684170198473 0.35922927 79
1684170198560 0.35808003 80
1684170198628 0.35695818 81
1684170198696 0.35586354 82
1684170198763 0.35479555 83
1684170198836 0.3537534 84
1684170198905 0.35273585 85
1684170198976 0.3517414 86
1684170199045 0.3507685 87
1684170199115 0.3498154 88
1684170199182 0.3488803 89
1684170199249 0.34796146 90
1684170199321 0.34705704 91
1684170199390 0.34616554 92
1684170199461 0.34528542 93
1684170199537 0.3444152 94
1684170199608 0.34355375 95
1684170199681 0.3427 96
1684170199757 0.34185308 97
1684170199961 0.3410124 98
1684170200119 0.34017727 99
1684170200211 0.33934736 100
1684170200280 0.3385225 101
1684170200349 0.3377025 102
1684170200416 0.33688745 103
1684170200486 0.33607733 104
1684170200555 0.3352723 105
1684170200621 0.33447266 106
1684170200690 0.33367854 107
1684170200758 0.33289018 108
1684170200825 0.33210796 109
1684170200893 0.33133206 110
1684170200962 0.3305627 111
1684170201032 0.32980025 112
1684170201101 0.3290448 113
1684170201169 0.32829654 114
1684170201238 0.32755575 115
1684170201307 0.3268224 116
1684170201377 0.32609677 117
1684170201450 0.32537884 118
1684170201520 0.3246687 119
1684170201587 0.32396647 120
1684170201657 0.3232722 121
1684170201726 0.32258588 122
1684170201795 0.32190758 123
1684170201863 0.32123736 124
1684170201931 0.32057527 125
1684170202003 0.31992137 126
1684170202073 0.3192758 127
1684170202142 0.31863856 128
1684170202211 0.3180098 129
1684170202281 0.31738967 130
1684170202350 0.31677824 131
1684170202417 0.31617576 132
1684170202489 0.3155823 133
1684170202558 0.31499812 134
1684170202626 0.31442338 135
1684170202696 0.31385833 136
1684170202766 0.3133031 137
1684170202834 0.31275797 138
1684170202903 0.31222317 139
1684170202972 0.3116989 140
1684170203041 0.31118533 141
1684170203108 0.3106827 142
1684170203178 0.3101912 143
1684170203249 0.309711 144
1684170203316 0.30924228 145
1684170203383 0.3087852 146
1684170203454 0.30833977 147
1684170203525 0.30790627 148
1684170203593 0.30748463 149
1684170203663 0.307075 150
1684170203733 0.30667737 151
1684170203803 0.3062918 152
1684170203872 0.3059182 153
1684170203941 0.30555663 154
1684170204010 0.30520695 155
1684170204077 0.30486915 156
1684170204145 0.3045431 157
1684170204212 0.30422872 158
1684170204282 0.30392587 159
1684170204350 0.30363438 160
1684170204419 0.3033541 161
1684170204490 0.3030849 162
1684170204561 0.30282658 163
1684170204629 0.30257896 164
1684170204697 0.30234182 165
1684170204765 0.30211496 166
1684170204832 0.30189818 167
1684170204900 0.30169132 168
1684170204972 0.3014941 169
1684170205042 0.30130634 170
1684170205109 0.3011278 171
1684170205176 0.3009583 172
1684170205244 0.3007976 173
1684170205313 0.30064553 174
1684170205381 0.30050188 175
1684170205450 0.3003664 176
1684170205520 0.3002389 177
1684170205588 0.30011922 178
1684170205654 0.30000713 179
1684170205731 0.29990247 180
1684170205805 0.29980505 181
1684170205876 0.29971468 182
1684170205946 0.29963124 183
1684170206020 0.29955447 184
1684170206093 0.29948428 185
1684170206159 0.29942048 186
1684170206225 0.29936293 187
1684170206294 0.2993115 188
1684170206361 0.29926604 189
1684170206429 0.29922637 190
1684170206498 0.29919243 191
1684170206565 0.29916406 192
1684170206749 0.29914114 193
1684170206936 0.29912353 194
1684170207009 0.29911116 195
1684170207079 0.29910392 196
1684170207146 0.29910165 197
1684170207215 0.29910433 198
1684170207283 0.29911184 199
1684170207351 0.29912403 200
1684170207417 0.2991409 201
1684170207489 0.2991623 202
1684170207563 0.29918817 203
1684170207631 0.29921842 204
1684170207699 0.29925302 205
1684170207767 0.29929182 206
1684170207834 0.29933482 207
1684170207903 0.2993819 208
1684170207972 0.29943305 209
1684170208043 0.2994882 210
1684170208116 0.29954714 211
1684170208194 0.29961002 212
1684170208269 0.29967666 213
1684170208344 0.29974705 214
1684170208418 0.29982114 215
1684170208496 0.29989883 216
1684170208571 0.29998013 217
1684170208645 0.30006492 218
1684170208719 0.3001532 219
1684170208796 0.30024487 220
1684170208869 0.30033997 221
1684170208945 0.30043837 222
1684170209021 0.30054006 223
1684170209100 0.300645 224
1684170209174 0.30075312 225
1684170209250 0.30086437 226
1684170209323 0.30097878 227
1684170209412 0.30109623 228
1684170209489 0.30121672 229
1684170209566 0.3013402 230
1684170209641 0.3014666 231
1684170209718 0.30159593 232
1684170209797 0.30172813 233
1684170209871 0.30186313 234
1684170209946 0.30200094 235
1684170210020 0.30214152 236
1684170210096 0.30228484 237
1684170210172 0.30243075 238
1684170210250 0.30257937 239
1684170210327 0.3027306 240
1684170210395 0.30288437 241
1684170210465 0.3030407 242
1684170210533 0.30319956 243
1684170210602 0.30336088 244
1684170210667 0.3035246 245
1684170210740 0.30369076 246
1684170210809 0.30385926 247
1684170210876 0.30403012 248
1684170210945 0.3042033 249
1684170211014 0.30437872 250
