1684169376074 1.3502586 1
1684169376159 1.1860006 2
1684169376231 1.0146469 3
1684169376301 0.8530221 4
1684169376373 0.71732396 5
1684169376444 0.6158325 6
1684169376518 0.5482938 7
1684169376589 0.5086194 8
1684169376664 0.4883346 9
1684169376733 0.4793465 10
1684169376802 0.4755403 11
1684169376872 0.47328413 12
1684169376942 0.4711637 13
1684169377014 0.46934533 14
1684169377084 0.46883613 15
1684169377156 0.47085476 16
1684169377225 0.47639737 17
1684169377292 0.48600823 18
1684169377363 0.49972224 19
1684169377433 0.51712567 20
1684169377504 0.53748184 21
1684169377573 0.5598781 22
1684169377643 0.583361 23
1684169377712 0.6070432 24
1684169377783 0.6301742 25
1684169377854 0.65217674 26
1684169377926 0.6726546 27
1684169378002 0.6913803 28
1684169378074 0.7082695 29
1684169378147 0.7233497 30
1684169378215 0.7367291 31
1684169378289 0.7485664 32
1684169378359 0.7590461 33
1684169378432 0.76835895 34
1684169378505 0.7766876 35
1684169378574 0.7841968 36
1684169378644 0.79102767 37
1684169378711 0.7972964 38
1684169378780 0.8030937 39
1684169378849 0.8084874 40
1684169378918 0.81352544 41
1684169378989 0.81823945 42
1684169379059 0.82264876 43
1684169379129 0.8267636 44
1684169379197 0.83058834 45
1684169379267 0.83412397 46
1684169379337 0.8373702 47
1684169379408 0.8403264 48
1684169379478 0.842993 49
1684169379545 0.84537184 50
1684169379614 0.84746605 51
1684169379683 0.8492807 52
1684169379752 0.85082257 53
1684169379820 0.8520995 54
1684169379890 0.85312086 55
1684169379962 0.8538973 56
1684169380030 0.85444 57
1684169380098 0.85476124 58
1684169380168 0.85487396 59
1684169380237 0.8547915 60
1684169380305 0.8545276 61
1684169380373 0.85409635 62
1684169380442 0.8535118 63
1684169380511 0.8527882 64
1684169380582 0.85193956 65
1684169380656 0.85097957 66
1684169380727 0.84992135 67
1684169380798 0.848778 68
1684169380867 0.8475621 69
1684169380938 0.8462861 70
1684169381011 0.8449626 71
1684169381086 0.8436041 72
1684169381153 0.8422236 73
1684169381223 0.8408341 74
1684169381291 0.8394486 75
1684169381363 0.83808017 76
1684169381432 0.83674145 77
1684169381504 0.8354447 78
1684169381573 0.8342014 79
1684169381642 0.83302224 80
1684169381712 0.83191645 81
1684169381782 0.8308923 82
1684169381851 0.8299564 83
1684169382006 0.8291138 84
1684169382214 0.8283676 85
1684169382332 0.82771885 86
1684169382413 0.8271667 87
1684169382483 0.82670814 88
1684169382554 0.8263381 89
1684169382625 0.8260499 90
1684169382700 0.8258357 91
1684169382769 0.82568663 92
1684169382843 0.8255935 93
1684169382911 0.8255472 94
1684169382986 0.82553923 95
1684169383057 0.82556176 96
1684169383128 0.8256081 97
1684169383197 0.82567275 98
1684169383394 0.8257514 99
1684169383585 0.8258414 100
1684169383664 0.82594115 101
1684169383737 0.82605016 102
1684169383805 0.826169 103
1684169383872 0.8262992 104
1684169383942 0.82644284 105
1684169384025 0.82660246 106
1684169384102 0.8267809 107
1684169384171 0.82698107 108
1684169384239 0.8272057 109
1684169384307 0.8274573 110
1684169384375 0.8277382 111
1684169384443 0.82804996 112
1684169384513 0.8283939 113
1684169384582 0.8287704 114
1684169384655 0.82917964 115
1684169384726 0.82962114 116
1684169384797 0.83009374 117
1684169384865 0.8305957 118
1684169384934 0.83112514 119
1684169385008 0.8316798 120
1684169385076 0.83225703 121
1684169385145 0.8328542 122
1684169385215 0.8334684 123
1684169385284 0.83409685 124
1684169385354 0.8347373 125
1684169385422 0.83538705 126
1684169385493 0.8360442 127
1684169385561 0.83670694 128
1684169385628 0.837374 129
1684169385698 0.8380439 130
1684169385765 0.8387166 131
1684169385832 0.8393917 132
1684169385900 0.84006906 133
1684169385971 0.8407495 134
1684169386045 0.84143335 135
1684169386112 0.84212184 136
1684169386182 0.8428159 137
1684169386275 0.84351695 138
1684169386344 0.84422624 139
1684169386412 0.84494495 140
1684169386483 0.8456744 141
1684169386554 0.84641576 142
1684169386625 0.84716994 143
1684169386696 0.84793794 144
1684169386766 0.8487203 145
1684169386837 0.8495175 146
1684169386906 0.8503299 147
1684169386979 0.85115725 148
1684169387049 0.85199976 149
1684169387120 0.8528568 150
1684169387190 0.853728 151
1684169387263 0.85461277 152
1684169387333 0.8555103 153
1684169387403 0.8564198 154
1684169387478 0.85734063 155
1684169387548 0.8582717 156
1684169387617 0.8592125 157
1684169387690 0.86016226 158
1684169387759 0.86112005 159
1684169387827 0.8620855 160
1684169387896 0.8630582 161
1684169387967 0.86403775 162
1684169388036 0.8650238 163
1684169388107 0.8660164 164
1684169388178 0.86701536 165
1684169388247 0.8680209 166
1684169388319 0.86903304 167
1684169388388 0.87005204 168
1684169388459 0.8710784 169
1684169388530 0.8721121 170
1684169388597 0.87315357 171
1684169388666 0.8742033 172
1684169388737 0.8752614 173
1684169388807 0.87632823 174
1684169388877 0.877404 175
1684169388947 0.8784888 176
1684169389023 0.87958276 177
1684169389092 0.8806859 178
1684169389161 0.8817984 179
1684169389230 0.88292 180
1684169389303 0.8840506 181
1684169389371 0.8851901 182
1684169389439 0.88633823 183
1684169389511 0.8874947 184
1684169389578 0.88865936 185
1684169389646 0.8898318 186
1684169389717 0.8910117 187
1684169389789 0.89219904 188
1684169389861 0.8933933 189
1684169389931 0.89459443 190
1684169390004 0.895802 191
1684169390074 0.89701617 192
1684169390361 0.89823663 193
1684169390434 0.89946324 194
1684169390507 0.90069604 195
1684169390575 0.90193504 196
1684169390642 0.9031801 197
1684169390710 0.9044315 198
1684169390783 0.9056891 199
1684169390850 0.9069531 200
1684169390917 0.90822345 201
1684169390991 0.9095003 202
1684169391060 0.91078377 203
1684169391130 0.91207397 204
1684169391200 0.91337085 205
1684169391268 0.9146745 206
1684169391337 0.915985 207
1684169391406 0.91730225 208
1684169391575 0.9186263 209
1684169391714 0.9199571 210
1684169391783 0.92129457 211
1684169391851 0.9226388 212
1684169391920 0.9239894 213
1684169391991 0.9253465 214
1684169392061 0.9267098 215
1684169392138 0.92807925 216
1684169392214 0.9294547 217
1684169392284 0.9308361 218
1684169392351 0.9322232 219
1684169392418 0.93361604 220
1684169392489 0.9350143 221
1684169392558 0.93641794 222
1684169392626 0.93782705 223
1684169392698 0.9392414 224
1684169392766 0.94066083 225
1684169392838 0.9420855 226
1684169392908 0.94351536 227
1684169392981 0.9449502 228
1684169393053 0.94639015 229
1684169393120 0.9478352 230
1684169393191 0.9492852 231
1684169393260 0.9507404 232
1684169393330 0.95220053 233
1684169393400 0.9536658 234
1684169393473 0.95513606 235
1684169393543 0.9566114 236
1684169393611 0.9580917 237
1684169393678 0.95957696 238
1684169393746 0.96106714 239
1684169393814 0.9625623 240
1684169393883 0.9640622 241
1684169393951 0.96556693 242
1684169394023 0.9670764 243
1684169394095 0.9685905 244
1684169394165 0.9701092 245
1684169394235 0.9716323 246
1684169394304 0.9731599 247
1684169394374 0.9746918 248
1684169394442 0.97622794 249
1684169394514 0.97776836 250
