1684572422549 1.8994484 1
1684572422619 1.7436373 2
1684572422698 1.6366508 3
1684572422769 1.6208458 4
1684572422836 1.6522198 5
1684572422904 1.6961601 6
1684572422983 1.736193 7
1684572423052 1.765379 8
1684572423121 1.7815915 9
1684572423205 1.7855313 10
1684572423268 1.7794135 11
1684572423355 1.7659984 12
1684572423421 1.7479786 13
1684572423500 1.727663 14
1684572423569 1.7068555 15
1684572423638 1.6868535 16
1684572423707 1.6685048 17
1684572423785 1.6522906 18
1684572423868 1.6384082 19
1684572423938 1.6268499 20
1684572424007 1.6174643 21
1684572424070 1.6100112 22
1684572424139 1.6042008 23
1684572424224 1.599725 24
1684572424286 1.596279 25
1684572424370 1.5935769 26
1684572424440 1.5913615 27
1684572424513 1.5894104 28
1684572424575 1.5875381 29
1684572424656 1.5855958 30
1684572424725 1.5834706 31
1684572424787 1.5810809 32
1684572424872 1.5783737 33
1684572424943 1.57532 34
1684572425010 1.5719104 35
1684572425073 1.5681515 36
1684572425157 1.5640618 37
1684572425226 1.5596678 38
1684572425289 1.5550016 39
1684572425358 1.5500988 40
1684572425436 1.544996 41
1684572425491 1.5397289 42
1684572425574 1.534332 43
1684572425643 1.5288377 44
1684572425712 1.5232747 45
1684572425774 1.5176692 46
1684572425843 1.5120437 47
1684572425928 1.5064175 48
1684572425992 1.5008073 49
1684572426059 1.4952255 50
1684572426128 1.4896833 51
1684572426191 1.4841888 52
1684572426260 1.478748 53
1684572426329 1.4733651 54
1684572426407 1.4680431 55
1684572426480 1.4627831 56
1684572426539 1.4575857 57
1684572426614 1.4524505 58
1684572426692 1.4473763 59
1684572426745 1.4423615 60
1684572426814 1.4374044 61
1684572426893 1.4325027 62
1684572426962 1.4276543 63
1684572427023 1.4228568 64
1684572427103 1.4181079 65
1684572427162 1.4134054 66
1684572427231 1.4087471 67
1684572427315 1.4041312 68
1684572427394 1.3995557 69
1684572427478 1.3950186 70
1684572427539 1.3905189 71
1684572427616 1.3860545 72
1684572427679 1.3816246 73
1684572427748 1.3772277 74
1684572427817 1.372863 75
1684572427895 1.3685293 76
1684572427964 1.3642259 77
1684572428033 1.3599522 78
1684572428106 1.3557072 79
1684572428164 1.3514906 80
1684572428233 1.3473017 81
1684572428318 1.3431401 82
1684572428380 1.3390055 83
1684572428449 1.3348975 84
1684572428526 1.3308156 85
1684572428604 1.3267593 86
1684572428667 1.3227289 87
1684572428734 1.3187238 88
1684572428819 1.3147436 89
1684572428881 1.3107886 90
1684572428950 1.3068581 91
1684572429019 1.3029519 92
1684572429097 1.2990702 93
1684572429367 1.2952126 94
1684572429452 1.2913789 95
1684572429521 1.287569 96
1684572429599 1.2837827 97
1684572429666 1.2800201 98
1684572429737 1.2762806 99
1684572429799 1.2725645 100
1684572429868 1.2688713 101
1684572429937 1.2652012 102
1684572430015 1.261554 103
1684572430084 1.2579294 104
1684572430153 1.2543274 105
1684572430223 1.2507479 106
1684572430280 1.2471907 107
1684572430354 1.243656 108
1684572430423 1.2401434 109
1684572430586 1.2366529 110
1684572430762 1.2331843 111
1684572430840 1.2297375 112
1684572430918 1.2263126 113
1684572430987 1.2229093 114
1684572431056 1.2195276 115
1684572431125 1.2161673 116
1684572431188 1.2128286 117
1684572431272 1.209511 118
1684572431341 1.2062147 119
1684572431404 1.2029393 120
1684572431473 1.1996851 121
1684572431542 1.1964518 122
1684572431620 1.1932392 123
1684572431689 1.1900474 124
1684572431758 1.186876 125
1684572431827 1.1837255 126
1684572431974 1.1805952 127
1684572432043 1.1774851 128
1684572432121 1.1743954 129
1684572432190 1.1713257 130
1684572432259 1.1682761 131
1684572432338 1.1652464 132
1684572432408 1.1622365 133
1684572432475 1.1592461 134
1684572432544 1.1562755 135
1684572432622 1.1533242 136
1684572432707 1.1503924 137
1684572432776 1.1474798 138
1684572432851 1.1445863 139
1684572432911 1.141712 140
1684572432976 1.1388564 141
1684572433045 1.1360197 142
1684572433124 1.1332018 143
1684572433177 1.1304023 144
1684572433262 1.1276214 145
1684572433331 1.1248586 146
1684572433406 1.1221142 147
1684572433462 1.119388 148
1684572433531 1.1166795 149
1684572433609 1.1139889 150
1684572433678 1.111316 151
1684572433747 1.1086605 152
1684572433825 1.1060221 153
1684572433901 1.1034012 154
1684572433961 1.1007972 155
1684572434032 1.0982103 156
1684572434094 1.0956402 157
1684572434163 1.093087 158
1684572434232 1.0905501 159
1684572434310 1.0880299 160
1684572434380 1.085526 161
1684572434449 1.0830383 162
1684572434513 1.0805669 163
1684572434580 1.0781113 164
1684572434665 1.0756718 165
1684572434734 1.073248 166
1684572434796 1.0708399 167
1684572434865 1.0684474 168
1684572434934 1.0660703 169
1684572434996 1.0637085 170
1684572435066 1.0613621 171
1684572435135 1.0590308 172
1684572435213 1.0567144 173
1684572435282 1.0544131 174
1684572435351 1.0521263 175
1684572435413 1.0498543 176
1684572435495 1.0475969 177
1684572435567 1.0453539 178
1684572435636 1.0431254 179
1684572435698 1.040911 180
1684572435783 1.0387108 181
1684572435852 1.0365247 182
1684572435914 1.0343524 183
1684572435983 1.0321941 184
1684572436055 1.0300493 185
1684572436118 1.0279183 186
1684572436199 1.0258008 187
1684572436268 1.0236965 188
1684572436337 1.0216058 189
1684572436400 1.0195282 190
1684572436469 1.0174637 191
1684572436538 1.015412 192
1684572436620 1.0133735 193
1684572436685 1.0113477 194
1684572436754 1.0093344 195
1684572436839 1.007334 196
1684572436917 1.0053458 197
1684572436986 1.0033703 198
1684572437055 1.001407 199
1684572437120 0.99945587 200
1684572437186 0.9975169 201
1684572437255 0.99559 202
1684572437333 0.99367493 203
1684572437403 0.9917718 204
1684572437472 0.9898804 205
1684572437541 0.9880006 206
1684572437613 0.9861324 207
1684572437699 0.9842757 208
1684572437773 0.98243034 209
1684572437858 0.9805963 210
1684572437920 0.9787735 211
1684572437989 0.97696173 212
1684572438074 0.9751611 213
1684572438148 0.9733714 214
1684572438290 0.97159255 215
1684572438406 0.9698244 216
1684572438475 0.96806705 217
1684572438544 0.96632016 218
1684572438622 0.9645839 219
1684572438701 0.96285814 220
1684572438760 0.9611427 221
1684572438845 0.95943755 222
1684572438907 0.9577425 223
1684572438976 0.9560577 224
1684572439045 0.954383 225
1684572439108 0.95271814 226
1684572439177 0.9510633 227
1684572439245 0.9494182 228
1684572439323 0.9477828 229
1684572439393 0.9461571 230
1684572439462 0.944541 231
1684572439524 0.9429344 232
1684572439593 0.9413372 233
1684572439662 0.9397495 234
1684572439733 0.938171 235
1684572439795 0.9366017 236
1684572439878 0.93504167 237
1684572439947 0.93349063 238
1684572440009 0.93194866 239
1684572440280 0.9304155 240
1684572440348 0.9288913 241
1684572440427 0.927376 242
1684572440496 0.92586935 243
1684572440565 0.92437136 244
1684572440643 0.922882 245
1684572440696 0.92140114 246
1684572440765 0.91992885 247
1684572440850 0.91846484 248
1684572440912 0.9170093 249
1684572440981 0.9155619 250
