1684573174047 1.9688808 1
1684573174112 1.7911541 2
1684573174190 1.6647116 3
1684573174259 1.6287756 4
1684573174340 1.638134 5
1684573174409 1.6584854 6
1684573174475 1.6738207 7
1684573174560 1.677557 8
1684573174629 1.667859 9
1684573174707 1.6456468 10
1684573174776 1.6132708 11
1684573174846 1.573556 12
1684573174930 1.5292217 13
1684573174992 1.4825895 14
1684573175077 1.4354753 15
1684573175146 1.3891909 16
1684573175215 1.3446083 17
1684573175293 1.3022405 18
1684573175368 1.2623302 19
1684573175431 1.2249273 20
1684573175515 1.1899538 21
1684573175578 1.1572547 22
1684573175647 1.1266351 23
1684573175732 1.0978881 24
1684573175794 1.0708134 25
1684573175879 1.0452282 26
1684573175949 1.0209739 27
1684573176017 0.9979188 28
1684573176095 0.97595876 29
1684573176148 0.95501435 30
1684573176217 0.9350287 31
1684573176311 0.91596377 32
1684573176380 0.8977966 33
1684573176450 0.8805152 34
1684573176533 0.8641157 35
1684573176596 0.84859896 36
1684573176665 0.8339676 37
1684573176734 0.82022464 38
1684573176812 0.80737126 39
1684573176881 0.7954054 40
1684573176954 0.78432196 41
1684573177019 0.77411157 42
1684573177082 0.7647607 43
1684573177151 0.7562518 44
1684573177220 0.7485638 45
1684573177298 0.74167234 46
1684573177367 0.7355503 47
1684573177436 0.7301682 48
1684573177498 0.7254949 49
1684573177579 0.7214984 50
1684573177652 0.7181457 51
1684573177721 0.7154036 52
1684573177783 0.713239 53
1684573177852 0.7116193 54
1684573177921 0.71051264 55
1684573177984 0.7098879 56
1684573178064 0.70971525 57
1684573178122 0.70996606 58
1684573178200 0.71061283 59
1684573178269 0.71162987 60
1684573178322 0.7129922 61
1684573178400 0.714677 62
1684573178469 0.7166624 63
1684573178540 0.71892786 64
1684573178610 0.7214545 65
1684573178685 0.72422457 66
1684573178754 0.7272212 67
1684573178823 0.7304292 68
1684573178886 0.7338341 69
1684573178955 0.73742276 70
1684573179024 0.74118286 71
1684573179108 0.7451029 72
1684573179171 0.74917245 73
1684573179240 0.75338185 74
1684573179303 0.7577219 75
1684573179372 0.76218444 76
1684573179441 0.7667618 77
1684573179503 0.77144706 78
1684573179572 0.77623355 79
1684573179644 0.7811155 80
1684573179722 0.78608716 81
1684573179788 0.79114383 82
1684573179857 0.79628056 83
1684573179926 0.80149317 84
1684573180004 0.80677783 85
1684573180074 0.81213087 86
1684573180151 0.817549 87
1684573180208 0.8230291 88
1684573180289 0.8285685 89
1684573180358 0.83416474 90
1684573180427 0.83981514 91
1684573180490 0.84551775 92
1684573180559 0.8512705 93
1684573180628 0.8570715 94
1684573180708 0.86291933 95
1684573180775 0.8688121 96
1684573180844 0.8747484 97
1684573180906 0.88072705 98
1684573180976 0.8867467 99
1684573181045 0.8928063 100
1684573181123 0.89890456 101
1684573181193 0.9050406 102
1684573181256 0.9112135 103
1684573181330 0.9174224 104
1684573181392 0.92366624 105
1684573181461 0.92994463 106
1684573181530 0.9362565 107
1684573181789 0.9426012 108
1684573181925 0.94897807 109
1684573181994 0.9553866 110
1684573182063 0.961826 111
1684573182132 0.9682958 112
1684573182195 0.97479534 113
1684573182276 0.981324 114
1684573182332 0.9878814 115
1684573182411 0.99446714 116
1684573182464 1.0010804 117
1684573182549 1.0077207 118
1684573182611 1.0143878 119
1684573182680 1.0210812 120
1684573182749 1.0278001 121
1684573182821 1.0345445 122
1684573182896 1.0413135 123
1684573182996 1.048107 124
1684573183066 1.0549245 125
1684573183135 1.0617654 126
1684573183213 1.0686295 127
1684573183282 1.0755161 128
1684573183353 1.082425 129
1684573183416 1.089356 130
1684573183482 1.096308 131
1684573183551 1.1032811 132
1684573183614 1.1102748 133
1684573183698 1.1172888 134
1684573183767 1.1243225 135
1684573183836 1.1313757 136
1684573183901 1.1384479 137
1684573183968 1.1455386 138
1684573184037 1.1526477 139
1684573184115 1.1597747 140
1684573184184 1.166919 141
1684573184253 1.1740805 142
1684573184315 1.1812588 143
1684573184407 1.1884533 144
1684573184484 1.195664 145
1684573184553 1.2028902 146
1684573184616 1.2101318 147
1684573184701 1.2173884 148
1684573184770 1.2246597 149
1684573184839 1.2319453 150
1684573184913 1.2392449 151
1684573184982 1.2465582 152
1684573185039 1.2538848 153
1684573185117 1.2612243 154
1684573185186 1.2685765 155
1684573185255 1.275941 156
1684573185318 1.2833174 157
1684573185387 1.2907056 158
1684573185451 1.2981049 159
1684573185532 1.305515 160
1684573185603 1.3129361 161
1684573185672 1.3203675 162
1684573185741 1.3278089 163
1684573185803 1.3352597 164
1684573185872 1.3427203 165
1684573185941 1.3501897 166
1684573186016 1.357668 167
1684573186089 1.365155 168
1684573186142 1.3726501 169
1684573186220 1.3801532 170
1684573186289 1.3876641 171
1684573186358 1.3951821 172
1684573186421 1.4027075 173
1684573186495 1.4102398 174
1684573186559 1.417779 175
1684573186637 1.4253242 176
1684573186706 1.4328756 177
1684573186775 1.440433 178
1684573186844 1.4479961 179
1684573186906 1.4555647 180
1684573186975 1.4631383 181
1684573187052 1.4707171 182
1684573187108 1.4783005 183
1684573187238 1.4858884 184
1684573187376 1.4934804 185
1684573187445 1.5010767 186
1684573187523 1.5086768 187
1684573187600 1.5162807 188
1684573187661 1.5238879 189
1684573187746 1.5314982 190
1684573187809 1.5391116 191
1684573187878 1.5467279 192
1684573187947 1.5543466 193
1684573188025 1.561968 194
1684573188095 1.5695915 195
1684573188163 1.5772171 196
1684573188225 1.5848445 197
1684573188294 1.5924736 198
1684573188363 1.6001042 199
1684573188448 1.6077361 200
1684573188510 1.6153691 201
1684573188579 1.6230032 202
1684573188661 1.6306379 203
1684573188724 1.6382735 204
1684573188795 1.6459093 205
1684573188864 1.6535457 206
1684573188927 1.6611819 207
1684573188996 1.6688182 208
1684573189065 1.6764544 209
1684573189145 1.6840904 210
1684573189209 1.6917255 211
1684573189281 1.6993603 212
1684573189350 1.7069942 213
1684573189412 1.7146273 214
1684573189481 1.7222593 215
1684573189550 1.72989 216
1684573189613 1.7375195 217
1684573189694 1.7451475 218
1684573189766 1.7527738 219
1684573189829 1.7603984 220
1684573189914 1.7680211 221
1684573189983 1.7756418 222
1684573190052 1.7832603 223
1684573190114 1.7908769 224
1684573190183 1.7984909 225
1684573190252 1.8061023 226
1684573190314 1.8137114 227
1684573190383 1.8213176 228
1684573190452 1.8289208 229
1684573190531 1.8365214 230
1684573190584 1.8441187 231
1684573190653 1.851713 232
1684573190735 1.8593038 233
1684573190803 1.8668916 234
1684573190869 1.8744757 235
1684573190932 1.8820562 236
1684573191001 1.8896332 237
1684573191070 1.8972063 238
1684573191148 1.9047756 239
1684573191217 1.9123409 240
1684573191287 1.9199023 241
1684573191355 1.9274595 242
1684573191433 1.9350125 243
1684573191502 1.9425611 244
1684573191571 1.9501053 245
1684573191634 1.957645 246
1684573191703 1.9651803 247
1684573191772 1.9727106 248
1684573191851 1.9802368 249
1684573191934 1.9877577 250
