1684573650501 1.952004 1
1684573650578 1.7797673 2
1684573650661 1.6626253 3
1684573650723 1.6414553 4
1684573650794 1.6689923 5
1684573650861 1.7092253 6
1684573650939 1.74541 7
1684573651008 1.77071 8
1684573651077 1.78319 9
1684573651146 1.7837191 10
1684573651224 1.7745947 11
1684573651294 1.7585734 12
1684573651375 1.7382997 13
1684573651447 1.716018 14
1684573651510 1.6934675 15
1684573651594 1.6718887 16
1684573651664 1.6520829 17
1684573651726 1.6344931 18
1684573651795 1.6192873 19
1684573651892 1.6064321 20
1684573651964 1.595757 21
1684573652042 1.5870043 22
1684573652111 1.5798712 23
1684573652180 1.5740387 24
1684573652249 1.5691947 25
1684573652327 1.5650489 26
1684573652406 1.5613432 27
1684573652475 1.5578561 28
1684573652549 1.5544059 29
1684573652612 1.5508492 30
1684573652681 1.5470796 31
1684573652750 1.5430232 32
1684573652828 1.5386354 33
1684573652897 1.5338956 34
1684573652966 1.528803 35
1684573653028 1.5233724 36
1684573653097 1.5176297 37
1684573653166 1.5116092 38
1684573653244 1.5053493 39
1684573653313 1.4988918 40
1684573653382 1.4922786 41
1684573653467 1.4855502 42
1684573653532 1.4787447 43
1684573653598 1.4718986 44
1684573653667 1.465043 45
1684573653730 1.4582068 46
1684573653799 1.4514146 47
1684573653868 1.4446869 48
1684573653946 1.4380413 49
1684573654017 1.431492 50
1684573654084 1.4250498 51
1684573654153 1.4187233 52
1684573654231 1.4125187 53
1684573654300 1.40644 54
1684573654369 1.4004896 55
1684573654431 1.3946683 56
1684573654501 1.3889757 57
1684573654585 1.3834109 58
1684573654654 1.3779716 59
1684573654732 1.3726552 60
1684573654801 1.3674588 61
1684573654870 1.3623787 62
1684573654933 1.3574117 63
1684573655002 1.3525538 64
1684573655083 1.3478013 65
1684573655155 1.3431506 66
1684573655217 1.3385975 67
1684573655286 1.3341388 68
1684573655356 1.3297704 69
1684573655434 1.325489 70
1684573655503 1.3212912 71
1684573655572 1.3171736 72
1684573655637 1.313133 73
1684573655703 1.3091662 74
1684573655772 1.3052701 75
1684573655834 1.3014419 76
1684573655903 1.2976785 77
1684573655988 1.2939771 78
1684573656057 1.2903352 79
1684573656121 1.28675 80
1684573656188 1.2832189 81
1684573656257 1.279739 82
1684573656320 1.2763083 83
1684573656389 1.2729242 84
1684573656458 1.2695842 85
1684573656536 1.2662859 86
1684573656618 1.2630272 87
1684573656674 1.2598058 88
1684573656758 1.2566195 89
1684573656836 1.253466 90
1684573656905 1.2503434 91
1684573656974 1.2472498 92
1684573657037 1.2441831 93
1684573657106 1.2411413 94
1684573657181 1.2381227 95
1684573657240 1.2351257 96
1684573657306 1.2321483 97
1684573657375 1.2291889 98
1684573657453 1.2262462 99
1684573657522 1.2233186 100
1684573657591 1.2204046 101
1684573657660 1.2175028 102
1684573657727 1.2146121 103
1684573657792 1.2117312 104
1684573657861 1.208859 105
1684573657939 1.2059946 106
1684573657992 1.2031366 107
1684573658061 1.2002845 108
1684573658139 1.1974373 109
1684573658209 1.1945939 110
1684573658277 1.1917542 111
1684573658340 1.1889172 112
1684573658409 1.1860821 113
1684573658493 1.1832489 114
1684573658562 1.1804166 115
1684573658656 1.1775851 116
1684573658726 1.1747537 117
1684573658854 1.1719224 118
1684573658925 1.169091 119
1684573659010 1.1662588 120
1684573659079 1.163426 121
1684573659141 1.1605924 122
1684573659210 1.1577578 123
1684573659279 1.1549221 124
1684573659345 1.1520854 125
1684573659426 1.1492479 126
1684573659495 1.146409 127
1684573659564 1.1435692 128
1684573659627 1.1407287 129
1684573659696 1.1378874 130
1684573659765 1.1350453 131
1684573659845 1.1322027 132
1684573659912 1.1293597 133
1684573659981 1.1265166 134
1684573660043 1.1236736 135
1684573660112 1.1217477 136
1684573660197 1.1200509 137
1684573660266 1.1183481 138
1684573660327 1.1166167 139
1684573660397 1.114858 140
1684573660466 1.1130662 141
1684573660544 1.1112316 142
1684573660613 1.109345 143
1684573660682 1.1073989 144
1684573660745 1.1053888 145
1684573660814 1.1033127 146
1684573660892 1.1011707 147
1684573660967 1.0989646 148
1684573661083 1.0966976 149
1684573661161 1.0943738 150
1684573661230 1.0919973 151
1684573661299 1.0895731 152
1684573661368 1.0871055 153
1684573661434 1.0845993 154
1684573661499 1.0820582 155
1684573661584 1.0794867 156
1684573661647 1.0768883 157
1684573661716 1.0742666 158
1684573661785 1.0716243 159
1684573661847 1.0689644 160
1684573661916 1.0662897 161
1684573661985 1.0636023 162
1684573662063 1.0609045 163
1684573662132 1.0581985 164
1684573662201 1.0554854 165
1684573662270 1.0527673 166
1684573662332 1.0500457 167
1684573662401 1.0473219 168
1684573662480 1.0445969 169
1684573662546 1.0418723 170
1684573662617 1.0391487 171
1684573662686 1.036427 172
1684573662749 1.0337083 173
1684573662818 1.0309932 174
1684573662887 1.0282826 175
1684573662967 1.0255768 176
1684573663032 1.0228767 177
1684573663087 1.0201827 178
1684573663165 1.0174953 179
1684573663234 1.0148149 180
1684573663303 1.012142 181
1684573663366 1.0094765 182
1684573663435 1.0068192 183
1684573663499 1.0041704 184
1684573663573 1.0015303 185
1684573663635 0.99889874 186
1684573663704 0.9962765 187
1684573663773 0.9936634 188
1684573663836 0.9910598 189
1684573663905 0.98846555 190
1684573663974 0.985881 191
1684573664056 0.9833062 192
1684573664120 0.98074144 193
1684573664189 0.97818637 194
1684573664421 0.9756415 195
1684573664553 0.9731066 196
1684573664623 0.9705819 197
1684573664690 0.96806717 198
1684573664753 0.96556264 199
1684573664822 0.96306837 200
1684573664907 0.96058416 201
1684573664976 0.95811015 202
1684573665054 0.95564634 203
1684573665128 0.95319265 204
1684573665191 0.95074916 205
1684573665254 0.94831574 206
1684573665323 0.94589245 207
1684573665392 0.9434792 208
1684573665454 0.94107604 209
1684573665524 0.9386828 210
1684573665677 0.93629956 211
1684573665878 0.9339263 212
1684573666025 0.9315629 213
1684573666094 0.92920935 214
1684573666174 0.9268657 215
1684573666238 0.92453176 216
1684573666310 0.92220753 217
1684573666379 0.9198931 218
1684573666441 0.91758823 219
1684573666510 0.915293 220
1684573666579 0.9130073 221
1684573666642 0.9107312 222
1684573666732 0.90846455 223
1684573666795 0.90620726 224
1684573666858 0.90395945 225
1684573666927 0.901721 226
1684573666996 0.89949185 227
1684573667074 0.89727193 228
1684573667143 0.89506125 229
1684573667217 0.8928598 230
1684573667281 0.8906675 231
1684573667359 0.88848436 232
1684573667428 0.8863102 233
1684573667497 0.88414514 234
1684573667559 0.881989 235
1684573667644 0.879842 236
1684573667713 0.8777037 237
1684573667782 0.87557447 238
1684573667844 0.873454 239
1684573667913 0.87134236 240
1684573667982 0.8692395 241
1684573668045 0.8671454 242
1684573668114 0.86506 243
1684573668183 0.8629833 244
1684573668245 0.86091524 245
1684573668316 0.8588557 246
1684573668383 0.85680485 247
1684573668461 0.85476255 248
1684573668530 0.8527287 249
1684573668583 0.8507035 250
