1684571209341 1.9937184 1
1684571209423 1.8095272 2
1684571209486 1.679055 3
1684571209568 1.6408994 4
1684571209638 1.6484046 5
1684571209706 1.6666791 6
1684571209768 1.6796682 7
1684571209853 1.6809425 8
1684571209922 1.6688409 9
1684571209984 1.644415 10
1684571210053 1.6100857 11
1684571210135 1.5686892 12
1684571210204 1.5229135 13
1684571210269 1.4750264 14
1684571210338 1.426787 15
1684571210423 1.3794577 16
1684571210486 1.3338697 17
1684571210555 1.2905085 18
1684571210639 1.2495991 19
1684571210708 1.2111832 20
1684571210771 1.1751816 21
1684571210840 1.1414431 22
1684571210924 1.1097821 23
1684571210987 1.0800021 24
1684571211056 1.0519137 25
1684571211125 1.025346 26
1684571211209 1.0001514 27
1684571211275 0.9762077 28
1684571211356 0.9534184 29
1684571211425 0.9317103 30
1684571211488 0.91103077 31
1684571211557 0.89134395 32
1684571211626 0.8726272 33
1684571211711 0.8548676 34
1684571211776 0.83805877 35
1684571211842 0.8221974 36
1684571211927 0.8072817 37
1684571211989 0.79330885 38
1684571212058 0.7802741 39
1684571212127 0.76816934 40
1684571212190 0.7569826 41
1684571212259 0.7466982 42
1684571212328 0.73729616 43
1684571212406 0.72875285 44
1684571212475 0.72104156 45
1684571212544 0.71413195 46
1684571212613 0.70799214 47
1684571212691 0.7025878 48
1684571212760 0.69788367 49
1684571212825 0.6938435 50
1684571212903 0.6904309 51
1684571212991 0.68760955 52
1684571213060 0.68534374 53
1684571213145 0.6835983 54
1684571213214 0.68233943 55
1684571213292 0.6815344 56
1684571213359 0.6811519 57
1684571213430 0.68116236 58
1684571213508 0.68153757 59
1684571213577 0.682251 60
1684571213646 0.68327785 61
1684571213715 0.68459475 62
1684571213777 0.6861802 63
1684571213840 0.68801373 64
1684571213915 0.69007707 65
1684571213993 0.69235265 66
1684571214063 0.6948246 67
1684571214132 0.6974782 68
1684571214194 0.7003 69
1684571214263 0.7032776 70
1684571214332 0.70639956 71
1684571214407 0.70965576 72
1684571214479 0.7130363 73
1684571214548 0.71653277 74
1684571214617 0.7201372 75
1684571214680 0.7238424 76
1684571214749 0.7276418 77
1684571214818 0.7315295 78
1684571214880 0.73550004 79
1684571214968 0.73954856 80
1684571215034 0.74367064 81
1684571215096 0.74786246 82
1684571215165 0.7521201 83
1684571215234 0.7564405 84
1684571215312 0.7608207 85
1684571215381 0.7652581 86
1684571215452 0.7697501 87
1684571215535 0.7742949 88
1684571215613 0.7788903 89
1684571215682 0.78353477 90
1684571215782 0.7882265 91
1684571215851 0.79296434 92
1684571215920 0.79774684 93
1684571216002 0.80257297 94
1684571216067 0.8074417 95
1684571216136 0.812352 96
1684571216199 0.8173032 97
1684571216268 0.82229435 98
1684571216337 0.8273248 99
1684571216415 0.8323939 100
1684571216484 0.8375011 101
1684571216549 0.8426459 102
1684571216621 0.84782755 103
1684571216684 0.8530458 104
1684571216753 0.85830015 105
1684571216837 0.86359006 106
1684571216900 0.8689151 107
1684571216969 0.8742751 108
1684571217056 0.8796694 109
1684571217122 0.88509786 110
1684571217200 0.8905599 111
1684571217270 0.8960553 112
1684571217339 0.9015836 113
1684571217401 0.90714455 114
1684571217470 0.91273767 115
1684571217548 0.9183626 116
1684571217615 0.92401916 117
1684571217686 0.92970693 118
1684571217755 0.9354254 119
1684571217818 0.94117445 120
1684571217887 0.94695354 121
1684571217956 0.9527623 122
1684571218025 0.9586005 123
1684571218101 0.96446776 124
1684571218172 0.97036356 125
1684571218241 0.9762877 126
1684571218303 0.98223996 127
1684571218372 0.9882206 128
1684571218441 0.9942286 129
1684571218722 1.0002642 130
1684571218858 1.0063264 131
1684571218927 1.0124154 132
1684571219005 1.0185305 133
1684571219074 1.0246713 134
1684571219150 1.0308375 135
1684571219208 1.0370287 136
1684571219290 1.0432441 137
1684571219359 1.0494837 138
1684571219428 1.0557468 139
1684571219491 1.0620332 140
1684571219575 1.0683422 141
1684571219644 1.0746737 142
1684571219710 1.081027 143
1684571219776 1.0874021 144
1684571219945 1.0937983 145
1684571220108 1.1002152 146
1684571220207 1.1066525 147
1684571220274 1.1131098 148
1684571220346 1.1195867 149
1684571220408 1.1260831 150
1684571220477 1.1325984 151
1684571220546 1.1391323 152
1684571220625 1.1456845 153
1684571220694 1.1522546 154
1684571220763 1.1588423 155
1684571220832 1.1654472 156
1684571220894 1.1720693 157
1684571220963 1.178708 158
1684571221032 1.1853629 159
1684571221110 1.192034 160
1684571221179 1.1987209 161
1684571221296 1.2054231 162
1684571221380 1.2121406 163
1684571221449 1.2188729 164
1684571221511 1.2256199 165
1684571221580 1.2323813 166
1684571221649 1.2391566 167
1684571221728 1.2459457 168
1684571221794 1.2527485 169
1684571221865 1.2595645 170
1684571221934 1.2663937 171
1684571222013 1.2732353 172
1684571222082 1.2800896 173
1684571222151 1.2869562 174
1684571222213 1.2938348 175
1684571222282 1.3007252 176
1684571222353 1.3076273 177
1684571222435 1.3145406 178
1684571222498 1.3214651 179
1684571222699 1.3284004 180
1684571222868 1.3353465 181
1684571222937 1.342303 182
1684571223015 1.3492699 183
1684571223084 1.3562465 184
1684571223153 1.3632331 185
1684571223231 1.3702292 186
1684571223300 1.377235 187
1684571223375 1.3842498 188
1684571223438 1.3912737 189
1684571223516 1.3983066 190
1684571223585 1.405348 191
1684571223654 1.4123979 192
1684571223739 1.4194559 193
1684571223801 1.4265223 194
1684571223870 1.4335964 195
1684571223949 1.4406781 196
1684571224012 1.4477676 197
1684571224087 1.4548644 198
1684571224156 1.4619687 199
1684571224219 1.4690797 200
1684571224288 1.476198 201
1684571224357 1.4833226 202
1684571224419 1.4904542 203
1684571224498 1.497592 204
1684571224573 1.5047362 205
1684571224642 1.5118864 206
1684571224704 1.5190427 207
1684571224773 1.5262048 208
1684571224842 1.5333724 209
1684571224905 1.5405458 210
1684571224989 1.5477245 211
1684571225043 1.5549085 212
1684571225121 1.5620974 213
1684571225190 1.5692916 214
1684571225259 1.5764905 215
1684571225321 1.5836942 216
1684571225391 1.5909023 217
1684571225475 1.5981152 218
1684571225544 1.6053324 219
1684571225622 1.6125536 220
1684571225691 1.6197791 221
1684571225760 1.6270084 222
1684571225823 1.6342417 223
1684571225907 1.6414787 224
1684571225976 1.6487193 225
1684571226050 1.6559634 226
1684571226110 1.6632111 227
1684571226192 1.6704619 228
1684571226261 1.6777159 229
1684571226324 1.684973 230
1684571226393 1.6922331 231
1684571226462 1.699496 232
1684571226524 1.7067616 233
1684571226603 1.7140305 234
1684571226662 1.7213023 235
1684571226740 1.728577 236
1684571226809 1.7358549 237
1684571226863 1.7431353 238
1684571226941 1.7504184 239
1684571227010 1.757704 240
1684571227085 1.764992 241
1684571227148 1.7722821 242
1684571227226 1.7795745 243
1684571227295 1.7868687 244
1684571227364 1.7941645 245
1684571227427 1.8014624 246
1684571227496 1.8087614 247
1684571227565 1.816062 248
1684571227630 1.8233638 249
1684571227710 1.8306667 250
