1684570833950 1.7623655114855086 1
1684570834044 1.5667047500610352 2
1684570834103 1.4339791195733207 3
1684570834188 1.392762882368905 4
1684570834251 1.3953158514840263 5
1684570834320 1.4081693717411585 6
1684570834406 1.4164996658052718 7
1684570834473 1.4146859645843506 8
1684570834551 1.401549449988774 9
1684570834620 1.3783863953181676 10
1684570834689 1.34770211151668 11
1684570834774 1.3123126455715723 12
1684570834836 1.27480525629861 13
1684570834921 1.2372770735195704 14
1684570834990 1.2012332592691695 15
1684570835068 1.1676921333585466 16
1684570835137 1.137198303427015 17
1684570835206 1.1099499676908766 18
1684570835275 1.0859078807490212 19
1684570835353 1.0648807840687888 20
1684570835462 1.0465898300920213 21
1684570835522 1.030715239899499 22
1684570835591 1.0169280341693334 23
1684570835676 1.0049114440168654 24
1684570835738 0.9943734322275434 25
1684570835823 0.9850540033408574 26
1684570835892 0.9767284521034786 27
1684570835953 0.9692071761403765 28
1684570836033 0.9623344625745501 29
1684570836108 0.955985597201756 30
1684570836177 0.9500632584095001 31
1684570836240 0.944493864263807 32
1684570836309 0.9392235789980207 33
1684570836378 0.9342149751526969 34
1684570836456 0.9294430315494537 35
1684570836520 0.9248927789075034 36
1684570836594 0.9205560641629356 37
1684570836672 0.9164298645087651 38
1684570836741 0.9125140181609562 39
1684570836810 0.9088102536542075 40
1684570836879 0.9053207848753247 41
1684570836957 0.9020477703639439 42
1684570837019 0.8989927130086082 43
1684570837095 0.8961560768740517 44
1684570837158 0.8935374276978629 45
1684570837227 0.8911348623888833 46
1684570837296 0.8889456731932504 47
1684570837374 0.8869660070964268 48
1684570837427 0.8851912277085441 49
1684570837496 0.8836159067494529 50
1684570837568 0.8822342242513385 51
1684570837643 0.8810398876667023 52
1684570837712 0.8800264511789594 53
1684570837781 0.8791872773851667 54
1684570837859 0.8785157459122794 55
1684570837928 0.8780054364885602 56
1684570837997 0.8776500225067139 57
1684570838067 0.877443437065397 58
1684570838131 0.8773797920772007 59
1684570838198 0.8774536848068237 60
1684570838276 0.8776598019259316 61
1684570838345 0.8779934516974858 62
1684570838414 0.8784499551568713 63
1684570838483 0.8790251272065299 64
1684570838545 0.8797150892870766 65
1684570838615 0.8805163417543683 66
1684570838699 0.8814253807067871 67
1684570838761 0.8824393919536045 68
1684570838831 0.8835553782326835 69
1684570838915 0.8847709212984357 70
1684570839000 0.8860835347856794 71
1684570839078 0.8874911751065936 72
1684570839147 0.8889917986733573 73
1684570839200 0.890583553484508 74
1684570839278 0.8922647663525173 75
1684570839347 0.8940338832991463 76
1684570839416 0.8958894610404968 77
1684570839485 0.8978301158973149 78
1684570839548 0.899854553597314 79
1684570839617 0.9019616842269897 80
1684570839694 0.9041503199509212 81
1684570839760 0.906419460262571 82
1684570839833 0.9087680663381305 83
1684570839902 0.9111951845032829 84
1684570839986 0.9136999888079507 85
1684570840049 0.9162814915180206 86
1684570840118 0.9189389731202807 87
1684570840198 0.9216715140002114 88
1684570840262 0.9244784968239921 89
1684570840334 0.9273590402943748 90
1684570840403 0.9303124334130969 91
1684570840465 0.9333379694393703 92
1684570840534 0.9364349501473563 93
1684570840603 0.9396027454308101 94
1684570840666 0.9428405676569257 95
1684570840750 0.9461478974137988 96
1684570840819 0.9495240747928619 97
1684570840888 0.9529683589935303 98
1684570840967 0.9564801922866276 99
1684570841036 0.9600589913981301 100
1684570841105 0.9637041389942169 101
1684570841167 0.967414949621473 102
1684570841236 0.9711909762450627 103
1684570841311 0.9750316270760128 104
1684570841389 0.9789361655712128 105
1684570841452 0.9829041957855225 106
1684570841521 0.9869350237505776 107
1684570841590 0.9910281683717456 108
1684570841652 0.9951831144945962 109
1684570841721 0.9993992320128849 110
1684570841802 1.0036759397813253 111
1684570841870 1.0080127737351827 112
1684570841937 1.0124091250555856 113
1684570842006 1.0168646446296148 114
1684570842069 1.0213785469532013 115
1684570842138 1.0259504254375185 116
1684570842439 1.030579788344247 117
1684570842539 1.0352660523993629 118
1684570842608 1.0400086790323257 119
1684570842670 1.0448071956634521 120
1684570842739 1.0497951550143105 121
1684570842808 1.0548719210284097 122
1684570842893 1.0600028868232454 123
1684570842955 1.0651840908186776 124
1684570843024 1.0704153584582465 125
1684570843093 1.0756949867521013 126
1684570843172 1.081021032163075 127
1684570843241 1.0863915383815765 128
1684570843310 1.0918046576636178 129
1684570843379 1.097259242619787 130
1684570843443 1.1027542097227914 131
1684570843510 1.1082889118364878 132
1684570843572 1.1138630381652288 133
1684570843657 1.1194763332605362 134
1684570843726 1.1251287524189268 135
1684570843795 1.1308203722749437 136
1684570843873 1.1365511396101542 137
1684570843944 1.1423212332384927 138
1684570844011 1.148130687219756 139
1684570844073 1.1539796058620726 140
1684570844142 1.1598678060940333 141
1684570844211 1.165795515690531 142
1684570844274 1.1717626452445984 143
1684570844343 1.17776885841574 144
1684570844412 1.1838143042155675 145
1684570844478 1.1898986952645438 146
1684570844559 1.1960219889879227 147
1684570844628 1.202183770281928 148
1684570844697 1.208384015730449 149
1684570844775 1.2146223315170832 150
1684570844844 1.2208983855588096 151
1684570844913 1.2272121054785592 152
1684570844991 1.2335629356758935 153
1684570845047 1.2399507122380393 154
1684570845129 1.246374860405922 155
1684570845198 1.252835295030049 156
1684570845261 1.2593315030847276 157
1684570845330 1.265863075852394 158
1684570845399 1.272429687636239 159
1684570845461 1.2790309020451136 160
1684570845530 1.2856661741222655 161
1684570845599 1.2923353293112345 162
1684570845678 1.2990378396851676 163
1684570845747 1.3057732220206941 164
1684570845816 1.3125411123037338 165
1684570845878 1.3193409336464745 166
1684570845947 1.3261723050049372 167
1684570846024 1.333034764443125 168
1684570846078 1.3399280139378138 169
1684570846147 1.3468513467482157 170
1684570846216 1.3538044499499458 171
1684570846279 1.3607868062598365 172
1684570846348 1.3677979835442133 173
1684570846417 1.3748376156602586 174
1684570846495 1.381905049085617 175
1684570846562 1.388999907033784 176
1684570846633 1.3961217552423477 177
1684570846702 1.4032700274671828 178
1684570846764 1.4104444086551666 179
1684570846833 1.417644270828792 180
1684570846902 1.4248693117073603 181
1684570846965 1.4321189671754837 182
1684570847034 1.4393929285662515 183
1684570847120 1.4466905061687743 184
1684570847203 1.4540114934955324 185
1684570847265 1.4613552114793233 186
1684570847334 1.4687212769474303 187
1684570847403 1.4761093599455697 188
1684570847482 1.4835189431905746 189
1684570847551 1.4909495328153883 190
1684570847628 1.4984007946082525 191
1684570847684 1.505872245345797 192
1684570847867 1.5133633720023292 193
1684570847936 1.5208738169499807 194
1684570848005 1.5284032225608826 195
1684570848067 1.5359511460576738 196
1684570848143 1.5435172063963754 197
1684570848205 1.551100839461599 198
1684570848268 1.5587016642093658 199
1684570848337 1.5663193592003413 200
1684570848406 1.573953547648021 201
1684570848484 1.5816037825175695 202
1684570848553 1.589269797716822 203
1684570848622 1.5969509397234236 204
1684570848685 1.6046468317508698 205
1684570848750 1.6123574844428472 206
1684570848823 1.6200822229896272 207
1684570848886 1.6278207238231386 208
1684570848970 1.6355725633246558 209
1684570849024 1.6433375350066595 210
1684570849356 1.6511151237147195 211
1684570849503 1.6589050399405616 212
1684570849572 1.6667070303644453 213
1684570849641 1.6745205777032035 214
1684570849710 1.6823454946279526 215
1684570849785 1.6901815086603165 216
1684570849857 1.6980279322181429 217
1684570849926 1.705884684409414 218
1684570849988 1.7137515991926193 219
1684570850057 1.721628059233938 220
1684570850126 1.7295137728963579 221
1684570850205 1.737408657159124 222
1684570850267 1.7453123543943678 223
1684570850342 1.753224492073059 224
1684570850411 1.7611446508339472 225
1684570850474 1.7690728093896593 226
1684570850543 1.7770084972892488 227
1684570850612 1.7849513292312622 228
1684570850690 1.7929012945720129 229
1684570850759 1.8008578504834856 230
1684570850830 1.8088208862713404 231
1684570850892 1.8167901592595237 232
1684570850975 1.8247653522661753 233
1684570851044 1.832746182169233 234
1684570851113 1.8407325084720338 235
1684570851176 1.848723671266011 236
1684570851245 1.856720004762922 237
1684570851315 1.8647207468748093 238
1684570851379 1.872726016810962 239
1684570851445 1.880735192980085 240
1684570851514 1.8887485350881303 241
1684570851577 1.8967655641692025 242
1684570851646 1.9047857778412955 243
1684570851730 1.9128093655620302 244
1684570851815 1.9208359186138426 245
1684570851893 1.9288653114012309 246
1684570851962 1.936996340751648 247
1684570852031 1.9451535855020796 248
1684570852109 1.9533101660864693 249
1684570852178 1.9614637643098831 250
