1684573650467 1.8813454423631941 1
1684573650563 1.6763437645775932 2
1684573650628 1.54067827974047 3
1684573650708 1.502936567578997 4
1684573650778 1.511618869645255 5
1684573650845 1.53065482207707 6
1684573650908 1.543856450489589 7
1684573650993 1.5448929752622331 8
1684573651062 1.5324619497571672 9
1684573651124 1.5084465401513236 10
1684573651193 1.4764857377324785 11
1684573651278 1.4405209933008467 12
1684573651355 1.4037766541753496 13
1684573651422 1.3684729593140739 14
1684573651494 1.33597069978714 15
1684573651563 1.3069907128810883 16
1684573651648 1.2817944543702262 17
1684573651710 1.2603272242205483 18
1684573651779 1.2423322115625655 19
1684573651859 1.2274375345025743 20
1684573651948 1.215219646692276 21
1684573652011 1.2052466188158308 22
1684573652095 1.1971052842480796 23
1684573652164 1.1904183370726449 24
1684573652227 1.1848517741475786 25
1684573652296 1.1801179264272963 26
1684573652375 1.1759754717350006 27
1684573652449 1.1722272506781988 28
1684573652522 1.1687162603650774 29
1684573652596 1.1653219035693578 30
1684573652665 1.1619551224367959 31
1684573652728 1.1585539366517748 32
1684573652797 1.155078832592283 33
1684573652866 1.1515088805130549 34
1684573652943 1.147837485585894 35
1684573653013 1.1440691096442086 36
1684573653082 1.1402162313461304 37
1684573653151 1.1362967959472112 38
1684573653213 1.1323322568620955 39
1684573653282 1.1283456896032606 40
1684573653367 1.1243606082030706 41
1684573653442 1.1203998454979487 42
1684573653501 1.1164851358958654 43
1684573653583 1.1126364597252436 44
1684573653652 1.1088716983795166 45
1684573653714 1.1052066896642958 46
1684573653783 1.1016553427491869 47
1684573653852 1.098229169845581 48
1684573653915 1.0949379546301705 49
1684573653985 1.0917897820472717 50
1684573654068 1.0887909957340784 51
1684573654131 1.085946764264788 52
1684573654200 1.0832608342170715 53
1684573654269 1.080736062356404 54
1684573654347 1.0783745050430298 55
1684573654416 1.0761774224894387 56
1684573654494 1.0741455554962158 57
1684573654553 1.0722793979304177 58
1684573654632 1.0705789412770952 59
1684573654701 1.069043972662517 60
1684573654770 1.0676741898059845 61
1684573654848 1.066469166960035 62
1684573654917 1.0654284017426627 63
1684573654986 1.06455140880176 64
1684573655066 1.0638376814978463 65
1684573655130 1.063286725963865 66
1684573655202 1.0628980568477087 67
1684573655271 1.062671265431813 68
1684573655333 1.0626058663640703 69
1684573655402 1.0627013913222723 70
1684573655471 1.0629574869360243 71
1684573655550 1.063373667853219 72
1684573655621 1.063949425305639 73
1684573655687 1.064684169633048 74
1684573655756 1.0655773431062698 75
1684573655819 1.0666283667087555 76
1684573655888 1.067836371915681 77
1684573655957 1.069200534905706 78
1684573656035 1.0707200510161263 79
1684573656106 1.072393843105861 80
1684573656173 1.0742208042315073 81
1684573656235 1.0761997827461787 82
1684573656304 1.078329433287893 83
1684573656373 1.0806083849498205 84
1684573656436 1.0830351625170027 85
1684573656520 1.0856082013675146 86
1684573656589 1.0883258623736245 87
1684573656658 1.091186408485685 88
1684573656736 1.0941881324563707 89
1684573656821 1.097329163125583 90
1684573656890 1.100607578243528 91
1684573656952 1.1040215364524297 92
1684573657021 1.1075689601046699 93
1684573657090 1.1112478524446487 94
1684573657159 1.1150563274111067 95
1684573657224 1.1189922541379929 96
1684573657290 1.1230535422052657 97
1684573657359 1.1272381565400533 98
1684573657422 1.13154413657529 99
1684573657491 1.1359693280288152 100
1684573657560 1.1405116319656372 101
1684573657638 1.1451691197497504 102
1684573657714 1.1499397179910116 103
1684573657776 1.154821446963719 104
1684573657838 1.1598123354571206 105
1684573657907 1.16491037607193 106
1684573657976 1.1701136806181498 107
1684573658039 1.1754203268459864 108
1684573658108 1.180828475526401 109
1684573658177 1.1863360915865218 110
1684573658243 1.1919417083263397 111
1684573658324 1.1976432310683387 112
1684573658393 1.2034389504364558 113
1684573658462 1.2093271996293748 114
1684573658540 1.2153062735285078 115
1684573658625 1.221374539392335 116
1684573658694 1.2275303112609046 117
1684573658774 1.2337718946593148 118
1684573658910 1.240097965512957 119
1684573658979 1.246506737811225 120
1684573659057 1.252996795943805 121
1684573659126 1.2595667243003845 122
1684573659195 1.2662149199417658 123
1684573659264 1.2729400375059672 124
1684573659329 1.2797406954424722 125
1684573659395 1.2866155143295015 126
1684573659464 1.2935630828142166 127
1684573659542 1.3005819959299905 128
1684573659611 1.3076711531196321 129
1684573659680 1.3148292005062103 130
1684573659743 1.3220547522817339 131
1684573659826 1.3293466142245702 132
1684573659880 1.3367036410740443 133
1684573659965 1.3441245875188284 134
1684573660027 1.351608280624662 135
1684573660096 1.359284554209028 136
1684573660165 1.3670540984187807 137
1684573660244 1.3748822254793984 138
1684573660319 1.382764688559941 139
1684573660381 1.390700278537614 140
1684573660444 1.3986873030662537 141
1684573660513 1.4067229756287165 142
1684573660598 1.4148051398141044 143
1684573660667 1.4229313049997603 144
1684573660729 1.4310998831476485 145
1684573660798 1.4393093969140733 146
1684573660867 1.4475588670798711 147
1684573660932 1.4558473250695638 148
1684573661067 1.4641742003815514 149
1684573661130 1.47253894167287 150
1684573661199 1.4809409826993942 151
1684573661268 1.4893800871712821 152
1684573661346 1.497855693101883 153
1684573661417 1.5063675280128206 154
1684573661484 1.5149149639265878 155
1684573661546 1.5234976325716292 156
1684573661631 1.5321149315152849 157
1684573661684 1.5407664307526179 158
1684573661762 1.5494513745818819 159
1684573661831 1.5581693457705634 160
1684573661903 1.566919362970761 161
1684573661969 1.5757009897913252 162
1684573662032 1.584513591868537 163
1684573662101 1.5933562176568168 164
1684573662170 1.6022281753165382 165
1684573662248 1.6111286325114114 166
1684573662317 1.6200570038386755 167
1684573662386 1.6290122887917928 168
1684573662449 1.6379936465195246 169
1684573662514 1.6470005533524923 170
1684573662602 1.6560317341770445 171
1684573662671 1.6650866951261247 172
1684573662733 1.6741643973759242 173
1684573662802 1.683264000075204 174
1684573662871 1.6923847453934806 175
1684573662934 1.701525520001139 176
1684573663014 1.7106856320585524 177
1684573663071 1.7198641555649894 178
1684573663134 1.7290602986301695 179
1684573663203 1.738272943667003 180
1684573663272 1.7475016053233827 181
1684573663334 1.7567449765545982 182
1684573663404 1.7660023995808192 183
1684573663473 1.7752730399370193 184
1684573663548 1.7845560887030192 185
1684573663619 1.7938504133905684 186
1684573663688 1.8031553413186754 187
1684573663751 1.8124701636178153 188
1684573663820 1.8217936647789819 189
1684573663889 1.8311253594500678 190
1684573663967 1.8404641300439835 191
1684573664032 1.8498094167028154 192
1684573664089 1.8591603530304772 193
1684573664167 1.8685159555503301 194
1684573664357 1.8778757048504693 195
1684573664521 1.8872387132474355 196
1684573664592 1.8966041739497865 197
1684573664675 1.9059714036328452 198
1684573664737 1.9153395657028471 199
1684573664806 1.924708061984607 200
1684573664875 1.934076013309615 201
1684573664953 1.9434430258614677 202
1684573665022 1.9528082013130188 203
1684573665103 1.9621707733188356 204
1684573665176 1.9715304459844316 205
1684573665238 1.9808862911803382 206
1684573665307 1.9902379044464655 207
1684573665376 1.9995846535478319 208
1684573665439 2.008925899863243 209
1684573665508 2.0182610771485736 210
1684573665577 2.027589719210352 211
1684573665808 2.0369113236665726 212
1684573665994 2.0462253796202794 213
1684573666078 2.055531463452748 214
1684573666151 2.064829019563539 215
1684573666207 2.074117432747568 216
1684573666278 2.0833966391427174 217
1684573666357 2.0926662364176343 218
1684573666426 2.1019256902592525 219
1684573666495 2.1111745834350586 220
1684573666557 2.1204128754990443 221
1684573666626 2.1296397958483015 222
1684573666695 2.138855450919696 223
1684573666779 2.148059497986521 224
1684573666842 2.157251517687525 225
1684573666911 2.1664315909147263 226
1684573666980 2.175599121621677 227
1684573667043 2.1847540331738338 228
1684573667112 2.19389645755291 229
1684573667181 2.20302582851478 230
1684573667259 2.2121420992272243 231
1684573667327 2.2212454080581665 232
1684573667396 2.2303353207451955 233
1684573667481 2.239412158727646 234
1684573667544 2.248475370662553 235
1684573667613 2.2575252183846066 236
1684573667682 2.266561818974359 237
1684573667765 2.275584727525711 238
1684573667829 2.2845941185951233 239
1684573667898 2.2935902093138014 240
1684573667960 2.302572808095387 241
1684573668029 2.3115421256848743 242
1684573668098 2.3204981642110005 243
1684573668161 2.329440710800035 244
1684573668230 2.3383703572409495 245
1684573668300 2.3472869204623357 246
1684573668363 2.3561906857149943 247
1684573668430 2.3650816891874586 248
1684573668499 2.373959792511804 249
1684573668577 2.382825655596597 250
