1684570595663 2.0568025 1
1684570595738 1.8872606 2
1684570595812 1.7734112 3
1684570595894 1.7561094 4
1684570595957 1.7888949 5
1684570596041 1.8349888 6
1684570596110 1.8768767 7
1684570596195 1.907189 8
1684570596295 1.9236671 9
1684570596378 1.9270456 10
1684570596451 1.9196609 11
1684570596525 1.904427 12
1684570596598 1.8841927 13
1684570596674 1.8614082 14
1684570596745 1.8379967 15
1684570596816 1.8153477 16
1684570596897 1.7943747 17
1684570596974 1.7756003 18
1684570597052 1.7592444 19
1684570597128 1.7453065 20
1684570597203 1.733633 21
1684570597279 1.7239757 22
1684570597368 1.7189751 23
1684570597466 1.7178508 24
1684570597553 1.718276 25
1684570597625 1.7199587 26
1684570597700 1.7226386 27
1684570597775 1.7260947 28
1684570597858 1.7301453 29
1684570597928 1.7346478 30
1684570598002 1.739496 31
1684570598084 1.7446179 32
1684570598156 1.7499689 33
1684570598227 1.7555295 34
1684570598306 1.7612984 35
1684570598377 1.76729 36
1684570598451 1.773529 37
1684570598533 1.7800474 38
1684570598604 1.7868822 39
1684570598681 1.794071 40
1684570598762 1.8016522 41
1684570598847 1.8096626 42
1684570598930 1.8181359 43
1684570599013 1.827103 44
1684570599096 1.8365908 45
1684570599179 1.8466227 46
1684570599267 1.8572178 47
1684570599349 1.8683913 48
1684570599429 1.8801557 49
1684570599509 1.8925197 50
1684570599589 1.9054893 51
1684570599670 1.9190681 52
1684570599752 1.9332573 53
1684570599830 1.9480565 54
1684570599911 1.9634632 55
1684570599988 1.9794745 56
1684570600067 1.996086 57
1684570600145 2.0132923 58
1684570600222 2.0310879 59
1684570600305 2.0494666 60
1684570600386 2.0684218 61
1684570600468 2.087947 62
1684570600549 2.1080348 63
1684570600631 2.1286795 64
1684570600711 2.1498737 65
1684570600797 2.1716108 66
1684570600881 2.1938841 67
1684570600959 2.2166877 68
1684570601042 2.2400146 69
1684570601120 2.2638588 70
1684570601204 2.2882147 71
1684570601284 2.313076 72
1684570601362 2.3384366 73
1684570601438 2.3642912 74
1684570601518 2.390634 75
1684570601604 2.4174592 76
1684570601683 2.4447618 77
1684570601766 2.4725351 78
1684570601847 2.500775 79
1684570601930 2.5294752 80
1684570602006 2.5586307 81
1684570602077 2.5882354 82
1684570602146 2.618284 83
1684570602216 2.6487708 84
1684570602289 2.6796901 85
1684570602361 2.7110367 86
1684570602429 2.7428038 87
1684570602497 2.774986 88
1684570602566 2.8075774 89
1684570602640 2.8405719 90
1684570602707 2.8739629 91
1684570602781 2.9077444 92
1684570602887 2.9419096 93
1684570602972 2.9764524 94
1684570603050 3.011365 95
1684570603119 3.0466416 96
1684570603203 3.0822742 97
1684570603272 3.1182559 98
1684570603337 3.1545792 99
1684570603404 3.1912363 100
1684570603473 3.2282197 101
1684570603535 3.2655213 102
1684570603620 3.303133 103
1684570603689 3.3410459 104
1684570603751 3.379252 105
1684570603819 3.417742 106
1684570603905 3.4565072 107
1684570603989 3.495538 108
1684570604067 3.5348253 109
1684570604152 3.5743585 110
1684570604237 3.614129 111
1684570604306 3.654126 112
1684570604387 3.694338 113
1684570604475 3.734756 114
1684570604553 3.7753682 115
1684570604622 3.8161638 116
1684570604707 3.8571312 117
1684570604776 3.8982587 118
1684570604872 3.9395342 119
1684570604949 3.9809465 120
1684570605023 4.0224824 121
1684570605108 4.06413 122
1684570605177 4.1058755 123
1684570605239 4.147707 124
1684570605308 4.189611 125
1684570605377 4.231574 126
1684570605451 4.273582 127
1684570605524 4.315622 128
1684570605593 4.357679 129
1684570605671 4.3997397 130
1684570605740 4.4417896 131
1684570605809 4.4838142 132
1684570605878 4.5257993 133
1684570605953 4.56773 134
1684570606025 4.609591 135
1684570606094 4.65137 136
1684570606156 4.693053 137
1684570606225 4.734625 138
1684570606295 4.77607 139
1684570606373 4.817375 140
1684570606442 4.858526 141
1684570606513 4.8995066 142
1684570606579 4.9403048 143
1684570606642 4.980908 144
1684570606711 5.0213017 145
1684570606796 5.061472 146
1684570606858 5.101405 147
1684570606927 5.1410866 148
1684570607009 5.180504 149
1684570607080 5.2196426 150
1684570607143 5.258491 151
1684570607212 5.2970347 152
1684570607281 5.335262 153
1684570607344 5.3731604 154
1684570607413 5.410717 155
1684570607482 5.4479218 156
1684570607549 5.4847627 157
1684570607613 5.5212297 158
1684570607682 5.5573134 159
1684570607760 5.5930023 160
1684570607829 5.628288 161
1684570607898 5.6631627 162
1684570607961 5.6976175 163
1684570608030 5.731646 164
1684570608114 5.765241 165
1684570608183 5.7983947 166
1684570608246 5.8311043 167
1684570608315 5.8633623 168
1684570608384 5.8951654 169
1684570608446 5.92651 170
1684570608515 5.957392 171
1684570608584 5.98781 172
1684570608649 6.0177608 173
1684570608715 6.047245 174
1684570608784 6.0762587 175
1684570608863 6.1048045 176
1684570608932 6.1328816 177
1684570609001 6.160492 178
1684570609079 6.187636 179
1684570609166 6.2143164 180
1684570609248 6.2405357 181
1684570609332 6.2662973 182
1684570609402 6.291604 183
1684570609486 6.316461 184
1684570609564 6.340873 185
1684570609645 6.3648434 186
1684570609718 6.388379 187
1684570609796 6.4114857 188
1684570609875 6.4341693 189
1684570609934 6.456436 190
1684570610003 6.4782944 191
1684570610081 6.49975 192
1684570610150 6.520811 193
1684570610222 6.541485 194
1684570610288 6.56178 195
1684570610366 6.5817037 196
1684570610419 6.6012664 197
1684570610488 6.620476 198
1684570610566 6.639339 199
1684570610635 6.6578674 200
1684570610708 6.6760683 201
1684570610770 6.6939526 202
1684570610836 6.7115283 203
1684570610905 6.7288046 204
1684570610983 6.7457914 205
1684570611052 6.762498 206
1684570611136 6.778933 207
1684570611205 6.795107 208
1684570611286 6.811028 209
1684570611352 6.8267064 210
1684570611421 6.842151 211
1684570611490 6.8573723 212
1684570611569 6.872377 213
1684570611638 6.8871756 214
1684570611707 6.9017773 215
1684570611788 6.91619 216
1684570611851 6.9304237 217
1684570611922 6.944486 218
1684570611991 6.9583864 219
1684570612054 6.9721327 220
1684570612139 6.985732 221
1684570612208 6.999195 222
1684570612270 7.0125275 223
1684570612337 7.025738 224
1684570612408 7.0388346 225
1684570612470 7.0518246 226
1684570612539 7.064715 227
1684570612608 7.0775123 228
1684570612693 7.090225 229
1684570612755 7.1028595 230
1684570612819 7.1154222 231
1684570612894 7.1279197 232
1684570612972 7.140359 233
1684570613041 7.1527452 234
1684570613110 7.165084 235
1684570613172 7.1773825 236
1684570613241 7.1896467 237
1684570613310 7.2018805 238
1684570613387 7.2140894 239
1684570613441 7.2262797 240
1684570613510 7.2384562 241
1684570613589 7.2506237 242
1684570613658 7.262786 243
1684570613727 7.274949 244
1684570613796 7.287116 245
1684570613878 7.2992926 246
1684570613944 7.311481 247
1684570614058 7.3236866 248
1684570614143 7.3359127 249
1684570614212 7.3481636 250
