1683784494909 42.842500414167134 1
1683784494978 35.25075422014509 2
1683784495047 30.17004340035575 3
1683784495110 25.730541365487234 4
1683784495179 23.832775115966797 5
1683784495241 23.110814775739396 6
1683784495295 22.32349749973842 7
1683784495364 20.767631122044154 8
1683784495426 19.696976252964564 9
1683784495480 19.238533973693848 10
1683784495549 18.246091297694615 11
1683784495611 17.9698999949864 12
1683784495680 17.67356722695487 13
1683784495743 16.476722989763534 14
1683784495796 15.696249689374651 15
1683784495865 15.077710560389928 16
1683784495928 14.38861860547747 17
1683784496128 13.783700806753975 18
1683784496266 13.407809121268135 19
1683784496329 13.166494505746025 20
1683784496398 12.983880315508161 21
1683784496467 12.883616992405482 22
1683784496529 12.821827207292829 23
1683784496599 12.633078166416713 24
1683784496652 12.269323076520648 25
1683784496714 11.699649129595075 26
1683784496784 10.970080239432198 27
1683784496853 10.288784163338798 28
1683784496915 9.79689816066197 29
1683784496984 9.418789863586426 30
1683784497047 9.132704871041435 31
1683784497116 9.019183567592076 32
1683784497169 8.853962762015206 33
1683784497232 8.817181995936803 34
1683784497301 8.829120908464704 35
1683784497354 8.841289111546107 36
1683784497432 8.855344363621303 37
1683784497486 8.872452735900879 38
1683784497548 8.89251150403704 39
1683784497602 8.915182113647461 40
1683784497671 8.941618646894183 41
1683784497733 8.974246297563825 42
1683784497787 9.015223775591169 43
1683784497856 9.065991946629115 44
1683784497918 9.127465111868721 45
1683784497972 9.200207574026924 46
1683784498034 9.284443991524833 47
1683784498103 9.379959515162877 48
1683784498157 9.486024584089007 49
1683784498219 9.601487977164131 50
1683784498288 9.72507803780692 51
1683784498335 9.855645724705287 52
1683784498404 9.992113930838448 53
1683784498458 10.13331059047154 54
1683784498520 10.277922085353307 55
1683784498589 10.424551146371025 56
1683784498652 10.571810449872698 57
1683784498721 10.718423843383789 58
1683784498774 10.86333874293736 59
1683784498837 11.005827358790807 60
1683784498890 11.145544188363212 61
1683784498959 11.282501220703125 62
1683784499038 11.417000634329659 63
1683784499106 11.549522808619908 64
1683784499159 11.68059880392892 65
1683784499238 11.81067316872733 66
1683784499291 11.940009253365654 67
1683784499360 12.068668501717704 68
1683784499423 12.196544647216797 69
1683784499476 12.32343578338623 70
1683784499539 12.449087960379464 71
1683784499608 12.573238236563546 72
1683784499661 12.695613043648857 73
1683784499724 12.815935407366071 74
1683784499793 12.93391718183245 75
1683784499840 13.049253327505928 76
1683784499909 13.161622047424316 77
1683784499962 13.270677839006696 78
1683784500024 13.376065117972237 79
1683784500093 13.477413313729423 80
1683784500163 13.574354989188057 81
1683784500209 13.666536331176758 82
1683784500278 13.753642763410296 83
1683784500341 13.835416657584053 84
1683784500394 13.911686761038643 85
1683784500463 13.982384817940849 86
1683784500526 14.047545296805245 87
1683784500579 14.107299940926689 88
1683784500642 14.16184479849679 89
1683784500711 14.211395399911064 90
1683784500764 14.256115640912737 91
1683784500827 14.295947074890137 92
1683784500880 14.330100059509277 93
1683784500943 14.355494226728167 94
1683784501012 14.362752096993583 95
1683784501065 14.330721582685198 96
1683784501128 14.23505973815918 97
1683784501181 14.073705128261022 98
1683784501244 13.865950175694056 99
1683784501313 13.635225977216448 100
1683784501366 13.401623317173549 101
1683784501567 13.181071826389857 102
1683784501714 12.98557526724679 103
1683784501783 12.822018487112862 104
1683784501846 12.690489905221122 105
1683784501915 12.585963657924108 106
1683784501968 12.501935413905553 107
1683784502031 12.43257577078683 108
1683784502100 12.373137882777623 109
1683784502169 12.319642203194755 110
1683784502231 12.268519537789482 111
1683784502301 12.216490336826869 112
1683784502363 12.160630089896065 113
1683784502432 12.098485810416085 114
1683784502486 12.028160912649971 115
1683784502548 11.948440687997001 116
1683784502601 11.858952386038643 117
1683784502670 11.760031563895089 118
1683784502733 11.652199472699847 119
1683784502849 11.53590542929513 120
1683784502918 11.411778722490583 121
1683784502971 11.280625070844378 122
1683784503034 11.142824854169573 123
1683784503103 10.997919082641602 124
1683784503172 10.845813887459892 125
1683784503235 10.690038408551898 126
1683784503288 10.540355137416295 127
1683784503351 10.410792350769043 128
1683784503420 10.31347233908517 129
1683784503473 10.250232560294014 130
1683784503536 10.211474554879326 131
1683784503605 10.185055187770299 132
1683784503652 10.161425454275948 133
1683784503721 10.134573255266462 134
1683784503790 10.10222830091204 135
1683784503852 10.065258843558174 136
1683784503906 10.026023319789342 137
1683784503968 9.986734117780413 138
1683784504022 9.948738915579659 139
1683784504091 9.912581988743373 140
1683784504137 9.878212792532784 141
1683784504207 9.844770431518555 142
1683784504276 9.809143611363002 143
1683784504338 9.762029784066337 144
1683784504392 9.682770320347377 145
1683784504454 9.552851131984166 146
1683784504523 9.40705748966762 147
1683784504576 9.307962553841728 148
1683784504639 9.255299976893834 149
1683784504708 9.225124767848424 150
1683784504755 9.205017362322126 151
1683784504824 9.191810880388532 152
1683784504877 9.185944420950753 153
1683784504940 9.187864303588867 154
1683784505009 9.19742216382708 155
1683784505072 9.21439756665911 156
1683784505125 9.238783972603935 157
1683784505194 9.270768165588379 158
1683784505257 9.310590199061803 159
1683784505310 9.358375413077217 160
1683784505395 9.413947105407715 161
1683784505526 9.47660950251988 162
1683784505580 9.54493876865932 163
1683784505642 9.616667202540807 164
1683784505711 9.688885961260114 165
1683784505774 9.758745193481445 166
1683784505827 9.824426651000977 167
1683784505896 9.88559627532959 168
1683784505943 9.942926815577916 169
1683784506012 9.997213908604213 170
1683784506075 10.048841885157994 171
1683784506128 10.097728048052106 172
1683784506197 10.143490246364049 173
1683784506244 10.185621534075056 174
1683784506313 10.223593984331403 175
1683784506376 10.25687939780099 176
1683784506429 10.284933090209961 177
1683784506498 10.307167325701032 178
1683784506545 10.32296085357666 179
1683784506614 10.331653867449079 180
1683784506677 10.33259882245745 181
1683784506730 10.32526697431292 182
1683784506799 10.309426171439034 183
1683784506846 10.285405703953334 184
1683784506915 10.254394395010811 185
1683784506984 10.2185914175851 186
1683784507031 10.180971418108259 187
1683784507100 10.144511086600167 188
1683784507178 10.111182349068779 189
1683784507247 10.08138302394322 190
1683784507301 10.054194859095983 191
1683784507363 10.028136253356934 192
1683784507417 10.001855986458915 193
1683784507486 9.974465097699847 194
1683784507548 9.945548330034528 195
1683784507602 9.915005002702985 196
1683784507664 9.882864815848214 197
1683784507718 9.84916319165911 198
1683784507787 9.813905715942383 199
1683784507834 9.777059418814522 200
1683784507903 9.738578796386719 201
1683784507965 9.698408808026995 202
1683784508019 9.656508718218122 203
1683784508088 9.612875665937151 204
1683784508135 9.567653792245048 205
1683784508204 9.521350724356514 206
1683784508466 9.4750794001988 207
1683784508588 9.43056229182652 208
1683784508651 9.389657701764788 209
1683784508704 9.353749820164271 210
1683784508783 9.323643684387207 211
1683784508836 9.300068174089704 212
1683784508905 9.28419440133231 213
1683784508968 9.277386937822614 214
1683784509030 9.280266625540596 215
1683784509090 9.29257869720459 216
1683784509153 9.313905170985631 217
1683784509206 9.344094821384974 218
1683784509268 9.383267947605678 219
1683784509338 9.431676455906459 220
1683784509391 9.489577429635185 221
1683784509453 9.55717386518206 222
1683784509523 9.634652001517159 223
1683784509585 9.722291810171944 224
1683784509692 9.820581844874791 225
1683784509754 9.930235181535993 226
1683784509808 10.052060399736677 227
1683784509870 10.186711038861956 228
1683784509939 10.33443123953683 229
1683784509993 10.494890485491071 230
1683784510055 10.667140415736608 231
1683784510124 10.849675042288643 232
1683784510187 11.040539877755302 233
1683784510240 11.237485613141741 234
1683784510294 11.438153539385114 235
1683784510356 11.640298162187849 236
1683784510425 11.841987473624092 237
1683784510488 12.04173537663051 238
1683784510541 12.238508088248116 239
1683784510595 12.431638990129743 240
1683784510657 12.620696749006 241
1683784510726 12.805351529802595 242
1683784510789 12.98528494153704 243
1683784510842 13.16010502406529 244
1683784510896 13.329284259251185 245
1683784510974 13.492064612252372 246
1683784511027 13.647311891828265 247
1683784511096 13.793303080967494 248
1683784511143 13.927435057503837 249
1683784511212 14.04594544001988 250
