1683783408777 43.739305223737446 1
1683783408846 37.30230753762381 2
1683783408904 33.337198802403044 3
1683783408977 27.46515873500279 4
1683783409046 24.19434084211077 5
1683783409109 21.478610038757324 6
1683783409162 19.409136090959823 7
1683783409240 17.03894329071045 8
1683783409294 14.535640852791923 9
1683783409363 13.953763689313616 10
1683783409425 13.27644852229527 11
1683783409479 12.775335039411273 12
1683783409541 12.453572000776019 13
1683783409610 12.240831783839635 14
1683783409679 11.726048742021833 15
1683783409742 11.116616521562849 16
1683783409795 10.773680686950684 17
1683783409864 10.389863695417132 18
1683783409927 9.969849177769252 19
1683783409980 9.771480696541923 20
1683783410043 9.64234093257359 21
1683783410112 9.532429013933454 22
1683783410165 9.393026760646276 23
1683783410228 9.214122363499232 24
1683783410281 9.112992559160505 25
1683783410344 9.077209881373815 26
1683783410413 9.074398721967425 27
1683783410482 9.089730535234724 28
1683783410529 9.11539704459054 29
1683783410598 9.14743069240025 30
1683783410660 9.183507646833148 31
1683783410714 9.221970694405693 32
1683783410783 9.261551039559501 33
1683783410845 9.301270348685128 34
1683783410899 9.34041268484933 35
1683783410968 9.378592627389091 36
1683783411030 9.415744372776576 37
1683783411084 9.452001707894462 38
1683783411146 9.487597874232701 39
1683783411215 9.522821017674037 40
1683783411269 9.557981763567243 41
1683783411331 9.59334100995745 42
1683783411385 9.629036358424596 43
1683783411447 9.665022577558245 44
1683783411516 9.701034818376813 45
1683783411570 9.736565453665596 46
1683783411632 9.770845140729632 47
1683783411701 9.802850450788226 48
1683783411764 9.831363950456891 49
1683783411817 9.85508918762207 50
1683783411886 9.872843742370605 51
1683783411964 9.88381358555385 52
1683783412018 9.887798990522112 53
1683783412087 9.885365894862584 54
1683783412149 9.877768244062151 55
1683783412218 9.866647447858538 56
1683783412287 9.853604180472237 57
1683783412350 9.839832442147392 58
1683783412403 9.825986453465053 59
1683783412473 9.812236104692731 60
1683783412535 9.798442431858607 61
1683783412589 9.784325872148786 62
1683783412651 9.769593920026507 63
1683783412704 9.75399807521275 64
1683783412774 9.73735863821847 65
1683783412836 9.719538007463727 66
1683783412890 9.700405665806361 67
1683783412952 9.679775646754674 68
1683783413005 9.657280921936035 69
1683783413075 9.632164546421595 70
1683783413137 9.6029874256679 71
1683783413190 9.567512239728655 72
1683783413253 9.523479189191546 73
1683783413306 9.470887184143066 74
1683783413375 9.413982391357422 75
1683783413438 9.359317370823451 76
1683783413491 9.311914988926478 77
1683783413554 9.274165289742607 78
1683783413623 9.246693066188268 79
1683783413676 9.229225839887347 80
1683783413739 9.22094794682094 81
1683783413792 9.220490046909877 82
1683783413855 9.225640433175224 83
1683783413924 9.232845033918109 84
1683783413977 9.23732430594308 85
1683783414040 9.235593523297991 86
1683783414093 9.228393827165876 87
1683783414156 9.219191006251744 88
1683783414225 9.211235863821846 89
1683783414278 9.206706592014857 90
1683783414341 9.207048688616071 91
1683783414410 9.21339934212821 92
1683783414472 9.226967130388532 93
1683783414526 9.249352863856725 94
1683783414595 9.282616751534599 95
1683783414657 9.328940527779716 96
1683783414711 9.390090942382812 97
1683783414780 9.467127799987793 98
1683783414842 9.560439109802246 99
1683783414943 9.669910158429827 100
1683783415058 9.794981684003558 101
1683783415127 9.934619631086077 102
1683783415181 10.087343624659947 103
1683783415243 10.251404626028878 104
1683783415312 10.424996784755162 105
1683783415375 10.606327329363141 106
1683783415428 10.79355239868164 107
1683783415497 10.984754153660365 108
1683783415575 11.178014210292272 109
1683783415629 11.371557780674525 110
1683783415698 11.563864162990026 111
1683783415760 11.753711972917829 112
1683783415829 11.940159661429268 113
1683783415883 12.122492790222168 114
1683783415945 12.300165721348353 115
1683783416014 12.472756794520787 116
1683783416077 12.639937400817871 117
1683783416130 12.801448958260673 118
1683783416199 12.9570894241333 119
1683783416262 13.106690406799316 120
1683783416315 13.250104631696429 121
1683783416384 13.387178012302943 122
1683783416447 13.51770578111921 123
1683783416500 13.641382898603167 124
1683783416563 13.757718222481865 125
1683783416616 13.865938050406319 126
1683783416685 13.964863913399833 127
1683783416748 14.052744592939105 128
1683783416801 14.126940318516322 129
1683783416864 14.183024951389857 130
1683783416933 14.212071555001396 131
1683783416986 14.192223821367536 132
1683783417049 14.065652302333287 133
1683783417118 13.727454594203405 134
1683783417180 13.114470754350934 135
1683783417234 11.659814425877162 136
1683783417287 10.558376720973424 137
1683783417350 10.214504650660924 138
1683783417419 10.100808824811663 139
1683783417481 10.012603759765625 140
1683783417535 9.922914096287318 141
1683783417604 9.807428768702916 142
1683783417651 9.649183409554619 143
1683783417720 9.472478321620397 144
1683783417789 9.305696078709193 145
1683783417851 9.08689934866769 146
1683783417905 8.982675279889788 147
1683783417967 8.982172693525042 148
1683783418021 8.993994167872838 149
1683783418090 9.01077938079834 150
1683783418152 9.034105573381696 151
1683783418206 9.065235410417829 152
1683783418268 9.10505417415074 153
1683783418322 9.154583386012487 154
1683783418391 9.21512930733817 155
1683783418453 9.288088117327009 156
1683783418507 9.37446893964495 157
1683783418569 9.473999159676689 158
1683783418638 9.583192552839007 159
1683783418692 9.691988945007324 160
1683783418754 9.78568240574428 161
1683783418808 9.857930728367396 162
1683783418870 9.913525581359863 163
1683783418939 9.96120820726667 164
1683783419003 10.009604998997279 165
1683783419058 10.065882137843541 166
1683783419124 10.134957722255162 167
1683783419186 10.219139916556221 168
1683783419240 10.318500518798828 169
1683783419309 10.431771687098912 170
1683783419371 10.55720043182373 171
1683783419425 10.69304507119315 172
1683783419494 10.837732860020228 173
1683783419556 10.989841733660016 174
1683783419610 11.148032733372279 175
1683783419672 11.310986927577428 176
1683783419741 11.477372305733818 177
1683783419795 11.645815168108259 178
1683783419857 11.814883777073451 179
1683783419926 11.983057022094727 180
1683783419973 12.148674419948033 181
1683783420042 12.309867450169154 182
1683783420111 12.464476721627372 183
1683783420174 12.609979901994977 184
1683783420227 12.743456431797572 185
1683783420296 12.861692701067243 186
1683783420359 12.961454527718681 187
1683783420412 13.039935111999512 188
1683783420475 13.095233508518763 189
1683783420528 13.126677513122559 190
1683783420597 13.134880474635533 191
1683783420660 13.121568952287946 192
1683783420713 13.089282035827637 193
1683783420776 13.041057177952357 194
1683783420845 12.980145181928362 195
1683783420898 12.909780502319336 196
1683783420961 12.832994052342006 197
1683783421030 12.752487455095563 198
1683783421092 12.670577594212123 199
1683783421146 12.589194706508092 200
1683783421215 12.509927340916224 201
1683783421262 12.434075491768974 202
1683783421331 12.362695285252162 203
1683783421393 12.296633856637138 204
1683783421447 12.236549377441406 205
1683783421500 12.182927676609584 206
1683783421563 12.136084147862025 207
1683783421632 12.096073014395577 208
1683783421694 12.062478065490723 209
1683783421917 12.03413827078683 210
1683783422048 12.008935519627162 211
1683783422117 11.983650888715472 212
1683783422180 11.953714643205915 213
1683783422233 11.912375450134277 214
1683783422302 11.848247119358607 215
1683783422365 11.740046092442103 216
1683783422418 11.553933552333287 217
1683783422481 11.266912869044713 218
1683783422550 10.904697690691266 219
1683783422603 10.525800023760114 220
1683783422682 10.207892281668526 221
1683783422735 10.050879069737025 222
1683783422804 9.983719144548688 223
1683783422867 9.950496128627233 224
1683783422920 9.933647428240095 225
1683783422982 9.927870750427246 226
1683783423052 9.931508881705147 227
1683783423152 9.94404397691999 228
1683783423205 9.965351785932269 229
1683783423268 9.995502063206263 230
1683783423337 10.034707069396973 231
1683783423399 10.083285740443639 232
1683783423453 10.141623769487653 233
1683783423522 10.210118566240583 234
1683783423584 10.28909696851458 235
1683783423653 10.378688131059919 236
1683783423722 10.478561810084752 237
1683783423785 10.587241581508092 238
1683783423838 10.69982201712472 239
1683783423907 10.803082738603864 240
1683783423970 10.879372460501534 241
1683783424023 10.923594202314105 242
1683783424086 10.94144902910505 243
1683783424155 10.94024658203125 244
1683783424208 10.92583533695766 245
1683783424271 10.902687345232282 246
1683783424340 10.874493053981237 247
1683783424402 10.844493865966797 248
1683783424456 10.815392085484095 249
1683783424525 10.788964544023786 250
