1683782555903 24.971626 1
1683782555982 19.681332 2
1683782556035 15.052813 3
1683782556104 13.822899 4
1683782556167 11.242607 5
1683782556236 10.114164 6
1683782556289 8.993828 7
1683782556352 9.040112 8
1683782556421 8.889983 9
1683782556490 8.870005 10
1683782556537 8.911713 11
1683782556606 8.771394 12
1683782556668 8.414286 13
1683782556737 8.207042 14
1683782556791 7.954719 15
1683782556853 7.8774047 16
1683782556922 7.871075 17
1683782556991 7.870105 18
1683782557038 7.8663545 19
1683782557107 7.8627596 20
1683782557170 7.860623 21
1683782557223 7.859437 22
1683782557292 7.858642 23
1683782557355 7.857899 24
1683782557408 7.8570576 25
1683782557471 7.856209 26
1683782557540 7.855557 27
1683782557593 7.8551693 28
1683782557656 7.8549857 29
1683782557725 7.854862 30
1683782557787 7.8547106 31
1683782557841 7.854557 32
1683782557894 7.854435 33
1683782557957 7.854326 34
1683782558026 7.8541965 35
1683782558088 7.854065 36
1683782558142 7.853973 37
1683782558211 7.8539295 38
1683782558273 7.8539143 39
1683782558327 7.8539066 40
1683782558396 7.8538995 41
1683782558458 7.853891 42
1683782558527 7.853882 43
1683782558590 7.853872 44
1683782558643 7.853862 45
1683782558712 7.853852 46
1683782558775 7.8538427 47
1683782558844 7.8538337 48
1683782559013 7.853825 49
1683782559160 7.853818 50
1683782559214 7.8538113 51
1683782559276 7.8538036 52
1683782559345 7.853797 53
1683782559399 7.8537893 54
1683782559461 7.853784 55
1683782559530 7.853779 56
1683782559593 7.853777 57
1683782559646 7.853777 58
1683782559715 7.8537836 59
1683782559778 7.853795 60
1683782559831 7.8538117 61
1683782559900 7.8538246 62
1683782559966 7.8538246 63
1683782560016 7.8538113 64
1683782560078 7.853788 65
1683782560148 7.85376 66
1683782560201 7.853732 67
1683782560264 7.8537045 68
1683782560333 7.8536797 69
1683782560395 7.8536587 70
1683782560449 7.8536425 71
1683782560502 7.8536334 72
1683782560565 7.8536315 73
1683782560634 7.853636 74
1683782560696 7.8536444 75
1683782560749 7.8536553 76
1683782560819 7.853669 77
1683782560897 7.8536825 78
1683782560966 7.853695 79
1683782561019 7.8537064 80
1683782561082 7.8537173 81
1683782561151 7.853726 82
1683782561204 7.8537335 83
1683782561267 7.85374 84
1683782561336 7.8537455 85
1683782561398 7.85375 86
1683782561452 7.853755 87
1683782561505 7.853759 88
1683782561583 7.853762 89
1683782561637 7.8537645 90
1683782561699 7.8537664 91
1683782561753 7.8537683 92
1683782561822 7.8537693 93
1683782561884 7.85377 94
1683782561938 7.8537693 95
1683782562007 7.8537693 96
1683782562069 7.8537683 97
1683782562123 7.8537683 98
1683782562185 7.8537683 99
1683782562254 7.8537683 100
1683782562308 7.8537683 101
1683782562370 7.8537683 102
1683782562439 7.8537693 103
1683782562502 7.8537707 104
1683782562555 7.853771 105
1683782562624 7.8537726 106
1683782562687 7.853775 107
1683782562856 7.853778 108
1683782562925 7.8537836 109
1683782562987 7.853796 110
1683782563057 7.853836 111
1683782563110 7.8539743 112
1683782563172 7.854415 113
1683782563242 7.8549585 114
1683782563304 7.8553133 115
1683782563358 7.8585267 116
1683782563427 7.858833 117
1683782563473 7.856759 118
1683782563543 7.855399 119
1683782563612 7.855194 120
1683782563674 7.8541236 121
1683782563727 7.853179 122
1683782563790 7.8527884 123
1683782563859 7.8527193 124
1683782563912 7.852762 125
1683782563975 7.8527946 126
1683782564044 7.852804 127
1683782564107 7.852814 128
1683782564160 7.852841 129
1683782564229 7.852889 130
1683782564292 7.8529563 131
1683782564345 7.853035 132
1683782564414 7.85312 133
1683782564477 7.853207 134
1683782564530 7.853292 135
1683782564593 7.8533697 136
1683782564646 7.8534417 137
1683782564715 7.853506 138
1683782564778 7.8535643 139
1683782564831 7.8536143 140
1683782564894 7.8536625 141
1683782564963 7.8537054 142
1683782565016 7.853734 143
1683782565079 7.8537474 144
1683782565148 7.8537526 145
1683782565210 7.853756 146
1683782565264 7.8537574 147
1683782565333 7.853759 148
1683782565395 7.853759 149
1683782565449 7.853759 150
1683782565518 7.853759 151
1683782565580 7.85376 152
1683782565634 7.853761 153
1683782565696 7.8537636 154
1683782565765 7.8537664 155
1683782565819 7.85377 156
1683782565881 7.8537717 157
1683782565950 7.8537726 158
1683782565997 7.8537726 159
1683782566066 7.85377 160
1683782566119 7.8537674 161
1683782566182 7.8537636 162
1683782566251 7.853758 163
1683782566314 7.8537536 164
1683782566367 7.8537483 165
1683782566420 7.8537436 166
1683782566483 7.8537397 167
1683782566552 7.8537397 168
1683782566614 7.8537483 169
1683782566668 7.85379 170
1683782566721 7.8539896 171
1683782566784 7.8551598 172
1683782566853 7.856847 173
1683782566915 7.864829 174
1683782566969 7.8782177 175
1683782567038 7.86175 176
1683782567100 7.852844 177
1683782567154 7.851787 178
1683782567216 7.852163 179
1683782567270 7.8528776 180
1683782567339 7.8530035 181
1683782567386 7.852764 182
1683782567455 7.852604 183
1683782567517 7.852604 184
1683782567571 7.8526707 185
1683782567640 7.852727 186
1683782567702 7.85277 187
1683782567756 7.8528223 188
1683782567818 7.8528957 189
1683782567872 7.852987 190
1683782567941 7.853085 191
1683782567988 7.853184 192
1683782568057 7.85328 193
1683782568119 7.8533707 194
1683782568173 7.8534517 195
1683782568242 7.8535223 196
1683782568404 7.8535833 197
1683782568505 7.8536353 198
1683782568558 7.8536735 199
1683782568627 7.853699 200
1683782568690 7.853716 201
1683782568743 7.8537273 202
1683782568806 7.853734 203
1683782568875 7.8537383 204
1683782568928 7.853739 205
1683782569006 7.8537383 206
1683782569075 7.853737 207
1683782569144 7.8537345 208
1683782569207 7.853733 209
1683782569260 7.8537326 210
1683782569329 7.853734 211
1683782569392 7.853738 212
1683782569445 7.8537445 213
1683782569508 7.8537536 214
1683782569561 7.8537617 215
1683782569630 7.8537683 216
1683782569693 7.853771 217
1683782569924 7.85377 218
1683782570062 7.853766 219
1683782570131 7.85376 220
1683782570194 7.8537507 221
1683782570263 7.853741 222
1683782570325 7.8537292 223
1683782570379 7.853716 224
1683782570448 7.8537016 225
1683782570510 7.8536863 226
1683782570564 7.853675 227
1683782570633 7.853712 228
1683782570695 7.853944 229
1683782570749 7.853977 230
1683782570811 7.8538036 231
1683782570880 7.8536205 232
1683782570934 7.8535023 233
1683782570996 7.8534164 234
1683782571050 7.8533506 235
1683782571181 7.8533125 236
1683782571235 7.853297 237
1683782571313 7.8532977 238
1683782571366 7.8533106 239
1683782571435 7.8533235 240
1683782571482 7.8533235 241
1683782571551 7.853316 242
1683782571614 7.853313 243
1683782571667 7.8533196 244
1683782571736 7.853334 245
1683782571799 7.853354 246
1683782571852 7.8533797 247
1683782571915 7.853416 248
1683782571968 7.853464 249
1683782572037 7.8535147 250
