1683784531331 56.161934 1
1683784531401 56.13372 2
1683784531463 56.018192 3
1683784531532 55.798233 4
1683784531601 54.50286 5
1683784531664 27.67595 6
1683784531748 18.265385 7
1683784531817 14.38276 8
1683784531880 14.039279 9
1683784531933 14.022029 10
1683784532002 14.022144 11
1683784532065 14.053182 12
1683784532118 14.092395 13
1683784532187 13.925756 14
1683784532250 13.877016 15
1683784532319 13.847281 16
1683784532382 13.912678 17
1683784532435 14.073898 18
1683784532504 14.26414 19
1683784532566 14.424729 20
1683784532620 14.5522785 21
1683784532689 14.652466 22
1683784532748 14.735198 23
1683784532820 14.780888 24
1683784532882 14.74486 25
1683784532936 14.594835 26
1683784533005 14.345881 27
1683784533068 14.026886 28
1683784533121 13.897411 29
1683784533190 13.866495 30
1683784533253 13.633397 31
1683784533306 13.331079 32
1683784533369 13.023037 33
1683784533438 12.819482 34
1683784533491 12.737459 35
1683784533554 12.764809 36
1683784533623 12.892805 37
1683784533685 13.13001 38
1683784533739 13.483569 39
1683784533808 13.944856 40
1683784533870 14.494814 41
1683784533924 15.110545 42
1683784533993 15.765899 43
1683784534056 16.4305 44
1683784534125 17.07111 45
1683784534187 17.655622 46
1683784534241 18.156776 47
1683784534310 18.553467 48
1683784534372 18.830412 49
1683784534441 18.978344 50
1683784534495 18.995731 51
1683784534557 18.891617 52
1683784534626 18.68656 53
1683784534689 18.407993 54
1683784534742 18.080976 55
1683784534811 17.721107 56
1683784534874 17.334446 57
1683784534927 16.92246 58
1683784534996 16.487553 59
1683784535059 16.036308 60
1683784535112 15.580118 61
1683784535175 15.134069 62
1683784535228 14.715135 63
1683784535297 14.34037 64
1683784535360 14.024319 65
1683784535413 13.774831 66
1683784535476 13.589174 67
1683784535529 13.4546795 68
1683784535598 13.354587 69
1683784535661 13.274372 70
1683784535714 13.204556 71
1683784535776 13.140111 72
1683784535830 13.078737 73
1683784535899 13.019548 74
1683784535962 12.962345 75
1683784536015 12.907317 76
1683784536078 12.854976 77
1683784536147 12.806127 78
1683784536200 12.761853 79
1683784536263 12.723571 80
1683784536332 12.69348 81
1683784536394 12.67556 82
1683784536447 12.676544 83
1683784536517 12.705626 84
1683784536563 12.772525 85
1683784536633 12.885056 86
1683784536695 13.047589 87
1683784536748 13.260547 88
1683784536802 13.520462 89
1683784536864 13.820337 90
1683784536933 14.150255 91
1683784536980 14.498716 92
1683784537049 14.8551445 93
1683784537103 15.213492 94
1683784537165 15.57562 95
1683784537234 15.952848 96
1683784537297 16.364588 97
1683784537350 16.833939 98
1683784537498 17.3815 99
1683784537636 18.019897 100
1683784537720 18.751879 101
1683784537783 19.572193 102
1683784537852 20.470957 103
1683784537921 21.436398 104
1683784537968 22.456335 105
1683784538037 23.518837 106
1683784538106 24.612516 107
1683784538169 25.726715 108
1683784538285 26.851639 109
1683784538438 27.978392 110
1683784538522 29.098978 111
1683784538585 30.206196 112
1683784538654 31.293518 113
1683784538707 32.355003 114
1683784538770 33.38524 115
1683784538839 34.37935 116
1683784538908 35.33307 117
1683784538971 36.242863 118
1683784539024 37.10605 119
1683784539086 37.92092 120
1683784539156 38.686867 121
1683784539225 39.404297 122
1683784539287 40.074627 123
1683784539341 40.70003 124
1683784539410 41.28322 125
1683784539472 41.82714 126
1683784539526 42.334667 127
1683784539588 42.808334 128
1683784539657 43.25016 129
1683784539726 43.661507 130
1683784539789 44.043068 131
1683784539858 44.39476 132
1683784539927 44.715527 133
1683784539989 45.002113 134
1683784540043 45.243286 135
1683784540112 45.388508 136
1683784540174 45.139515 137
1683784540228 42.69669 138
1683784540290 34.029316 139
1683784540359 25.843187 140
1683784540428 18.59208 141
1683784540491 13.93244 142
1683784540544 14.00792 143
1683784540613 13.345274 144
1683784540676 11.32366 145
1683784540729 11.086395 146
1683784540792 11.082021 147
1683784540861 10.995047 148
1683784540930 10.851681 149
1683784540992 10.724825 150
1683784541046 10.641703 151
1683784541115 10.611558 152
1683784541177 10.63759 153
1683784541231 10.722472 154
1683784541309 10.870707 155
1683784541378 11.08872 156
1683784541463 11.384279 157
1683784541532 11.765895 158
1683784541594 12.241966 159
1683784541663 12.818592 160
1683784541717 13.493685 161
1683784541779 14.248544 162
1683784541848 15.0620575 163
1683784541911 15.936951 164
1683784541964 16.88111 165
1683784542033 17.879221 166
1683784542096 18.86277 167
1683784542180 19.681305 168
1683784542249 20.195744 169
1683784542312 20.412334 170
1683784542365 20.410294 171
1683784542434 20.261604 172
1683784542497 20.01866 173
1683784542566 19.722618 174
1683784542619 19.410309 175
1683784542682 19.115242 176
1683784542751 18.86377 177
1683784542820 18.670502 178
1683784542882 18.537651 179
1683784542951 18.458635 180
1683784543014 18.422825 181
1683784543067 18.418648 182
1683784543121 18.434826 183
1683784543183 18.46063 184
1683784543252 18.485847 185
1683784543315 18.500847 186
1683784543368 18.496859 187
1683784543437 18.466358 188
1683784543500 18.403355 189
1683784543553 18.30339 190
1683784543622 18.16312 191
1683784543685 17.979595 192
1683784543754 17.749142 193
1683784543823 17.46604 194
1683784543885 17.12103 195
1683784543955 16.701065 196
1683784544017 16.194601 197
1683784544070 15.612953 198
1683784544139 15.030696 199
1683784544202 14.573451 200
1683784544255 14.283625 201
1683784544318 14.103653 202
1683784544371 13.964994 203
1683784544440 13.818824 204
1683784544503 13.637474 205
1683784544556 13.411268 206
1683784544625 13.143857 207
1683784544672 12.849628 208
1683784544741 12.553159 209
1683784544804 12.284409 210
1683784544857 12.068356 211
1683784544926 11.918535 212
1683784544973 11.838984 213
1683784545174 11.828814 214
1683784545290 11.884929 215
1683784545343 12.002997 216
1683784545406 12.177758 217
1683784545475 12.403005 218
1683784545544 12.671349 219
1683784545606 12.974049 220
1683784545660 13.301096 221
1683784545729 13.641703 222
1683784545791 13.985199 223
1683784545845 14.322346 224
1683784545907 14.646822 225
1683784545976 14.956251 226
1683784546045 15.251987 227
1683784546108 15.537665 228
1683784546161 15.817305 229
1683784546230 16.09388 230
1683784546277 16.36873 231
1683784546346 16.641638 232
1683784546462 16.91127 233
1683784546593 17.175701 234
1683784546662 17.432865 235
1683784546731 17.680773 236
1683784546794 17.917667 237
1683784546847 18.142017 238
1683784546910 18.35252 239
1683784546979 18.548021 240
1683784547032 18.727358 241
1683784547095 18.889217 242
1683784547164 19.031837 243
1683784547233 19.152718 244
1683784547296 19.248137 245
1683784547349 19.31268 246
1683784547412 19.338543 247
1683784547481 19.314741 248
1683784547534 19.226072 249
1683784547597 19.051903 250
