1683782825150 55.90898 1
1683782825219 54.87014 2
1683782825282 54.360283 3
1683782825351 50.412754 4
1683782825404 39.019314 5
1683782825467 35.22666 6
1683782825536 33.02823 7
1683782825605 30.92339 8
1683782825667 29.921919 9
1683782825721 22.956509 10
1683782825783 15.314534 11
1683782825837 13.808704 12
1683782825906 13.236275 13
1683782825968 11.853981 14
1683782826037 9.532467 15
1683782826100 8.530542 16
1683782826169 8.219177 17
1683782826222 8.253943 18
1683782826285 8.274105 19
1683782826354 8.259535 20
1683782826407 8.22237 21
1683782826485 8.17 22
1683782826539 8.126682 23
1683782826608 8.118543 24
1683782826655 8.118539 25
1683782826724 8.1197605 26
1683782826786 8.120542 27
1683782826855 8.120084 28
1683782826909 8.119382 29
1683782826971 8.1189575 30
1683782827040 8.11873 31
1683782827109 8.118545 32
1683782827172 8.118361 33
1683782827225 8.118193 34
1683782827288 8.118045 35
1683782827341 8.117921 36
1683782827410 8.117825 37
1683782827473 8.117748 38
1683782827526 8.117676 39
1683782827589 8.117608 40
1683782827658 8.117543 41
1683782827711 8.117481 42
1683782827774 8.117421 43
1683782827843 8.117363 44
1683782827890 8.117306 45
1683782827959 8.117252 46
1683782828012 8.117202 47
1683782828075 8.117157 48
1683782828144 8.117117 49
1683782828206 8.117083 50
1683782828260 8.117052 51
1683782828313 8.117025 52
1683782828376 8.1170025 53
1683782828445 8.116981 54
1683782828507 8.11696 55
1683782828561 8.116941 56
1683782828630 8.116923 57
1683782828692 8.116907 58
1683782828746 8.116892 59
1683782828815 8.116877 60
1683782828862 8.116861 61
1683782828931 8.116845 62
1683782828993 8.116828 63
1683782829062 8.116809 64
1683782829116 8.116788 65
1683782829178 8.116765 66
1683782829232 8.116742 67
1683782829310 8.116719 68
1683782829363 8.116695 69
1683782829432 8.116674 70
1683782829510 8.1166525 71
1683782829564 8.116634 72
1683782829633 8.116616 73
1683782829680 8.1166 74
1683782829749 8.116585 75
1683782829811 8.11657 76
1683782829865 8.116556 77
1683782829934 8.116543 78
1683782829989 8.116529 79
1683782830050 8.116517 80
1683782830119 8.116506 81
1683782830166 8.116496 82
1683782830235 8.1164875 83
1683782830297 8.116479 84
1683782830366 8.116473 85
1683782830420 8.116468 86
1683782830482 8.116466 87
1683782830551 8.116465 88
1683782830598 8.116466 89
1683782830667 8.116469 90
1683782830721 8.116476 91
1683782830783 8.1164875 92
1683782830837 8.116501 93
1683782830899 8.116518 94
1683782830968 8.116536 95
1683782831022 8.116554 96
1683782831084 8.116571 97
1683782831153 8.116584 98
1683782831222 8.116592 99
1683782831285 8.116598 100
1683782831338 8.1166 101
1683782831401 8.116599 102
1683782831454 8.116598 103
1683782831639 8.116596 104
1683782831702 8.116593 105
1683782831771 8.1165905 106
1683782831824 8.116588 107
1683782831887 8.116585 108
1683782831956 8.116582 109
1683782832018 8.116578 110
1683782832072 8.116573 111
1683782832141 8.1165695 112
1683782832203 8.116564 113
1683782832257 8.116555 114
1683782832326 8.116544 115
1683782832373 8.116527 116
1683782832442 8.116499 117
1683782832504 8.116458 118
1683782832558 8.116393 119
1683782832627 8.116303 120
1683782832674 8.116207 121
1683782832743 8.116139 122
1683782832805 8.116108 123
1683782832906 8.116104 124
1683782832959 8.116115 125
1683782833028 8.116129 126
1683782833091 8.116146 127
1683782833144 8.116169 128
1683782833207 8.116198 129
1683782833260 8.11623 130
1683782833329 8.116264 131
1683782833391 8.116295 132
1683782833445 8.116323 133
1683782833507 8.116347 134
1683782833561 8.11637 135
1683782833630 8.116392 136
1683782833692 8.116415 137
1683782833746 8.11644 138
1683782833808 8.116465 139
1683782833862 8.116491 140
1683782833931 8.116519 141
1683782833993 8.116549 142
1683782834047 8.116577 143
1683782834109 8.116604 144
1683782834163 8.116629 145
1683782834232 8.11665 146
1683782834310 8.116668 147
1683782834363 8.116682 148
1683782834432 8.116694 149
1683782834495 8.116704 150
1683782834548 8.116713 151
1683782834611 8.116719 152
1683782834680 8.116725 153
1683782834733 8.116731 154
1683782834796 8.1167345 155
1683782834849 8.116739 156
1683782834912 8.116743 157
1683782834981 8.116747 158
1683782835034 8.116752 159
1683782835097 8.1167555 160
1683782835150 8.11676 161
1683782835213 8.116764 162
1683782835282 8.116769 163
1683782835335 8.116775 164
1683782835398 8.116779 165
1683782835467 8.116786 166
1683782835529 8.116792 167
1683782835583 8.116799 168
1683782835652 8.116806 169
1683782835714 8.116814 170
1683782835768 8.116821 171
1683782835830 8.11683 172
1683782835884 8.1168375 173
1683782835937 8.116846 174
1683782836000 8.116855 175
1683782836069 8.116862 176
1683782836131 8.116867 177
1683782836185 8.116867 178
1683782836254 8.116864 179
1683782836301 8.1168585 180
1683782836370 8.1168375 181
1683782836432 8.116757 182
1683782836486 8.116651 183
1683782836539 8.116583 184
1683782836602 8.116272 185
1683782836671 8.116458 186
1683782836718 8.116765 187
1683782836787 8.116548 188
1683782836840 8.116223 189
1683782836903 8.116082 190
1683782836972 8.116056 191
1683782837034 8.116044 192
1683782837088 8.116006 193
1683782837141 8.115957 194
1683782837204 8.11592 195
1683782837273 8.115905 196
1683782837319 8.11591 197
1683782837389 8.115934 198
1683782837442 8.115975 199
1683782837504 8.11603 200
1683782837589 8.116093 201
1683782837658 8.116165 202
1683782837721 8.11624 203
1683782837774 8.116314 204
1683782837843 8.116388 205
1683782837890 8.116459 206
1683782837959 8.116524 207
1683782838022 8.116581 208
1683782838075 8.116627 209
1683782838144 8.116658 210
1683782838207 8.116676 211
1683782838260 8.116692 212
1683782838476 8.116702 213
1683782838577 8.11671 214
1683782838646 8.116714 215
1683782838708 8.116714 216
1683782838762 8.116711 217
1683782838824 8.116706 218
1683782838893 8.116699 219
1683782838947 8.116691 220
1683782839009 8.116681 221
1683782839078 8.116667 222
1683782839141 8.116649 223
1683782839210 8.116621 224
1683782839263 8.116565 225
1683782839326 8.116436 226
1683782839395 8.116266 227
1683782839448 8.116165 228
1683782839511 8.116139 229
1683782839580 8.116146 230
1683782839649 8.116152 231
1683782839711 8.11615 232
1683782839765 8.116147 233
1683782839827 8.11615 234
1683782839896 8.116159 235
1683782839958 8.116174 236
1683782840005 8.116192 237
1683782840081 8.116213 238
1683782840128 8.116237 239
1683782840197 8.116257 240
1683782840250 8.116261 241
1683782840313 8.116243 242
1683782840382 8.11621 243
1683782840451 8.116173 244
1683782840514 8.116141 245
1683782840567 8.116122 246
1683782840629 8.1161175 247
1683782840683 8.116131 248
1683782840752 8.116161 249
1683782840815 8.116205 250
