1683783189747 52.556866 1
1683783189816 28.874912 2
1683783189878 19.121622 3
1683783189955 12.739359 4
1683783190016 10.678037 5
1683783190079 9.522998 6
1683783190132 9.704923 7
1683783190201 9.891814 8
1683783190264 10.056974 9
1683783190333 10.229086 10
1683783190395 10.418026 11
1683783190449 9.950979 12
1683783190518 9.585913 13
1683783190581 9.355408 14
1683783190634 9.344231 15
1683783190703 9.188063 16
1683783190765 9.16721 17
1683783190819 9.163202 18
1683783190881 9.166938 19
1683783190951 9.17559 20
1683783191004 9.186638 21
1683783191067 9.196434 22
1683783191136 9.20087 23
1683783191198 9.1998005 24
1683783191251 9.196182 25
1683783191321 9.192678 26
1683783191383 9.189963 27
1683783191452 9.187471 28
1683783191506 9.18465 29
1683783191568 9.181625 30
1683783191622 9.178852 31
1683783191684 9.176575 32
1683783191753 9.174765 33
1683783191806 9.173297 34
1683783191869 9.172075 35
1683783191938 9.17104 36
1683783192001 9.170148 37
1683783192054 9.169362 38
1683783192123 9.168654 39
1683783192170 9.167999 40
1683783192239 9.167379 41
1683783192302 9.16678 42
1683783192355 9.166193 43
1683783192424 9.165614 44
1683783192471 9.165048 45
1683783192540 9.164511 46
1683783192609 9.164021 47
1683783192672 9.163599 48
1683783192725 9.1632595 49
1683783192788 9.163006 50
1683783192841 9.16284 51
1683783192910 9.162753 52
1683783192973 9.16274 53
1683783193026 9.162789 54
1683783193088 9.162892 55
1683783193158 9.163036 56
1683783193211 9.16321 57
1683783193274 9.163403 58
1683783193327 9.163601 59
1683783193389 9.163799 60
1683783193459 9.163985 61
1683783193512 9.164155 62
1683783193574 9.164307 63
1683783193644 9.164442 64
1683783193713 9.164576 65
1683783193759 9.164729 66
1683783193828 9.164908 67
1683783193891 9.165082 68
1683783193960 9.165214 69
1683783194013 9.165281 70
1683783194076 9.165285 71
1683783194145 9.165237 72
1683783194214 9.165157 73
1683783194277 9.165066 74
1683783194330 9.164994 75
1683783194393 9.165008 76
1683783194446 9.165152 77
1683783194515 9.165212 78
1683783194578 9.165092 79
1683783194631 9.164859 80
1683783194694 9.1645565 81
1683783194747 9.164188 82
1683783194816 9.163787 83
1683783194879 9.16342 84
1683783194932 9.16313 85
1683783194995 9.162897 86
1683783195048 9.162687 87
1683783195117 9.162482 88
1683783195180 9.162282 89
1683783195249 9.162096 90
1683783195311 9.161935 91
1683783195365 9.1617985 92
1683783195565 9.161683 93
1683783195750 9.161581 94
1683783195834 9.161495 95
1683783195897 9.161421 96
1683783195950 9.161358 97
1683783196019 9.161296 98
1683783196082 9.161232 99
1683783196151 9.161173 100
1683783196220 9.161154 101
1683783196283 9.161195 102
1683783196336 9.161253 103
1683783196399 9.161288 104
1683783196468 9.161291 105
1683783196521 9.161272 106
1683783196584 9.161247 107
1683783196653 9.161214 108
1683783196715 9.161169 109
1683783196769 9.161118 110
1683783196885 9.161087 111
1683783196938 9.161129 112
1683783197016 9.161306 113
1683783197070 9.16152 114
1683783197139 9.161494 115
1683783197201 9.161159 116
1683783197255 9.160646 117
1683783197324 9.160174 118
1683783197386 9.159879 119
1683783197455 9.15979 120
1683783197518 9.159874 121
1683783197571 9.160069 122
1683783197640 9.160329 123
1683783197703 9.160612 124
1683783197756 9.160885 125
1683783197825 9.161114 126
1683783197888 9.161266 127
1683783197941 9.161315 128
1683783198004 9.161238 129
1683783198057 9.161024 130
1683783198126 9.160682 131
1683783198189 9.160233 132
1683783198242 9.159715 133
1683783198305 9.159174 134
1683783198374 9.158653 135
1683783198427 9.158188 136
1683783198490 9.157804 137
1683783198543 9.157515 138
1683783198606 9.157326 139
1683783198675 9.157237 140
1683783198728 9.157241 141
1683783198790 9.157326 142
1683783198844 9.157476 143
1683783198906 9.157677 144
1683783198976 9.157908 145
1683783199029 9.15815 146
1683783199092 9.158384 147
1683783199145 9.158597 148
1683783199207 9.158777 149
1683783199277 9.158916 150
1683783199330 9.159008 151
1683783199392 9.15905 152
1683783199462 9.159043 153
1683783199508 9.158994 154
1683783199578 9.158905 155
1683783199631 9.158788 156
1683783199693 9.158651 157
1683783199763 9.1585045 158
1683783199825 9.158357 159
1683783199878 9.158216 160
1683783199932 9.15809 161
1683783199994 9.157983 162
1683783200063 9.1579 163
1683783200126 9.157843 164
1683783200195 9.157814 165
1683783200248 9.157814 166
1683783200311 9.157843 167
1683783200364 9.157898 168
1683783200433 9.157976 169
1683783200496 9.158075 170
1683783200549 9.158192 171
1683783200612 9.158318 172
1683783200665 9.158449 173
1683783200734 9.158584 174
1683783200797 9.158719 175
1683783200850 9.158854 176
1683783200913 9.158993 177
1683783200966 9.159151 178
1683783201035 9.159365 179
1683783201098 9.159714 180
1683783201151 9.160414 181
1683783201214 9.161659 182
1683783201267 9.164742 183
1683783201336 9.171887 184
1683783201399 9.177379 185
1683783201452 9.183887 186
1683783201530 9.184555 187
1683783201584 9.179139 188
1683783201637 9.17347 189
1683783201700 9.16913 190
1683783201769 9.165453 191
1683783201831 9.162712 192
1683783201885 9.160765 193
1683783201954 9.159399 194
1683783202016 9.158472 195
1683783202070 9.157883 196
1683783202139 9.157547 197
1683783202201 9.157398 198
1683783202371 9.157386 199
1683783202440 9.157463 200
1683783202502 9.157591 201
1683783202556 9.157738 202
1683783202618 9.157871 203
1683783202687 9.157965 204
1683783202741 9.158002 205
1683783202803 9.157983 206
1683783202856 9.157917 207
1683783202919 9.157814 208
1683783202988 9.157686 209
1683783203041 9.157553 210
1683783203104 9.1574335 211
1683783203173 9.157351 212
1683783203236 9.157316 213
1683783203289 9.157339 214
1683783203358 9.157416 215
1683783203405 9.157541 216
1683783203574 9.1577015 217
1683783203643 9.157883 218
1683783203705 9.158071 219
1683783203774 9.158252 220
1683783203837 9.158412 221
1683783203906 9.158545 222
1683783203975 9.158637 223
1683783204037 9.1586895 224
1683783204091 9.158701 225
1683783204160 9.158674 226
1683783204222 9.158612 227
1683783204276 9.1585245 228
1683783204345 9.158415 229
1683783204407 9.158296 230
1683783204461 9.158173 231
1683783204523 9.158052 232
1683783204592 9.157942 233
1683783204661 9.157847 234
1683783204708 9.157772 235
1683783204777 9.157718 236
1683783204846 9.157687 237
1683783204893 9.157679 238
1683783204962 9.157692 239
1683783205025 9.157723 240
1683783205094 9.157773 241
1683783205147 9.157835 242
1683783205210 9.157907 243
1683783205279 9.157984 244
1683783205341 9.158067 245
1683783205395 9.15815 246
1683783205464 9.158234 247
1683783205526 9.158323 248
1683783205595 9.158417 249
1683783205649 9.15852 250
