1683783044994 44.08215550013951 1
1683783045063 38.00647790091379 2
1683783045126 34.139890807015554 3
1683783045179 30.861667224339076 4
1683783045242 25.590354919433594 5
1683783045311 22.596499851771764 6
1683783045380 21.2538264138358 7
1683783045442 20.46764346531459 8
1683783045496 18.757067680358887 9
1683783045565 17.8542058127267 10
1683783045627 16.479129110063827 11
1683783045681 15.700085503714424 12
1683783045743 14.190162522452217 13
1683783045812 12.614781243460518 14
1683783045881 11.483776365007673 15
1683783045944 10.928806577410016 16
1683783045997 10.746267591203962 17
1683783046066 10.250834465026855 18
1683783046129 9.701928411211286 19
1683783046198 9.45097964150565 20
1683783046260 9.302134922572545 21
1683783046314 9.2623929977417 22
1683783046383 9.166547094072614 23
1683783046445 9.111653327941895 24
1683783046514 9.121481759207589 25
1683783046568 9.150365012032646 26
1683783046630 9.1869569505964 27
1683783046699 9.227226257324219 28
1683783046762 9.27452836717878 29
1683783046815 9.330483436584473 30
1683783046884 9.390237944466728 31
1683783046947 9.445541381835938 32
1683783047000 9.48827770778111 33
1683783047069 9.515115874154228 34
1683783047132 9.529757227216448 35
1683783047185 9.539345741271973 36
1683783047248 9.549697467258998 37
1683783047301 9.563684327261788 38
1683783047370 9.58193302154541 39
1683783047433 9.60392815726144 40
1683783047486 9.628738403320312 41
1683783047549 9.655360903058734 42
1683783047602 9.682862690516881 43
1683783047671 9.710451807294573 44
1683783047734 9.73751790182931 45
1683783047787 9.763643673488072 46
1683783047850 9.788579259599958 47
1683783047903 9.812185968671526 48
1683783047972 9.834364754813057 49
1683783048035 9.854985100882393 50
1683783048088 9.873827798025948 51
1683783048151 9.89055347442627 52
1683783048220 9.904708317347936 53
1683783048273 9.915752819606237 54
1683783048336 9.923112188066755 55
1683783048405 9.92624146597726 56
1683783048467 9.924694742475237 57
1683783048521 9.918179375784737 58
1683783048574 9.906610761369977 59
1683783048637 9.89014298575265 60
1683783048706 9.869176047188896 61
1683783048768 9.844323022024971 62
1683783048822 9.816334860665458 63
1683783048875 9.786007744925362 64
1683783048938 9.754089627947126 65
1683783049007 9.721226555960518 66
1683783049069 9.687940325055804 67
1683783049123 9.654633385794503 68
1683783049207 9.621593202863421 69
1683783049270 9.588999475751605 70
1683783049323 9.556925909859794 71
1683783049392 9.525341033935547 72
1683783049455 9.494115693228585 73
1683783049508 9.463041305541992 74
1683783049577 9.431846073695592 75
1683783049624 9.400219099862236 76
1683783049693 9.367904526846749 77
1683783049756 9.33491815839495 78
1683783049809 9.30190031869071 79
1683783049878 9.270276069641113 80
1683783049948 9.24163396017892 81
1683783050010 9.216713632856097 82
1683783050056 9.195326260157994 83
1683783050126 9.177048683166504 84
1683783050179 9.161780629839216 85
1683783050241 9.150007792881556 86
1683783050295 9.14276395525251 87
1683783050357 9.141222953796387 88
1683783050426 9.146227700369698 89
1683783050480 9.158175195966448 90
1683783050542 9.177186284746442 91
1683783050596 9.203249113900322 92
1683783050658 9.236239842006139 93
1683783050727 9.275875500270299 94
1683783050781 9.321674619402204 95
1683783050843 9.372960363115583 96
1683783050912 9.42891298021589 97
1683783050959 9.488651956830706 98
1683783051028 9.551310811723981 99
1683783051082 9.616084916251046 100
1683783051144 9.682243074689593 101
1683783051213 9.74912520817348 102
1683783051282 9.816136223929268 103
1683783051345 9.882746832711357 104
1683783051414 9.948518889290947 105
1683783051477 10.013126237051827 106
1683783051530 10.076377187456403 107
1683783051583 10.138230460030693 108
1683783051646 10.198793411254883 109
1683783051715 10.258305549621582 110
1683783051762 10.317120688302177 111
1683783051831 10.375679969787598 112
1683783051884 10.434510775974818 113
1683783051947 10.494218008858818 114
1683783052016 10.555489267621722 115
1683783052063 10.619089535304479 116
1683783052132 10.685858045305524 117
1683783052185 10.756672177995954 118
1683783052248 10.832399232046944 119
1683783052301 10.913829530988421 120
1683783052364 11.00160448891776 121
1683783052433 11.096156801496234 122
1683783052486 11.197672980172294 123
1683783052549 11.306082725524902 124
1683783052602 11.421074186052595 125
1683783052665 11.542127200535365 126
1683783052734 11.66855103628976 127
1683783052787 11.799527168273926 128
1683783052850 11.934151649475098 129
1683783052919 12.07147216796875 130
1683783052988 12.210520199366979 131
1683783053050 12.35033893585205 132
1683783053104 12.49000699179513 133
1683783053166 12.62865148271833 134
1683783053235 12.765465327671595 135
1683783053289 12.89971651349749 136
1683783053351 13.030755315508161 137
1683783053420 13.158018520900182 138
1683783053467 13.281032017299108 139
1683783053536 13.399409021650042 140
1683783053590 13.512845311846052 141
1683783053652 13.621112278529576 142
1683783053937 13.724043437412806 143
1683783054069 13.821531432015556 144
1683783054122 13.913513728550502 145
1683783054191 13.999959128243583 146
1683783054254 14.080865587506976 147
1683783054307 14.156208992004395 148
1683783054370 14.225835936410087 149
1683783054439 14.2891024180821 150
1683783054492 14.34378365107945 151
1683783054571 14.382897104535784 152
1683783054624 14.387050083705358 153
1683783054693 14.318831307547432 154
1683783054756 14.15596308026995 155
1683783054809 13.925087111336845 156
1683783054872 13.64368234361921 157
1683783054941 13.21325411115374 158
1683783054994 12.19744382585798 159
1683783055057 11.14630903516497 160
1683783055126 10.448805945260185 161
1683783055195 9.790340151105609 162
1683783055257 9.47766603742327 163
1683783055311 9.560036931719099 164
1683783055373 9.633852141244072 165
1683783055495 9.670019013541085 166
1683783055642 9.67360087803432 167
1683783055695 9.643687520708356 168
1683783055758 9.583016804286412 169
1683783055811 9.517125129699707 170
1683783055874 9.475791794913155 171
1683783055943 9.455980028424944 172
1683783055996 9.44678156716483 173
1683783056059 9.444299289158412 174
1683783056128 9.448490415300641 175
1683783056197 9.460520608084542 176
1683783056244 9.481851577758789 177
1683783056313 9.51404503413609 178
1683783056376 9.558712141854423 179
1683783056445 9.617453030177526 180
1683783056498 9.691823959350586 181
1683783056561 9.783251081194196 182
1683783056630 9.89277594430106 183
1683783056692 10.021129199436732 184
1683783056746 10.169048309326172 185
1683783056815 10.337251390729632 186
1683783056877 10.526208468845912 187
1683783056931 10.735872677394322 188
1683783057000 10.965111323765345 189
1683783057062 11.209583691188268 190
1683783057116 11.458810261317662 191
1683783057178 11.705857958112444 192
1683783057247 11.950996262686592 193
1683783057332 12.194185393197197 194
1683783057394 12.433839525495257 195
1683783057448 12.667760985238212 196
1683783057517 12.893835612705775 197
1683783057579 13.110342298235212 198
1683783057633 13.315963200160436 199
1683783057702 13.509560176304408 200
1683783057764 13.689756802150182 201
1683783057833 13.854292733328682 202
1683783057896 13.999182156154088 203
1683783057949 14.11803640638079 204
1683783058018 14.202622549874443 205
1683783058081 14.245769909449987 206
1683783058134 14.24500206538609 207
1683783058203 14.203397750854492 208
1683783058266 14.127418926783971 209
1683783058319 14.024391446794782 210
1683783058382 13.90109212057931 211
1683783058451 13.763332094464984 212
1683783058504 13.61603764125279 213
1683783058567 13.46343299320766 214
1683783058620 13.309138979230609 215
1683783058683 13.155905723571777 216
1683783058752 13.00441769191197 217
1683783058805 12.849237033299037 218
1683783058868 12.664831706455775 219
1683783058921 12.365700313023158 220
1683783058984 11.927443504333496 221
1683783059053 11.544849395751953 222
1683783059106 11.243150983537946 223
1683783059169 11.045420919145856 224
1683783059238 10.93931429726737 225
1683783059300 10.875614438738141 226
1683783059354 10.833304132734026 227
1683783059407 10.804266248430524 228
1683783059470 10.78439358302525 229
1683783059539 10.770771844046456 230
1683783059586 10.761224610464913 231
1683783059655 10.754681587219238 232
1683783059708 10.751400402614049 233
1683783059771 10.75266592843192 234
1683783059840 10.76018224443708 235
1683783059909 10.775539125714984 236
1683783059962 10.799950054713658 237
1683783060025 10.83427279336112 238
1683783060087 10.879250526428223 239
1683783060156 10.935880388532366 240
1683783060225 11.005759239196777 241
1683783060272 11.090802873883929 242
1683783060341 11.191963195800781 243
1683783060410 11.308629172188896 244
1683783060457 11.43958009992327 245
1683783060658 11.583701133728027 246
1683783060727 11.73994949885777 247
1683783060789 11.906951086861747 248
1683783060843 12.08198778969901 249
1683783060912 12.258534703935895 250
