1684201669549 12.340648457235519 1
1684201669619 13.53133695030292 2
1684201669685 15.547236803712146 3
1684201669764 18.246058124425414 4
1684201669833 21.272555658352168 5
1684201669902 24.182718893647976 6
1684201669964 26.68768476407006 7
1684201670033 28.684566146695833 8
1684201670110 30.19732168119767 9
1684201670167 31.300553845840255 10
1684201670234 32.08154909339058 11
1684201670303 32.61809684726311 12
1684201670381 32.97225095722554 13
1684201670450 33.19054330779086 14
1684201670519 33.30323769125264 15
1684201670588 33.32762407648998 16
1684201670653 33.27117041060126 17
1684201670719 33.132986845901044 18
1684201670788 32.91548778957178 19
1684201670866 32.63201416131522 20
1684201670951 32.31087370121952 21
1684201671036 31.99111580079079 22
1684201671105 31.71105736017776 23
1684201671189 31.49428869032295 24
1684201671267 31.342178179224184 25
1684201671352 31.241235264984574 26
1684201671437 31.17239627299783 27
1684201671506 31.111968485901308 28
1684201671578 31.040689436067794 29
1684201671637 30.953435785033413 30
1684201671712 30.848993388148358 31
1684201671771 30.72130142321489 32
1684201671837 30.561465673481884 33
1684201671906 30.363711608365072 34
1684201671969 30.126877342570797 35
1684201672038 29.854928175089512 36
1684201672107 29.55527188281171 37
1684201672169 29.2363505111383 38
1684201672247 28.90568837490993 39
1684201672307 28.56920918565843 40
1684201672370 28.23202056773951 41
1684201672439 27.901190241295414 42
1684201672508 27.584667714586303 43
1684201672570 27.287015874372784 44
1684201672639 27.008258293200527 45
1684201672708 26.743362378413586 46
1684201672772 26.48489865834707 47
1684201672840 26.223842924050334 48
1684201672909 25.948590202152587 49
1684201672971 25.64620233335792 50
1684201673038 25.306555902248775 51
1684201673094 24.92584130352502 52
1684201673156 24.50701293144876 53
1684201673225 24.05787156607612 54
1684201673303 23.58819178019613 55
1684201673366 23.106744466694533 56
1684201673425 22.618834448295054 57
1684201673494 22.127573446119527 58
1684201673557 21.640023532111254 59
1684201673626 21.1643211209669 60
1684201673695 20.706022308605732 61
1684201673757 20.268055852784403 62
1684201673833 19.851333928161544 63
1684201673895 19.45566000628139 64
1684201673958 19.08080251427957 65
1684201674027 18.726893670917416 66
1684201674089 18.394087269779945 67
1684201674158 18.073930428206822 68
1684201674227 17.74403775023619 69
1684201674290 17.377639536654687 70
1684201674352 16.95107174308737 71
1684201674428 16.450108417506385 72
1684201674490 15.874659942818965 73
1684201674559 15.240334827337911 74
1684201674628 14.575810552159608 75
1684201674697 13.915882396830508 76
1684201674760 13.291751941457019 77
1684201674829 12.720742961463658 78
1684201674897 12.202621088277706 79
1684201674960 11.734298962622749 80
1684201675013 11.317682469473038 81
1684201675076 10.957124995262422 82
1684201675145 10.656100674254077 83
1684201675214 10.41482608532245 84
1684201675276 10.229507906737382 85
1684201675345 10.092093435300724 86
1684201675416 9.991469200948554 87
1684201675514 9.916790258557908 88
1684201675577 9.861297385417448 89
1684201675646 9.822232545104049 90
1684201675715 9.798595211530095 91
1684201675777 9.789182212589775 92
1684201675846 9.791838536439865 93
1684201675932 9.803736282442966 94
1684201676000 9.821996205409127 95
1684201676062 9.844159312713689 96
1684201676131 9.86850159714923 97
1684201676200 9.894149262391984 98
1684201676263 9.921062693548983 99
1684201676332 9.94989461579216 100
1684201676401 9.981654482901112 101
1684201676473 10.017173269669488 102
1684201676532 10.05653403241961 103
1684201676601 10.098554348655147 104
1684201676664 10.140455430391235 105
1684201676733 10.178057873916213 106
1684201676795 10.206907728489508 107
1684201676849 10.22354721998239 108
1684201676918 10.225881299750235 109
1684201676980 10.21256367715031 110
1684201677045 10.182142656741316 111
1684201677118 10.132763143559762 112
1684201677181 10.06260049127417 113
1684201677250 9.970613117389767 114
1684201677319 9.857125545199828 115
1684201677381 9.724083649995087 116
1684201677450 9.57507289320949 117
1684201677514 9.415137366962444 118
1684201677579 9.250334228426816 119
1684201677651 9.087215226412873 120
1684201677704 8.932404974025905 121
1684201677782 8.792231078624702 122
1684201677836 8.672361768372486 123
1684201677905 8.577435777230376 124
1684201677967 8.510692719699275 125
1684201678031 8.473620932237903 126
1684201678105 8.46562557892561 127
1684201678167 8.483838204416836 128
1684201678236 8.523293376666624 129
1684201678305 8.577653464179146 130
1684201678368 8.64036079231839 131
1684201678437 8.705612944461762 132
1684201678637 8.768750168321414 133
1684201678807 8.826238564545033 134
1684201678907 8.875559195067481 135
1684201678969 8.91509994874847 136
1684201679038 8.944047975218016 137
1684201679111 8.962273819136897 138
1684201679173 8.970223476613102 139
1684201679239 8.968823455110417 140
1684201679301 8.959399621471835 141
1684201679370 8.943601849729099 142
1684201679424 8.92332377246247 143
1684201679502 8.900617470389118 144
1684201679555 8.877594728188821 145
1684201679633 8.856313452609808 146
1684201679690 8.838675531271385 147
1684201679756 8.826328248846666 148
1684201679825 8.8205883233546 149
1684201679941 8.822391450218628 150
1684201680010 8.832277873119253 151
1684201680072 8.850403614310114 152
1684201680153 8.876577894369696 153
1684201680210 8.910319296654983 154
1684201680288 8.950911897924971 155
1684201680342 8.99747041869417 156
1684201680411 9.048998468917205 157
1684201680473 9.10443625060698 158
1684201680542 9.162695037776274 159
1684201680611 9.222691847374946 160
1684201680678 9.283367907753867 161
1684201680739 9.343699375911568 162
1684201680801 9.402708405307266 163
1684201680874 9.459461802283434 164
1684201680927 9.513073905614997 165
1684201681005 9.562694845678728 166
1684201681059 9.6074971973411 167
1684201681128 9.646642412620155 168
1684201681190 9.679228576280511 169
1684201681256 9.704204702492916 170
1684201681328 9.720239058907577 171
1684201681391 9.725532593427683 172
1684201681460 9.717574256357413 173
1684201681529 9.692850610668478 174
1684201681591 9.646614070228637 175
1684201681660 9.57287936456871 176
1684201681714 9.464948516118781 177
1684201681788 9.31664391482175 178
1684201681860 9.124103513526968 179
1684201681930 8.887545839482843 180
1684201681992 8.61233061107452 181
1684201682061 8.308874998898958 182
1684201682114 7.991420976667074 183
1684201682177 7.675881519278256 184
1684201682246 7.377284835776803 185
1684201682315 7.107529021060591 186
1684201682377 6.874159716558422 187
1684201682446 6.6803735896201655 188
1684201682515 6.525897720013722 189
1684201682593 6.408172877487527 190
1684201682662 6.323414684783737 191
1684201682716 6.267373461456742 192
1684201682794 6.2358004083223175 193
1684201682850 6.2246987857539775 194
1684201682916 6.230432172459649 195
1684201682994 6.249767301650035 196
1684201683062 6.279871889164356 197
1684201683116 6.318294501943495 198
1684201683194 6.362926995779938 199
1684201683263 6.411955274449044 200
1684201683335 6.463808132784685 201
1684201683400 6.51708309350381 202
1684201683464 6.570476084231813 203
1684201683533 6.622698555481717 204
1684201683595 6.672390624308193 205
1684201683664 6.718037312117906 206
1684201683733 6.7578836958902 207
1684201683796 6.789883955753869 208
1684201683866 6.811682233352886 209
1684201683933 6.820673666984079 210
1684201684018 6.814165110188668 211
1684201684081 6.789634385802442 212
1684201684150 6.745070259368557 213
1684201684212 6.6793218224301505 214
1684201684281 6.592373176913686 215
1684201684334 6.485472018303007 216
1684201684413 6.361087360403321 217
1684201684469 6.222688726118621 218
1684201684535 6.074414935021673 219
1684201684613 5.920681102163329 220
1684201684666 5.765797559459894 221
1684201684735 5.6136534882377545 222
1684201684813 5.467494141847512 223
1684201684867 5.329806061352826 224
1684201684946 5.20229836664825 225
1684201685017 5.085962606040655 226
1684201685083 4.981178769158873 227
1684201685152 4.88785097269553 228
1684201685214 4.805539657128845 229
1684201685283 4.733581699053245 230
1684201685537 4.6711920954178705 231
1684201685622 4.617534037758477 232
1684201685700 4.57177532068373 233
1684201685753 4.533113646870143 234
1684201685822 4.5007990272716505 235
1684201685885 4.4741313224675405 236
1684201685954 4.452462760040383 237
1684201686023 4.435188929515233 238
1684201686085 4.421741120428361 239
1684201686154 4.411578590954185 240
1684201686223 4.4041794106371865 241
1684201686286 4.399037160794604 242
1684201686355 4.395655750308011 243
1684201686417 4.393548511820611 244
1684201686486 4.392237055843358 245
1684201686555 4.391254455993319 246
1684201686621 4.390145183418118 247
1684201686687 4.388471284074933 248
1684201686740 4.385815170769874 249
1684201686818 4.381786764333 250
