1684201443103 11.826626 1
1684201443177 13.395559 2
1684201443244 15.69112 3
1684201443324 18.487024 4
1684201443391 21.400509 5
1684201443444 24.044409 6
1684201443522 26.12902 7
1684201443576 27.584288 8
1684201443645 28.485062 9
1684201443707 28.95687 10
1684201443777 29.09971 11
1684201443845 28.956871 12
1684201443923 28.568573 13
1684201443977 27.978363 14
1684201444046 27.22811 15
1684201444124 26.35643 16
1684201444193 25.403301 17
1684201444246 24.419905 18
1684201444311 23.455738 19
1684201444393 22.530458 20
1684201444462 21.623999 21
1684201444525 20.684456 22
1684201444594 19.659737 23
1684201444647 18.523016 24
1684201444726 17.273846 25
1684201444795 15.928937 26
1684201444867 14.517156 27
1684201444931 13.081387 28
1684201444995 11.688236 29
1684201445064 10.435394 30
1684201445137 9.381508 31
1684201445196 8.534853 32
1684201445265 7.8718443 33
1684201445327 7.355438 34
1684201445405 6.9505014 35
1684201445465 6.633867 36
1684201445528 6.393749 37
1684201445597 6.2222557 38
1684201445666 6.111722 39
1684201445728 6.0533504 40
1684201445797 6.03956 41
1684201445866 6.065169 42
1684201445931 6.1258984 43
1684201445997 6.217732 44
1684201446066 6.3364325 45
1684201446129 6.477345 46
1684201446198 6.6349077 47
1684201446267 6.7999578 48
1684201446330 6.9576554 49
1684201446399 7.094284 50
1684201446463 7.1966357 51
1684201446525 7.251937 52
1684201446599 7.2483153 53
1684201446652 7.1770277 54
1684201446730 7.03529 55
1684201446799 6.8265686 56
1684201446868 6.5592175 57
1684201446931 6.2448306 58
1684201446995 5.8965716 59
1684201447068 5.5276527 60
1684201447131 5.150119 61
1684201447200 4.774051 62
1684201447269 4.4072275 63
1684201447332 4.0554557 64
1684201447385 3.7237928 65
1684201447454 3.4174826 66
1684201447527 3.140829 67
1684201447585 2.895627 68
1684201447654 2.6810586 69
1684201447732 2.494514 70
1684201447802 2.3325653 71
1684201447855 2.191735 72
1684201447933 2.0689354 73
1684201447987 1.9616079 74
1684201448055 1.8677077 75
1684201448133 1.7856647 76
1684201448202 1.7143394 77
1684201448271 1.6529294 78
1684201448349 1.6008267 79
1684201448403 1.5574796 80
1684201448472 1.5223045 81
1684201448545 1.4946557 82
1684201448605 1.473861 83
1684201448672 1.4593151 84
1684201448735 1.4506396 85
1684201448804 1.4479189 86
1684201448873 1.4520257 87
1684201448935 1.4649069 88
1684201449004 1.4889243 89
1684201449079 1.5259333 90
1684201449138 1.5770336 91
1684201449205 1.6423182 92
1684201449274 1.7203767 93
1684201449336 1.8074226 94
1684201449405 1.8961126 95
1684201449474 1.9745767 96
1684201449537 2.027264 97
1684201449607 2.039435 98
1684201449675 2.0033116 99
1684201449737 1.9213932 100
1684201449806 1.8052839 101
1684201449875 1.6712905 102
1684201449938 1.535537 103
1684201450007 1.4108089 104
1684201450060 1.3052812 105
1684201450139 1.2224582 106
1684201450205 1.1618415 107
1684201450276 1.120007 108
1684201450339 1.0919061 109
1684201450408 1.0722554 110
1684201450477 1.0567824 111
1684201450539 1.0430362 112
1684201450608 1.0305433 113
1684201450672 1.0203118 114
1684201450737 1.013931 115
1684201450808 1.0126649 116
1684201451012 1.0168893 117
1684201451081 1.0260165 118
1684201451159 1.038793 119
1684201451221 1.0537349 120
1684201451281 1.0694911 121
1684201451359 1.0850419 122
1684201451412 1.0997376 123
1684201451482 1.1132349 124
1684201451544 1.1253858 125
1684201451613 1.136136 126
1684201451682 1.1454484 127
1684201451755 1.1532693 128
1684201451813 1.1595324 129
1684201451882 1.1641932 130
1684201451945 1.1672716 131
1684201452014 1.1688849 132
1684201452083 1.1692595 133
1684201452146 1.1687151 134
1684201452215 1.1676283 135
1684201452285 1.166389 136
1684201452348 1.1653577 137
1684201452415 1.1648347 138
1684201452484 1.1650407 139
1684201452547 1.16611 140
1684201452616 1.1680954 141
1684201452685 1.1709751 142
1684201452747 1.1746682 143
1684201452821 1.1790507 144
1684201452885 1.1839731 145
1684201452947 1.1892779 146
1684201453016 1.1948131 147
1684201453086 1.2004426 148
1684201453148 1.206051 149
1684201453201 1.2115422 150
1684201453270 1.2168386 151
1684201453347 1.2218726 152
1684201453402 1.2265824 153
1684201453471 1.2309065 154
1684201453533 1.2347796 155
1684201453602 1.2381299 156
1684201453671 1.2408807 157
1684201453734 1.2429523 158
1684201453803 1.2442656 159
1684201453878 1.2447479 160
1684201453945 1.2443397 161
1684201454003 1.2430011 162
1684201454072 1.2407174 163
1684201454134 1.2375035 164
1684201454188 1.233407 165
1684201454266 1.2285079 166
1684201454319 1.2229158 167
1684201454383 1.2167647 168
1684201454463 1.2102075 169
1684201454519 1.2034053 170
1684201454589 1.1965201 171
1684201454651 1.1897044 172
1684201454720 1.1830919 173
1684201454789 1.17679 174
1684201454852 1.1708717 175
1684201454919 1.1653718 176
1684201454974 1.1602846 177
1684201455052 1.1555674 178
1684201455121 1.1511488 179
1684201455174 1.1469434 180
1684201455237 1.1428682 181
1684201455306 1.1388569 182
1684201455375 1.1348735 183
1684201455430 1.1309142 184
1684201455506 1.1270081 185
1684201455575 1.123209 186
1684201455638 1.119587 187
1684201455707 1.1162181 188
1684201455776 1.1131773 189
1684201455838 1.1105299 190
1684201455907 1.1083286 191
1684201455984 1.1066103 192
1684201456040 1.1053958 193
1684201456107 1.1046898 194
1684201456177 1.1044805 195
1684201456239 1.1047395 196
1684201456440 1.1054184 197
1684201456510 1.1064479 198
1684201456577 1.1077325 199
1684201456640 1.1091572 200
1684201456709 1.1105973 201
1684201456778 1.1119409 202
1684201456841 1.1131101 203
1684201456910 1.1140776 204
1684201456979 1.1148739 205
1684201457051 1.1155865 206
1684201457110 1.1163497 207
1684201457210 1.1173296 208
1684201457279 1.1187036 209
1684201457341 1.1206436 210
1684201457411 1.1233048 211
1684201457473 1.1268218 212
1684201457543 1.131309 213
1684201457609 1.1368662 214
1684201457672 1.143579 215
1684201457742 1.1515172 216
1684201457811 1.1607237 217
1684201457874 1.1711929 218
1684201457943 1.1828454 219
1684201457996 1.195498 220
1684201458059 1.2088389 221
1684201458141 1.222413 222
1684201458196 1.2356191 223
1684201458274 1.2477342 224
1684201458343 1.257963 225
1684201458397 1.2655185 226
1684201458459 1.2697293 227
1684201458528 1.2701538 228
1684201458597 1.266673 229
1684201458662 1.2595341 230
1684201458728 1.2493249 231
1684201458797 1.2368827 232
1684201458860 1.223172 233
1684201458929 1.2091553 234
1684201458982 1.1956886 235
1684201459061 1.1834574 236
1684201459114 1.1729476 237
1684201459183 1.1644521 238
1684201459261 1.1580925 239
1684201459314 1.1538466 240
1684201459383 1.1515739 241
1684201459446 1.151031 242
1684201459515 1.1518825 243
1684201459584 1.1537112 244
1684201459646 1.1560429 245
1684201459718 1.1583921 246
1684201459784 1.1603165 247
1684201459846 1.1614747 248
1684201459915 1.1616595 249
1684201459984 1.1608074 250
