1684202756921 13.0388775 1
1684202756988 14.282711 2
1684202757074 16.024075 3
1684202757140 18.159233 4
1684202757205 20.738125 5
1684202757267 23.44151 6
1684202757336 27.033123 7
1684202757390 30.031147 8
1684202757468 32.283905 9
1684202757537 33.84783 10
1684202757598 34.859596 11
1684202757672 35.465046 12
1684202757737 35.765785 13
1684202757822 35.821896 14
1684202757891 35.680534 15
1684202757953 35.366867 16
1684202758022 34.890556 17
1684202758091 34.260147 18
1684202758154 33.97645 19
1684202758227 33.904327 20
1684202758291 33.800175 21
1684202758354 33.63517 22
1684202758423 33.38603 23
1684202758476 33.050888 24
1684202758554 32.64046 25
1684202758608 32.17067 26
1684202758677 31.660835 27
1684202758743 31.247292 28
1684202758808 31.463856 29
1684202758877 31.676422 30
1684202758950 31.886684 31
1684202759008 32.09562 32
1684202759077 32.303085 33
1684202759140 32.50725 34
1684202759209 32.701504 35
1684202759277 32.87561 36
1684202759340 33.019264 37
1684202759409 33.12143 38
1684202759471 33.17054 39
1684202759540 33.151726 40
1684202759594 33.04902 41
1684202759672 32.852604 42
1684202759741 32.561302 43
1684202759810 32.180546 44
1684202759859 31.71613 45
1684202759925 31.163 46
1684202759994 30.500492 47
1684202760057 29.71526 48
1684202760126 28.805935 49
1684202760195 27.780302 50
1684202760258 26.651405 51
1684202760331 25.438272 52
1684202760395 24.179506 53
1684202760458 22.928474 54
1684202760511 21.716074 55
1684202760580 20.53989 56
1684202760643 19.378468 57
1684202760712 18.210903 58
1684202760781 17.034348 59
1684202760847 15.87618 60
1684202760912 14.785544 61
1684202760974 14.268854 62
1684202761043 14.219538 63
1684202761112 14.193141 64
1684202761175 14.185901 65
1684202761228 14.194168 66
1684202761297 14.214668 67
1684202761360 14.244643 68
1684202761425 14.28189 69
1684202761498 14.324731 70
1684202761560 14.371935 71
1684202761629 14.422602 72
1684202761698 14.47605 73
1684202761761 14.5317135 74
1684202761814 14.589058 75
1684202761893 14.647529 76
1684202761958 14.706522 77
1684202762014 14.765371 78
1684202762083 14.823344 79
1684202762146 14.879622 80
1684202762215 14.933279 81
1684202762284 14.983218 82
1684202762346 15.028112 83
1684202762459 15.066317 84
1684202762515 15.095793 85
1684202762584 15.114045 86
1684202762647 15.118095 87
1684202762716 15.1045065 88
1684202762785 15.069503 89
1684202762847 15.009245 90
1684202762916 14.920334 91
1684202762985 14.800606 92
1684202763048 14.650101 93
1684202763117 14.471914 94
1684202763179 14.272507 95
1684202763233 14.061147 96
1684202763302 13.848597 97
1684202763364 13.645485 98
1684202763433 13.460915 99
1684202763504 13.301603 100
1684202763567 13.171649 101
1684202763633 13.072727 102
1684202763687 13.004561 103
1684202763765 12.965473 104
1684202763834 12.952887 105
1684202763903 12.963768 106
1684202763965 12.994929 107
1684202764038 13.043249 108
1684202764087 13.105806 109
1684202764166 13.179949 110
1684202764219 13.263329 111
1684202764288 13.353909 112
1684202764388 13.449962 113
1684202764451 13.550056 114
1684202764520 13.653048 115
1684202764586 13.758053 116
1684202764651 13.864456 117
1684202764704 13.971868 118
1684202764783 14.08012 119
1684202764836 14.18923 120
1684202764905 14.299364 121
1684202764967 14.410806 122
1684202765036 14.523907 123
1684202765103 14.639051 124
1684202765181 14.756615 125
1684202765238 14.876915 126
1684202765307 15.000206 127
1684202765369 15.126627 128
1684202765438 15.256205 129
1684202765507 15.38884 130
1684202765570 15.5243025 131
1684202765635 15.662255 132
1684202765707 15.802256 133
1684202765770 15.9437685 134
1684202765839 16.08622 135
1684202765924 16.22899 136
1684202766008 16.371468 137
1684202766093 16.513054 138
1684202766168 16.653206 139
1684202766240 16.791452 140
1684202766309 16.9274 141
1684202766371 17.060764 142
1684202766440 17.19136 143
1684202766525 17.319103 144
1684202766594 17.444008 145
1684202766674 17.56618 146
1684202766741 17.685793 147
1684202766816 17.803082 148
1684202766887 17.918306 149
1684202766956 18.031755 150
1684202767028 18.14371 151
1684202767099 18.254429 152
1684202767178 18.364151 153
1684202767251 18.473063 154
1684202767322 18.58132 155
1684202767392 18.689037 156
1684202767463 18.79629 157
1684202767534 18.90314 158
1684202767608 19.009644 159
1684202767688 19.11586 160
1684202767760 19.221878 161
1684202767841 19.327818 162
1684202767921 19.433853 163
1684202767992 19.540215 164
1684202768066 19.647186 165
1684202768129 19.755123 166
1684202768213 19.864439 167
1684202768281 19.975605 168
1684202768335 20.08914 169
1684202768414 20.2056 170
1684202768467 20.325563 171
1684202768545 20.449612 172
1684202768614 20.578304 173
1684202768668 20.712141 174
1684202768746 20.851524 175
1684202768819 20.996714 176
1684202768899 21.147772 177
1684202768952 21.3045 178
1684202769031 21.466385 179
1684202769084 21.632526 180
1684202769153 21.801577 181
1684202769416 21.971687 182
1684202769501 22.140453 183
1684202769570 22.304905 184
1684202769633 22.461535 185
1684202769702 22.606398 186
1684202769771 22.735289 187
1684202769846 22.844011 188
1684202769905 22.928707 189
1684202769987 22.986204 190
1684202770056 23.014307 191
1684202770118 23.012005 192
1684202770172 22.979528 193
1684202770234 22.918316 194
1684202770303 22.830837 195
1684202770378 22.7204 196
1684202770437 22.590942 197
1684202770503 22.446869 198
1684202770557 22.292965 199
1684202770635 22.134388 200
1684202770704 21.976736 201
1684202770757 21.826101 202
1684202770820 21.689037 203
1684202770900 21.572319 204
1684202770957 21.482487 205
1684202771020 21.425219 206
1684202771089 21.404722 207
1684202771158 21.423306 208
1684202771221 21.481268 209
1684202771290 21.577024 210
1684202771359 21.70747 211
1684202771422 21.868383 212
1684202771490 22.054869 213
1684202771555 22.261703 214
1684202771621 22.4836 215
1684202771690 22.715363 216
1684202771753 22.95195 217
1684202771806 23.188461 218
1684202771875 23.420036 219
1684202771938 23.641727 220
1684202772009 23.848316 221
1684202772075 24.034117 222
1684202772138 24.192776 223
1684202772207 24.31711 224
1684202772260 24.398998 225
1684202772339 24.429432 226
1684202772392 24.398771 227
1684202772461 24.29729 228
1684202772526 24.116112 229
1684202772592 23.848495 230
1684202772661 23.491463 231
1684202772724 23.047466 232
1684202772793 22.525793 233
1684202772855 21.943155 234
1684202772924 21.32307 235
1684202772978 20.693798 236
1684202773052 20.085136 237
1684202773109 19.524761 238
1684202773178 19.035107 239
1684202773256 18.631435 240
1684202773309 18.321362 241
1684202773378 18.105568 242
1684202773441 17.979244 243
1684202773510 17.933731 244
1684202773563 17.958054 245
1684202773644 18.040157 246
1684202773726 18.167828 247
1684202773779 18.329277 248
1684202773842 18.513535 249
1684202773911 18.710644 250
