1684201362315 11.992652348109655 1
1684201362407 13.197094781058174 2
1684201362466 15.066682270595006 3
1684201362541 17.478512627737864 4
1684201362603 20.117147990635463 5
1684201362682 22.62588827950614 6
1684201362741 24.737430572509766 7
1684201362804 26.321714401245117 8
1684201362873 27.363696234566824 9
1684201362942 27.91818755013602 10
1684201363020 28.07157952444894 11
1684201363089 27.918920516967773 12
1684201363158 27.552964755467006 13
1684201363215 27.05908203125 14
1684201363296 26.509586334228516 15
1684201363358 25.955537251063756 16
1684201363436 25.42156410217285 17
1684201363505 24.904888902391708 18
1684201363559 24.38646629878453 19
1684201363637 23.84416730063302 20
1684201363706 23.263111114501953 21
1684201363783 22.640567711421422 22
1684201363843 21.985757895878383 23
1684201363922 21.316531590053014 24
1684201363991 20.65492582321167 25
1684201364044 20.02288157599313 26
1684201364122 19.438476971217565 27
1684201364191 18.912609781537736 28
1684201364264 18.44734239578247 29
1684201364324 18.037675857543945 30
1684201364392 17.673240116664342 31
1684201364461 17.342350278581893 32
1684201364539 17.03608567374093 33
1684201364592 16.751741681780135 34
1684201364661 16.49323422568185 35
1684201364739 16.267620086669922 36
1684201364820 16.07929117338998 37
1684201364877 15.921613829476494 38
1684201364946 15.787019763674055 39
1684201365024 15.660929254123143 40
1684201365093 15.527241638728551 41
1684201365162 15.372124195098877 42
1684201365225 15.188123294285365 43
1684201365294 14.975529738834926 44
1684201365363 14.74161774771554 45
1684201365426 14.497397559029716 46
1684201365494 14.251811896051679 47
1684201365548 14.009864125932966 48
1684201365626 13.775949656963348 49
1684201365695 13.553373234612602 50
1684201365748 13.343029311725072 51
1684201365811 13.144582748413086 52
1684201365879 12.958479387419564 53
1684201365948 12.787396465029035 54
1684201366011 12.636141436440605 55
1684201366080 12.509870512144905 56
1684201366149 12.411856310708183 57
1684201366212 12.341974973678589 58
1684201366281 12.29710054397583 59
1684201366350 12.272139940943037 60
1684201366419 12.261084880147662 61
1684201366481 12.257118710449763 62
1684201366550 12.25386882679803 63
1684201366612 12.245974310806819 64
1684201366681 12.227756423609597 65
1684201366750 12.193915486335754 66
1684201366813 12.14057525566646 67
1684201366882 12.06357455253601 68
1684201366962 11.956699856689998 69
1684201367024 11.813584617206029 70
1684201367098 11.62984653881618 71
1684201367167 11.405128938811165 72
1684201367229 11.144118394170489 73
1684201367298 10.85541135924203 74
1684201367367 10.548895478248596 75
1684201367430 10.233656857694898 76
1684201367493 9.919178928647723 77
1684201367568 9.618035452706474 78
1684201367630 9.345730568681445 79
1684201367699 9.118000285966056 80
1684201367768 8.947170155388969 81
1684201367831 8.839012512138911 82
1684201367900 8.791214278766088 83
1684201367969 8.79362440109253 84
1684201368042 8.829991417271751 85
1684201368100 8.882283968584877 86
1684201368169 8.934574859482902 87
1684201368231 8.975366507257734 88
1684201368300 8.998351982661656 89
1684201368369 9.001964586121696 90
1684201368432 8.988202554838997 91
1684201368508 8.961037601743426 92
1684201368570 8.924893924168178 93
1684201368632 8.88362719331469 94
1684201368701 8.840092897415161 95
1684201368770 8.796176510197776 96
1684201368833 8.753077924251556 97
1684201368902 8.711664932114738 98
1684201368955 8.672768831253052 99
1684201369018 8.637366005352565 100
1684201369089 8.6066341314997 101
1684201369155 8.581909971577781 102
1684201369233 8.564586699008942 103
1684201369287 8.555971367018563 104
1684201369356 8.557151777403694 105
1684201369418 8.568893934999194 106
1684201369487 8.591581753322057 107
1684201369556 8.625200058732714 108
1684201369624 8.669312145028796 109
1684201369703 8.723062191690717 110
1684201369757 8.785231070859092 111
1684201369835 8.854337053639549 112
1684201369888 8.928730164255414 113
1684201369957 9.006659422601972 114
1684201370035 9.086305209568568 115
1684201370105 9.165765643119812 116
1684201370173 9.243027252810341 117
1684201370236 9.315931507519313 118
1684201370305 9.382176859038216 119
1684201370358 9.43941011599132 120
1684201370436 9.485399527209145 121
1684201370505 9.518252551555634 122
1684201370559 9.536617176873344 123
1684201370636 9.539787343570165 124
1684201370703 9.527711629867554 125
1684201370758 9.500897416046687 126
1684201370836 9.460261378969465 127
1684201370895 9.406984286648887 128
1684201370963 9.342408410140447 129
1684201371026 9.267988443374634 130
1684201371095 9.18522606577192 131
1684201371169 9.095490574836731 132
1684201371235 8.999628518308912 133
1684201371295 8.897300362586975 134
1684201371364 8.786073531423297 135
1684201371442 8.660748788288661 136
1684201371511 8.514905035495758 137
1684201371580 8.344881704875402 138
1684201371643 8.152262662138257 139
1684201371897 7.943830856255123 140
1684201372028 7.729816564491817 141
1684201372097 7.521539560386112 142
1684201372160 7.329205474683216 143
1684201372218 7.1603687192712515 144
1684201372297 7.019327827862331 145
1684201372360 6.907342829874584 146
1684201372429 6.823356364454542 147
1684201372482 6.764825612306595 148
1684201372545 6.728434021983828 149
1684201372614 6.710607690470559 150
1684201372683 6.70782145006316 151
1684201372751 6.7167680731841495 152
1684201372816 6.73445474249976 153
1684201372883 6.758267913545881 154
1684201372946 6.786022041525159 155
1684201373015 6.815986944096429 156
1684201373068 6.84688583442143 157
1684201373146 6.877854623964855 158
1684201373215 6.908373781612942 159
1684201373269 6.938175363200052 160
1684201373335 6.967148772307804 161
1684201373415 6.9952510212148935 162
1684201373469 7.022439415965762 163
1684201373531 7.048627572400229 164
1684201373600 7.073665533746992 165
1684201373669 7.097345386232648 166
1684201373732 7.119418659380504 167
1684201373807 7.139617545264108 168
1684201373870 7.157667909349714 169
1684201373932 7.173301764896938 170
1684201374001 7.186260785375323 171
1684201374064 7.196306211607797 172
1684201374133 7.2032365671225955 173
1684201374186 7.206909562860217 174
1684201374264 7.20725234065737 175
1684201374335 7.204278349876404 176
1684201374400 7.198087245225906 177
1684201374463 7.188862485545022 178
1684201374588 7.176854133605957 179
1684201374650 7.162359071629388 180
1684201374719 7.145705495561872 181
1684201374788 7.127219932419913 182
1684201374851 7.107215625899179 183
1684201374917 7.0859681367874146 184
1684201374988 7.06370792218617 185
1684201375051 7.0406061836651395 186
1684201375136 7.016782147543771 187
1684201375205 6.992297487599509 188
1684201375274 6.967168407780783 189
1684201375336 6.9413779973983765 190
1684201375399 6.914883945669446 191
1684201375474 6.887631931475231 192
1684201375536 6.859564517225538 193
1684201375590 6.830628386565617 194
1684201375668 6.800769818680627 195
1684201375721 6.7699329895632605 196
1684201375790 6.738054471356528 197
1684201375875 6.7050550537449976 198
1684201375931 6.670839305434908 199
1684201376006 6.635298252105713 200
1684201376069 6.598315903118679 201
1684201376138 6.559770422322409 202
1684201376207 6.519547939300537 203
1684201376269 6.477534481457302 204
1684201376338 6.433615544012615 205
1684201376407 6.387654611042568 206
1684201376476 6.339460449559348 207
1684201376540 6.288741035120828 208
1684201376608 6.235036692449024 209
1684201376677 6.177654828344073 210
1684201376739 6.115638681820461 211
1684201376808 6.047839675630842 212
1684201376871 5.9731470091002326 213
1684201376924 5.890824309417179 214
1684201377006 5.800806198801313 215
1684201377060 5.703805719103132 216
1684201377124 5.6012032968657355 217
1684201377193 5.494796080248697 218
1684201377256 5.386509997504098 219
1684201377325 5.2781440530504495 220
1684201377394 5.1711713671684265 221
1684201377456 5.06657087802887 222
1684201377526 4.964668009962354 223
1684201377594 4.865013062953949 224
1684201377657 4.766475932938712 225
1684201377726 4.667744014944349 226
1684201377795 4.568093078477042 227
1684201377857 4.46792744738715 228
1684201377926 4.368699312210083 229
1684201377995 4.272247867924826 230
1684201378059 4.180136689117977 231
1684201378124 4.093425955091204 232
1684201378195 4.012617409229279 233
1684201378258 3.937575263636453 234
1684201378327 3.867573116506849 235
1684201378396 3.801504075527191 236
1684201378458 3.738176626818521 237
1684201378527 3.6766108700207303 238
1684201378591 3.6163388320377896 239
1684201378656 3.557729567800249 240
1684201378728 3.502124990735735 241
1684201378797 3.451294090066637 242
1684201378859 3.4063827139990672 243
1684201378913 3.3674523319516863 244
1684201378982 3.3337032198905945 245
1684201379044 3.303899492536272 246
1684201379119 3.276738320078169 247
1684201379182 3.251074433326721 248
1684201379245 3.2260119233812605 249
1684201379314 3.200916886329651 250
