1684201124958 11.728772 1
1684201125041 13.064985 2
1684201125104 15.133712 3
1684201125169 17.744926 4
1684201125238 20.542515 5
1684201125302 23.15792 6
1684201125369 25.33693 7
1684201125432 26.97904 8
1684201125501 28.103416 9
1684201125570 28.783796 10
1684201125633 29.086884 11
1684201125686 29.0629 12
1684201125755 28.75182 13
1684201125836 28.188145 14
1684201125902 27.401112 15
1684201125971 26.399277 16
1684201126049 25.200665 17
1684201126118 23.862259 18
1684201126187 22.482216 19
1684201126250 21.126379 20
1684201126320 19.813295 21
1684201126372 18.56464 22
1684201126450 17.402008 23
1684201126503 16.344572 24
1684201126573 15.406254 25
1684201126635 14.595476 26
1684201126704 13.91795 27
1684201126773 13.3757515 28
1684201126837 12.962929 29
1684201126901 12.667095 30
1684201126973 12.472879 31
1684201127051 12.363891 32
1684201127120 12.323926 33
1684201127189 12.336418 34
1684201127258 12.384249 35
1684201127321 12.452347 36
1684201127395 12.530371 37
1684201127459 12.599853 38
1684201127521 12.651887 39
1684201127590 12.675838 40
1684201127653 12.660263 41
1684201127722 12.589919 42
1684201127775 12.430714 43
1684201127854 12.14507 44
1684201127922 11.714486 45
1684201127976 11.152248 46
1684201128054 10.498434 47
1684201128123 9.795826 48
1684201128176 9.071038 49
1684201128255 8.351734 50
1684201128308 7.672591 51
1684201128377 7.058522 52
1684201128455 6.522127 53
1684201128514 6.0662394 54
1684201128578 5.6866655 55
1684201128640 5.374647 56
1684201128709 5.1192126 57
1684201128778 4.909487 58
1684201128841 4.736352 59
1684201128910 4.592666 60
1684201128981 4.4721036 61
1684201129043 4.367599 62
1684201129110 4.27032 63
1684201129179 4.169484 64
1684201129242 4.0532007 65
1684201129295 3.9105833 66
1684201129364 3.7345395 67
1684201129442 3.5239 68
1684201129498 3.2839155 69
1684201129565 3.0250983 70
1684201129643 2.7611032 71
1684201129696 2.5063286 72
1684201129765 2.2735004 73
1684201129828 2.07155 74
1684201129897 1.9043878 75
1684201129966 1.7710025 76
1684201130031 1.6666884 77
1684201130097 1.5848608 78
1684201130166 1.5189282 79
1684201130229 1.4637513 80
1684201130298 1.4164249 81
1684201130367 1.3761547 82
1684201130429 1.3432198 83
1684201130483 1.3178046 84
1684201130547 1.2995472 85
1684201130627 1.287724 86
1684201130683 1.2815672 87
1684201130745 1.2804335 88
1684201130815 1.2838155 89
1684201130884 1.2913022 90
1684201130946 1.3025473 91
1684201131031 1.3172541 92
1684201131101 1.3351715 93
1684201131184 1.3561203 94
1684201131247 1.380096 95
1684201131316 1.4074384 96
1684201131385 1.4387686 97
1684201131447 1.4747019 98
1684201131516 1.5156449 99
1684201131570 1.5617118 100
1684201131650 1.6127031 101
1684201131701 1.6681098 102
1684201131770 1.7271144 103
1684201131964 1.7885826 104
1684201132150 1.8510742 105
1684201132235 1.9129316 106
1684201132302 1.9724455 107
1684201132371 2.0280533 108
1684201132434 2.0784907 109
1684201132503 2.1228704 110
1684201132572 2.1607008 111
1684201132634 2.19187 112
1684201132772 2.2166262 113
1684201132904 2.2355561 114
1684201132973 2.2495556 115
1684201133035 2.2597713 116
1684201133104 2.2675076 117
1684201133173 2.2741017 118
1684201133237 2.280788 119
1684201133305 2.288579 120
1684201133374 2.298183 121
1684201133436 2.309974 122
1684201133505 2.324006 123
1684201133574 2.3400693 124
1684201133637 2.3577657 125
1684201133706 2.376592 126
1684201133775 2.3960066 127
1684201133837 2.4154778 128
1684201133906 2.4344916 129
1684201133975 2.452549 130
1684201134038 2.4691586 131
1684201134107 2.483841 132
1684201134169 2.4961534 133
1684201134238 2.5057156 134
1684201134308 2.5122426 135
1684201134372 2.5155606 136
1684201134439 2.5156207 137
1684201134492 2.5124946 138
1684201134570 2.5063715 139
1684201134624 2.4975429 140
1684201134693 2.4863882 141
1684201134755 2.4733553 142
1684201134827 2.4589338 143
1684201134893 2.4436321 144
1684201134956 2.4279428 145
1684201135025 2.4123192 146
1684201135094 2.3971472 147
1684201135156 2.3827267 148
1684201135225 2.3692608 149
1684201135295 2.3568468 150
1684201135363 2.345485 151
1684201135426 2.3350947 152
1684201135495 2.3255446 153
1684201135557 2.316687 154
1684201135626 2.308397 155
1684201135680 2.3006089 156
1684201135742 2.2933497 157
1684201135811 2.2867665 158
1684201135889 2.2811322 159
1684201135940 2.2768216 160
1684201136012 2.2742424 161
1684201136081 2.273744 162
1684201136144 2.2755566 163
1684201136213 2.2797694 164
1684201136282 2.2863407 165
1684201136344 2.2951155 166
1684201136415 2.3058531 167
1684201136482 2.318258 168
1684201136545 2.3320055 169
1684201136614 2.3467648 170
1684201136683 2.3622165 171
1684201136745 2.3780622 172
1684201136814 2.394036 173
1684201136883 2.4099069 174
1684201136950 2.4254837 175
1684201137015 2.4406161 176
1684201137084 2.4551973 177
1684201137146 2.4691615 178
1684201137200 2.4824843 179
1684201137262 2.4951813 180
1684201137331 2.5073018 181
1684201137400 2.5189269 182
1684201137477 2.530162 183
1684201137532 2.54113 184
1684201137601 2.5519629 185
1684201137663 2.5627952 186
1684201137732 2.5737543 187
1684201137786 2.5849535 188
1684201137848 2.596489 189
1684201137917 2.6084337 190
1684201137986 2.6208372 191
1684201138052 2.6337266 192
1684201138149 2.6471076 193
1684201138218 2.660972 194
1684201138280 2.675297 195
1684201138349 2.6900573 196
1684201138403 2.7052267 197
1684201138484 2.7207859 198
1684201138552 2.7367275 199
1684201138619 2.7530584 200
1684201138704 2.769806 201
1684201138766 2.7870162 202
1684201138835 2.8047552 203
1684201138904 2.8231037 204
1684201138967 2.8421552 205
1684201139036 2.8620067 206
1684201139089 2.8827515 207
1684201139167 2.9044743 208
1684201139236 2.9272478 209
1684201139305 2.951133 210
1684201139383 2.9761884 211
1684201139437 3.0024786 212
1684201139506 3.0300903 213
1684201139568 3.0591364 214
1684201139634 3.089757 215
1684201139706 3.1221013 216
1684201139769 3.1562977 217
1684201139838 3.1924152 218
1684201139891 3.2304177 219
1684201139969 3.27012 220
1684201140038 3.3111413 221
1684201140109 3.3528342 222
1684201140171 3.3942156 223
1684201140238 3.4339457 224
1684201140292 3.4704828 225
1684201140370 3.502364 226
1684201140439 3.5284486 227
1684201140493 3.5480194 228
1684201140555 3.5607643 229
1684201140625 3.5666997 230
1684201140693 3.5660856 231
1684201140755 3.559347 232
1684201140825 3.5470185 233
1684201140893 3.5297067 234
1684201140956 3.5080633 235
1684201141025 3.482772 236
1684201141094 3.4545321 237
1684201141157 3.424047 238
1684201141225 3.3920121 239
1684201141288 3.3590996 240
1684201141357 3.325942 241
1684201141426 3.29312 242
1684201141495 3.2611501 243
1684201141557 3.2304778 244
1684201141626 3.2014685 245
1684201141695 3.1744094 246
1684201141761 3.1495106 247
1684201141827 3.1269073 248
1684201141896 3.10667 249
1684201141958 3.0888083 250
