1684202716212 11.84427 1
1684202716275 12.714794 2
1684202716353 14.233962 3
1684202716422 16.357035 4
1684202716475 18.848217 5
1684202716537 21.53857 6
1684202716607 24.178679 7
1684202716676 26.542595 8
1684202716738 28.484985 9
1684202716807 29.99941 10
1684202716869 31.14157 11
1684202716938 31.983358 12
1684202716992 32.593864 13
1684202717070 33.030235 14
1684202717155 33.341755 15
1684202717224 33.570732 16
1684202717293 33.747692 17
1684202717369 33.89339 18
1684202717426 34.021416 19
1684202717597 34.139774 20
1684202717743 34.245842 21
1684202717844 34.334274 22
1684202717912 34.40305 23
1684202717981 34.45081 24
1684202718044 34.47559 25
1684202718113 34.47304 26
1684202718182 34.434345 27
1684202718244 34.342854 28
1684202718298 34.17329 29
1684202718376 33.89888 30
1684202718446 33.49936 31
1684202718514 32.966743 32
1684202718576 32.308857 33
1684202718630 31.548107 34
1684202718699 30.712624 35
1684202718761 29.834011 36
1684202718830 28.94048 37
1684202718899 28.045284 38
1684202718962 27.152596 39
1684202719027 26.261932 40
1684202719099 25.362442 41
1684202719162 24.438213 42
1684202719231 23.4755 43
1684202719300 22.4637 44
1684202719363 21.396717 45
1684202719432 20.278437 46
1684202719494 19.12809 47
1684202719558 17.981054 48
1684202719632 16.883268 49
1684202719701 15.879898 50
1684202719763 15.004139 51
1684202719832 14.272895 52
1684202719886 13.690004 53
1684202719964 13.2519455 54
1684202720035 12.951098 55
1684202720086 12.776297 56
1684202720164 12.713069 57
1684202720218 12.744673 58
1684202720287 12.853358 59
1684202720349 13.021564 60
1684202720418 13.23299 61
1684202720487 13.473492 62
1684202720542 13.731537 63
1684202720619 13.998139 64
1684202720688 14.266407 65
1684202720750 14.530759 66
1684202720804 14.785735 67
1684202720882 15.025023 68
1684202720935 15.241184 69
1684202721004 15.425556 70
1684202721074 15.567962 71
1684202721137 15.656141 72
1684202721204 15.675259 73
1684202721267 15.608227 74
1684202721336 15.437288 75
1684202721405 15.146858 76
1684202721468 14.726964 77
1684202721537 14.176635 78
1684202721615 13.506787 79
1684202721672 12.741013 80
1684202721737 11.912836 81
1684202721806 11.060588 82
1684202721869 10.221528 83
1684202721938 9.4244995 84
1684202722007 8.683556 85
1684202722069 8.001981 86
1684202722140 7.376457 87
1684202722207 6.7990117 88
1684202722270 6.259976 89
1684202722339 5.750432 90
1684202722392 5.2636704 91
1684202722470 4.795826 92
1684202722524 4.3459563 93
1684202722593 3.9157634 94
1684202722664 3.509073 95
1684202722722 3.1310196 96
1684202722793 2.786878 97
1684202722855 2.4807274 98
1684202722924 2.2144198 99
1684202722993 1.9872591 100
1684202723056 1.7964253 101
1684202723109 1.6377711 102
1684202723187 1.5065167 103
1684202723244 1.3976238 104
1684202723310 1.3059776 105
1684202723372 1.2267741 106
1684202723441 1.156127 107
1684202723510 1.09163 108
1684202723573 1.0327301 109
1684202723642 0.980641 110
1684202723695 0.9375373 111
1684202723761 0.9054791 112
1684202723827 0.8858418 113
1684202723896 0.879295 114
1684202723958 0.885939 115
1684202724027 0.90538645 116
1684202724096 0.9367975 117
1684202724159 0.9789677 118
1684202724228 1.0305245 119
1684202724297 1.0901718 120
1684202724359 1.1568596 121
1684202724428 1.2298032 122
1684202724491 1.3083961 123
1684202724560 1.3920757 124
1684202724629 1.4801826 125
1684202724698 1.5718458 126
1684202724760 1.6659079 127
1684202724830 1.7609148 128
1684202724894 1.8551795 129
1684202724945 1.9469073 130
1684202725014 2.0343413 131
1684202725077 2.1158946 132
1684202725146 2.1902382 133
1684202725215 2.2563589 134
1684202725293 2.3135977 135
1684202725365 2.361673 136
1684202725431 2.40065 137
1684202725500 2.4308462 138
1684202725562 2.4527025 139
1684202725631 2.4666746 140
1684202725700 2.473184 141
1684202725763 2.4726207 142
1684202725833 2.465373 143
1684202725901 2.4518557 144
1684202725963 2.4325268 145
1684202726032 2.4078712 146
1684202726095 2.3783646 147
1684202726164 2.3444176 148
1684202726217 2.306297 149
1684202726280 2.2640483 150
1684202726349 2.2174191 151
1684202726412 2.1658392 152
1684202726490 2.1084995 153
1684202726549 2.0445685 154
1684202726618 1.9734862 155
1684202726703 1.895221 156
1684202726781 1.8104098 157
1684202726834 1.7203721 158
1684202726907 1.6270187 159
1684202726962 1.5326991 160
1684202727035 1.4400097 161
1684202727097 1.3516107 162
1684202727151 1.270086 163
1684202727220 1.1978462 164
1684202727282 1.1369636 165
1684202727351 1.0888455 166
1684202727422 1.0539739 167
1684202727477 1.0319891 168
1684202727552 1.021998 169
1684202727605 1.0229055 170
1684202727683 1.0336165 171
1684202727737 1.0531124 172
1684202727806 1.0804508 173
1684202727868 1.1147437 174
1684202727937 1.1551387 175
1684202728006 1.2008071 176
1684202728068 1.2509439 177
1684202728137 1.3047731 178
1684202728200 1.3615575 179
1684202728269 1.4206116 180
1684202728541 1.4813234 181
1684202728638 1.5431851 182
1684202728707 1.6058372 183
1684202728770 1.6691151 184
1684202728839 1.733067 185
1684202728908 1.7978961 186
1684202728971 1.8638159 187
1684202729040 1.9308808 188
1684202729108 1.9988749 189
1684202729171 2.0672777 190
1684202729224 2.1353023 191
1684202729302 2.2019699 192
1684202729356 2.2661967 193
1684202729425 2.3268788 194
1684202729503 2.3829567 195
1684202729557 2.433465 196
1684202729625 2.4775636 197
1684202729857 2.5145593 198
1684202729942 2.5439124 199
1684202730004 2.5652456 200
1684202730074 2.5783463 201
1684202730140 2.5831695 202
1684202730202 2.5798407 203
1684202730258 2.568655 204
1684202730327 2.5500736 205
1684202730390 2.5247161 206
1684202730459 2.493343 207
1684202730528 2.4568367 208
1684202730590 2.4161685 209
1684202730674 2.3723707 210
1684202730728 2.326495 211
1684202730791 2.2795753 212
1684202730860 2.2325945 213
1684202730929 2.186452 214
1684202730991 2.141939 215
1684202731076 2.0997229 216
1684202731143 2.060338 217
1684202731214 2.024182 218
1684202731276 1.9915218 219
1684202731345 1.962502 220
1684202731408 1.9371555 221
1684202731477 1.9154181 222
1684202731530 1.8971449 223
1684202731608 1.8821242 224
1684202731673 1.8700954 225
1684202731730 1.8607643 226
1684202731793 1.8538173 227
1684202731862 1.8489399 228
1684202731931 1.845829 229
1684202731993 1.8442082 230
1684202732063 1.8438418 231
1684202732116 1.8445463 232
1684202732196 1.8462044 233
1684202732249 1.8487746 234
1684202732533 1.8523035 235
1684202732633 1.8569317 236
1684202732695 1.8628913 237
1684202732767 1.8704811 238
1684202732833 1.8800006 239
1684202732896 1.8916576 240
1684202732949 1.9054964 241
1684202733018 1.9213748 242
1684202733081 1.938993 243
1684202733150 1.9579453 244
1684202733219 1.9777746 245
1684202733287 1.9980192 246
1684202733350 2.018249 247
1684202733419 2.0380907 248
1684202733497 2.0572386 249
1684202733566 2.0754628 250
