1683495212647 58.30591 1
1683495213159 56.201546 2
1683495213246 53.558853 3
1683495213333 40.36827 4
1683495213417 27.807173 5
1683495213498 18.279259 6
1683495213576 17.069782 7
1683495213660 11.543948 8
1683495213742 9.213375 9
1683495213834 9.180018 10
1683495213920 9.167498 11
1683495214000 9.168813 12
1683495214078 9.167504 13
1683495214159 9.166086 14
1683495214241 9.166256 15
1683495214319 9.167222 16
1683495214401 9.168606 17
1683495214479 9.170314 18
1683495214561 9.172249 19
1683495214642 9.17421 20
1683495214722 9.175916 21
1683495214801 9.1769905 22
1683495214879 9.176961 23
1683495214960 9.175577 24
1683495215038 9.173231 25
1683495215116 9.170782 26
1683495215191 9.168928 27
1683495215270 9.16782 28
1683495215345 9.167256 29
1683495215426 9.166988 30
1683495215507 9.166852 31
1683495215585 9.16676 32
1683495215660 9.166683 33
1683495215735 9.166615 34
1683495215812 9.166558 35
1683495215889 9.166515 36
1683495215961 9.166482 37
1683495216036 9.166453 38
1683495216111 9.166429 39
1683495216189 9.166407 40
1683495216261 9.1663885 41
1683495216339 9.166373 42
1683495216414 9.166362 43
1683495216486 9.166351 44
1683495216564 9.166342 45
1683495216639 9.166332 46
1683495216717 9.166323 47
1683495216792 9.166315 48
1683495216870 9.1663065 49
1683495216945 9.166298 50
1683495217023 9.16629 51
1683495217098 9.166282 52
1683495217173 9.166275 53
1683495217248 9.166267 54
1683495217323 9.16626 55
1683495217397 9.166252 56
1683495217472 9.166246 57
1683495217550 9.166241 58
1683495217628 9.166235 59
1683495217700 9.166229 60
1683495217777 9.166225 61
1683495217853 9.166221 62
1683495217930 9.166217 63
1683495218006 9.166214 64
1683495218080 9.16621 65
1683495218156 9.166208 66
1683495218230 9.166206 67
1683495218307 9.166205 68
1683495218384 9.166204 69
1683495218461 9.1662035 70
1683495218536 9.1662035 71
1683495218612 9.166204 72
1683495218688 9.166204 73
1683495218766 9.166206 74
1683495218841 9.166206 75
1683495218918 9.166209 76
1683495218994 9.166212 77
1683495219071 9.166215 78
1683495219148 9.166217 79
1683495219224 9.16622 80
1683495219299 9.1662245 81
1683495219374 9.166227 82
1683495219448 9.166231 83
1683495219529 9.166235 84
1683495219613 9.16624 85
1683495219697 9.1662445 86
1683495219778 9.166249 87
1683495219863 9.166254 88
1683495219945 9.166258 89
1683495220028 9.166264 90
1683495220114 9.166269 91
1683495220199 9.166275 92
1683495220278 9.16628 93
1683495220353 9.166285 94
1683495220427 9.16629 95
1683495220506 9.166296 96
1683495220585 9.166302 97
1683495220661 9.1663065 98
1683495220734 9.166313 99
1683495220808 9.166318 100
1683495220884 9.166323 101
1683495220957 9.166328 102
1683495221031 9.166333 103
1683495221114 9.166339 104
1683495221188 9.166344 105
1683495221263 9.166349 106
1683495221338 9.166353 107
1683495221412 9.166359 108
1683495221488 9.166364 109
1683495221567 9.1663685 110
1683495221645 9.166372 111
1683495221720 9.166378 112
1683495221794 9.166382 113
1683495221872 9.166388 114
1683495221945 9.166391 115
1683495222020 9.166397 116
1683495222694 9.166401 117
1683495222770 9.166407 118
1683495222846 9.166411 119
1683495222920 9.166416 120
1683495222993 9.166421 121
1683495223068 9.166427 122
1683495223141 9.166432 123
1683495223216 9.166437 124
1683495223293 9.166443 125
1683495223371 9.166449 126
1683495223445 9.166453 127
1683495223520 9.16646 128
1683495223598 9.166465 129
1683495223672 9.1664715 130
1683495223746 9.166477 131
1683495223821 9.166483 132
1683495223896 9.16649 133
1683495223969 9.166495 134
1683495224043 9.166501 135
1683495224119 9.166508 136
1683495224193 9.166514 137
1683495224270 9.16652 138
1683495224348 9.166527 139
1683495224424 9.166533 140
1683495224500 9.16654 141
1683495224581 9.166546 142
1683495224660 9.166553 143
1683495224734 9.166559 144
1683495224808 9.166565 145
1683495224885 9.166572 146
1683495225103 9.166578 147
1683495225178 9.166584 148
1683495225253 9.166591 149
1683495225332 9.166597 150
1683495225410 9.166603 151
1683495225485 9.166609 152
1683495225559 9.1666155 153
1683495225633 9.166622 154
1683495225710 9.166628 155
1683495225786 9.166635 156
1683495225862 9.16664 157
1683495225937 9.166646 158
1683495226011 9.166652 159
1683495226088 9.166657 160
1683495226161 9.166664 161
1683495226235 9.16667 162
1683495226312 9.166675 163
1683495226386 9.166681 164
1683495226464 9.166687 165
1683495226549 9.166692 166
1683495226622 9.166697 167
1683495226698 9.166702 168
1683495226773 9.166708 169
1683495226850 9.166713 170
1683495226925 9.166717 171
1683495227000 9.166721 172
1683495227073 9.166725 173
1683495227148 9.16673 174
1683495227223 9.166733 175
1683495227298 9.166737 176
1683495227374 9.166739 177
1683495227448 9.166742 178
1683495227523 9.166744 179
1683495227598 9.166746 180
1683495227673 9.166748 181
1683495227750 9.166749 182
1683495227836 9.16675 183
1683495227919 9.166749 184
1683495228001 9.166748 185
1683495228075 9.166747 186
1683495228149 9.166746 187
1683495228222 9.166744 188
1683495228304 9.166741 189
1683495228386 9.166738 190
1683495228466 9.166733 191
1683495228539 9.166728 192
1683495228613 9.166722 193
1683495228687 9.166717 194
1683495228762 9.166709 195
1683495228837 9.166702 196
1683495228913 9.166695 197
1683495228989 9.166687 198
1683495229068 9.166677 199
1683495229142 9.166668 200
1683495229215 9.166658 201
1683495229290 9.166648 202
1683495229367 9.166637 203
1683495229444 9.166627 204
1683495229520 9.166616 205
1683495229593 9.166605 206
1683495229668 9.166593 207
1683495229743 9.16658 208
1683495229826 9.166569 209
1683495229902 9.166556 210
1683495229977 9.166544 211
1683495230051 9.166531 212
1683495230128 9.166518 213
1683495230203 9.166504 214
1683495231000 9.166491 215
1683495231085 9.166477 216
1683495231162 9.166464 217
1683495231237 9.166449 218
1683495231311 9.166434 219
1683495231388 9.16642 220
1683495231464 9.166406 221
1683495231539 9.166391 222
1683495231617 9.166377 223
1683495231704 9.166362 224
1683495231778 9.1663475 225
1683495231857 9.166334 226
1683495231931 9.166321 227
1683495232005 9.1663065 228
1683495232080 9.166294 229
1683495232154 9.166282 230
1683495232228 9.166269 231
1683495233092 9.16626 232
1683495233237 9.166248 233
1683495233314 9.16624 234
1683495233389 9.166233 235
1683495233464 9.166229 236
1683495233540 9.166227 237
1683495233615 9.166225 238
1683495233692 9.1662245 239
1683495233767 9.16622 240
1683495233841 9.16621 241
1683495233917 9.166201 242
1683495233991 9.166191 243
1683495234066 9.1661825 244
1683495234141 9.166176 245
1683495234216 9.16617 246
1683495234293 9.166164 247
1683495234369 9.166161 248
1683495234448 9.166157 249
1683495234524 9.166155 250
