1684006307459 51.554047 1
1684006307531 42.19683 2
1684006307603 31.55885 3
1684006307679 27.167913 4
1684006307755 35.007668 5
1684006307823 52.768616 6
1684006307891 69.541336 7
1684006307959 77.14204 8
1684006308027 76.794785 9
1684006308099 71.05319 10
1684006308167 63.02834 11
1684006308239 53.995182 12
1684006308313 46.067535 13
1684006308377 42.330166 14
1684006308449 45.400146 15
1684006308517 56.537083 16
1684006308585 71.399765 17
1684006308653 81.654274 18
1684006308717 82.03786 19
1684006308789 73.96512 20
1684006308857 60.929306 21
1684006308921 49.359787 22
1684006308989 45.637596 23
1684006309061 51.413963 24
1684006309129 64.51001 25
1684006309201 77.67818 26
1684006309489 88.3541 27
1684006309661 94.19586 28
1684006309741 93.67232 29
1684006309805 87.2578 30
1684006309877 77.34934 31
1684006309941 68.31948 32
1684006310009 63.66397 33
1684006310077 64.804115 34
1684006310145 67.26688 35
1684006310213 70.19412 36
1684006310281 73.83501 37
1684006310349 78.301956 38
1684006310413 83.090546 39
1684006310477 87.40863 40
1684006310541 90.47179 41
1684006310609 91.50251 42
1684006310677 89.67052 43
1684006310741 84.47237 44
1684006310809 75.34122 45
1684006310877 64.0537 46
1684006310945 55.807194 47
1684006311013 57.328068 48
1684006311081 69.07074 49
1684006311153 81.9554 50
1684006311223 90.47514 51
1684006311291 93.29628 52
1684006311359 91.71117 53
1684006311427 87.566864 54
1684006311491 82.139984 55
1684006311559 74.02466 56
1684006311623 63.873306 57
1684006311687 54.321636 58
1684006311751 50.464725 59
1684006311815 56.381546 60
1684006311879 70.4996 61
1684006311943 86.57654 62
1684006312007 97.80574 63
1684006312071 99.843735 64
1684006312139 93.88875 65
1684006312203 81.9608 66
1684006312271 69.28725 67
1684006312335 62.972893 68
1684006312399 67.02525 69
1684006312467 79.11092 70
1684006312535 92.00701 71
1684006312599 99.92919 72
1684006312663 102.1701 73
1684006312727 98.37074 74
1684006312791 89.96408 75
1684006312855 80.11496 76
1684006312923 73.73239 77
1684006312991 74.147766 78
1684006313059 82.64081 79
1684006313127 95.19194 80
1684006313219 102.09601 81
1684006313291 99.9595 82
1684006313363 94.73094 83
1684006313443 92.17688 84
1684006313512 94.04351 85
1684006313587 96.74609 86
1684006313665 95.94833 87
1684006313738 93.19379 88
1684006313812 91.20803 89
1684006313884 90.595146 90
1684006313955 88.81801 91
1684006314031 86.03754 92
1684006314107 83.573654 93
1684006314179 82.54763 94
1684006314251 83.23155 95
1684006314327 85.155914 96
1684006314407 87.57206 97
1684006314479 89.83157 98
1684006314555 91.59839 99
1684006314627 92.80922 100
1684006314705 93.48725 101
1684006314777 93.61549 102
1684006314849 92.93745 103
1684006314923 89.81295 104
1684006315006 81.96381 105
1684006315079 69.68048 106
1684006315151 58.182076 107
1684006315226 56.55932 108
1684006315300 68.47279 109
1684006315372 88.92864 110
1684006315444 104.50784 111
1684006315519 104.654594 112
1684006315594 91.30704 113
1684006315666 74.85776 114
1684006315735 65.83151 115
1684006315810 69.74364 116
1684006315885 82.188446 117
1684006315954 94.61959 118
1684006316023 101.53797 119
1684006316298 102.38575 120
1684006316367 99.438965 121
1684006316436 95.0913 122
1684006316505 88.07999 123
1684006316571 79.40208 124
1684006316637 70.7805 125
1684006316703 66.19721 126
1684006316769 71.53493 127
1684006316838 87.40097 128
1684006316907 105.788795 129
1684006316973 115.911476 130
1684006317036 111.71753 131
1684006317105 97.66863 132
1684006317171 84.03331 133
1684006317237 80.030556 134
1684006317303 86.35181 135
1684006317372 98.78555 136
1684006317441 112.30789 137
1684006317507 120.12522 138
1684006317573 117.10564 139
1684006317636 106.26044 140
1684006317702 95.873184 141
1684006317765 92.86002 142
1684006317828 98.23898 143
1684006317897 108.577286 144
1684006317966 117.587006 145
1684006318035 120.939285 146
1684006318104 117.633064 147
1684006318170 109.286415 148
1684006318239 99.900925 149
1684006318305 93.27031 150
1684006318371 89.75989 151
1684006318437 90.431694 152
1684006318506 94.50557 153
1684006318569 100.312 154
1684006318635 105.66631 155
1684006318698 107.45676 156
1684006318764 105.51134 157
1684006318827 101.4238 158
1684006318890 96.72565 159
1684006318956 92.50116 160
1684006319019 88.063965 161
1684006319085 83.495926 162
1684006319151 78.86579 163
1684006319220 75.92062 164
1684006319289 77.26116 165
1684006319361 83.28638 166
1684006319427 90.72295 167
1684006319493 96.67027 168
1684006319559 101.484955 169
1684006319628 107.16076 170
1684006319697 113.54914 171
1684006319766 118.68797 172
1684006319834 120.388855 173
1684006319900 117.94174 174
1684006319969 111.87906 175
1684006320041 105.143654 176
1684006320107 99.20265 177
1684006320175 95.31688 178
1684006320245 94.69391 179
1684006320314 98.875465 180
1684006320380 107.37218 181
1684006320449 117.809296 182
1684006320515 126.93052 183
1684006320581 132.01411 184
1684006320647 130.83414 185
1684006320737 124.13321 186
1684006320809 114.464355 187
1684006320875 107.80339 188
1684006320944 106.596466 189
1684006321007 109.07639 190
1684006321073 114.8344 191
1684006321139 123.12115 192
1684006321208 132.37184 193
1684006321274 139.669 194
1684006321340 142.75497 195
1684006321406 141.54451 196
1684006321472 137.5136 197
1684006321538 130.86475 198
1684006321601 122.99155 199
1684006321667 116.37525 200
1684006321733 112.43514 201
1684006321802 111.39523 202
1684006321868 112.2901 203
1684006321934 111.7582 204
1684006322003 107.35125 205
1684006322066 99.59304 206
1684006322132 93.062256 207
1684006322201 93.89813 208
1684006322270 104.47367 209
1684006322336 120.23238 210
1684006322402 132.85553 211
1684006322468 136.13324 212
1684006322531 131.33138 213
1684006322597 122.06223 214
1684006322660 113.772514 215
1684006322730 109.49199 216
1684006322794 109.776245 217
1684006322858 112.84552 218
1684006322922 116.64203 219
1684006322990 119.747116 220
1684006323066 121.4639 221
1684006323132 122.13699 222
1684006323198 121.92001 223
1684006323266 121.1281 224
1684006323332 120.089264 225
1684006323400 118.67728 226
1684006323468 115.997574 227
1684006323540 111.78185 228
1684006323608 106.329094 229
1684006323676 100.28665 230
1684006323744 94.74617 231
1684006323812 90.77438 232
1684006323876 88.942604 233
1684006323956 88.65217 234
1684006324032 89.04408 235
1684006324096 87.18326 236
1684006324172 82.62474 237
1684006324240 77.90764 238
1684006324308 80.08504 239
1684006324376 93.5867 240
1684006324447 114.71089 241
1684006324515 133.30954 242
1684006324579 141.24225 243
1684006324643 138.09714 244
1684006324707 127.60629 245
1684006324775 115.3427 246
1684006324839 106.47072 247
1684006324903 104.25815 248
1684006324971 108.05755 249
1684006325039 118.451546 250
