1684004672824 60.48078 1
1684004673497 60.500477 2
1684004673590 60.483757 3
1684004673682 60.41992 4
1684004673772 60.133522 5
1684004673877 66.05573 6
1684004673977 80.13435 7
1684004674055 80.073784 8
1684004674135 69.342804 9
1684004674210 70.61078 10
1684004674297 78.33478 11
1684004674381 80.550865 12
1684004674476 76.28746 13
1684004674551 78.10367 14
1684004675118 80.69934 15
1684004675367 77.17135 16
1684004675517 75.26115 17
1684004675624 79.97226 18
1684004675714 74.19606 19
1684004675785 81.19455 20
1684004676038 83.64214 21
1684004676120 85.62018 22
1684004676211 81.86084 23
1684004676309 85.84451 24
1684004676389 84.67508 25
1684004676473 78.614075 26
1684004676585 73.41759 27
1684004676664 77.491035 28
1684004676740 79.42059 29
1684004676818 75.72107 30
1684004676902 87.89464 31
1684004676983 96.29233 32
1684004677060 91.7439 33
1684004677144 77.75133 34
1684004677229 80.45212 35
1684004677320 88.513794 36
1684004677423 87.60411 37
1684004677532 91.487335 38
1684004677630 97.49005 39
1684004677735 99.174385 40
1684004677834 100.86082 41
1684004677941 98.04698 42
1684004678037 89.59166 43
1684004678133 84.1992 44
1684004678261 91.90196 45
1684004678365 97.13693 46
1684004678469 94.1343 47
1684004678582 86.09898 48
1684004678684 104.19996 49
1684004678791 114.16731 50
1684004678904 115.174614 51
1684004679000 110.46217 52
1684004679083 103.459305 53
1684004679173 95.29669 54
1684004679282 96.1873 55
1684004679373 98.19861 56
1684004679447 96.30541 57
1684004679526 90.157196 58
1684004679608 84.59015 59
1684004679695 79.71907 60
1684004679780 80.60807 61
1684004679859 75.58763 62
1684004679939 92.743996 63
1684004680020 105.17961 64
1684004680108 106.699486 65
1684004680202 97.780045 66
1684004680289 91.49987 67
1684004680361 88.1197 68
1684004680434 90.82176 69
1684004680511 94.37082 70
1684004680591 98.41156 71
1684004680673 108.25517 72
1684004680753 118.33239 73
1684004680840 117.155426 74
1684004680988 104.90495 75
1684004681126 95.792206 76
1684004681260 94.33511 77
1684004681370 89.437675 78
1684004681469 101.94746 79
1684004681551 121.53137 80
1684004681629 132.01028 81
1684004681725 130.0484 82
1684004681823 118.46058 83
1684004681917 105.36061 84
1684004682003 96.71434 85
1684004682097 96.90436 86
1684004682177 106.36975 87
1684004682259 121.436455 88
1684004682343 136.88593 89
1684004682437 148.59294 90
1684004682527 153.20776 91
1684004682613 152.04134 92
1684004682701 148.10623 93
1684004682797 143.51501 94
1684004682897 139.23248 95
1684004683021 135.49133 96
1684004683109 132.23703 97
1684004683204 129.45168 98
1684004683290 127.15846 99
1684004683381 125.314384 100
1684004683470 123.74964 101
1684004683555 122.03567 102
1684004683641 119.85942 103
1684004683717 116.69385 104
1684004683799 111.808975 105
1684004683889 119.47627 106
1684004683981 122.61841 107
1684004684063 118.46346 108
1684004684138 109.75684 109
1684004684223 101.51563 110
1684004684314 99.75109 111
1684004684398 106.14102 112
1684004684479 113.50086 113
1684004684559 120.514435 114
1684004684651 126.29994 115
1684004684752 130.55014 116
1684004684845 133.37308 117
1684004684925 135.074 118
1684004684999 135.98782 119
1684004685068 136.3945 120
1684004685139 136.49579 121
1684004685214 136.41595 122
1684004685311 135.78741 123
1684004685390 134.77118 124
1684004685473 133.48538 125
1684004685551 132.0433 126
1684004685625 130.54422 127
1684004685703 129.01297 128
1684004685777 127.52562 129
1684004685848 126.12674 130
1684004685924 124.48712 131
1684004686008 122.72659 132
1684004686090 120.742966 133
1684004686448 118.31323 134
1684004686554 118.83626 135
1684004686643 122.85652 136
1684004686730 123.04839 137
1684004686808 120.99886 138
1684004686884 118.422195 139
1684004686962 116.02408 140
1684004687037 111.59532 141
1684004687121 109.482285 142
1684004687216 107.505775 143
1684004687303 106.72425 144
1684004687384 111.90211 145
1684004687468 111.81505 146
1684004687548 107.94751 147
1684004687623 119.18434 148
1684004687708 133.72455 149
1684004687791 140.03638 150
1684004687869 137.52391 151
1684004687945 129.72902 152
1684004688022 120.95285 153
1684004688104 112.264404 154
1684004688182 105.660065 155
1684004688269 109.92894 156
1684004688354 105.3271 157
1684004688448 113.846695 158
1684004688532 126.08909 159
1684004688623 137.45023 160
1684004688716 143.12903 161
1684004688799 140.45694 162
1684004688881 130.99759 163
1684004688955 119.247215 164
1684004689036 120.02484 165
1684004689116 122.02989 166
1684004689201 121.05295 167
1684004689286 131.66833 168
1684004689376 139.13687 169
1684004689455 134.74954 170
1684004689539 122.220535 171
1684004689633 113.49925 172
1684004689726 111.07712 173
1684004689826 123.7519 174
1684004689927 123.02072 175
1684004690018 129.60303 176
1684004690108 137.19618 177
1684004690189 138.46207 178
1684004690274 134.4401 179
1684004690349 125.70424 180
1684004690430 121.52015 181
1684004690505 129.10684 182
1684004690585 132.14886 183
1684004690666 128.55965 184
1684004690772 118.80949 185
1684004690859 137.1785 186
1684004690946 146.90613 187
1684004691040 141.76546 188
1684004691123 126.95121 189
1684004691207 132.55167 190
1684004691290 146.32288 191
1684004691381 148.75339 192
1684004691464 140.45293 193
1684004691541 140.85042 194
1684004691615 150.53375 195
1684004691695 151.65054 196
1684004691782 145.88515 197
1684004691859 139.86252 198
1684004691966 151.88243 199
1684004692052 157.36603 200
1684004692161 156.57199 201
1684004692263 150.61685 202
1684004692363 143.22583 203
1684004692477 157.34216 204
1684004692567 162.93498 205
1684004692652 158.53305 206
1684004692738 148.32845 207
1684004692823 149.94305 208
1684004692911 155.14406 209
1684004693004 153.45963 210
1684004693090 145.57156 211
1684004693174 135.54688 212
1684004693262 134.73903 213
1684004693348 133.85307 214
1684004693446 139.02037 215
1684004693530 148.05539 216
1684004693612 154.99506 217
1684004693695 157.68167 218
1684004693784 155.4762 219
1684004693871 149.7287 220
1684004693958 142.61888 221
1684004694064 137.72243 222
1684004694162 136.71924 223
1684004694248 139.10754 224
1684004694342 142.8092 225
1684004694439 145.8866 226
1684004694536 144.93202 227
1684004694639 141.94531 228
1684004694723 138.8409 229
1684004694808 136.63136 230
1684004694893 149.71046 231
1684004694987 162.66138 232
1684004695084 169.65619 233
1684004695185 169.58325 234
1684004695282 164.61958 235
1684004695375 156.28816 236
1684004695466 146.79776 237
1684004695553 137.8166 238
1684004695656 132.75601 239
1684004695758 133.41815 240
1684004695839 139.01028 241
1684004695921 148.90918 242
1684004696007 160.34814 243
1684004696092 170.01038 244
1684004696180 175.12411 245
1684004696258 175.0821 246
1684004696339 171.29529 247
1684004696423 165.88495 248
1684004696503 160.53693 249
1684004696594 156.11748 250
