1684007050858 59.35825 1
1684007050942 59.227028 2
1684007051018 58.818634 3
1684007051086 58.07669 4
1684007051154 56.959717 5
1684007051222 54.776443 6
1684007051290 51.634697 7
1684007051358 45.453354 8
1684007051422 36.911037 9
1684007051490 29.114466 10
1684007051558 26.009838 11
1684007051626 29.877121 12
1684007051694 39.784336 13
1684007051762 52.348984 14
1684007051838 63.9252 15
1684007051910 72.28685 16
1684007051978 76.946754 17
1684007052046 78.51253 18
1684007052110 77.95087 19
1684007052178 76.23136 20
1684007052242 74.07236 21
1684007052310 71.91195 22
1684007052378 69.97136 23
1684007052446 68.31931 24
1684007052510 66.96184 25
1684007052578 65.8703 26
1684007052650 65.00403 27
1684007052718 64.32122 28
1684007052782 63.77392 29
1684007052854 63.16635 30
1684007052926 62.51983 31
1684007052994 61.80717 32
1684007053062 60.994125 33
1684007053130 60.12903 34
1684007053194 59.220978 35
1684007053258 58.02433 36
1684007053326 56.2827 37
1684007053390 53.7986 38
1684007053458 50.718105 39
1684007053522 47.224953 40
1684007053590 43.56519 41
1684007053658 40.119408 42
1684007053726 37.144344 43
1684007053794 34.524544 44
1684007053862 32.40471 45
1684007053926 30.760117 46
1684007053990 28.993805 47
1684007054058 26.07614 48
1684007054126 22.1545 49
1684007054190 19.140152 50
1684007054254 20.284618 51
1684007054322 26.916252 52
1684007054386 36.87928 53
1684007054450 46.60833 54
1684007054518 52.75077 55
1684007054590 54.09762 56
1684007054658 50.777473 57
1684007054726 42.273018 58
1684007054794 31.060003 59
1684007054862 24.652729 60
1684007054926 31.576584 61
1684007054994 52.656578 62
1684007055062 77.21373 63
1684007055126 91.86709 64
1684007055190 91.78528 65
1684007055258 80.48953 66
1684007055322 63.937878 67
1684007055386 49.66005 68
1684007055458 45.04299 69
1684007055534 53.304256 70
1684007055610 71.83933 71
1684007055678 91.5806 72
1684007055746 101.67949 73
1684007055814 97.58687 74
1684007055882 83.20433 75
1684007055950 65.92903 76
1684007056018 54.563385 77
1684007056082 55.47053 78
1684007056150 67.923935 79
1684007056218 85.16991 80
1684007056282 99.35917 81
1684007056346 105.08812 82
1684007056414 102.06075 83
1684007056478 93.61775 84
1684007056542 83.35672 85
1684007056614 76.626755 86
1684007056678 77.02389 87
1684007056750 83.60787 88
1684007056818 91.18391 89
1684007056882 91.85257 90
1684007056946 85.04405 91
1684007057010 77.06805 92
1684007057082 74.68005 93
1684007057150 80.23943 94
1684007057218 89.50915 95
1684007057461 96.2033 96
1684007057649 94.75716 97
1684007057729 87.39879 98
1684007057797 82.3639 99
1684007057865 84.91419 100
1684007057933 93.6412 101
1684007058001 100.9781 102
1684007058069 101.14799 103
1684007058133 94.65683 104
1684007058201 84.13611 105
1684007058269 77.551315 106
1684007058333 80.81221 107
1684007058401 93.43858 108
1684007058465 108.625046 109
1684007058533 119.229706 110
1684007058597 122.21887 111
1684007058669 117.93477 112
1684007058733 109.68502 113
1684007058801 99.15364 114
1684007058865 87.95056 115
1684007058933 80.568474 116
1684007059001 80.91378 117
1684007059069 88.646545 118
1684007059133 99.783936 119
1684007059201 111.19553 120
1684007059269 120.65668 121
1684007059341 127.033966 122
1684007059409 129.93503 123
1684007059473 129.78073 124
1684007059541 126.667404 125
1684007059614 121.17824 126
1684007059682 113.79275 127
1684007059750 105.56166 128
1684007059818 98.1831 129
1684007059886 92.25769 130
1684007059954 89.34552 131
1684007060022 88.89198 132
1684007060086 88.0999 133
1684007060150 88.21455 134
1684007060218 90.712616 135
1684007060282 95.85697 136
1684007060350 102.210266 137
1684007060418 107.65565 138
1684007060486 109.11107 139
1684007060554 108.46324 140
1684007060618 107.67697 141
1684007060686 108.03208 142
1684007060754 109.72309 143
1684007060822 112.32683 144
1684007060890 115.23869 145
1684007060958 117.9669 146
1684007061022 120.208374 147
1684007061090 121.884 148
1684007061154 123.03514 149
1684007061222 123.758804 150
1684007061290 124.16315 151
1684007061354 124.344864 152
1684007061418 124.38054 153
1684007061510 124.3201 154
1684007061578 124.18849 155
1684007061642 123.99409 156
1684007061710 123.76001 157
1684007061774 123.50642 158
1684007061846 123.25014 159
1684007061910 122.99141 160
1684007061978 122.713585 161
1684007062042 122.41131 162
1684007062110 122.08058 163
1684007062174 121.68176 164
1684007062242 121.09096 165
1684007062306 120.28718 166
1684007062374 119.2751 167
1684007062442 117.83307 168
1684007062506 115.31448 169
1684007062574 111.51312 170
1684007062642 106.19671 171
1684007062710 98.97661 172
1684007062778 90.581795 173
1684007062846 82.17975 174
1684007062918 76.87704 175
1684007062986 76.823616 176
1684007063054 82.27882 177
1684007063122 92.91565 178
1684007063191 104.05542 179
1684007063258 109.26805 180
1684007063323 106.10953 181
1684007063394 97.112526 182
1684007063462 87.84166 183
1684007063530 83.47505 184
1684007063594 85.84164 185
1684007063678 91.30829 186
1684007063750 96.542114 187
1684007063814 101.08011 188
1684007063882 106.07634 189
1684007063946 112.22344 190
1684007064010 118.706764 191
1684007064075 121.28157 192
1684007064135 117.39192 193
1684007064195 106.352036 194
1684007064263 90.9054 195
1684007064331 80.02817 196
1684007064399 84.49201 197
1684007064652 104.05922 198
1684007064800 123.81589 199
1684007064880 127.42522 200
1684007064944 113.10497 201
1684007065012 93.71483 202
1684007065076 80.92502 203
1684007065144 80.74679 204
1684007065212 90.01814 205
1684007065280 101.274055 206
1684007065348 110.90162 207
1684007065416 117.06799 208
1684007065484 117.75127 209
1684007065552 112.88116 210
1684007065616 105.155655 211
1684007065684 97.96185 212
1684007065748 93.42599 213
1684007065812 93.64125 214
1684007065880 98.20604 215
1684007065948 104.307556 216
1684007066019 110.279 217
1684007066087 115.437256 218
1684007066155 119.61308 219
1684007066223 120.69467 220
1684007066291 117.30362 221
1684007066355 108.74215 222
1684007066423 97.334564 223
1684007066491 87.451454 224
1684007066559 84.11046 225
1684007066627 89.93839 226
1684007066695 101.859985 227
1684007066763 114.10213 228
1684007066835 121.27284 229
1684007066899 121.17918 230
1684007066963 115.24211 231
1684007067031 104.67939 232
1684007067095 95.11224 233
1684007067163 90.952805 234
1684007067231 92.932724 235
1684007067299 98.80232 236
1684007067367 102.97147 237
1684007067435 103.101746 238
1684007067503 98.09829 239
1684007067571 89.47748 240
1684007067639 79.53845 241
1684007067711 73.55708 242
1684007067787 78.30522 243
1684007067855 92.9007 244
1684007067919 110.50894 245
1684007067987 123.95705 246
1684007068051 129.8024 247
1684007068119 128.72574 248
1684007068183 123.49394 249
1684007068247 116.55625 250
