1684006344838 61.003403 1
1684006344919 60.61934 2
1684006344995 60.100975 3
1684006345069 59.484814 4
1684006345135 58.486794 5
1684006345207 58.068207 6
1684006345283 71.23674 7
1684006345355 75.693695 8
1684006345427 75.14679 9
1684006345499 77.083176 10
1684006345567 73.377045 11
1684006345635 65.16546 12
1684006345707 56.732033 13
1684006345775 57.49472 14
1684006345843 73.53798 15
1684006345911 84.1493 16
1684006345983 85.72374 17
1684006346055 80.23216 18
1684006346135 79.977234 19
1684006346203 77.01602 20
1684006346271 79.44626 21
1684006346339 89.72035 22
1684006346407 76.02539 23
1684006346475 74.62044 24
1684006346539 77.47174 25
1684006346607 82.56566 26
1684006346675 86.70982 27
1684006346743 87.14758 28
1684006346811 91.411674 29
1684006346879 85.15 30
1684006346947 83.78084 31
1684006347011 81.75104 32
1684006347075 81.270134 33
1684006347143 80.64928 34
1684006347207 77.69533 35
1684006347275 87.20883 36
1684006347339 98.941696 37
1684006347407 104.870834 38
1684006347475 102.578026 39
1684006347539 93.90012 40
1684006347603 81.29408 41
1684006347671 73.19914 42
1684006347735 90.05704 43
1684006347799 97.337616 44
1684006347867 93.86565 45
1684006347931 95.36337 46
1684006347995 107.27409 47
1684006348067 110.080826 48
1684006348135 102.01669 49
1684006348203 87.75978 50
1684006348271 77.205795 51
1684006348347 79.78719 52
1684006348415 94.177246 53
1684006348483 110.00132 54
1684006348547 117.58551 55
1684006348611 115.08565 56
1684006348675 106.40832 57
1684006348743 95.72026 58
1684006348811 102.149445 59
1684006348875 93.46591 60
1684006348943 104.62393 61
1684006349007 117.63839 62
1684006349071 127.27126 63
1684006349139 131.43558 64
1684006349207 130.91568 65
1684006349275 127.471016 66
1684006349347 122.76981 67
1684006349419 117.376144 68
1684006349487 112.484436 69
1684006349555 108.52297 70
1684006349623 105.905334 71
1684006349691 104.64065 72
1684006349763 104.424774 73
1684006349827 104.88855 74
1684006349891 113.14559 75
1684006349959 115.212006 76
1684006350027 107.2669 77
1684006350091 107.532295 78
1684006350159 107.51256 79
1684006350227 107.277466 80
1684006350291 106.87231 81
1684006350359 106.3667 82
1684006350423 123.197205 83
1684006350491 128.17406 84
1684006350561 122.830505 85
1684006350625 112.41931 86
1684006350697 103.15054 87
1684006350765 99.74649 88
1684006350837 101.96538 89
1684006350905 112.36859 90
1684006350975 127.750046 91
1684006351047 140.19456 92
1684006351115 142.45709 93
1684006351183 133.65746 94
1684006351251 120.46115 95
1684006351315 110.7388 96
1684006351383 106.91058 97
1684006351447 108.57913 98
1684006351515 114.14665 99
1684006351583 124.19607 100
1684006351647 137.19096 101
1684006351719 148.31798 102
1684006351783 152.97609 103
1684006351851 149.40865 104
1684006351919 139.7016 105
1684006351983 128.89163 106
1684006352047 122.73543 107
1684006352115 123.34373 108
1684006352179 129.3973 109
1684006352243 137.1165 110
1684006352311 143.41125 111
1684006352375 146.63153 112
1684006352439 145.28311 113
1684006352507 140.39679 114
1684006352571 134.45451 115
1684006352635 129.79666 116
1684006352699 126.72043 117
1684006352767 122.76188 118
1684006352831 118.62839 119
1684006352895 119.52328 120
1684006352963 126.29447 121
1684006353031 134.91063 122
1684006353095 140.58023 123
1684006353163 140.32213 124
1684006353227 133.23604 125
1684006353291 122.14569 126
1684006353355 112.01935 127
1684006353423 108.13286 128
1684006353491 112.605515 129
1684006353555 125.2202 130
1684006353623 140.90086 131
1684006353687 150.22539 132
1684006353755 147.10345 133
1684006353823 134.55121 134
1684006354011 121.223755 135
1684006354151 111.798164 136
1684006354263 109.583305 137
1684006354335 113.93117 138
1684006354403 121.63388 139
1684006354471 128.66637 140
1684006354539 133.81683 141
1684006354607 135.82846 142
1684006354671 134.56415 143
1684006354743 131.09648 144
1684006354811 126.633385 145
1684006354875 122.148346 146
1684006354943 118.27195 147
1684006355007 114.989716 148
1684006355075 111.48776 149
1684006355143 107.22269 150
1684006355215 102.4138 151
1684006355283 96.58115 152
1684006355347 98.7713 153
1684006355419 100.131355 154
1684006355483 110.4846 155
1684006355551 119.98413 156
1684006355619 125.93344 157
1684006355687 135.18213 158
1684006355755 138.8135 159
1684006355823 139.6976 160
1684006355891 140.08434 161
1684006355955 140.4857 162
1684006356023 140.07225 163
1684006356091 142.19412 164
1684006356159 154.89713 165
1684006356223 154.93529 166
1684006356295 145.76642 167
1684006356363 131.36221 168
1684006356435 116.28651 169
1684006356511 125.333084 170
1684006356575 139.95734 171
1684006356639 150.62737 172
1684006356707 156.04147 173
1684006356771 156.92635 174
1684006356835 154.6117 175
1684006356899 150.52133 176
1684006356967 145.63733 177
1684006357031 139.95308 178
1684006357095 134.77376 179
1684006357163 130.66602 180
1684006357231 125.49165 181
1684006357295 141.07227 182
1684006357363 143.54257 183
1684006357427 128.62532 184
1684006357491 114.437485 185
1684006357559 120.329956 186
1684006357623 127.39542 187
1684006357687 133.24245 188
1684006357755 137.0702 189
1684006357819 139.25487 190
1684006357887 139.40237 191
1684006357951 136.7763 192
1684006358015 132.56459 193
1684006358079 131.14633 194
1684006358147 127.3428 195
1684006358215 121.15201 196
1684006358283 114.217384 197
1684006358347 127.71495 198
1684006358411 140.63675 199
1684006358475 143.55309 200
1684006358543 137.7197 201
1684006358607 128.88573 202
1684006358675 121.996895 203
1684006358739 117.075645 204
1684006358807 114.579895 205
1684006358875 114.283905 206
1684006358939 114.14006 207
1684006359003 119.27612 208
1684006359071 134.95285 209
1684006359135 140.87144 210
1684006359203 140.52155 211
1684006359271 137.49962 212
1684006359339 133.124 213
1684006359407 126.83482 214
1684006359479 121.184006 215
1684006359547 115.18195 216
1684006359611 107.517876 217
1684006359675 102.477325 218
1684006359739 101.98567 219
1684006359807 102.857376 220
1684006359871 104.08185 221
1684006359935 105.05883 222
1684006360003 105.51747 223
1684006360067 105.434845 224
1684006360135 104.968 225
1684006360199 104.12109 226
1684006360267 102.09224 227
1684006360335 116.963455 228
1684006360403 133.22551 229
1684006360471 138.17383 230
1684006360539 133.25507 231
1684006360607 124.79295 232
1684006360675 118.0112 233
1684006360739 114.61051 234
1684006360811 120.96037 235
1684006360879 128.44037 236
1684006360951 130.655 237
1684006361135 129.31598 238
1684006361308 126.142586 239
1684006361444 122.455345 240
1684006361508 122.138336 241
1684006361576 124.6917 242
1684006361644 124.28386 243
1684006361712 120.624146 244
1684006361780 117.86078 245
1684006361848 118.059166 246
1684006361916 117.82373 247
1684006361980 117.36185 248
1684006362048 116.78831 249
1684006362112 116.181305 250
