1684007050698 59.35825 1
1684007050874 59.227028 2
1684007050954 58.818634 3
1684007051026 58.07669 4
1684007051098 57.104015 5
1684007051166 67.668465 6
1684007051234 81.10869 7
1684007051298 80.53639 8
1684007051366 70.74026 9
1684007051434 57.065563 10
1684007051498 54.03293 11
1684007051566 66.431244 12
1684007051634 70.88393 13
1684007051702 69.59706 14
1684007051774 78.32077 15
1684007051850 88.40465 16
1684007051922 89.334145 17
1684007051986 82.15885 18
1684007052054 77.95087 19
1684007052122 76.23136 20
1684007052186 74.07236 21
1684007052254 71.91195 22
1684007052322 69.97136 23
1684007052386 73.853485 24
1684007052454 81.539154 25
1684007052522 90.44273 26
1684007052590 96.135956 27
1684007052658 95.27986 28
1684007052726 88.47736 29
1684007052794 78.89845 30
1684007052866 67.88515 31
1684007052934 77.652336 32
1684007053002 81.00998 33
1684007053070 68.46512 34
1684007053138 74.4441 35
1684007053202 81.28818 36
1684007053270 84.77457 37
1684007053338 87.50448 38
1684007053402 88.37048 39
1684007053466 82.0703 40
1684007053530 81.42735 41
1684007053602 84.04016 42
1684007053666 87.638504 43
1684007053734 90.201546 44
1684007053802 92.70285 45
1684007053870 94.75371 46
1684007053938 91.25221 47
1684007054002 84.41962 48
1684007054066 88.08099 49
1684007054134 88.23091 50
1684007054202 83.11542 51
1684007054266 88.16387 52
1684007054330 86.053474 53
1684007054398 81.86103 54
1684007054462 94.30873 55
1684007054530 99.98621 56
1684007054602 97.62794 57
1684007054666 91.96648 58
1684007054738 95.39929 59
1684007054806 94.53105 60
1684007054874 88.638306 61
1684007054938 84.21965 62
1684007055006 96.66476 63
1684007055070 102.992226 64
1684007055134 103.19922 65
1684007055202 99.38074 66
1684007055266 94.30232 67
1684007055334 91.55483 68
1684007055398 92.631325 69
1684007055470 96.53151 70
1684007055550 101.2099 71
1684007055622 104.99329 72
1684007055690 107.14197 73
1684007055758 111.90935 74
1684007055826 120.06385 75
1684007055894 117.51463 76
1684007055962 106.30809 77
1684007056026 100.24463 78
1684007056094 95.19167 79
1684007056158 89.345604 80
1684007056226 99.35917 81
1684007056290 105.08812 82
1684007056358 115.604805 83
1684007056422 132.79358 84
1684007056486 139.78586 85
1684007056554 134.5336 86
1684007056622 122.66073 87
1684007056690 109.03631 88
1684007056758 98.85018 89
1684007056830 96.22623 90
1684007056894 101.55588 91
1684007056958 113.98845 92
1684007057022 128.91469 93
1684007057094 138.93451 94
1684007057158 139.22998 95
1684007057226 129.81396 96
1684007057489 116.67973 97
1684007057669 108.41283 98
1684007057741 111.067314 99
1684007057809 121.50565 100
1684007057877 131.05704 101
1684007057945 133.38153 102
1684007058009 127.34859 103
1684007058077 117.06151 104
1684007058145 111.058304 105
1684007058213 114.70032 106
1684007058277 122.18146 107
1684007058345 125.05441 108
1684007058409 124.658585 109
1684007058477 121.41356 110
1684007058541 122.21887 111
1684007058609 117.93477 112
1684007058681 113.57568 113
1684007058745 120.235794 114
1684007058809 128.79816 115
1684007058877 132.92273 116
1684007058945 136.91068 117
1684007059013 135.49316 118
1684007059077 129.37616 119
1684007059145 119.433075 120
1684007059209 120.65668 121
1684007059281 127.033966 122
1684007059349 129.93503 123
1684007059417 129.78073 124
1684007059485 129.62646 125
1684007059553 145.85138 126
1684007059622 152.16788 127
1684007059694 147.95514 128
1684007059758 136.78209 129
1684007059826 126.09212 130
1684007059894 122.356964 131
1684007059966 118.4091 132
1684007060034 125.1597 133
1684007060098 140.7258 134
1684007060162 155.941 135
1684007060226 164.9502 136
1684007060294 165.88678 137
1684007060362 160.79903 138
1684007060430 151.9174 139
1684007060498 140.2836 140
1684007060562 129.80127 141
1684007060626 126.0873 142
1684007060694 133.5311 143
1684007060762 151.83861 144
1684007060834 173.38754 145
1684007060898 187.31717 146
1684007060966 187.64542 147
1684007061034 177.09698 148
1684007061098 161.18593 149
1684007061166 148.2127 150
1684007061230 146.29382 151
1684007061298 157.62889 152
1684007061366 176.02676 153
1684007061430 191.09195 154
1684007061522 198.03964 155
1684007061586 197.65347 156
1684007061654 193.1821 157
1684007061722 187.54626 158
1684007061786 182.4479 159
1684007061854 178.50119 160
1684007061922 175.03726 161
1684007061990 170.4253 162
1684007062054 164.47523 163
1684007062122 158.99132 164
1684007062186 156.58275 165
1684007062250 158.24254 166
1684007062314 162.6998 167
1684007062382 169.5157 168
1684007062450 176.61267 169
1684007062518 182.6766 170
1684007062586 186.71617 171
1684007062650 188.69983 172
1684007062722 189.3139 173
1684007062786 189.37894 174
1684007062858 189.46436 175
1684007062926 189.73354 176
1684007062994 189.0139 177
1684007063066 184.1709 178
1684007063133 175.43137 179
1684007063201 164.45433 180
1684007063269 157.63696 181
1684007063334 163.20215 182
1684007063406 181.67387 183
1684007063474 203.13147 184
1684007063538 215.35764 185
1684007063606 214.19867 186
1684007063690 205.00491 187
1684007063758 195.84311 188
1684007063826 191.35321 189
1684007063894 191.77075 190
1684007063958 194.89493 191
1684007064022 198.75266 192
1684007064083 202.23679 193
1684007064143 204.95662 194
1684007064207 206.90149 195
1684007064275 208.19836 196
1684007064343 208.99017 197
1684007064407 209.40466 198
1684007064680 209.54219 199
1684007064816 209.48273 200
1684007064888 209.27795 201
1684007064956 208.98161 202
1684007065020 208.64413 203
1684007065088 208.30383 204
1684007065156 207.9881 205
1684007065220 207.71239 206
1684007065288 207.45752 207
1684007065360 207.19356 208
1684007065424 206.89536 209
1684007065496 206.54019 210
1684007065560 206.12361 211
1684007065628 205.64473 212
1684007065692 205.09991 213
1684007065756 204.44855 214
1684007065824 203.71948 215
1684007065892 202.94864 216
1684007065960 202.18265 217
1684007066031 201.45737 218
1684007066099 200.7948 219
1684007066163 200.14021 220
1684007066231 199.43289 221
1684007066299 198.51715 222
1684007066367 197.00256 223
1684007066435 194.6623 224
1684007066503 191.67134 225
1684007066571 188.27682 226
1684007066639 184.79536 227
1684007066707 181.55038 228
1684007066775 178.71402 229
1684007066843 175.25377 230
1684007066911 170.46342 231
1684007066975 165.76665 232
1684007067039 162.75104 233
1684007067107 163.11566 234
1684007067175 168.06418 235
1684007067243 176.44121 236
1684007067307 184.62947 237
1684007067379 188.80458 238
1684007067447 187.78911 239
1684007067515 182.98967 240
1684007067583 177.6442 241
1684007067647 173.85959 242
1684007067727 172.15752 243
1684007067799 172.14359 244
1684007067867 173.20078 245
1684007067931 174.67513 246
1684007067995 175.9497 247
1684007068063 176.18077 248
1684007068127 175.3038 249
1684007068195 173.44272 250
