1684006851731 55.52394757952009 1
1684006851812 51.83598872593471 2
1684006851884 47.817693437848774 3
1684006851956 45.32327542986189 4
1684006852028 45.61032703944615 5
1684006852092 48.17990384783064 6
1684006852160 51.45104217529297 7
1684006852228 54.21034949166434 8
1684006852308 56.08755602155413 9
1684006852380 56.58804866245815 10
1684006852448 55.053758348737446 11
1684006852516 51.966985430036274 12
1684006852584 49.29222597394671 13
1684006852648 48.72423716953823 14
1684006852712 50.311275482177734 15
1684006852784 52.38777705601284 16
1684006852852 53.30787031991141 17
1684006852924 52.844880785260884 18
1684006852992 52.1308650970459 19
1684006853056 52.81329618181501 20
1684006853128 55.40741893223354 21
1684006853196 58.930650983537944 22
1684006853264 61.89824840000698 23
1684006853332 63.23379898071289 24
1684006853400 62.894902910505024 25
1684006853468 61.50240271432059 26
1684006853540 60.209906986781526 27
1684006853608 59.84318978445871 28
1684006853680 60.338662828717915 29
1684006853754 61.277571541922434 30
1684006853820 62.74119894845145 31
1684006853890 64.7398681640625 32
1684006853956 66.89710126604352 33
1684006854028 68.26550183977399 34
1684006854096 67.81984111240932 35
1684006854164 65.59303501674107 36
1684006854231 62.79666083199637 37
1684006854300 61.13206972394671 38
1684006854368 61.17424556187221 39
1684006854433 61.56060355050223 40
1684006854499 60.78422546386719 41
1684006854565 58.81105477469308 42
1684006854634 56.8706784929548 43
1684006854699 56.088475363595144 44
1684006854766 56.390307017735076 45
1684006854831 56.800284249441965 46
1684006854902 56.780857358660015 47
1684006854971 56.55171585083008 48
1684006855041 56.42756789071219 49
1684006855112 56.580091203962056 50
1684006855185 57.42520250592913 51
1684006855251 58.97450283595494 52
1684006855316 60.761298588344026 53
1684006855384 62.26643180847168 54
1684006855453 62.8526862008231 55
1684006855521 62.31557982308524 56
1684006855589 60.97263554164341 57
1684006855653 59.256229400634766 58
1684006855725 57.60125051225935 59
1684006855789 56.53918620518276 60
1684006855857 56.40535763331822 61
1684006855921 57.08122607639858 62
1684006855989 58.224492754255024 63
1684006856057 59.76704842703683 64
1684006856125 61.50348172869001 65
1684006856197 62.99827766418457 66
1684006856265 64.12167521885463 67
1684006856337 64.80265426635742 68
1684006856409 64.85898017883301 69
1684006856477 64.31204959324428 70
1684006856541 63.915630613054546 71
1684006856609 64.62057195390973 72
1684006856677 66.60566547938755 73
1684006856749 69.06234686715263 74
1684006856813 71.25188446044922 75
1684006856881 73.2748693738665 76
1684006856949 74.93220138549805 77
1684006857017 75.10506766183036 78
1684006857085 73.03678240094867 79
1684006857153 70.04215676443917 80
1684006857217 68.71947969709124 81
1684006857285 70.45351082938058 82
1684006857353 74.37614386422294 83
1684006857425 77.83511025565011 84
1684006857493 78.8513423374721 85
1684006857561 77.68978772844586 86
1684006857629 75.88062286376953 87
1684006857701 74.2431411743164 88
1684006857773 72.51178250994 89
1684006857837 70.66088158743722 90
1684006857905 69.32744652884347 91
1684006857969 69.30460303170341 92
1684006858033 70.76484135219029 93
1684006858101 72.66271155221122 94
1684006858165 73.47882189069476 95
1684006858241 72.19870376586914 96
1684006858305 68.903318132673 97
1684006858373 64.85406712123326 98
1684006858445 61.973021371024 99
1684006858513 61.81280354091099 100
1684006858581 64.75691550118583 101
1684006858665 69.27761132376534 102
1684006858733 73.21079853602818 103
1684006858797 74.94225910731724 104
1684006858865 74.06121608189174 105
1684006858933 71.12253189086914 106
1684006858997 67.19832938058036 107
1684006859069 63.496446337018696 108
1684006859133 61.13638659885952 109
1684006859201 60.92201123918806 110
1684006859269 62.44317354474749 111
1684006859337 64.46370261056083 112
1684006859401 65.71759741646903 113
1684006859465 65.47301483154297 114
1684006859537 64.23020417349679 115
1684006859601 63.69773156302316 116
1684006859669 65.1059216090611 117
1684006859733 68.53108869280133 118
1684006859797 73.11331122262138 119
1684006859861 77.13026482718331 120
1684006859925 78.73400824410575 121
1684006860223 77.91062709263393 122
1684006860375 76.20413752964565 123
1684006860453 75.41992705208915 124
1684006860533 76.66564232962472 125
1684006860605 79.48066983904157 126
1684006860677 81.29771641322544 127
1684006860745 79.67322485787528 128
1684006860817 75.11228016444615 129
1684006860881 70.58407538277763 130
1684006860949 68.6866318838937 131
1684006861017 69.31663840157645 132
1684006861085 70.92725699288505 133
1684006861153 72.56071036202567 134
1684006861221 74.41982105800084 135
1684006861289 76.80822862897601 136
1684006861353 79.26622063773019 137
1684006861421 80.80591365269252 138
1684006861617 81.06751142229352 139
1684006861761 80.28458404541016 140
1684006861846 78.87317984444755 141
1684006861926 77.22101756504604 142
1684006861994 76.17194366455078 143
1684006862062 75.8120972769601 144
1684006862126 75.61434391566685 145
1684006862194 75.03060150146484 146
1684006862258 74.35509654453823 147
1684006862326 74.15863582066127 148
1684006862394 74.64331654139927 149
1684006862463 75.63704245431083 150
1684006862523 77.10361862182617 151
1684006862591 79.07022748674665 152
1684006862663 81.06645911080497 153
1684006862732 82.13981573922294 154
1684006862800 82.06650107247489 155
1684006862864 81.59519631522042 156
1684006862936 82.21778760637555 157
1684006863004 84.52745819091797 158
1684006863072 87.4273180280413 159
1684006863140 89.2917949131557 160
1684006863208 88.87914657592773 161
1684006863276 86.22028459821429 162
1684006863344 82.91241073608398 163
1684006863412 80.99289648873466 164
1684006863480 81.19840349469867 165
1684006863548 82.55586460658482 166
1684006863616 84.03152792794364 167
1684006863684 84.72062683105469 168
1684006863757 84.07133374895368 169
1684006863824 82.53275299072266 170
1684006863888 81.26354598999023 171
1684006863952 81.18462535313198 172
1684006864016 82.1949326651437 173
1684006864084 83.56494631086078 174
1684006864152 84.83124542236328 175
1684006864216 85.7343395778111 176
1684006864280 86.00327736990792 177
1684006864344 85.70303726196289 178
1684006864412 85.66362871442523 179
1684006864482 87.0196783883231 180
1684006864550 89.5770241873605 181
1684006864618 91.97989927019391 182
1684006864686 93.10536738804409 183
1684006864755 92.34963117327008 184
1684006864823 89.92704010009766 185
1684006864892 87.3385865347726 186
1684006864964 86.33740833827427 187
1684006865030 87.52791704450335 188
1684006865098 89.66800090244838 189
1684006865167 91.42315673828125 190
1684006865236 92.45962524414062 191
1684006865304 92.45936094011579 192
1684006865371 91.00947516305106 193
1684006865438 88.64380209786552 194
1684006865507 86.62959616524833 195
1684006865580 85.37014879499164 196
1684006865648 84.29299436296735 197
1684006865714 82.81845256260463 198
1684006865779 81.18818392072406 199
1684006865846 80.17590005057198 200
1684006865914 80.03618213108608 201
1684006865979 80.27183859688895 202
1684006866047 80.14365141732353 203
1684006866115 79.65688105991909 204
1684006866184 79.52015086582729 205
1684006866254 80.61349024091449 206
1684006866323 82.88578251429966 207
1684006866392 85.51979500906808 208
1684006866460 87.10684095110211 209
1684006866524 86.90805108206612 210
1684006866593 85.55891718183246 211
1684006866661 84.34653091430664 212
1684006866727 84.2579814365932 213
1684006866792 85.57881437029157 214
1684006866857 87.93121174403599 215
1684006866924 90.05436216081891 216
1684006866993 90.82276616777692 217
1684006867057 90.43054471697126 218
1684006867124 90.29885973249164 219
1684006867196 91.3864277430943 220
1684006867263 93.20947102137974 221
1684006867332 94.14028876168388 222
1684006867400 93.13262448992047 223
1684006867468 90.62788827078683 224
1684006867538 87.98830468314034 225
1684006867608 86.53490774972099 226
1684006867674 87.1358026776995 227
1684006867740 90.17814418247768 228
1684006867811 94.87133680071149 229
1684006867878 99.33429391043526 230
1684006867943 101.60567474365234 231
1684006868010 101.26351983206612 232
1684006868079 98.90155683244977 233
1684006868147 95.62718200683594 234
1684006868214 92.74961144583565 235
1684006868280 91.55204909188407 236
1684006868345 92.42411422729492 237
1684006868412 94.24069813319615 238
1684006868478 95.30054392133441 239
1684006868556 94.9588851928711 240
1684006868627 93.93705667768207 241
1684006868696 93.41278185163226 242
1684006868764 93.77315548488072 243
1684006868832 94.29628154209682 244
1684006868902 94.00934219360352 245
1684006868970 92.70993205479213 246
1684006869038 90.82857622419085 247
1684006869111 88.88603809901646 248
1684006869181 87.3322274344308 249
1684006869254 86.75036457606724 250
