1683585154406 1.2218546 1
1683585154419 1.1264448 2
1683585154433 1.1046543 3
1683585154446 1.1065714 4
1683585154460 1.106123 5
1683585154474 1.0944061 6
1683585154489 1.0715005 7
1683585154503 1.0412613 8
1683585154516 1.0081708 9
1683585154530 0.97580147 10
1683585154543 0.94669706 11
1683585154557 0.9221366 12
1683585154571 0.9024826 13
1683585154585 0.8875277 14
1683585154599 0.87674403 15
1683585154613 0.86945415 16
1683585154627 0.8649075 17
1683585154640 0.8624376 18
1683585154654 0.8614252 19
1683585154667 0.8613341 20
1683585154681 0.86172163 21
1683585154694 0.86225593 22
1683585154708 0.86266065 23
1683585154722 0.8627457 24
1683585154735 0.8623879 25
1683585154750 0.8615162 26
1683585154763 0.86010003 27
1683585154777 0.8581386 28
1683585154791 0.8556517 29
1683585154805 0.85267204 30
1683585154820 0.8492401 31
1683585154833 0.8453992 32
1683585154847 0.84119225 33
1683585154861 0.83665955 34
1683585154874 0.83183736 35
1683585154889 0.82675666 36
1683585154903 0.8214427 37
1683585154918 0.815915 38
1683585154932 0.8101871 39
1683585154946 0.80426687 40
1683585154959 0.79815733 41
1683585154973 0.7918569 42
1683585154988 0.7853607 43
1683585155004 0.7786609 44
1683585155019 0.77174896 45
1683585155034 0.76461595 46
1683585155049 0.75725484 47
1683585155066 0.74966156 48
1683585155080 0.74183655 49
1683585155094 0.7337861 50
1683585155107 0.72552305 51
1683585155123 0.7170671 52
1683585155137 0.7084445 53
1683585155150 0.69968677 54
1683585155164 0.69082963 55
1683585155181 0.6819109 56
1683585155195 0.6729686 57
1683585155208 0.6640394 58
1683585155222 0.65515685 59
1683585155236 0.646351 60
1683585155251 0.63764745 61
1683585155266 0.62906784 62
1683585155280 0.6206296 63
1683585155293 0.61234653 64
1683585155308 0.6042295 65
1683585155322 0.5962868 66
1683585155335 0.5885243 67
1683585155349 0.5809473 68
1683585155362 0.57355785 69
1683585155376 0.5663578 70
1683585155389 0.55934787 71
1683585155402 0.5525285 72
1683585155416 0.5458992 73
1683585155430 0.539459 74
1683585155445 0.5332065 75
1683585155458 0.52714 76
1683585155473 0.5212575 77
1683585155488 0.5155567 78
1683585155502 0.51003516 79
1683585155515 0.5046902 80
1683585155529 0.49951902 81
1683585155543 0.49451876 82
1683585155558 0.48968646 83
1683585155573 0.48501894 84
1683585155587 0.48051316 85
1683585155601 0.47616577 86
1683585155617 0.47197363 87
1683585155632 0.4679333 88
1683585155645 0.46404153 89
1683585155660 0.46029502 90
1683585155675 0.45669025 91
1683585155688 0.45322397 92
1683585155705 0.44989282 93
1683585155719 0.44669336 94
1683585155734 0.44362238 95
1683585155748 0.44067648 96
1683585155763 0.43785244 97
1683585155777 0.4351469 98
1683585155791 0.43255675 99
1683585155806 0.43007874 100
1683585155819 0.4277098 101
1683585155833 0.42544675 102
1683585155847 0.4232866 103
1683585155861 0.42122632 104
1683585155875 0.41926295 105
1683585155889 0.4173936 106
1683585155903 0.41561538 107
1683585155918 0.41392553 108
1683585155932 0.41232127 109
1683585155945 0.41079992 110
1683585155958 0.4093588 111
1683585155971 0.40799537 112
1683585155985 0.40670702 113
1683585155999 0.40549126 114
1683585156013 0.40434572 115
1683585156027 0.40326798 116
1683585156042 0.40225577 117
1683585156056 0.40130675 118
1683585156070 0.40041873 119
1683585156085 0.39958957 120
1683585156100 0.39881715 121
1683585156115 0.39809945 122
1683585156129 0.3974344 123
1683585156143 0.39682013 124
1683585156157 0.3962547 125
1683585156170 0.39573625 126
1683585156184 0.39526305 127
1683585156198 0.39483333 128
1683585156212 0.39444536 129
1683585156227 0.39409754 130
1683585156240 0.39378828 131
1683585156253 0.39351603 132
1683585156267 0.3932793 133
1683585156280 0.39307663 134
1683585156293 0.39290658 135
1683585156306 0.39276785 136
1683585156319 0.39265907 137
1683585156332 0.392579 138
1683585156345 0.3925264 139
1683585156359 0.39250004 140
1683585156372 0.3924988 141
1683585156385 0.39252153 142
1683585156399 0.39256722 143
1683585156413 0.3926348 144
1683585156426 0.3927232 145
1683585156440 0.39283153 146
1683585156454 0.39295882 147
1683585156468 0.39310423 148
1683585156481 0.3932668 149
1683585156495 0.3934457 150
1683585156508 0.39364022 151
1683585156521 0.39384943 152
1683585156534 0.39407274 153
1683585156549 0.39430934 154
1683585156563 0.39455855 155
1683585156577 0.39481962 156
1683585156592 0.39509207 157
1683585156606 0.3953752 158
1683585156620 0.3956684 159
1683585156633 0.39597106 160
1683585156648 0.39628273 161
1683585156662 0.39660287 162
1683585156676 0.39693087 163
1683585156689 0.3972663 164
1683585156703 0.3976087 165
1683585156717 0.39795768 166
1683585156731 0.39831272 167
1683585156745 0.39867342 168
1683585156758 0.3990394 169
1683585156772 0.3994103 170
1683585156786 0.3997857 171
1683585156800 0.40016532 172
1683585156814 0.40054876 173
1683585156827 0.4009357 174
1683585156841 0.40132594 175
1683585156856 0.40171903 176
1683585156870 0.4021148 177
1683585156883 0.40251294 178
1683585156897 0.4029132 179
1683585156911 0.4033153 180
1683585156926 0.40371904 181
1683585156941 0.4041242 182
1683585156955 0.40453053 183
1683585156970 0.40493786 184
1683585156985 0.40534598 185
1683585157001 0.4057547 186
1683585157017 0.4061638 187
1683585157033 0.40657318 188
1683585157048 0.4069827 189
1683585157062 0.40739202 190
1683585157076 0.40780124 191
1683585157093 0.40821004 192
1683585157107 0.4086184 193
1683585157121 0.4090261 194
1683585157135 0.40943307 195
1683585157150 0.40983915 196
1683585157165 0.4102443 197
1683585157180 0.41064835 198
1683585157194 0.4110512 199
1683585157209 0.4114528 200
1683585157224 0.41185308 201
1683585157238 0.41225186 202
1683585157252 0.41264912 203
1683585157267 0.4130448 204
1683585157282 0.41343886 205
1683585157295 0.4138311 206
1683585157309 0.41422158 207
1683585157322 0.4146102 208
1683585157336 0.4149969 209
1683585157350 0.4153816 210
1683585157363 0.41576433 211
1683585157378 0.41614494 212
1683585157393 0.4165235 213
1683585157406 0.4168998 214
1683585157419 0.41727394 215
1683585157433 0.41764587 216
1683585157446 0.4180155 217
1683585157459 0.41838288 218
1683585157473 0.4187479 219
1683585157486 0.41911054 220
1683585157499 0.41947085 221
1683585157513 0.4198287 222
1683585157526 0.4201842 223
1683585157541 0.4205372 224
1683585157555 0.42088774 225
1683585157569 0.42123583 226
1683585157585 0.42158142 227
1683585157600 0.4219245 228
1683585157614 0.42226505 229
1683585157628 0.4226031 230
1683585157642 0.42293862 231
1683585157656 0.42327154 232
1683585157670 0.42360198 233
1683585157683 0.42392984 234
1683585157698 0.4242552 235
1683585157712 0.42457792 236
1683585157727 0.42489812 237
1683585157742 0.42521572 238
1683585157756 0.42553076 239
1683585157771 0.42584333 240
1683585157785 0.42615324 241
1683585157800 0.42646065 242
1683585157815 0.42676544 243
1683585157830 0.42706776 244
1683585157843 0.4273675 245
1683585157857 0.4276647 246
1683585157871 0.42795938 247
1683585157886 0.42825153 248
1683585157900 0.42854112 249
1683585157914 0.42882824 250
