1683584787889 1.3178972 1
1683584787903 1.2214463 2
1683584787916 1.1998365 3
1683584787930 1.2021627 4
1683584787943 1.2019382 5
1683584787957 1.189959 6
1683584787970 1.1662571 7
1683584787983 1.1348468 8
1683584787997 1.1003478 9
1683584788011 1.0665427 10
1683584788024 1.0358257 11
1683584788038 1.0096174 12
1683584788051 0.98835415 13
1683584788065 0.97186565 14
1683584788078 0.95963407 15
1683584788092 0.95092714 16
1683584788105 0.94504404 17
1683584788118 0.94127953 18
1683584788131 0.9389776 19
1683584788145 0.93759835 20
1683584788158 0.93669116 21
1683584788171 0.9359007 22
1683584788184 0.9349626 23
1683584788198 0.933692 24
1683584788211 0.9319713 25
1683584788225 0.92973715 26
1683584788238 0.92696726 27
1683584788251 0.92366993 28
1683584788265 0.9198737 29
1683584788278 0.91562057 30
1683584788292 0.9109594 31
1683584788305 0.90594184 32
1683584788318 0.90061843 33
1683584788332 0.89503694 34
1683584788345 0.8892406 35
1683584788358 0.88326734 36
1683584788371 0.87714875 37
1683584788385 0.87091064 38
1683584788398 0.86457276 39
1683584788412 0.858149 40
1683584788425 0.8516476 41
1683584788438 0.84507245 42
1683584788452 0.83842254 43
1683584788465 0.8316939 44
1683584788478 0.82487917 45
1683584788491 0.8179697 46
1683584788505 0.81095576 47
1683584788518 0.8038282 48
1683584788531 0.79657906 49
1683584788545 0.7892033 50
1683584788558 0.7816992 51
1683584788572 0.77406985 52
1683584788585 0.7663233 53
1683584788599 0.7584727 54
1683584788612 0.7505361 55
1683584788625 0.74253565 56
1683584788639 0.7344966 57
1683584788653 0.7264459 58
1683584788666 0.7184106 59
1683584788679 0.71041715 60
1683584788692 0.70248973 61
1683584788705 0.6946499 62
1683584788718 0.68691623 63
1683584788732 0.6793042 64
1683584788745 0.6718262 65
1683584788758 0.664492 66
1683584788771 0.65730906 67
1683584788784 0.65028274 68
1683584788798 0.64341813 69
1683584788811 0.6367163 70
1683584788824 0.63017833 71
1683584788838 0.6238049 72
1683584788851 0.61759585 73
1683584788865 0.61155057 74
1683584788878 0.60566807 75
1683584788891 0.59994674 76
1683584788904 0.5943849 77
1683584788918 0.5889808 78
1683584788931 0.5837321 79
1683584788944 0.57863665 80
1683584788957 0.5736923 81
1683584788971 0.56889653 82
1683584788984 0.56424695 83
1683584788997 0.5597364 84
1683584789010 0.55536675 85
1683584789023 0.5511368 86
1683584789036 0.5470439 87
1683584789050 0.5430856 88
1683584789063 0.53925896 89
1683584789076 0.53556126 90
1683584789089 0.53199005 91
1683584789102 0.5285425 92
1683584789116 0.52521634 93
1683584789129 0.5220089 94
1683584789142 0.51891774 95
1683584789155 0.5159404 96
1683584789168 0.5130745 97
1683584789182 0.5103176 98
1683584789195 0.5076674 99
1683584789208 0.5051216 100
1683584789222 0.50267786 101
1683584789235 0.5003339 102
1683584789248 0.49808753 103
1683584789261 0.49593654 104
1683584789274 0.49387875 105
1683584789288 0.49191207 106
1683584789301 0.49003443 107
1683584789315 0.48824373 108
1683584789328 0.48653793 109
1683584789342 0.48491505 110
1683584789355 0.4833731 111
1683584789369 0.48191014 112
1683584789383 0.48052424 113
1683584789396 0.4792136 114
1683584789411 0.47797623 115
1683584789425 0.4768104 116
1683584789439 0.4757143 117
1683584789452 0.47468606 118
1683584789466 0.47372404 119
1683584789479 0.4728265 120
1683584789492 0.47199172 121
1683584789506 0.47121805 122
1683584789519 0.47050387 123
1683584789533 0.4698475 124
1683584789547 0.46924743 125
1683584789561 0.46870208 126
1683584789575 0.4682098 127
1683584789588 0.46776927 128
1683584789601 0.46737885 129
1683584789614 0.46703714 130
1683584789628 0.46674272 131
1683584789641 0.46649414 132
1683584789654 0.46629003 133
1683584789667 0.466129 134
1683584789681 0.46600977 135
1683584789694 0.46593097 136
1683584789707 0.4658914 137
1683584789721 0.4658897 138
1683584789734 0.46592468 139
1683584789747 0.46599507 140
1683584789760 0.46609974 141
1683584789773 0.46623752 142
1683584789787 0.4664072 143
1683584789800 0.46660775 144
1683584789813 0.466838 145
1683584789826 0.46709692 146
1683584789839 0.46738338 147
1683584789852 0.46769643 148
1683584789866 0.468035 149
1683584789880 0.4683982 150
1683584789893 0.468785 151
1683584789906 0.46919435 152
1683584789919 0.4696256 153
1683584789933 0.47007754 154
1683584789946 0.4705495 155
1683584789959 0.4710405 156
1683584789972 0.4715498 157
1683584789986 0.47207657 158
1683584789999 0.4726199 159
1683584790012 0.47317913 160
1683584790026 0.47375342 161
1683584790039 0.4743421 162
1683584790052 0.4749444 163
1683584790066 0.4755596 164
1683584790079 0.47618708 165
1683584790092 0.47682613 166
1683584790106 0.47747612 167
1683584790119 0.47813636 168
1683584790132 0.47880632 169
1683584790145 0.4794853 170
1683584790158 0.4801728 171
1683584790172 0.48086828 172
1683584790185 0.48157114 173
1683584790198 0.48228085 174
1683584790211 0.48299688 175
1683584790224 0.4837187 176
1683584790238 0.48444593 177
1683584790251 0.48517802 178
1683584790264 0.4859145 179
1683584790277 0.48665497 180
1683584790291 0.48739904 181
1683584790304 0.48814616 182
1683584790317 0.488896 183
1683584790330 0.48964816 184
1683584790343 0.49040237 185
1683584790356 0.49115807 186
1683584790369 0.49191508 187
1683584790383 0.49267292 188
1683584790396 0.4934314 189
1683584790409 0.4941901 190
1683584790422 0.49494871 191
1683584790435 0.495707 192
1683584790449 0.49646464 193
1683584790462 0.4972214 194
1683584790475 0.49797696 195
1683584790488 0.49873108 196
1683584790502 0.49948356 197
1683584790515 0.5002341 198
1683584790528 0.5009826 199
1683584790541 0.5017286 200
1683584790555 0.5024721 201
1683584790568 0.50321287 202
1683584790581 0.5039507 203
1683584790594 0.5046854 204
1683584790608 0.50541675 205
1683584790621 0.50614464 206
1683584790634 0.5068689 207
1683584790647 0.50758934 208
1683584790661 0.5083059 209
1683584790674 0.5090183 210
1683584790687 0.5097266 211
1683584790700 0.5104306 212
1683584790713 0.51113 213
1683584790726 0.5118249 214
1683584790739 0.5125152 215
1683584790753 0.51320064 216
1683584790766 0.5138812 217
1683584790779 0.5145569 218
1683584790792 0.51522744 219
1683584790805 0.515893 220
1683584790819 0.5165532 221
1683584790832 0.5172082 222
1683584790845 0.51785785 223
1683584790859 0.5185021 224
1683584790872 0.5191409 225
1683584790885 0.5197742 226
1683584790898 0.52040195 227
1683584790911 0.5210241 228
1683584790924 0.5216406 229
1683584790937 0.5222515 230
1683584790950 0.5228566 231
1683584790963 0.52345586 232
1683584790976 0.52404946 233
1683584790989 0.5246372 234
1683584791002 0.5252192 235
1683584791015 0.52579534 236
1683584791028 0.52636564 237
1683584791041 0.52693003 238
1683584791054 0.5274886 239
1683584791067 0.5280413 240
1683584791080 0.52858806 241
1683584791094 0.52912897 242
1683584791107 0.529664 243
1683584791120 0.5301931 244
1683584791133 0.5307163 245
1683584791146 0.5312337 246
1683584791159 0.53174525 247
1683584791173 0.5322509 248
1683584791186 0.5327507 249
1683584791200 0.5332446 250
