1683583642008 1.261769 1
1683583642023 1.1741239 2
1683583642038 1.1586787 3
1683583642052 1.1660967 4
1683583642067 1.1705198 5
1683583642082 1.1629629 6
1683583642096 1.1434046 7
1683583642109 1.115715 8
1683583642123 1.0845091 9
1683583642137 1.0536257 10
1683583642151 1.0256574 11
1683583642164 1.0020317 12
1683583642178 0.9832748 13
1683583642192 0.96930206 14
1683583642206 0.95966023 15
1683583642220 0.95370686 16
1683583642233 0.95073247 17
1683583642247 0.95003974 18
1683583642260 0.9509904 19
1683583642274 0.953031 20
1683583642288 0.95570433 21
1683583642301 0.9586488 22
1683583642315 0.9615927 23
1683583642329 0.96434355 24
1683583642344 0.96677566 25
1683583642357 0.9688177 26
1683583642370 0.9704404 27
1683583642384 0.97164583 28
1683583642398 0.97245824 29
1683583642411 0.9729172 30
1683583642425 0.9730713 31
1683583642438 0.97297364 32
1683583642453 0.9726795 33
1683583642468 0.9722432 34
1683583642482 0.9717169 35
1683583642495 0.971149 36
1683583642510 0.9705839 37
1683583642526 0.9700618 38
1683583642542 0.9696183 39
1683583642557 0.9692849 40
1683583642572 0.96908855 41
1683583642586 0.9690523 42
1683583642600 0.9691957 43
1683583642613 0.96953464 44
1683583642627 0.9700819 45
1683583642640 0.9708475 46
1683583642654 0.9718391 47
1683583642668 0.9730623 48
1683583642683 0.9745208 49
1683583642697 0.9762168 50
1683583642710 0.97815156 51
1683583642724 0.9803249 52
1683583642738 0.9827362 53
1683583642752 0.9853841 54
1683583642765 0.9882667 55
1683583642779 0.9913821 56
1683583642793 0.9947281 57
1683583642807 0.9983023 58
1683583642821 1.0021023 59
1683583642834 1.0061258 60
1683583642848 1.0103705 61
1683583642862 1.0148344 62
1683583642876 1.0195155 63
1683583642890 1.0244118 64
1683583642904 1.0295216 65
1683583642918 1.0348434 66
1683583642931 1.0403757 67
1683583642945 1.0461174 68
1683583642959 1.0520673 69
1683583642972 1.058224 70
1683583642987 1.0645869 71
1683583643001 1.0711551 72
1683583643017 1.0779278 73
1683583643031 1.0849042 74
1683583643045 1.0920838 75
1683583643060 1.0994662 76
1683583643075 1.1070504 77
1683583643089 1.1148363 78
1683583643103 1.1228232 79
1683583643116 1.1310108 80
1683583643130 1.1393985 81
1683583643143 1.1479859 82
1683583643157 1.1567726 83
1683583643170 1.1657581 84
1683583643183 1.1749423 85
1683583643197 1.1843241 86
1683583643211 1.1939036 87
1683583643224 1.2036803 88
1683583643237 1.2136536 89
1683583643251 1.2238228 90
1683583643265 1.234188 91
1683583643278 1.2447481 92
1683583643292 1.2555033 93
1683583643306 1.2664523 94
1683583643319 1.277595 95
1683583643333 1.2889308 96
1683583643348 1.3004593 97
1683583643361 1.3121796 98
1683583643375 1.3240914 99
1683583643389 1.336194 100
1683583643402 1.3484869 101
1683583643415 1.3609697 102
1683583643429 1.3736413 103
1683583643443 1.3865013 104
1683583643456 1.3995495 105
1683583643470 1.4127847 106
1683583643484 1.4262064 107
1683583643499 1.4398141 108
1683583643513 1.4536073 109
1683583643527 1.4675848 110
1683583643542 1.4817467 111
1683583643557 1.4960918 112
1683583643572 1.5106196 113
1683583643587 1.5253294 114
1683583643602 1.5402206 115
1683583643617 1.5552924 116
1683583643634 1.5705442 117
1683583643648 1.5859754 118
1683583643661 1.6015851 119
1683583643675 1.6173728 120
1683583643688 1.633338 121
1683583643701 1.6494794 122
1683583643715 1.6657966 123
1683583643728 1.6822891 124
1683583643742 1.6989559 125
1683583643756 1.7157965 126
1683583643769 1.73281 127
1683583643783 1.7499958 128
1683583643797 1.7673532 129
1683583643811 1.7848814 130
1683583643825 1.8025796 131
1683583643839 1.8204472 132
1683583643852 1.8384833 133
1683583643866 1.8566873 134
1683583643879 1.8750585 135
1683583643893 1.8935962 136
1683583643907 1.9122993 137
1683583643920 1.9311672 138
1683583643933 1.9501992 139
1683583643946 1.9693947 140
1683583643960 1.9887527 141
1683583643973 2.0082724 142
1683583643986 2.0279531 143
1683583644000 2.047794 144
1683583644013 2.0677943 145
1683583644026 2.0879536 146
1683583644040 2.1082702 147
1683583644053 2.1287441 148
1683583644067 2.1493745 149
1683583644080 2.1701598 150
1683583644094 2.1911 151
1683583644107 2.212194 152
1683583644121 2.2334409 153
1683583644138 2.2548397 154
1683583644152 2.27639 155
1683583644167 2.2980905 156
1683583644180 2.3199406 157
1683583644194 2.3419394 158
1683583644208 2.3640866 159
1683583644221 2.3863804 160
1683583644235 2.4088204 161
1683583644249 2.4314055 162
1683583644262 2.454135 163
1683583644276 2.4770083 164
1683583644290 2.500024 165
1683583644303 2.5231812 166
1683583644317 2.5464792 167
1683583644330 2.5699172 168
1683583644344 2.593494 169
1683583644357 2.6172087 170
1683583644372 2.6410608 171
1683583644385 2.6650486 172
1683583644399 2.6891718 173
1683583644412 2.713429 174
1683583644425 2.7378197 175
1683583644439 2.762342 176
1683583644452 2.7869961 177
1683583644465 2.8117805 178
1683583644479 2.8366938 179
1683583644492 2.8617353 180
1683583644505 2.8869045 181
1683583644518 2.9121995 182
1683583644531 2.9376197 183
1683583644544 2.963164 184
1683583644558 2.9888315 185
1683583644571 3.0146208 186
1683583644584 3.0405312 187
1683583644598 3.0665612 188
1683583644611 3.0927105 189
1683583644624 3.118977 190
1683583644638 3.1453602 191
1683583644652 3.1718588 192
1683583644665 3.1984715 193
1683583644679 3.2251978 194
1683583644693 3.2520356 195
1683583644706 3.2789845 196
1683583644720 3.3060431 197
1683583644734 3.3332105 198
1683583644747 3.360485 199
1683583644761 3.3878655 200
1683583644775 3.4153512 201
1683583644789 3.4429402 202
1683583644803 3.4706318 203
1683583644816 3.4984248 204
1683583644830 3.5263176 205
1683583644843 3.554309 206
1683583644857 3.5823984 207
1683583644870 3.6105833 208
1683583644883 3.6388633 209
1683583644896 3.6672373 210
1683583644910 3.6957026 211
1683583644923 3.7242591 212
1683583644936 3.7529056 213
1683583644950 3.7816396 214
1683583644963 3.8104606 215
1683583644976 3.8393672 216
1683583644990 3.8683581 217
1683583645004 3.8974311 218
1683583645017 3.926586 219
1683583645030 3.95582 220
1683583645044 3.9851322 221
1683583645059 4.014522 222
1683583645072 4.0439873 223
1683583645087 4.073526 224
1683583645101 4.103137 225
1683583645116 4.13282 226
1683583645129 4.1625714 227
1683583645143 4.192391 228
1683583645156 4.2222767 229
1683583645169 4.252228 230
1683583645182 4.282242 231
1683583645196 4.312318 232
1683583645209 4.342454 233
1683583645222 4.3726482 234
1683583645235 4.4028997 235
1683583645250 4.4332056 236
1683583645265 4.463566 237
1683583645281 4.493978 238
1683583645295 4.52444 239
1683583645309 4.5549507 240
1683583645324 4.5855083 241
1683583645337 4.6161118 242
1683583645352 4.646758 243
1683583645366 4.6774454 244
1683583645379 4.7081738 245
1683583645393 4.7389402 246
1683583645406 4.769743 247
1683583645419 4.80058 248
1683583645433 4.8314505 249
1683583645446 4.8623514 250
