1683583295529 1.2225395 1
1683583295543 1.131254 2
1683583295557 1.1110625 3
1683583295573 1.1133146 4
1683583295587 1.112643 5
1683583295602 1.1003773 6
1683583295617 1.0765833 7
1683583295632 1.0448487 8
1683583295646 1.0098547 9
1683583295660 0.97530806 10
1683583295674 0.9436312 11
1683583295688 0.916085 12
1683583295703 0.89312315 13
1683583295717 0.8746242 14
1683583295732 0.86010337 15
1683583295747 0.84891075 16
1683583295765 0.84034944 17
1683583295781 0.8337484 18
1683583295795 0.82850355 19
1683583295810 0.8240985 20
1683583295825 0.8201122 21
1683583295839 0.8162167 22
1683583295853 0.8121831 23
1683583295867 0.80784476 24
1683583295883 0.8030988 25
1683583295897 0.79789156 26
1683583295912 0.7922062 27
1683583295927 0.78605396 28
1683583295940 0.7794665 29
1683583295954 0.7724885 30
1683583295968 0.7651727 31
1683583295982 0.75757504 32
1683583295995 0.74975157 33
1683583296008 0.74175656 34
1683583296022 0.73364043 35
1683583296036 0.7254498 36
1683583296049 0.71722627 37
1683583296062 0.7090067 38
1683583296075 0.7008232 39
1683583296089 0.69270337 40
1683583296104 0.6846706 41
1683583296118 0.6767446 42
1683583296133 0.66894114 43
1683583296146 0.66127354 44
1683583296160 0.6537521 45
1683583296173 0.64638466 46
1683583296187 0.63917744 47
1683583296200 0.63213444 48
1683583296213 0.6252588 49
1683583296227 0.6185518 50
1683583296240 0.6120141 51
1683583296253 0.6056452 52
1683583296267 0.59944415 53
1683583296280 0.5934093 54
1683583296293 0.5875385 55
1683583296306 0.58182955 56
1683583296321 0.5762799 57
1683583296335 0.5710082 58
1683583296351 0.5659168 59
1683583296366 0.56097543 60
1683583296380 0.55617404 61
1683583296395 0.5515083 62
1683583296410 0.54697573 63
1683583296425 0.5425744 64
1683583296439 0.53830284 65
1683583296454 0.53415966 66
1683583296468 0.5301437 67
1683583296483 0.526254 68
1683583296497 0.52249 69
1683583296510 0.5188513 70
1683583296524 0.51533806 71
1683583296538 0.51195055 72
1683583296552 0.5086893 73
1683583296566 0.5055552 74
1683583296580 0.5025494 75
1683583296594 0.49967304 76
1683583296608 0.49692768 77
1683583296622 0.49431473 78
1683583296635 0.49183577 79
1683583296649 0.48949248 80
1683583296664 0.48728636 81
1683583296678 0.48521894 82
1683583296691 0.4832917 83
1683583296704 0.4815059 84
1683583296718 0.47986263 85
1683583296732 0.47836274 86
1683583296745 0.4770069 87
1683583296758 0.4757954 88
1683583296772 0.47472808 89
1683583296785 0.4738995 90
1683583296798 0.47324488 91
1683583296811 0.47274107 92
1683583296824 0.47237876 93
1683583296838 0.47215295 94
1683583296851 0.47205994 95
1683583296864 0.47209632 96
1683583296878 0.4722586 97
1683583296892 0.47254306 98
1683583296908 0.4729457 99
1683583296924 0.47346237 100
1683583296937 0.47408873 101
1683583296951 0.47482067 102
1683583296967 0.47565365 103
1683583296981 0.47658354 104
1683583296996 0.4776062 105
1683583297010 0.47871774 106
1683583297023 0.47991422 107
1683583297037 0.481192 108
1683583297050 0.48254746 109
1683583297064 0.48397708 110
1683583297077 0.4854775 111
1683583297090 0.48704547 112
1683583297103 0.48867768 113
1683583297116 0.4903711 114
1683583297130 0.49212265 115
1683583297143 0.49392933 116
1683583297157 0.4957883 117
1683583297170 0.49769676 118
1683583297183 0.49965197 119
1683583297196 0.5016513 120
1683583297209 0.5036922 121
1683583297222 0.50577235 122
1683583297235 0.5078893 123
1683583297249 0.5100407 124
1683583297263 0.5122245 125
1683583297277 0.51443857 126
1683583297290 0.5166809 127
1683583297303 0.5189495 128
1683583297317 0.5212426 129
1683583297330 0.5235584 130
1683583297343 0.5258951 131
1683583297356 0.5282512 132
1683583297370 0.53062505 133
1683583297383 0.53301513 134
1683583297397 0.5354202 135
1683583297410 0.5378387 136
1683583297423 0.5402694 137
1683583297436 0.54271096 138
1683583297449 0.5451623 139
1683583297462 0.5476222 140
1683583297475 0.55008966 141
1683583297487 0.55256367 142
1683583297500 0.5550431 143
1683583297513 0.55752724 144
1683583297526 0.5600151 145
1683583297539 0.56250584 146
1683583297553 0.5649987 147
1683583297566 0.56749284 148
1683583297579 0.56998783 149
1683583297593 0.5724827 150
1683583297606 0.57497704 151
1683583297620 0.5774703 152
1683583297633 0.5799618 153
1683583297646 0.58245105 154
1683583297660 0.5849376 155
1683583297674 0.5874211 156
1683583297688 0.5899011 157
1683583297706 0.5923772 158
1683583297724 0.5948491 159
1683583297739 0.5973165 160
1683583297754 0.599779 161
1683583297768 0.6022365 162
1683583297781 0.6046887 163
1683583297796 0.60713536 164
1683583297809 0.6095763 165
1683583297823 0.6120114 166
1683583297837 0.61444044 167
1683583297851 0.61686337 168
1683583297866 0.6192801 169
1683583297879 0.62169045 170
1683583297893 0.6240945 171
1683583297907 0.62649196 172
1683583297920 0.628883 173
1683583297934 0.63126755 174
1683583297947 0.63364553 175
1683583297961 0.63601696 176
1683583297975 0.63838196 177
1683583297990 0.6407405 178
1683583298004 0.6430926 179
1683583298018 0.6454382 180
1683583298032 0.64777744 181
1683583298046 0.6501105 182
1683583298060 0.6524373 183
1683583298074 0.65475804 184
1683583298087 0.65707266 185
1683583298100 0.6593814 186
1683583298113 0.6616842 187
1683583298126 0.66398144 188
1683583298140 0.6662729 189
1683583298153 0.66855884 190
1683583298166 0.6708394 191
1683583298179 0.67311466 192
1683583298192 0.6753848 193
1683583298205 0.67765 194
1683583298218 0.6799102 195
1683583298231 0.6821656 196
1683583298244 0.68441653 197
1683583298257 0.6866629 198
1683583298271 0.68890494 199
1683583298284 0.69114286 200
1683583298297 0.6933766 201
1683583298310 0.69560647 202
1683583298323 0.6978326 203
1683583298338 0.7000551 204
1683583298352 0.7022741 205
1683583298366 0.70448977 206
1683583298380 0.70670223 207
1683583298395 0.70891166 208
1683583298409 0.71111816 209
1683583298426 0.7133219 210
1683583298442 0.715523 211
1683583298458 0.7177217 212
1683583298476 0.719918 213
1683583298493 0.72211206 214
1683583298509 0.7243041 215
1683583298523 0.72649425 216
1683583298536 0.7286825 217
1683583298551 0.7308692 218
1683583298564 0.73305434 219
1683583298578 0.7352381 220
1683583298593 0.73742044 221
1683583298606 0.7396018 222
1683583298619 0.74178207 223
1683583298633 0.7439615 224
1683583298646 0.7461401 225
1683583298660 0.74831814 226
1683583298673 0.7504956 227
1683583298686 0.7526726 228
1683583298699 0.7548494 229
1683583298713 0.75702596 230
1683583298726 0.7592025 231
1683583298741 0.761379 232
1683583298754 0.76355565 233
1683583298767 0.7657326 234
1683583298780 0.7679099 235
1683583298794 0.77008766 236
1683583298807 0.7722659 237
1683583298820 0.7744448 238
1683583298833 0.7766245 239
1683583298846 0.7788051 240
1683583298860 0.78098655 241
1683583298873 0.7831691 242
1683583298887 0.7853527 243
1683583298900 0.7875375 244
1683583298913 0.78972363 245
1683583298927 0.7919111 246
1683583298940 0.79410005 247
1683583298953 0.7962906 248
1683583298967 0.79848266 249
1683583298980 0.8006764 250
