1683584292077 1.1210735 1
1683584292090 0.9579581 2
1683584292103 0.90279704 3
1683584292117 0.88602257 4
1683584292131 0.8682674 5
1683584292144 0.8373158 6
1683584292157 0.79668224 7
1683584292170 0.75141025 8
1683584292184 0.70595014 9
1683584292197 0.66376185 10
1683584292210 0.6258334 11
1683584292224 0.59257233 12
1683584292237 0.56380653 13
1683584292250 0.5390464 14
1683584292264 0.5177088 15
1683584292277 0.49924996 16
1683584292290 0.4832132 17
1683584292303 0.46922293 18
1683584292317 0.45696348 19
1683584292330 0.44616225 20
1683584292343 0.43658316 21
1683584292356 0.4280261 22
1683584292370 0.42032772 23
1683584292383 0.41335928 24
1683584292396 0.40702242 25
1683584292409 0.4012432 26
1683584292422 0.39596614 27
1683584292435 0.39114824 28
1683584292448 0.386755 29
1683584292462 0.38275695 30
1683584292475 0.37912762 31
1683584292488 0.37584245 32
1683584292501 0.3728777 33
1683584292515 0.37021035 34
1683584292528 0.367818 35
1683584292541 0.36567873 36
1683584292554 0.3637713 37
1683584292567 0.36207515 38
1683584292581 0.3605705 39
1683584292594 0.3592386 40
1683584292607 0.35806158 41
1683584292620 0.3570228 42
1683584292633 0.35610664 43
1683584292646 0.3552988 44
1683584292660 0.35458595 45
1683584292673 0.35395616 46
1683584292686 0.35339862 47
1683584292699 0.35290352 48
1683584292713 0.35246217 49
1683584292726 0.35206684 50
1683584292739 0.3517107 51
1683584292752 0.35138783 52
1683584292765 0.35109288 53
1683584292779 0.35082138 54
1683584292792 0.3505692 55
1683584292805 0.35033303 56
1683584292818 0.35010982 57
1683584292833 0.349897 58
1683584292846 0.3496923 59
1683584292860 0.34949386 60
1683584292873 0.34930006 61
1683584292886 0.3491141 62
1683584292900 0.3489309 63
1683584292914 0.34874818 64
1683584292927 0.34856474 65
1683584292940 0.34838006 66
1683584292954 0.3481936 67
1683584292969 0.348005 68
1683584292982 0.347814 69
1683584292996 0.34762028 70
1683584293010 0.34742358 71
1683584293023 0.34722373 72
1683584293037 0.3470205 73
1683584293050 0.3468138 74
1683584293063 0.34660345 75
1683584293077 0.3463894 76
1683584293091 0.34617162 77
1683584293104 0.34594998 78
1683584293117 0.34572446 79
1683584293130 0.34549516 80
1683584293144 0.34526193 81
1683584293156 0.34502488 82
1683584293169 0.34478396 83
1683584293183 0.34453923 84
1683584293196 0.3442907 85
1683584293209 0.3440385 86
1683584293222 0.34378248 87
1683584293236 0.34352288 88
1683584293249 0.34325966 89
1683584293262 0.34299296 90
1683584293275 0.34272274 91
1683584293289 0.34244913 92
1683584293302 0.3421722 93
1683584293315 0.34189206 94
1683584293328 0.34160876 95
1683584293342 0.34132236 96
1683584293355 0.34103298 97
1683584293368 0.3407407 98
1683584293381 0.34044564 99
1683584293395 0.34014782 100
1683584293408 0.3398474 101
1683584293421 0.33953446 102
1683584293434 0.33921754 103
1683584293447 0.3388995 104
1683584293460 0.33858067 105
1683584293473 0.33826107 106
1683584293486 0.3379403 107
1683584293500 0.33761814 108
1683584293513 0.3372944 109
1683584293526 0.336969 110
1683584293539 0.33664185 111
1683584293552 0.336313 112
1683584293565 0.33598256 113
1683584293578 0.3356505 114
1683584293592 0.33531687 115
1683584293605 0.33498177 116
1683584293618 0.3346453 117
1683584293631 0.33430755 118
1683584293644 0.3339685 119
1683584293657 0.3336283 120
1683584293671 0.33328703 121
1683584293685 0.3329448 122
1683584293698 0.33260167 123
1683584293712 0.33225772 124
1683584293725 0.33191308 125
1683584293738 0.33156785 126
1683584293751 0.33122206 127
1683584293764 0.3308758 128
1683584293777 0.33052927 129
1683584293790 0.33018234 130
1683584293803 0.32983524 131
1683584293816 0.32948798 132
1683584293829 0.32914066 133
1683584293842 0.32879326 134
1683584293857 0.32844585 135
1683584293870 0.3280986 136
1683584293883 0.3277514 137
1683584293896 0.32740444 138
1683584293911 0.32705772 139
1683584293924 0.3267113 140
1683584293937 0.32636526 141
1683584293950 0.3260197 142
1683584293964 0.32567477 143
1683584293977 0.3253305 144
1683584293990 0.32498702 145
1683584294003 0.32464445 146
1683584294017 0.3243029 147
1683584294030 0.3239625 148
1683584294043 0.3236233 149
1683584294056 0.32328534 150
1683584294070 0.32294875 151
1683584294083 0.32261354 152
1683584294096 0.32227963 153
1683584294109 0.32194716 154
1683584294122 0.32161602 155
1683584294135 0.32128623 156
1683584294148 0.3209578 157
1683584294162 0.32063073 158
1683584294175 0.32030496 159
1683584294188 0.3199805 160
1683584294201 0.3196574 161
1683584294214 0.31933552 162
1683584294227 0.31901503 163
1683584294240 0.31869584 164
1683584294253 0.31837794 165
1683584294267 0.31806138 166
1683584294280 0.31774616 167
1683584294293 0.31743222 168
1683584294307 0.31711963 169
1683584294320 0.31680834 170
1683584294333 0.31649834 171
1683584294346 0.31618956 172
1683584294359 0.3158821 173
1683584294373 0.31557578 174
1683584294386 0.3152707 175
1683584294399 0.31496674 176
1683584294412 0.3146639 177
1683584294426 0.3143621 178
1683584294439 0.31406134 179
1683584294452 0.3137616 180
1683584294465 0.31346276 181
1683584294479 0.31316483 182
1683584294492 0.31286782 183
1683584294505 0.31257164 184
1683584294519 0.31227627 185
1683584294532 0.3119817 186
1683584294545 0.31168795 187
1683584294558 0.31139493 188
1683584294572 0.3111027 189
1683584294585 0.31081122 190
1683584294598 0.31052047 191
1683584294611 0.3102305 192
1683584294625 0.30994126 193
1683584294638 0.3096528 194
1683584294651 0.30936506 195
1683584294664 0.30907807 196
1683584294678 0.30879182 197
1683584294691 0.30850637 198
1683584294705 0.3082216 199
1683584294718 0.30793762 200
1683584294731 0.3076544 201
1683584294744 0.3073719 202
1683584294758 0.3070902 203
1683584294771 0.3068092 204
1683584294784 0.30652893 205
1683584294797 0.3062494 206
1683584294811 0.3059706 207
1683584294825 0.30569258 208
1683584294839 0.3054152 209
1683584294852 0.3051386 210
1683584294866 0.30486265 211
1683584294879 0.30458742 212
1683584294893 0.3043129 213
1683584294906 0.3040391 214
1683584294919 0.30376595 215
1683584294932 0.30349347 216
1683584294945 0.3032217 217
1683584294958 0.30295056 218
1683584294972 0.3026801 219
1683584294985 0.3024103 220
1683584294998 0.30214113 221
1683584295011 0.30187264 222
1683584295024 0.3016048 223
1683584295038 0.30133757 224
1683584295051 0.301071 225
1683584295064 0.30080506 226
1683584295077 0.30053976 227
1683584295091 0.30027506 228
1683584295104 0.300011 229
1683584295117 0.2997476 230
1683584295130 0.29948476 231
1683584295144 0.29922256 232
1683584295157 0.29896095 233
1683584295170 0.29870003 234
1683584295183 0.29843965 235
1683584295196 0.29817986 236
1683584295209 0.29792073 237
1683584295223 0.2976622 238
1683584295236 0.29740426 239
1683584295249 0.29714692 240
1683584295262 0.29689023 241
1683584295275 0.2966341 242
1683584295289 0.2963786 243
1683584295302 0.29612368 244
1683584295315 0.2958694 245
1683584295328 0.2956157 246
1683584295342 0.29536262 247
1683584295355 0.29511014 248
1683584295368 0.29485825 249
1683584295381 0.29460698 250
