1683583810958 1.2728417 1
1683583810974 1.1735101 2
1683583810988 1.1512274 3
1683583811002 1.1535007 4
1683583811016 1.1528785 5
1683583811030 1.1401045 6
1683583811044 1.1154164 7
1683583811058 1.083121 8
1683583811072 1.0479918 9
1683583811086 1.0138414 10
1683583811100 0.98313415 11
1683583811115 0.95712614 12
1683583811129 0.9361786 13
1683583811143 0.9200723 14
1683583811157 0.908255 15
1683583811172 0.90001744 16
1683583811186 0.8946085 17
1683583811200 0.89130676 18
1683583811213 0.88946325 19
1683583811228 0.8885219 20
1683583811242 0.8880276 21
1683583811255 0.88762593 22
1683583811269 0.8870566 23
1683583811284 0.8861381 24
1683583811297 0.8847569 25
1683583811312 0.8828534 26
1683583811326 0.8804089 27
1683583811340 0.87743425 28
1683583811354 0.8739606 29
1683583811367 0.87003195 30
1683583811382 0.86569834 31
1683583811396 0.8610116 32
1683583811409 0.8560227 33
1683583811423 0.8507787 34
1683583811438 0.84532154 35
1683583811452 0.8396877 36
1683583811466 0.83390677 37
1683583811480 0.82800275 38
1683583811494 0.8219929 39
1683583811508 0.8158886 40
1683583811522 0.80969626 41
1683583811536 0.8034172 42
1683583811550 0.797049 43
1683583811564 0.790586 44
1683583811578 0.7840203 45
1683583811592 0.77734315 46
1683583811608 0.7705456 47
1683583811623 0.76362026 48
1683583811638 0.756562 49
1683583811651 0.7493695 50
1683583811665 0.74204564 51
1683583811679 0.7345984 52
1683583811694 0.727041 53
1683583811707 0.7193913 54
1683583811721 0.71167123 55
1683583811735 0.70390564 56
1683583811749 0.6961211 57
1683583811763 0.6883443 58
1683583811777 0.68060094 59
1683583811791 0.67291474 60
1683583811805 0.6653067 61
1683583811819 0.6577949 62
1683583811833 0.6503943 63
1683583811847 0.64311713 64
1683583811861 0.63597286 65
1683583811875 0.6289687 66
1683583811889 0.62211007 67
1683583811903 0.6154007 68
1683583811917 0.60884297 69
1683583811931 0.60243857 70
1683583811945 0.596188 71
1683583811958 0.5900914 72
1683583811972 0.58414835 73
1683583811986 0.57835793 74
1683583812000 0.57271886 75
1683583812013 0.56722975 76
1683583812027 0.56188893 77
1683583812041 0.55669475 78
1683583812055 0.55164516 79
1683583812069 0.5467381 80
1683583812082 0.5419717 81
1683583812096 0.53734374 82
1683583812110 0.53285205 83
1683583812124 0.5284945 84
1683583812137 0.52426887 85
1683583812151 0.52017295 86
1683583812165 0.5162046 87
1683583812179 0.5123614 88
1683583812192 0.50864136 89
1683583812206 0.5050422 90
1683583812220 0.5015617 91
1683583812234 0.49819776 92
1683583812247 0.49494812 93
1683583812261 0.49181068 94
1683583812275 0.4887834 95
1683583812288 0.48586157 96
1683583812302 0.48304555 97
1683583812316 0.48033392 98
1683583812330 0.4777247 99
1683583812344 0.47521585 100
1683583812358 0.4728052 101
1683583812371 0.47049078 102
1683583812386 0.46827066 103
1683583812400 0.46614286 104
1683583812414 0.4641055 105
1683583812428 0.4621568 106
1683583812442 0.46029484 107
1683583812456 0.45851788 108
1683583812470 0.45682418 109
1683583812484 0.455212 110
1683583812498 0.4536796 111
1683583812512 0.45222524 112
1683583812526 0.45084736 113
1683583812540 0.4495442 114
1683583812554 0.4483142 115
1683583812569 0.4471557 116
1683583812582 0.44606715 117
1683583812596 0.44504696 118
1683583812610 0.4440936 119
1683583812624 0.4432055 120
1683583812639 0.44238114 121
1683583812653 0.44161907 122
1683583812667 0.44091773 123
1683583812680 0.44027573 124
1683583812694 0.43969163 125
1683583812709 0.43916392 126
1683583812723 0.43869123 127
1683583812737 0.43827218 128
1683583812750 0.43790537 129
1683583812764 0.4375894 130
1683583812779 0.437323 131
1683583812792 0.43710476 132
1683583812807 0.43693346 133
1683583812821 0.4368077 134
1683583812835 0.43672618 135
1683583812849 0.43668777 136
1683583812862 0.43669108 137
1683583812876 0.43673497 138
1683583812890 0.43681818 139
1683583812903 0.43693948 140
1683583812917 0.43709776 141
1683583812931 0.43729177 142
1683583812944 0.43752044 143
1683583812958 0.43778256 144
1683583812972 0.43807703 145
1683583812985 0.43840277 146
1683583812999 0.43875867 147
1683583813013 0.43914372 148
1683583813027 0.43955678 149
1683583813040 0.4399969 150
1683583813054 0.44046295 151
1683583813067 0.44095403 152
1683583813081 0.44146913 153
1683583813094 0.44200724 154
1683583813108 0.44256747 155
1683583813122 0.44314885 156
1683583813135 0.4437505 157
1683583813149 0.44437146 158
1683583813162 0.4450109 159
1683583813176 0.4456679 160
1683583813189 0.44634166 161
1683583813203 0.44703132 162
1683583813216 0.44773608 163
1683583813230 0.44845515 164
1683583813243 0.44918767 165
1683583813257 0.449933 166
1683583813270 0.4506903 167
1683583813284 0.4514589 168
1683583813297 0.45223802 169
1683583813311 0.45302704 170
1683583813325 0.45382524 171
1683583813338 0.4546319 172
1683583813352 0.45544645 173
1683583813365 0.4562682 174
1683583813379 0.45709664 175
1683583813392 0.45793098 176
1683583813406 0.45877084 177
1683583813419 0.45961553 178
1683583813433 0.46046448 179
1683583813446 0.46131724 180
1683583813460 0.46217328 181
1683583813473 0.46303195 182
1683583813487 0.46389297 183
1683583813500 0.4647557 184
1683583813514 0.46561974 185
1683583813528 0.46648467 186
1683583813541 0.46734995 187
1683583813555 0.4682153 188
1683583813568 0.46908015 189
1683583813582 0.46994433 190
1683583813595 0.47080725 191
1683583813609 0.47166866 192
1683583813622 0.4725281 193
1683583813636 0.47338536 194
1683583813649 0.47424006 195
1683583813663 0.47509184 196
1683583813676 0.47594047 197
1683583813690 0.4767856 198
1683583813703 0.47762698 199
1683583813717 0.47846437 200
1683583813730 0.47929746 201
1683583813744 0.48012602 202
1683583813757 0.48094988 203
1683583813771 0.48176873 204
1683583813785 0.48258236 205
1683583813799 0.4833906 206
1683583813813 0.4841933 207
1683583813826 0.48499018 208
1683583813840 0.48578113 209
1683583813855 0.48656598 210
1683583813869 0.48734456 211
1683583813883 0.48811674 212
1683583813896 0.48888236 213
1683583813910 0.4896413 214
1683583813924 0.4903935 215
1683583813938 0.49113873 216
1683583813951 0.49187696 217
1683583813965 0.49260807 218
1683583813978 0.493332 219
1683583813992 0.49404863 220
1683583814006 0.4947579 221
1683583814020 0.49545974 222
1683583814034 0.4961541 223
1683583814047 0.49684092 224
1683583814061 0.4975201 225
1683583814074 0.4981916 226
1683583814088 0.49885544 227
1683583814102 0.49951157 228
1683583814116 0.5001599 229
1683583814129 0.5008005 230
1683583814143 0.5014333 231
1683583814157 0.50205827 232
1683583814170 0.5026754 233
1683583814184 0.5032848 234
1683583814198 0.50388634 235
1683583814211 0.50448 236
1683583814225 0.5050659 237
1683583814239 0.50564396 238
1683583814252 0.50621426 239
1683583814266 0.5067768 240
1683583814280 0.50733155 241
1683583814294 0.50787866 242
1683583814308 0.50841796 243
1683583814321 0.5089497 244
1683583814335 0.5094738 245
1683583814349 0.5099902 246
1683583814363 0.5104991 247
1683583814376 0.51100063 248
1683583814390 0.51149446 249
1683583814404 0.511981 250
