1683585028505 1.2755764 1
1683585028519 1.1911099 2
1683585028534 1.1763072 3
1683585028547 1.1835206 4
1683585028563 1.1878169 5
1683585028578 1.1805238 6
1683585028592 1.1616207 7
1683585028607 1.1348464 8
1683585028622 1.1046638 9
1683585028637 1.0747883 10
1683585028652 1.0477282 11
1683585028665 1.0248556 12
1683585028678 1.0066702 13
1683585028693 0.9930792 14
1683585028707 0.9836395 15
1683585028721 0.97772896 16
1683585028735 0.97466266 17
1683585028750 0.97376764 18
1683585028764 0.9744289 19
1683585028777 0.97611344 20
1683585028791 0.97838104 21
1683585028804 0.9808839 22
1683585028818 0.98336107 23
1683585028833 0.985628 24
1683585028847 0.98756504 25
1683585028861 0.98910457 26
1683585028874 0.99021983 27
1683585028888 0.9909144 28
1683585028901 0.99121326 29
1683585028914 0.991156 30
1683585028928 0.9907909 31
1683585028942 0.99017096 32
1683585028957 0.9893504 33
1683585028971 0.9883828 34
1683585028985 0.9873191 35
1683585028999 0.9862077 36
1683585029015 0.9850924 37
1683585029029 0.9840128 38
1683585029042 0.9830038 39
1683585029057 0.9820962 40
1683585029074 0.9813166 41
1683585029088 0.98068774 42
1683585029104 0.9802284 43
1683585029118 0.97995436 44
1683585029134 0.97987807 45
1683585029149 0.9800095 46
1683585029164 0.9803562 47
1683585029178 0.9809237 48
1683585029192 0.98171556 49
1683585029206 0.9827344 50
1683585029220 0.983981 51
1683585029234 0.98545575 52
1683585029249 0.98715794 53
1683585029264 0.98908633 54
1683585029278 0.9912395 55
1683585029293 0.9936154 56
1683585029309 0.99621207 57
1683585029324 0.99902725 58
1683585029341 1.002059 59
1683585029356 1.0053047 60
1683585029373 1.0087625 61
1683585029389 1.0124304 62
1683585029406 1.0163066 63
1683585029421 1.0203893 64
1683585029438 1.0246767 65
1683585029454 1.0291673 66
1683585029469 1.0338596 67
1683585029483 1.0387524 68
1683585029498 1.0438446 69
1683585029513 1.0491351 70
1683585029530 1.0546227 71
1683585029544 1.0603065 72
1683585029558 1.0661857 73
1683585029573 1.0722597 74
1683585029591 1.0785272 75
1683585029605 1.084988 76
1683585029620 1.0916411 77
1683585029635 1.098486 78
1683585029650 1.1055217 79
1683585029666 1.1127479 80
1683585029681 1.1201637 81
1683585029695 1.1277685 82
1683585029710 1.1355618 83
1683585029725 1.1435428 84
1683585029739 1.1517109 85
1683585029752 1.1600652 86
1683585029765 1.1686051 87
1683585029779 1.17733 88
1683585029792 1.186239 89
1683585029806 1.1953313 90
1683585029820 1.2046065 91
1683585029834 1.2140634 92
1683585029847 1.2237012 93
1683585029861 1.2335193 94
1683585029875 1.2435169 95
1683585029889 1.2536926 96
1683585029902 1.2640462 97
1683585029915 1.2745762 98
1683585029929 1.285282 99
1683585029943 1.2961626 100
1683585029958 1.3072171 101
1683585029972 1.3184443 102
1683585029985 1.3298433 103
1683585029999 1.341413 104
1683585030012 1.3531525 105
1683585030027 1.3650608 106
1683585030041 1.3771367 107
1683585030057 1.389379 108
1683585030071 1.4017867 109
1683585030085 1.4143586 110
1683585030099 1.4270936 111
1683585030112 1.4399905 112
1683585030126 1.4530482 113
1683585030139 1.4662654 114
1683585030153 1.4796411 115
1683585030167 1.4931736 116
1683585030181 1.506862 117
1683585030194 1.5207047 118
1683585030207 1.5347008 119
1683585030222 1.5488485 120
1683585030236 1.5631468 121
1683585030252 1.5775944 122
1683585030266 1.5921897 123
1683585030280 1.6069312 124
1683585030293 1.6218178 125
1683585030306 1.636848 126
1683585030319 1.6520199 127
1683585030333 1.6673325 128
1683585030347 1.6827841 129
1683585030361 1.6983732 130
1683585030374 1.7140981 131
1683585030387 1.7299575 132
1683585030400 1.7459494 133
1683585030413 1.7620726 134
1683585030427 1.7783252 135
1683585030440 1.7947056 136
1683585030453 1.811212 137
1683585030467 1.8278427 138
1683585030481 1.8445963 139
1683585030495 1.8614707 140
1683585030508 1.878464 141
1683585030522 1.8955746 142
1683585030535 1.9128008 143
1683585030549 1.9301404 144
1683585030563 1.9475913 145
1683585030576 1.9651525 146
1683585030591 1.9828212 147
1683585030606 2.0005956 148
1683585030620 2.018474 149
1683585030635 2.0364542 150
1683585030649 2.054534 151
1683585030663 2.0727117 152
1683585030676 2.0909846 153
1683585030689 2.1093512 154
1683585030702 2.127809 155
1683585030715 2.146356 156
1683585030729 2.16499 157
1683585030742 2.1837082 158
1683585030756 2.2025092 159
1683585030772 2.2213902 160
1683585030785 2.240349 161
1683585030799 2.2593832 162
1683585030813 2.2784908 163
1683585030826 2.297669 164
1683585030841 2.3169155 165
1683585030856 2.3362277 166
1683585030870 2.3556035 167
1683585030884 2.37504 168
1683585030897 2.394535 169
1683585030911 2.4140859 170
1683585030925 2.43369 171
1683585030938 2.453345 172
1683585030954 2.4730477 173
1683585030969 2.4927964 174
1683585030983 2.5125878 175
1683585030998 2.5324187 176
1683585031016 2.5522878 177
1683585031031 2.5721912 178
1683585031045 2.5921268 179
1683585031060 2.6120913 180
1683585031074 2.6320827 181
1683585031089 2.6520977 182
1683585031104 2.6721334 183
1683585031118 2.692187 184
1683585031133 2.712256 185
1683585031149 2.732337 186
1683585031164 2.7524278 187
1683585031178 2.772525 188
1683585031192 2.792626 189
1683585031206 2.8127277 190
1683585031221 2.832827 191
1683585031234 2.8529212 192
1683585031249 2.8730078 193
1683585031263 2.893083 194
1683585031277 2.9131446 195
1683585031291 2.9331892 196
1683585031305 2.9532142 197
1683585031319 2.973216 198
1683585031332 2.9931924 199
1683585031345 3.0131402 200
1683585031358 3.0330563 201
1683585031374 3.052938 202
1683585031387 3.072782 203
1683585031401 3.0925856 204
1683585031417 3.1123455 205
1683585031432 3.1320593 206
1683585031446 3.1517239 207
1683585031459 3.1713362 208
1683585031473 3.1908937 209
1683585031486 3.2103932 210
1683585031499 3.229832 211
1683585031512 3.249207 212
1683585031526 3.2685156 213
1683585031540 3.2877553 214
1683585031555 3.306923 215
1683585031571 3.3260155 216
1683585031584 3.345031 217
1683585031597 3.3639662 218
1683585031611 3.3828185 219
1683585031625 3.4015856 220
1683585031638 3.4202642 221
1683585031652 3.4388523 222
1683585031666 3.457347 223
1683585031681 3.4757464 224
1683585031695 3.4940472 225
1683585031711 3.5122476 226
1683585031727 3.530345 227
1683585031741 3.5483367 228
1683585031756 3.5662212 229
1683585031771 3.5839956 230
1683585031785 3.6016576 231
1683585031799 3.6192052 232
1683585031812 3.6366367 233
1683585031826 3.653949 234
1683585031840 3.6711416 235
1683585031854 3.688211 236
1683585031868 3.7051563 237
1683585031883 3.7219748 238
1683585031897 3.7386656 239
1683585031912 3.7552264 240
1683585031926 3.7716553 241
1683585031939 3.7879515 242
1683585031954 3.804112 243
1683585031970 3.8201365 244
1683585031984 3.8360233 245
1683585031999 3.8517709 246
1683585032014 3.8673773 247
1683585032030 3.882842 248
1683585032045 3.8981638 249
1683585032060 3.913341 250
