1683584310729 1.1115377 1
1683584310742 0.9733281 2
1683584310756 0.91016614 3
1683584310769 0.87221944 4
1683584310783 0.8346882 5
1683584310797 0.7892862 6
1683584310810 0.73658 7
1683584310825 0.68117034 8
1683584310839 0.6270168 9
1683584310852 0.57742774 10
1683584310865 0.5343956 11
1683584310879 0.49861905 12
1683584310893 0.4698415 13
1683584310906 0.44725984 14
1683584310919 0.4298592 15
1683584310933 0.41663057 16
1683584310947 0.40668476 17
1683584310960 0.39929324 18
1683584310973 0.39388692 19
1683584310987 0.3900345 20
1683584311000 0.38741478 21
1683584311013 0.38578966 22
1683584311027 0.38498122 23
1683584311041 0.38485396 24
1683584311057 0.38530156 25
1683584311072 0.3862376 26
1683584311090 0.38758928 27
1683584311107 0.3892986 28
1683584311123 0.3913115 29
1683584311139 0.39357787 30
1683584311155 0.39605218 31
1683584311168 0.39869422 32
1683584311182 0.40146923 33
1683584311196 0.404348 34
1683584311209 0.40730628 35
1683584311222 0.41032478 36
1683584311236 0.4133886 37
1683584311249 0.41648692 38
1683584311263 0.41961232 39
1683584311276 0.4227606 40
1683584311290 0.42593014 41
1683584311303 0.42912132 42
1683584311316 0.43233636 43
1683584311330 0.4355786 44
1683584311344 0.43885237 45
1683584311357 0.44216233 46
1683584311370 0.44551373 47
1683584311384 0.44891152 48
1683584311397 0.4523605 49
1683584311410 0.45586544 50
1683584311423 0.45943028 51
1683584311437 0.4630586 52
1683584311450 0.46675354 53
1683584311464 0.47051752 54
1683584311477 0.47435248 55
1683584311490 0.47825974 56
1683584311504 0.48224023 57
1683584311517 0.4862943 58
1683584311530 0.49042195 59
1683584311544 0.49462268 60
1683584311557 0.49889588 61
1683584311570 0.5032404 62
1683584311583 0.507655 63
1683584311597 0.51213837 64
1683584311610 0.5166887 65
1683584311624 0.52130455 66
1683584311638 0.5259838 67
1683584311651 0.53072464 68
1683584311664 0.53552544 69
1683584311677 0.54038393 70
1683584311691 0.54529846 71
1683584311704 0.55026704 72
1683584311717 0.55528784 73
1683584311730 0.5603589 74
1683584311744 0.5654786 75
1683584311757 0.5706451 76
1683584311770 0.5758568 77
1683584311783 0.5811118 78
1683584311796 0.58640873 79
1683584311809 0.59174585 80
1683584311822 0.597122 81
1683584311836 0.6025356 82
1683584311850 0.60798544 83
1683584311863 0.6134701 84
1683584311876 0.6189884 85
1683584311889 0.6245392 86
1683584311903 0.63012135 87
1683584311916 0.6357338 88
1683584311929 0.6413754 89
1683584311942 0.6470454 90
1683584311955 0.6527425 91
1683584311968 0.6584661 92
1683584311981 0.6642152 93
1683584311994 0.66998905 94
1683584312008 0.6757867 95
1683584312021 0.6816075 96
1683584312034 0.68745065 97
1683584312047 0.6933155 98
1683584312060 0.6992013 99
1683584312073 0.7051074 100
1683584312086 0.7110332 101
1683584312099 0.7169782 102
1683584312112 0.7229416 103
1683584312125 0.72892284 104
1683584312138 0.73492146 105
1683584312151 0.740937 106
1683584312164 0.74696875 107
1683584312177 0.75301623 108
1683584312190 0.759079 109
1683584312203 0.76515645 110
1683584312216 0.7712482 111
1683584312229 0.7773539 112
1683584312242 0.7834728 113
1683584312255 0.7896046 114
1683584312268 0.79574883 115
1683584312281 0.80190516 116
1683584312294 0.80807304 117
1683584312307 0.8142521 118
1683584312320 0.82044184 119
1683584312333 0.82664204 120
1683584312346 0.8328521 121
1683584312359 0.83907187 122
1683584312372 0.84530085 123
1683584312385 0.8515386 124
1683584312398 0.85778487 125
1683584312411 0.8640392 126
1683584312424 0.87030137 127
1683584312437 0.876571 128
1683584312450 0.8828478 129
1683584312464 0.88913137 130
1683584312476 0.89542145 131
1683584312489 0.90171766 132
1683584312502 0.9080198 133
1683584312516 0.9143275 134
1683584312528 0.92064047 135
1683584312541 0.92695844 136
1683584312554 0.9332812 137
1683584312568 0.93960845 138
1683584312581 0.9459399 139
1683584312594 0.9522753 140
1683584312607 0.95861435 141
1683584312621 0.96495676 142
1683584312634 0.9713025 143
1683584312647 0.97765124 144
1683584312660 0.9840026 145
1683584312674 0.99035656 146
1683584312687 0.99671274 147
1683584312701 1.003071 148
1683584312715 1.0094311 149
1683584312729 1.0157928 150
1683584312742 1.022156 151
1683584312755 1.0285205 152
1683584312768 1.0348859 153
1683584312781 1.0412521 154
1683584312794 1.0476191 155
1683584312807 1.0539864 156
1683584312820 1.0603541 157
1683584312833 1.0667218 158
1683584312846 1.0730895 159
1683584312859 1.079457 160
1683584312873 1.085824 161
1683584312886 1.0921905 162
1683584312899 1.0985563 163
1683584312911 1.104921 164
1683584312925 1.1112847 165
1683584312938 1.1176474 166
1683584312951 1.1240087 167
1683584312964 1.1303682 168
1683584312977 1.1367264 169
1683584312990 1.1430826 170
1683584313003 1.149437 171
1683584313017 1.1557891 172
1683584313030 1.1621392 173
1683584313043 1.1684871 174
1683584313056 1.1748323 175
1683584313069 1.1811751 176
1683584313082 1.1875151 177
1683584313095 1.1938524 178
1683584313108 1.2001867 179
1683584313122 1.206518 180
1683584313134 1.212846 181
1683584313147 1.2191709 182
1683584313160 1.2254922 183
1683584313173 1.2318103 184
1683584313186 1.2381247 185
1683584313199 1.2444354 186
1683584313211 1.2507423 187
1683584313224 1.2570455 188
1683584313237 1.2633445 189
1683584313250 1.2696396 190
1683584313263 1.2759304 191
1683584313276 1.282217 192
1683584313288 1.2884994 193
1683584313301 1.2947772 194
1683584313314 1.3010507 195
1683584313327 1.3073195 196
1683584313340 1.3135839 197
1683584313353 1.3198433 198
1683584313365 1.326098 199
1683584313378 1.3323478 200
1683584313391 1.3385928 201
1683584313404 1.3448327 202
1683584313417 1.3510674 203
1683584313430 1.3572971 204
1683584313443 1.3635216 205
1683584313455 1.369741 206
1683584313468 1.3759547 207
1683584313481 1.3821634 208
1683584313494 1.3883665 209
1683584313507 1.394564 210
1683584313519 1.4007561 211
1683584313532 1.4069427 212
1683584313545 1.4131236 213
1683584313558 1.4192989 214
1683584313571 1.4254684 215
1683584313584 1.4316322 216
1683584313596 1.43779 217
1683584313609 1.4439423 218
1683584313622 1.4500883 219
1683584313635 1.4562285 220
1683584313648 1.4623628 221
1683584313660 1.4684911 222
1683584313673 1.4746132 223
1683584313686 1.4807293 224
1683584313700 1.4868394 225
1683584313713 1.4929433 226
1683584313726 1.4990411 227
1683584313739 1.5051326 228
1683584313752 1.5112178 229
1683584313765 1.5172968 230
1683584313778 1.5233696 231
1683584313791 1.5294361 232
1683584313804 1.5354962 233
1683584313817 1.5415502 234
1683584313830 1.5475975 235
1683584313843 1.5536386 236
1683584313856 1.5596733 237
1683584313869 1.5657015 238
1683584313882 1.5717235 239
1683584313895 1.5777388 240
1683584313908 1.5837477 241
1683584313921 1.5897503 242
1683584313934 1.5957462 243
1683584313947 1.6017356 244
1683584313960 1.6077186 245
1683584313973 1.6136951 246
1683584313986 1.6196649 247
1683584313999 1.6256285 248
1683584314012 1.6315852 249
1683584314025 1.6375355 250
