1683583619780 1.1662569 1
1683583619794 1.0304348 2
1683583619808 0.9733843 3
1683583619821 0.9422716 4
1683583619834 0.91068316 5
1683583619848 0.8705919 6
1683583619861 0.82276386 7
1683583619875 0.7713173 8
1683583619888 0.7206194 9
1683583619902 0.67391634 10
1683583619915 0.633034 11
1683583619929 0.598592 12
1683583619942 0.5703875 13
1683583619955 0.5477543 14
1683583619969 0.52985734 15
1683583619982 0.5158374 16
1683583619995 0.50492346 17
1683583620009 0.49646872 18
1683583620022 0.48995543 19
1683583620035 0.48498353 20
1683583620049 0.48125213 21
1683583620062 0.47853872 22
1683583620076 0.47668034 23
1683583620089 0.4755571 24
1683583620103 0.47507864 25
1683583620116 0.47517407 26
1683583620130 0.475784 27
1683583620143 0.4768561 28
1683583620157 0.47834173 29
1683583620170 0.48019433 30
1683583620183 0.48236886 31
1683583620197 0.48482195 32
1683583620210 0.48751214 33
1683583620223 0.49040043 34
1683583620237 0.4934511 35
1683583620250 0.49663153 36
1683583620264 0.49991328 37
1683583620277 0.5032716 38
1683583620291 0.5066858 39
1683583620304 0.5101391 40
1683583620318 0.5136185 41
1683583620332 0.5171142 42
1683583620345 0.5206196 43
1683583620359 0.5241306 44
1683583620372 0.5276454 45
1683583620386 0.5311643 46
1683583620399 0.5346888 47
1683583620412 0.5382216 48
1683583620426 0.5417663 49
1683583620439 0.5453268 50
1683583620453 0.5489075 51
1683583620467 0.5525129 52
1683583620480 0.5561471 53
1683583620493 0.55981404 54
1683583620507 0.5635176 55
1683583620520 0.56726086 56
1683583620534 0.57104725 57
1683583620547 0.57487917 58
1683583620560 0.5787586 59
1683583620574 0.5826871 60
1683583620587 0.58666545 61
1683583620601 0.5906943 62
1683583620614 0.5947739 63
1683583620627 0.598904 64
1683583620640 0.6030843 65
1683583620654 0.60731393 66
1683583620667 0.61159205 67
1683583620680 0.61591756 68
1683583620693 0.6202891 69
1683583620706 0.62470543 70
1683583620719 0.62916493 71
1683583620733 0.63366604 72
1683583620746 0.6382071 73
1683583620759 0.6427866 74
1683583620773 0.64740264 75
1683583620786 0.6520537 76
1683583620800 0.65673816 77
1683583620813 0.6614542 78
1683583620827 0.66620034 79
1683583620842 0.67097485 80
1683583620855 0.67577624 81
1683583620868 0.68060315 82
1683583620881 0.6854539 83
1683583620895 0.69032717 84
1683583620908 0.69522166 85
1683583620921 0.70013607 86
1683583620934 0.705069 87
1683583620948 0.71001923 88
1683583620961 0.7149858 89
1683583620974 0.71996737 90
1683583620988 0.72496307 91
1683583621001 0.7299717 92
1683583621015 0.7349924 93
1683583621029 0.74002415 94
1683583621044 0.7450661 95
1683583621058 0.7501174 96
1683583621072 0.75517714 97
1683583621086 0.7602447 98
1683583621100 0.7653191 99
1683583621113 0.7703999 100
1683583621126 0.7754862 101
1683583621140 0.78057736 102
1683583621153 0.7856728 103
1683583621166 0.79077196 104
1683583621181 0.7958741 105
1683583621194 0.8009784 106
1683583621207 0.80608404 107
1683583621221 0.8111905 108
1683583621234 0.8162973 109
1683583621247 0.8214039 110
1683583621263 0.8265102 111
1683583621276 0.8316157 112
1683583621290 0.8367201 113
1683583621303 0.841823 114
1683583621316 0.84692407 115
1683583621329 0.85202336 116
1683583621343 0.8571203 117
1683583621356 0.8622147 118
1683583621369 0.86730635 119
1683583621382 0.87239504 120
1683583621395 0.8774805 121
1683583621409 0.8825627 122
1683583621422 0.8876412 123
1683583621435 0.8927161 124
1683583621448 0.8977871 125
1683583621461 0.902854 126
1683583621475 0.9079168 127
1683583621488 0.9129752 128
1683583621501 0.9180292 129
1683583621514 0.92307854 130
1683583621527 0.92812324 131
1683583621541 0.93316317 132
1683583621554 0.93819815 133
1683583621567 0.9432282 134
1683583621580 0.9482531 135
1683583621594 0.9532728 136
1683583621609 0.9582875 137
1683583621624 0.9632969 138
1683583621637 0.9683008 139
1683583621650 0.9732995 140
1683583621664 0.9782928 141
1683583621678 0.98328066 142
1683583621692 0.9882632 143
1683583621706 0.99324024 144
1683583621719 0.99821186 145
1683583621733 1.0031781 146
1683583621746 1.0081388 147
1683583621760 1.0130941 148
1683583621773 1.018044 149
1683583621787 1.0229884 150
1683583621800 1.0279275 151
1683583621814 1.0328611 152
1683583621828 1.0377895 153
1683583621841 1.0427121 154
1683583621855 1.0476294 155
1683583621868 1.0525409 156
1683583621882 1.0574468 157
1683583621897 1.062347 158
1683583621910 1.0672414 159
1683583621924 1.0721298 160
1683583621938 1.0770123 161
1683583621952 1.0818888 162
1683583621966 1.0867591 163
1683583621979 1.0916233 164
1683583621993 1.0964816 165
1683583622008 1.1013334 166
1683583622022 1.1061791 167
1683583622036 1.1110187 168
1683583622051 1.1158521 169
1683583622066 1.1206793 170
1683583622081 1.1255004 171
1683583622095 1.1303157 172
1683583622109 1.1351248 173
1683583622123 1.1399283 174
1683583622136 1.1447257 175
1683583622150 1.1495174 176
1683583622163 1.1543036 177
1683583622176 1.1590838 178
1683583622190 1.1638587 179
1683583622203 1.1686281 180
1683583622217 1.1733918 181
1683583622230 1.1781503 182
1683583622243 1.182903 183
1683583622257 1.1876503 184
1683583622270 1.1923923 185
1683583622284 1.1971282 186
1683583622297 1.2018585 187
1683583622310 1.206583 188
1683583622324 1.2113014 189
1683583622337 1.2160136 190
1683583622351 1.2207193 191
1683583622364 1.2254186 192
1683583622378 1.2301109 193
1683583622391 1.2347964 194
1683583622405 1.2394748 195
1683583622418 1.2441458 196
1683583622432 1.2488093 197
1683583622445 1.2534652 198
1683583622459 1.2581133 199
1683583622472 1.2627535 200
1683583622486 1.2673855 201
1683583622499 1.2720097 202
1683583622513 1.2766256 203
1683583622526 1.2812332 204
1683583622540 1.2858324 205
1683583622554 1.2904236 206
1683583622567 1.2950063 207
1683583622581 1.2995806 208
1683583622594 1.3041468 209
1683583622608 1.3087044 210
1683583622621 1.3132541 211
1683583622635 1.3177954 212
1683583622648 1.3223284 213
1683583622662 1.3268535 214
1683583622675 1.3313705 215
1683583622689 1.3358793 216
1683583622703 1.3403802 217
1683583622717 1.3448732 218
1683583622731 1.3493583 219
1683583622744 1.3538357 220
1683583622758 1.3583052 221
1683583622772 1.3627671 222
1683583622786 1.3672214 223
1683583622801 1.3716681 224
1683583622816 1.3761072 225
1683583622830 1.380539 226
1683583622843 1.3849633 227
1683583622858 1.3893803 228
1683583622872 1.39379 229
1683583622886 1.3981924 230
1683583622900 1.4025877 231
1683583622913 1.4069757 232
1683583622926 1.4113568 233
1683583622940 1.4157307 234
1683583622953 1.4200976 235
1683583622967 1.4244578 236
1683583622980 1.4288108 237
1683583622994 1.433157 238
1683583623007 1.4374963 239
1683583623021 1.441829 240
1683583623034 1.4461547 241
1683583623048 1.4504738 242
1683583623061 1.4547863 243
1683583623075 1.4590921 244
1683583623088 1.4633913 245
1683583623102 1.4676839 246
1683583623115 1.4719701 247
1683583623129 1.4762496 248
1683583623143 1.4805226 249
1683583623157 1.4847895 250
