1683585006654 1.0571058 1
1683585006672 0.90855944 2
1683585006687 0.8615279 3
1683585006702 0.8455384 4
1683585006717 0.8277291 5
1683585006731 0.79966486 6
1683585006747 0.7628556 7
1683585006762 0.7217964 8
1683585006778 0.68055165 9
1683585006792 0.64187175 10
1683585006809 0.60656494 11
1683585006825 0.5771814 12
1683585006840 0.55359304 13
1683585006854 0.5348888 14
1683585006868 0.52002084 15
1683585006882 0.50802803 16
1683585006897 0.49810097 17
1683585006912 0.48958927 18
1683585006927 0.48198795 19
1683585006942 0.47491908 20
1683585006956 0.46811324 21
1683585006972 0.4613925 22
1683585006986 0.45465368 23
1683585007002 0.44785285 24
1683585007018 0.44099024 25
1683585007033 0.43409646 26
1683585007049 0.42722052 27
1683585007062 0.4204198 28
1683585007077 0.41375268 29
1683585007092 0.40727305 30
1683585007106 0.40102732 31
1683585007121 0.3950526 32
1683585007136 0.38937676 33
1683585007151 0.38401836 34
1683585007166 0.37898794 35
1683585007181 0.37428898 36
1683585007195 0.36991924 37
1683585007208 0.36587167 38
1683585007222 0.36213577 39
1683585007235 0.35869825 40
1683585007250 0.35554388 41
1683585007265 0.35265636 42
1683585007281 0.3500185 43
1683585007295 0.34761298 44
1683585007311 0.34542257 45
1683585007325 0.34343028 46
1683585007339 0.34161994 47
1683585007352 0.33997586 48
1683585007365 0.3384833 49
1683585007381 0.33712834 50
1683585007396 0.33589798 51
1683585007411 0.33478016 52
1683585007427 0.33376375 53
1683585007441 0.33283842 54
1683585007456 0.33199477 55
1683585007471 0.33122426 56
1683585007486 0.33051893 57
1683585007499 0.3298717 58
1683585007514 0.32927647 59
1683585007529 0.32872695 60
1683585007545 0.32821772 61
1683585007560 0.327744 62
1683585007574 0.32730156 63
1683585007592 0.3268865 64
1683585007608 0.32649535 65
1683585007622 0.32612494 66
1683585007637 0.32577264 67
1683585007652 0.32543576 68
1683585007665 0.32511216 69
1683585007679 0.32479984 70
1683585007694 0.3244969 71
1683585007711 0.32420182 72
1683585007728 0.3239132 73
1683585007743 0.3236297 74
1683585007758 0.32335022 75
1683585007779 0.32307374 76
1683585007794 0.3227993 77
1683585007811 0.32252616 78
1683585007826 0.32225358 79
1683585007843 0.32198086 80
1683585007859 0.3217075 81
1683585007874 0.3214329 82
1683585007891 0.32115674 83
1683585007905 0.32087845 84
1683585007920 0.32059783 85
1683585007935 0.3203144 86
1683585007951 0.3200281 87
1683585007966 0.31973854 88
1683585007983 0.31944555 89
1683585008000 0.319149 90
1683585008015 0.3188487 91
1683585008031 0.31854463 92
1683585008048 0.31823656 93
1683585008062 0.31792456 94
1683585008078 0.3176085 95
1683585008094 0.3172884 96
1683585008108 0.31696427 97
1683585008124 0.31663606 98
1683585008140 0.31630388 99
1683585008155 0.31596768 100
1683585008171 0.31562757 101
1683585008185 0.31528363 102
1683585008199 0.31493586 103
1683585008214 0.31458443 104
1683585008227 0.31422937 105
1683585008241 0.3138708 106
1683585008256 0.31350878 107
1683585008271 0.3131435 108
1683585008287 0.312775 109
1683585008302 0.31240338 110
1683585008316 0.31202888 111
1683585008330 0.31165153 112
1683585008344 0.31127143 113
1683585008357 0.3108888 114
1683585008371 0.31050366 115
1683585008387 0.31011623 116
1683585008403 0.30972654 117
1683585008417 0.3093348 118
1683585008430 0.30894113 119
1683585008446 0.3085456 120
1683585008460 0.30814835 121
1683585008476 0.30774957 122
1683585008493 0.30734932 123
1683585008508 0.3069477 124
1683585008523 0.3065449 125
1683585008538 0.30614096 126
1683585008553 0.3057361 127
1683585008568 0.30533034 128
1683585008582 0.3049238 129
1683585008596 0.3045166 130
1683585008614 0.30410886 131
1683585008629 0.3037007 132
1683585008644 0.30329213 133
1683585008658 0.30288333 134
1683585008673 0.30247438 135
1683585008691 0.30206537 136
1683585008707 0.30165637 137
1683585008721 0.30124748 138
1683585008735 0.30083877 139
1683585008749 0.30043036 140
1683585008764 0.30002224 141
1683585008778 0.2996146 142
1683585008794 0.29920745 143
1683585008809 0.29880086 144
1683585008826 0.29839492 145
1683585008841 0.29798964 146
1683585008856 0.29758513 147
1683585008872 0.29718146 148
1683585008887 0.29677862 149
1683585008901 0.2963767 150
1683585008914 0.2959758 151
1683585008929 0.29557595 152
1683585008942 0.2951771 153
1683585008956 0.29477942 154
1683585008969 0.29438287 155
1683585008984 0.29398757 156
1683585008999 0.29359347 157
1683585009014 0.2932006 158
1683585009029 0.29280913 159
1683585009044 0.29241893 160
1683585009059 0.2920301 161
1683585009072 0.29164267 162
1683585009087 0.29125667 163
1683585009101 0.2908721 164
1683585009116 0.29048905 165
1683585009131 0.29010743 166
1683585009146 0.28972733 167
1683585009161 0.28934872 168
1683585009176 0.28897172 169
1683585009192 0.2885962 170
1683585009206 0.2882223 171
1683585009219 0.28784996 172
1683585009234 0.28747928 173
1683585009247 0.2871101 174
1683585009261 0.2867426 175
1683585009276 0.28637666 176
1683585009291 0.2860124 177
1683585009305 0.28564972 178
1683585009320 0.2852887 179
1683585009334 0.28492928 180
1683585009348 0.28457153 181
1683585009362 0.2842154 182
1683585009376 0.28386092 183
1683585009392 0.2835081 184
1683585009406 0.28315687 185
1683585009420 0.28280732 186
1683585009435 0.28245938 187
1683585009450 0.28211308 188
1683585009463 0.28176838 189
1683585009477 0.28142536 190
1683585009491 0.2810839 191
1683585009505 0.28074408 192
1683585009519 0.28040588 193
1683585009532 0.28006923 194
1683585009547 0.2797342 195
1683585009561 0.27940077 196
1683585009574 0.27906895 197
1683585009587 0.27873865 198
1683585009601 0.27840996 199
1683585009614 0.27808276 200
1683585009629 0.27775717 201
1683585009643 0.27743313 202
1683585009657 0.27711055 203
1683585009671 0.27678955 204
1683585009685 0.27647004 205
1683585009698 0.27615204 206
1683585009711 0.2758355 207
1683585009724 0.2755205 208
1683585009737 0.27520692 209
1683585009750 0.27489486 210
1683585009764 0.2745842 211
1683585009778 0.274275 212
1683585009792 0.27396724 213
1683585009806 0.2736609 214
1683585009819 0.27335596 215
1683585009832 0.27305242 216
1683585009848 0.2727503 217
1683585009862 0.2724495 218
1683585009876 0.2721501 219
1683585009890 0.27185208 220
1683585009904 0.2715554 221
1683585009917 0.27126002 222
1683585009931 0.27096602 223
1683585009945 0.2706733 224
1683585009959 0.2703819 225
1683585009972 0.27009177 226
1683585009985 0.26980293 227
1683585009999 0.26951537 228
1683585010012 0.26922908 229
1683585010025 0.26894403 230
1683585010038 0.26866025 231
1683585010054 0.26837766 232
1683585010068 0.26809633 233
1683585010083 0.26781622 234
1683585010098 0.26753727 235
1683585010114 0.26725954 236
1683585010127 0.26698297 237
1683585010140 0.2667076 238
1683585010154 0.26643336 239
1683585010168 0.2661603 240
1683585010182 0.2658884 241
1683585010195 0.2656176 242
1683585010209 0.26534796 243
1683585010223 0.26507938 244
1683585010237 0.26481196 245
1683585010252 0.26454562 246
1683585010269 0.26428035 247
1683585010285 0.2640162 248
1683585010301 0.26375312 249
1683585010315 0.2634911 250
