1683583847524 1.1233786 1
1683583847538 0.94535065 2
1683583847552 0.8818461 3
1683583847565 0.85795677 4
1683583847579 0.8346665 5
1683583847592 0.80104375 6
1683583847605 0.7583747 7
1683583847619 0.71170914 8
1683583847632 0.65760493 9
1683583847645 0.6017823 10
1683583847658 0.55349505 11
1683583847672 0.51324475 12
1683583847685 0.4805538 13
1683583847698 0.4544137 14
1683583847711 0.43363532 15
1683583847725 0.4170756 16
1683583847738 0.40375268 17
1683583847751 0.39288253 18
1683583847765 0.3838687 19
1683583847778 0.37627187 20
1683583847792 0.36977434 21
1683583847805 0.36414748 22
1683583847819 0.3592259 23
1683583847832 0.3548875 24
1683583847846 0.35103935 25
1683583847860 0.3476077 26
1683583847873 0.34453157 27
1683583847887 0.34175828 28
1683583847900 0.33924115 29
1683583847914 0.3369378 30
1683583847927 0.33480954 31
1683583847941 0.33282116 32
1683583847955 0.3309407 33
1683583847969 0.32913965 34
1683583847983 0.32739305 35
1683583847996 0.32567924 36
1683583848010 0.3239802 37
1683583848024 0.32228115 38
1683583848037 0.32057047 39
1683583848052 0.3188395 40
1683583848065 0.31708214 41
1683583848078 0.31529474 42
1683583848092 0.31347546 43
1683583848105 0.3116244 44
1683583848118 0.30974284 45
1683583848132 0.3078333 46
1683583848145 0.30589908 47
1683583848158 0.30394417 48
1683583848171 0.30197293 49
1683583848184 0.29999 50
1683583848197 0.29800016 51
1683583848211 0.29600817 52
1683583848224 0.29401866 53
1683583848237 0.2920361 54
1683583848250 0.29006463 55
1683583848263 0.28810823 56
1683583848276 0.28617042 57
1683583848289 0.28425437 58
1683583848303 0.2823629 59
1683583848316 0.28049868 60
1683583848329 0.27866384 61
1683583848342 0.27686018 62
1683583848355 0.27508903 63
1683583848368 0.2733515 64
1683583848381 0.27164835 65
1683583848394 0.2699802 66
1683583848408 0.2683473 67
1683583848421 0.26674977 68
1683583848434 0.2651876 69
1683583848447 0.2636606 70
1683583848461 0.26216847 71
1683583848474 0.26071078 72
1683583848487 0.259287 73
1683583848500 0.25789663 74
1683583848513 0.25653905 75
1683583848526 0.25521356 76
1683583848540 0.25391954 77
1683583848553 0.25265625 78
1683583848566 0.25142294 79
1683583848580 0.250219 80
1683583848593 0.2490436 81
1683583848606 0.24789608 82
1683583848620 0.24677569 83
1683583848633 0.24568176 84
1683583848646 0.2446136 85
1683583848659 0.24357055 86
1683583848673 0.24255194 87
1683583848686 0.24155706 88
1683583848700 0.24058539 89
1683583848713 0.23963624 90
1683583848726 0.23870903 91
1683583848740 0.23780322 92
1683583848753 0.2369182 93
1683583848766 0.2360534 94
1683583848780 0.23520836 95
1683583848793 0.23438248 96
1683583848806 0.2335753 97
1683583848820 0.23278634 98
1683583848833 0.23201507 99
1683583848846 0.23126107 100
1683583848860 0.2305239 101
1683583848874 0.22980309 102
1683583848888 0.2290982 103
1683583848901 0.22840884 104
1683583848914 0.22773463 105
1683583848929 0.22707513 106
1683583848942 0.22642998 107
1683583848955 0.2257988 108
1683583848968 0.22518127 109
1683583848983 0.22457698 110
1683583848996 0.22398561 111
1683583849010 0.22340687 112
1683583849024 0.22284038 113
1683583849037 0.22228584 114
1683583849052 0.22174297 115
1683583849068 0.22121146 116
1683583849084 0.220691 117
1683583849101 0.22018135 118
1683583849118 0.21968222 119
1683583849135 0.21919332 120
1683583849150 0.21871446 121
1683583849163 0.21824533 122
1683583849177 0.21778572 123
1683583849190 0.21733537 124
1683583849203 0.21689406 125
1683583849216 0.2164616 126
1683583849229 0.21603775 127
1683583849243 0.2156223 128
1683583849256 0.21521506 129
1683583849269 0.21481581 130
1683583849282 0.21442437 131
1683583849295 0.21404058 132
1683583849308 0.21366426 133
1683583849321 0.21329519 134
1683583849334 0.21293324 135
1683583849347 0.21257824 136
1683583849360 0.21223001 137
1683583849376 0.21188843 138
1683583849390 0.2115533 139
1683583849406 0.21122456 140
1683583849426 0.21090198 141
1683583849440 0.21058545 142
1683583849454 0.21027486 143
1683583849467 0.20997006 144
1683583849480 0.20967093 145
1683583849494 0.20937735 146
1683583849507 0.20908919 147
1683583849521 0.20880634 148
1683583849534 0.20852868 149
1683583849548 0.20825611 150
1683583849561 0.20798852 151
1683583849578 0.20772582 152
1683583849593 0.20746788 153
1683583849611 0.20721464 154
1683583849624 0.20696595 155
1683583849638 0.20672181 156
1683583849651 0.20648202 157
1683583849664 0.20624655 158
1683583849678 0.20601532 159
1683583849691 0.20578821 160
1683583849704 0.20556515 161
1683583849719 0.20534611 162
1683583849736 0.20513096 163
1683583849750 0.20491964 164
1683583849765 0.20471206 165
1683583849779 0.20450819 166
1683583849793 0.20430791 167
1683583849807 0.2041112 168
1683583849821 0.20391798 169
1683583849834 0.20372815 170
1683583849848 0.20354167 171
1683583849861 0.2033585 172
1683583849874 0.20317855 173
1683583849888 0.2030018 174
1683583849901 0.20282814 175
1683583849915 0.20265755 176
1683583849928 0.20248997 177
1683583849941 0.20232537 178
1683583849955 0.20216367 179
1683583849968 0.20200482 180
1683583849982 0.20184875 181
1683583849995 0.20169546 182
1683583850009 0.20154488 183
1683583850023 0.20139697 184
1683583850036 0.20125167 185
1683583850050 0.20110895 186
1683583850063 0.20096877 187
1683583850076 0.2008311 188
1683583850090 0.20069587 189
1683583850103 0.20056304 190
1683583850116 0.20043261 191
1683583850129 0.20030451 192
1683583850143 0.20017871 193
1683583850156 0.2000552 194
1683583850170 0.19993389 195
1683583850183 0.19981478 196
1683583850197 0.19969784 197
1683583850210 0.19958302 198
1683583850223 0.19947031 199
1683583850237 0.19935966 200
1683583850250 0.19925106 201
1683583850263 0.19914445 202
1683583850276 0.19903982 203
1683583850289 0.19893712 204
1683583850305 0.19883634 205
1683583850318 0.19873747 206
1683583850331 0.19864044 207
1683583850344 0.19854525 208
1683583850357 0.19845188 209
1683583850370 0.1983603 210
1683583850383 0.19827047 211
1683583850396 0.19818236 212
1683583850410 0.19809599 213
1683583850423 0.19801128 214
1683583850436 0.19792825 215
1683583850449 0.19784686 216
1683583850463 0.19776708 217
1683583850476 0.1976889 218
1683583850489 0.19761232 219
1683583850502 0.19753727 220
1683583850515 0.19746375 221
1683583850528 0.19739178 222
1683583850541 0.19732127 223
1683583850555 0.19725224 224
1683583850568 0.19718465 225
1683583850581 0.19711854 226
1683583850594 0.19705382 227
1683583850608 0.1969905 228
1683583850622 0.19692859 229
1683583850635 0.19686802 230
1683583850649 0.19680882 231
1683583850663 0.19675091 232
1683583850677 0.19669437 233
1683583850690 0.19663909 234
1683583850704 0.1965851 235
1683583850718 0.19653238 236
1683583850731 0.19648093 237
1683583850744 0.1964307 238
1683583850758 0.1963817 239
1683583850771 0.19633391 240
1683583850785 0.1962873 241
1683583850798 0.19624187 242
1683583850812 0.19619763 243
1683583850825 0.19615452 244
1683583850838 0.19611254 245
1683583850852 0.19607171 246
1683583850866 0.19603197 247
1683583850879 0.19599336 248
1683583850892 0.19595581 249
1683583850905 0.19591933 250
