1683583938732 1.1962531 1
1683583938746 1.1034636 2
1683583938764 1.0822746 3
1683583938777 1.0839882 4
1683583938791 1.0831735 5
1683583938804 1.0708978 6
1683583938817 1.0473309 7
1683583938830 1.0163157 8
1683583938844 0.98232484 9
1683583938857 0.9489919 10
1683583938870 0.91878146 11
1683583938884 0.89284587 12
1683583938897 0.8715462 13
1683583938911 0.8546996 14
1683583938924 0.84180695 15
1683583938937 0.83221763 16
1683583938951 0.8252399 17
1683583938964 0.82020795 18
1683583938978 0.81652147 19
1683583938991 0.81366575 20
1683583939004 0.8112182 21
1683583939018 0.8088476 22
1683583939031 0.80630684 23
1683583939044 0.8034228 24
1683583939057 0.80008453 25
1683583939070 0.79623145 26
1683583939084 0.79184204 27
1683583939097 0.7869239 28
1683583939110 0.78150505 29
1683583939124 0.77562743 30
1683583939137 0.76934576 31
1683583939150 0.7627158 32
1683583939163 0.75579333 33
1683583939177 0.7486323 34
1683583939190 0.74108326 35
1683583939205 0.73336375 36
1683583939218 0.7255713 37
1683583939231 0.71775687 38
1683583939245 0.7099539 39
1683583939258 0.7021876 40
1683583939271 0.694479 41
1683583939285 0.68684626 42
1683583939298 0.6793054 43
1683583939311 0.67187023 44
1683583939325 0.66455245 45
1683583939338 0.65736157 46
1683583939351 0.6503053 47
1683583939365 0.64338946 48
1683583939378 0.6366187 49
1683583939392 0.62999606 50
1683583939405 0.62352395 51
1683583939418 0.6172035 52
1683583939432 0.61103535 53
1683583939446 0.60501987 54
1683583939460 0.5991568 55
1683583939473 0.5934459 56
1683583939487 0.58788705 57
1683583939500 0.58247995 58
1683583939514 0.5772246 59
1683583939527 0.5721217 60
1683583939540 0.56717163 61
1683583939554 0.5623758 62
1683583939567 0.5577357 63
1683583939580 0.5532807 64
1683583939593 0.54898393 65
1683583939606 0.5448389 66
1683583939620 0.5408461 67
1683583939633 0.5370082 68
1683583939646 0.5333284 69
1683583939659 0.5298102 70
1683583939672 0.5264566 71
1683583939685 0.52327114 72
1683583939698 0.5202566 73
1683583939712 0.51741564 74
1683583939725 0.5147507 75
1683583939739 0.5122637 76
1683583939752 0.5099561 77
1683583939766 0.50782883 78
1683583939780 0.5058823 79
1683583939793 0.5041165 80
1683583939806 0.50259113 81
1683583939821 0.50126183 82
1683583939834 0.5001129 83
1683583939847 0.4991376 84
1683583939860 0.49833167 85
1683583939874 0.49769172 86
1683583939887 0.49721438 87
1683583939900 0.4968962 88
1683583939913 0.49673373 89
1683583939926 0.49672318 90
1683583939939 0.49686068 91
1683583939952 0.49714246 92
1683583939965 0.49756458 93
1683583939979 0.49812317 94
1683583939992 0.49881446 95
1683583940005 0.49963474 96
1683583940018 0.50058055 97
1683583940031 0.5016482 98
1683583940044 0.5028343 99
1683583940057 0.5041357 100
1683583940070 0.50554895 101
1683583940083 0.507071 102
1683583940096 0.5086987 103
1683583940109 0.510429 104
1683583940122 0.5122589 105
1683583940136 0.51418537 106
1683583940149 0.51620555 107
1683583940162 0.5183167 108
1683583940175 0.5205159 109
1683583940188 0.5228005 110
1683583940201 0.52516794 111
1683583940214 0.5276155 112
1683583940227 0.53014064 113
1683583940240 0.532741 114
1683583940253 0.5354141 115
1683583940266 0.5381576 116
1683583940279 0.54096913 117
1683583940292 0.5438465 118
1683583940305 0.5467876 119
1683583940318 0.54979026 120
1683583940331 0.55285233 121
1683583940344 0.55597186 122
1683583940357 0.5591468 123
1683583940370 0.56237537 124
1683583940384 0.56565547 125
1683583940397 0.5689854 126
1683583940410 0.5723634 127
1683583940422 0.57578754 128
1683583940436 0.5792563 129
1683583940449 0.5827679 130
1683583940462 0.58632076 131
1683583940475 0.5899133 132
1683583940488 0.593544 133
1683583940501 0.5972113 134
1683583940514 0.60091376 135
1683583940527 0.60464996 136
1683583940540 0.6084185 137
1683583940553 0.612218 138
1683583940566 0.61604726 139
1683583940579 0.6199049 140
1683583940593 0.62378967 141
1683583940606 0.6277003 142
1683583940619 0.6316359 143
1683583940632 0.63559496 144
1683583940645 0.6395767 145
1683583940658 0.6435798 146
1683583940671 0.6476033 147
1683583940684 0.65164614 148
1683583940698 0.65570754 149
1683583940711 0.6597862 150
1683583940723 0.66388154 151
1683583940737 0.6679925 152
1683583940750 0.67211825 153
1683583940763 0.6762579 154
1683583940776 0.68041074 155
1683583940790 0.6845759 156
1683583940803 0.68875265 157
1683583940816 0.6929403 158
1683583940829 0.6971381 159
1683583940843 0.70134526 160
1683583940856 0.7055613 161
1683583940870 0.7097856 162
1683583940883 0.7140173 163
1683583940897 0.718256 164
1683583940910 0.72250116 165
1683583940924 0.7267521 166
1683583940937 0.7310084 167
1683583940950 0.73526955 168
1683583940963 0.739535 169
1683583940976 0.74380416 170
1683583940990 0.7480768 171
1683583941003 0.7523524 172
1683583941016 0.75663054 173
1683583941029 0.76091075 174
1683583941042 0.7651927 175
1683583941056 0.76947606 176
1683583941070 0.77376044 177
1683583941083 0.7780455 178
1683583941097 0.7823309 179
1683583941110 0.7866163 180
1683583941123 0.79090154 181
1683583941136 0.7951861 182
1683583941150 0.7994699 183
1683583941163 0.80375266 184
1683583941176 0.8080342 185
1683583941189 0.81231403 186
1683583941202 0.8165921 187
1683583941215 0.82086825 188
1683583941229 0.82514215 189
1683583941242 0.8294137 190
1683583941255 0.8336827 191
1683583941268 0.837949 192
1683583941281 0.8422123 193
1683583941294 0.8464726 194
1683583941307 0.8507298 195
1683583941321 0.85498357 196
1683583941334 0.85923386 197
1683583941347 0.8634808 198
1683583941360 0.8677238 199
1683583941373 0.87196314 200
1683583941386 0.87619865 201
1683583941400 0.8804301 202
1683583941413 0.8846576 203
1683583941426 0.88888085 204
1683583941439 0.8931 205
1683583941452 0.8973149 206
1683583941465 0.9015255 207
1683583941478 0.90573174 208
1683583941492 0.90993357 209
1683583941506 0.9141309 210
1683583941519 0.9183239 211
1683583941532 0.9225123 212
1683583941545 0.9266961 213
1683583941558 0.9308754 214
1683583941571 0.9350502 215
1683583941584 0.93922037 216
1683583941597 0.94338596 217
1683583941615 0.947547 218
1683583941628 0.9517034 219
1683583941641 0.95585525 220
1683583941654 0.96000254 221
1683583941668 0.9641452 222
1683583941682 0.9682834 223
1683583941695 0.9724171 224
1683583941709 0.97654617 225
1683583941722 0.9806709 226
1683583941735 0.9847911 227
1683583941748 0.9889069 228
1683583941762 0.99301827 229
1683583941775 0.99712527 230
1683583941788 1.001228 231
1683583941802 1.0053265 232
1683583941815 1.0094206 233
1683583941828 1.0135107 234
1683583941841 1.0175965 235
1683583941855 1.0216783 236
1683583941868 1.0257559 237
1683583941881 1.0298297 238
1683583941895 1.0338995 239
1683583941908 1.0379653 240
1683583941921 1.0420272 241
1683583941934 1.0460856 242
1683583941947 1.05014 243
1683583941960 1.0541909 244
1683583941973 1.058238 245
1683583941986 1.0622817 246
1683583941999 1.0663218 247
1683583942012 1.0703586 248
1683583942026 1.0743921 249
1683583942039 1.0784221 250
