1683583477279 1.2526597 1
1683583477293 1.1665785 2
1683583477307 1.1524813 3
1683583477320 1.1610861 4
1683583477334 1.1666014 5
1683583477347 1.1600528 6
1683583477361 1.1414145 7
1683583477374 1.1145499 8
1683583477387 1.0840778 9
1683583477401 1.0538472 10
1683583477414 1.0264575 11
1683583477427 1.0033433 12
1683583477441 0.98503613 13
1683583477454 0.9714531 14
1683583477467 0.96213955 15
1683583477480 0.9564496 16
1683583477494 0.9536685 17
1683583477507 0.95309234 18
1683583477520 0.95407677 19
1683583477533 0.9560629 20
1683583477547 0.95858854 21
1683583477560 0.9612893 22
1683583477573 0.9638919 23
1683583477586 0.96620405 24
1683583477600 0.9681021 25
1683583477614 0.9695175 26
1683583477628 0.97042716 27
1683583477642 0.9708388 28
1683583477655 0.9707826 29
1683583477668 0.97030336 30
1683583477681 0.9694556 31
1683583477695 0.9682983 32
1683583477708 0.966892 33
1683583477721 0.96529675 34
1683583477734 0.9635693 35
1683583477747 0.961763 36
1683583477761 0.9599271 37
1683583477774 0.9581057 38
1683583477787 0.9563383 39
1683583477801 0.95465946 40
1683583477814 0.95309913 41
1683583477828 0.95168287 42
1683583477841 0.95043254 43
1683583477855 0.9493656 44
1683583477868 0.9484966 45
1683583477882 0.9478369 46
1683583477895 0.9473953 47
1683583477908 0.9471785 48
1683583477922 0.94719076 49
1683583477935 0.947435 50
1683583477948 0.94791317 51
1683583477961 0.9486254 52
1683583477975 0.9495713 53
1683583477988 0.95075005 54
1683583478001 0.9521599 55
1683583478014 0.9537989 56
1683583478028 0.955665 57
1683583478041 0.9577559 58
1683583478054 0.9600693 59
1683583478068 0.9626026 60
1683583478081 0.96535385 61
1683583478094 0.9683204 62
1683583478108 0.9715004 63
1683583478121 0.97489166 64
1683583478134 0.97849214 65
1683583478148 0.98230016 66
1683583478162 0.9863138 67
1683583478175 0.99053174 68
1683583478188 0.9949521 69
1683583478202 0.9995736 70
1683583478215 1.0043948 71
1683583478229 1.0094144 72
1683583478243 1.0146315 73
1683583478256 1.0200446 74
1683583478270 1.0256524 75
1683583478284 1.0314541 76
1683583478297 1.0374488 77
1683583478311 1.0436351 78
1683583478324 1.0500121 79
1683583478338 1.056579 80
1683583478351 1.0633346 81
1683583478365 1.0702779 82
1683583478378 1.0774083 83
1683583478392 1.0847244 84
1683583478405 1.0922256 85
1683583478419 1.0999105 86
1683583478432 1.1077785 87
1683583478445 1.1158285 88
1683583478459 1.1240597 89
1683583478472 1.1324706 90
1683583478485 1.1410607 91
1683583478499 1.1498288 92
1683583478513 1.1587739 93
1683583478526 1.1678951 94
1683583478540 1.177191 95
1683583478553 1.186661 96
1683583478566 1.1963036 97
1683583478580 1.206118 98
1683583478593 1.2161032 99
1683583478607 1.2262578 100
1683583478621 1.236581 101
1683583478634 1.2470714 102
1683583478648 1.2577279 103
1683583478662 1.2685497 104
1683583478675 1.2795355 105
1683583478688 1.290684 106
1683583478702 1.3019941 107
1683583478716 1.3134646 108
1683583478730 1.3250945 109
1683583478743 1.3368826 110
1683583478756 1.3488276 111
1683583478770 1.3609282 112
1683583478783 1.3731834 113
1683583478796 1.3855919 114
1683583478810 1.3981526 115
1683583478823 1.4108641 116
1683583478837 1.4237251 117
1683583478850 1.4367348 118
1683583478864 1.4498916 119
1683583478877 1.4631941 120
1683583478890 1.4766414 121
1683583478904 1.4902321 122
1683583478917 1.5039649 123
1683583478930 1.5178385 124
1683583478944 1.5318515 125
1683583478957 1.546003 126
1683583478970 1.5602915 127
1683583478984 1.5747154 128
1683583478997 1.5892739 129
1683583479010 1.6039653 130
1683583479024 1.6187885 131
1683583479037 1.6337419 132
1683583479050 1.6488243 133
1683583479064 1.6640346 134
1683583479077 1.6793711 135
1683583479090 1.6948328 136
1683583479104 1.7104177 137
1683583479117 1.7261251 138
1683583479130 1.7419535 139
1683583479144 1.7579012 140
1683583479157 1.773967 141
1683583479170 1.7901492 142
1683583479184 1.806447 143
1683583479197 1.8228585 144
1683583479210 1.8393824 145
1683583479224 1.8560174 146
1683583479237 1.872762 147
1683583479250 1.8896145 148
1683583479264 1.9065738 149
1683583479277 1.9236382 150
1683583479291 1.9408064 151
1683583479304 1.9580767 152
1683583479317 1.9754479 153
1683583479331 1.9929181 154
1683583479344 2.0104866 155
1683583479357 2.028151 156
1683583479371 2.0459101 157
1683583479384 2.0637627 158
1683583479397 2.0817065 159
1683583479411 2.099741 160
1683583479424 2.1178641 161
1683583479438 2.136074 162
1683583479451 2.1543696 163
1683583479464 2.172749 164
1683583479477 2.191211 165
1683583479491 2.209754 166
1683583479504 2.228376 167
1683583479517 2.2470756 168
1683583479530 2.2658515 169
1683583479544 2.2847016 170
1683583479557 2.3036249 171
1683583479570 2.322619 172
1683583479584 2.3416831 173
1683583479598 2.360815 174
1683583479611 2.3800135 175
1683583479625 2.3992763 176
1683583479638 2.4186027 177
1683583479652 2.4379904 178
1683583479665 2.457438 179
1683583479678 2.4769435 180
1683583479691 2.4965057 181
1683583479705 2.5161228 182
1683583479718 2.5357928 183
1683583479731 2.5555148 184
1683583479744 2.5752864 185
1683583479757 2.5951061 186
1683583479770 2.6149724 187
1683583479784 2.6348834 188
1683583479798 2.6548376 189
1683583479811 2.6748328 190
1683583479824 2.6948683 191
1683583479838 2.7149415 192
1683583479852 2.7350516 193
1683583479865 2.7551956 194
1683583479878 2.7753732 195
1683583479891 2.7955818 196
1683583479905 2.8158202 197
1683583479918 2.8360863 198
1683583479931 2.8563788 199
1683583479944 2.8766956 200
1683583479957 2.8970351 201
1683583479970 2.917396 202
1683583479983 2.937776 203
1683583479997 2.9581742 204
1683583480010 2.9785886 205
1683583480023 2.9990168 206
1683583480036 3.0194583 207
1683583480049 3.0399106 208
1683583480062 3.060372 209
1683583480076 3.0808415 210
1683583480089 3.1013167 211
1683583480102 3.1217966 212
1683583480115 3.1422791 213
1683583480128 3.1627626 214
1683583480141 3.1832457 215
1683583480154 3.2037265 216
1683583480167 3.2242036 217
1683583480180 3.2446756 218
1683583480194 3.26514 219
1683583480207 3.285596 220
1683583480220 3.306042 221
1683583480233 3.3264756 222
1683583480246 3.3468962 223
1683583480260 3.3673022 224
1683583480273 3.3876913 225
1683583480286 3.4080622 226
1683583480299 3.428414 227
1683583480313 3.4487443 228
1683583480326 3.4690523 229
1683583480339 3.4893365 230
1683583480352 3.5095947 231
1683583480366 3.5298262 232
1683583480379 3.5500288 233
1683583480392 3.5702016 234
1683583480405 3.590343 235
1683583480418 3.6104517 236
1683583480431 3.6305265 237
1683583480444 3.6505656 238
1683583480457 3.6705675 239
1683583480471 3.6905317 240
1683583480484 3.710456 241
1683583480497 3.7303395 242
1683583480510 3.7501807 243
1683583480523 3.7699785 244
1683583480536 3.7897315 245
1683583480550 3.8094387 246
1683583480563 3.8290987 247
1683583480576 3.8487105 248
1683583480589 3.8682728 249
1683583480602 3.887784 250
