1683584824798 1.1907918 1
1683584824813 1.0997272 2
1683584824827 1.0806992 3
1683584824840 1.0847738 4
1683584824853 1.086436 5
1683584824868 1.0768687 6
1683584824881 1.0561335 7
1683584824894 1.0280378 8
1683584824908 0.9970231 9
1683584824921 0.96671236 10
1683584824934 0.93943906 11
1683584824948 0.9165171 12
1683584824962 0.8983519 13
1683584824976 0.88477576 14
1683584824989 0.87529325 15
1683584825002 0.8692521 16
1683584825016 0.8659544 17
1683584825029 0.864725 18
1683584825043 0.8649517 19
1683584825057 0.8661063 20
1683584825071 0.86775273 21
1683584825084 0.86954665 22
1683584825097 0.8712291 23
1683584825111 0.87261665 24
1683584825124 0.87358975 25
1683584825137 0.8740804 26
1683584825150 0.8740605 27
1683584825163 0.87353206 28
1683584825176 0.8725177 29
1683584825189 0.87105405 30
1683584825202 0.8691825 31
1683584825215 0.8669539 32
1683584825229 0.8644173 33
1683584825242 0.86161935 34
1683584825255 0.8586029 35
1683584825268 0.85540646 36
1683584825281 0.85206336 37
1683584825294 0.8486012 38
1683584825307 0.84504235 39
1683584825321 0.84140337 40
1683584825334 0.83769536 41
1683584825347 0.8339245 42
1683584825360 0.83009183 43
1683584825374 0.8261943 44
1683584825387 0.8222246 45
1683584825400 0.8181725 46
1683584825413 0.8140247 47
1683584825426 0.8097661 48
1683584825439 0.8053807 49
1683584825452 0.8008522 50
1683584825465 0.79616535 51
1683584825479 0.79130715 52
1683584825496 0.78626764 53
1683584825512 0.78104085 54
1683584825529 0.77562577 55
1683584825543 0.7700268 56
1683584825556 0.76425356 57
1683584825570 0.7583207 58
1683584825583 0.75224704 59
1683584825600 0.7460546 60
1683584825614 0.7397672 61
1683584825628 0.73340917 62
1683584825641 0.7270045 63
1683584825654 0.7205757 64
1683584825668 0.71414304 65
1683584825682 0.7077247 66
1683584825696 0.70133615 67
1683584825709 0.6949907 68
1683584825723 0.68869936 69
1683584825742 0.6824715 70
1683584825760 0.6763145 71
1683584825773 0.67023456 72
1683584825786 0.6642369 73
1683584825800 0.6583253 74
1683584825813 0.6525034 75
1683584825827 0.64677376 76
1683584825841 0.6411386 77
1683584825855 0.63559955 78
1683584825869 0.6301582 79
1683584825885 0.62481534 80
1683584825899 0.61957204 81
1683584825913 0.61442864 82
1683584825926 0.6093857 83
1683584825939 0.6044433 84
1683584825953 0.5996016 85
1683584825966 0.5948607 86
1683584825979 0.59022003 87
1683584825993 0.58567977 88
1683584826006 0.58123946 89
1683584826020 0.5768986 90
1683584826034 0.57265663 91
1683584826047 0.56851315 92
1683584826060 0.56446755 93
1683584826074 0.560519 94
1683584826087 0.5566669 95
1683584826101 0.55291045 96
1683584826115 0.54924875 97
1683584826128 0.5456811 98
1683584826142 0.5422065 99
1683584826155 0.5388242 100
1683584826169 0.5355322 101
1683584826182 0.5323305 102
1683584826196 0.5292183 103
1683584826209 0.5261947 104
1683584826222 0.52325857 105
1683584826236 0.52040887 106
1683584826249 0.51764464 107
1683584826263 0.5149646 108
1683584826277 0.51236784 109
1683584826290 0.5098532 110
1683584826303 0.5074196 111
1683584826317 0.5050659 112
1683584826330 0.50279105 113
1683584826343 0.5005939 114
1683584826357 0.49847335 115
1683584826370 0.4964282 116
1683584826383 0.49445733 117
1683584826398 0.49255958 118
1683584826411 0.4907338 119
1683584826424 0.48897883 120
1683584826437 0.4872934 121
1683584826451 0.48567644 122
1683584826464 0.4841267 123
1683584826477 0.48264295 124
1683584826490 0.48122403 125
1683584826503 0.47986877 126
1683584826517 0.47857592 127
1683584826530 0.47734427 128
1683584826543 0.47617257 129
1683584826556 0.47505966 130
1683584826569 0.47400433 131
1683584826582 0.4730053 132
1683584826596 0.4720614 133
1683584826609 0.47117144 134
1683584826622 0.47033408 135
1683584826635 0.46954829 136
1683584826648 0.46881276 137
1683584826661 0.4681263 138
1683584826674 0.4674877 139
1683584826687 0.46689582 140
1683584826700 0.46634936 141
1683584826713 0.46584725 142
1683584826726 0.46538824 143
1683584826740 0.46497124 144
1683584826753 0.46459502 145
1683584826766 0.4642585 146
1683584826779 0.46396047 147
1683584826794 0.46369988 148
1683584826807 0.46347558 149
1683584826821 0.46328646 150
1683584826834 0.4631314 151
1683584826848 0.46300933 152
1683584826861 0.46291924 153
1683584826874 0.46286 154
1683584826888 0.46283063 155
1683584826902 0.46283013 156
1683584826915 0.46285737 157
1683584826928 0.4629115 158
1683584826941 0.4629914 159
1683584826955 0.46309614 160
1683584826969 0.4632249 161
1683584826982 0.46337664 162
1683584826996 0.4635504 163
1683584827009 0.46374536 164
1683584827023 0.4639606 165
1683584827036 0.4641953 166
1683584827051 0.46444857 167
1683584827064 0.4647196 168
1683584827078 0.46500757 169
1683584827091 0.4653117 170
1683584827105 0.4656312 171
1683584827118 0.46596527 172
1683584827131 0.46631324 173
1683584827144 0.4666744 174
1683584827158 0.46704793 175
1683584827171 0.46743327 176
1683584827184 0.4678297 177
1683584827197 0.46823657 178
1683584827210 0.46865317 179
1683584827224 0.46907902 180
1683584827237 0.46951342 181
1683584827250 0.46995586 182
1683584827264 0.4704057 183
1683584827277 0.47086245 184
1683584827290 0.47132552 185
1683584827303 0.4717945 186
1683584827317 0.4722687 187
1683584827330 0.47274786 188
1683584827343 0.47323138 189
1683584827356 0.47371885 190
1683584827369 0.47420985 191
1683584827382 0.47470388 192
1683584827396 0.4752006 193
1683584827409 0.47569963 194
1683584827422 0.47620058 195
1683584827435 0.47670302 196
1683584827449 0.4772067 197
1683584827462 0.47771126 198
1683584827475 0.47821632 199
1683584827488 0.47872168 200
1683584827501 0.4792269 201
1683584827515 0.4797318 202
1683584827528 0.48023605 203
1683584827541 0.4807395 204
1683584827555 0.48124176 205
1683584827568 0.4817427 206
1683584827582 0.48224205 207
1683584827595 0.48273957 208
1683584827608 0.4832351 209
1683584827622 0.48372844 210
1683584827635 0.48421937 211
1683584827648 0.48470777 212
1683584827662 0.48519337 213
1683584827675 0.4856762 214
1683584827688 0.48615593 215
1683584827702 0.48663247 216
1683584827715 0.48710576 217
1683584827729 0.48757556 218
1683584827742 0.48804182 219
1683584827756 0.48850447 220
1683584827769 0.4889634 221
1683584827782 0.48941842 222
1683584827796 0.48986953 223
1683584827809 0.4903166 224
1683584827823 0.49075955 225
1683584827837 0.49119842 226
1683584827851 0.49163306 227
1683584827866 0.4920634 228
1683584827880 0.4924894 229
1683584827893 0.492911 230
1683584827906 0.49332818 231
1683584827920 0.49374098 232
1683584827933 0.49414918 233
1683584827947 0.49455288 234
1683584827960 0.49495208 235
1683584827974 0.4953467 236
1683584827987 0.49573672 237
1683584828000 0.49612212 238
1683584828013 0.49650294 239
1683584828027 0.49687916 240
1683584828040 0.49725077 241
1683584828056 0.4976177 242
1683584828073 0.49798012 243
1683584828088 0.4983378 244
1683584828105 0.49869096 245
1683584828120 0.49903953 246
1683584828137 0.49938348 247
1683584828152 0.49972287 248
1683584828165 0.50005776 249
1683584828179 0.500388 250
