1683583938729 1.0818412188151125 1
1683583938744 0.9309463819525519 2
1683583938762 0.8653079866473035 3
1683583938775 0.8284451615444389 4
1683583938789 0.7933710544635018 5
1683583938802 0.7521985504118391 6
1683583938815 0.7054787994120594 7
1683583938828 0.656958218879262 8
1683583938842 0.6105449197467753 9
1683583938855 0.5689734607878743 10
1683583938868 0.5334805923671321 11
1683583938882 0.5044364023232051 12
1683583938895 0.4812846031135072 13
1683583938909 0.4630856416247602 14
1683583938922 0.44882170410944805 15
1683583938935 0.4375583600353542 16
1683583938949 0.4285099361069325 17
1683583938962 0.421049625632172 18
1683583938975 0.4146935457667901 19
1683583938989 0.40907692782202776 20
1683583939002 0.4039304662240435 21
1683583939015 0.39906010758363664 22
1683583939029 0.39433088554972384 23
1683583939042 0.38965434667380927 24
1683583939055 0.38497924415552215 25
1683583939068 0.3802842137313108 26
1683583939082 0.375572120377982 27
1683583939095 0.3708649969764518 28
1683583939108 0.3663219409047771 29
1683583939122 0.3620545196431666 30
1683583939135 0.35790035799301345 31
1683583939148 0.35385085279615097 32
1683583939161 0.3499366216089476 33
1683583939175 0.3461927236304714 34
1683583939188 0.3427474538068794 35
1683583939202 0.33964792740365846 36
1683583939216 0.3368642440509763 37
1683583939229 0.33434875496575245 38
1683583939243 0.3320559387974969 39
1683583939256 0.3299474104770159 40
1683583939269 0.32799184350907973 41
1683583939283 0.3261631892233678 42
1683583939296 0.3244394660943523 43
1683583939309 0.322801541518671 44
1683583939323 0.32123238566323303 45
1683583939336 0.31971673295749026 46
1683583939349 0.3182407562286409 47
1683583939363 0.31679188347956005 48
1683583939376 0.3153587041976314 49
1683583939389 0.3139309537247194 50
1683583939403 0.31249937028608055 51
1683583939416 0.3110558310516486 52
1683583939430 0.3095932218378496 53
1683583939443 0.308105571430595 54
1683583939457 0.3065879577622387 55
1683583939471 0.30503659648472997 56
1683583939485 0.3034487085621922 57
1683583939498 0.30182245034777144 58
1683583939512 0.30015682575173147 59
1683583939525 0.2984516138907087 60
1683583939538 0.29670726956030435 61
1683583939552 0.29492471323938924 62
1683583939565 0.2931052623130683 63
1683583939578 0.2912540230557551 64
1683583939591 0.28936958793510814 65
1683583939604 0.28745302231239006 66
1683583939618 0.28550624279099174 67
1683583939631 0.28353182828402657 68
1683583939644 0.2815320361848569 69
1683583939657 0.27950947409975446 70
1683583939670 0.2774666770436003 71
1683583939683 0.2754063137443596 72
1683583939696 0.27333086650609456 73
1683583939710 0.27124291727146865 74
1683583939723 0.269144904333002 75
1683583939736 0.26703906384680764 76
1683583939750 0.2649276719284963 77
1683583939764 0.26281273593207566 78
1683583939778 0.26069620600790183 79
1683583939791 0.25857978951721466 80
1683583939804 0.25645963193552956 81
1683583939819 0.254343408446988 82
1683583939832 0.2522338406909949 83
1683583939845 0.25013200753358983 84
1683583939858 0.24803840510871228 85
1683583939872 0.24595342217342353 86
1683583939885 0.24387731102570703 87
1683583939898 0.24181029952614813 88
1683583939911 0.23975246029058656 89
1683583939924 0.23770392111255478 90
1683583939937 0.23566468177195976 91
1683583939950 0.2336347171057752 92
1683583939963 0.23161395935562706 93
1683583939977 0.22960226010193913 94
1683583939990 0.2275994136345722 95
1683583940003 0.2256053295608017 96
1683583940016 0.22361968593493708 97
1683583940029 0.22164222130779576 98
1683583940042 0.21967271966022217 99
1683583940055 0.21771088633930313 100
1683583940068 0.2157563569104074 101
1683583940081 0.21380888051325525 102
1683583940094 0.21186812381601816 103
1683583940107 0.2099337431520088 104
1683583940120 0.20800539714783506 105
1683583940134 0.2060827256463318 106
1683583940147 0.2041654289374516 107
1683583940160 0.20225304778726277 108
1683583940173 0.20034534551076894 109
1683583940186 0.19844188064160673 110
1683583940199 0.1965423801461002 111
1683583940212 0.1946464664593372 112
1683583940225 0.19275374297606457 113
1683583940238 0.19086396499974134 114
1683583940251 0.18897670882799605 115
1683583940264 0.18709168672305176 116
1683583940277 0.18520860586710725 117
1683583940290 0.18332711764776405 118
1683583940303 0.18144693652018373 119
1683583940316 0.17956780357046243 120
1683583940329 0.1776893494090903 121
1683583940342 0.17581140007968526 122
1683583940355 0.17393367015569028 123
1683583940368 0.17205589098001078 124
1683583940382 0.1701777943617696 125
1683583940395 0.16829918894808604 126
1683583940408 0.16641987246249185 127
1683583940420 0.16453958291497128 128
1683583940434 0.16265818878505373 129
1683583940447 0.16077548997037722 130
1683583940460 0.15889131212165508 131
1683583940473 0.15700546764438045 132
1683583940486 0.1551178218469474 133
1683583940499 0.15322828493223972 134
1683583940512 0.1513367072532188 135
1683583940525 0.14944292129309023 136
1683583940538 0.14754694046306582 137
1683583940551 0.14564857982045376 138
1683583940564 0.14374786890745628 139
1683583940577 0.14184463604415976 140
1683583940591 0.13993892087756077 141
1683583940604 0.1380306128657106 142
1683583940617 0.13611973373934572 143
1683583940629 0.13420629584463606 144
1683583940643 0.13229025113525195 145
1683583940656 0.13037171588207774 146
1683583940669 0.1284505722426197 147
1683583940682 0.12652690384701049 148
1683583940696 0.12460078722890922 149
1683583940709 0.12267230434836729 150
1683583940722 0.12074147215472975 151
1683583940735 0.11880839948984134 152
1683583940748 0.11687320490242958 153
1683583940761 0.11493595717231053 154
1683583940774 0.11299684291047718 155
1683583940788 0.1110558652035597 156
1683583940801 0.10911329276317894 157
1683583940814 0.10716921151500658 158
1683583940827 0.10522379480035415 159
1683583940841 0.10327726830177564 160
1683583940854 0.10132969278278758 161
1683583940868 0.0993813715668388 162
1683583940881 0.097432379472429 163
1683583940895 0.09548306730541334 164
1683583940908 0.09353363370946821 165
1683583940922 0.0915841902188208 166
1683583940935 0.08963516154991291 167
1683583940948 0.08768661502417774 168
1683583940961 0.0857389130222822 169
1683583940974 0.083792255183743 170
1683583940988 0.08184703605776977 171
1683583941001 0.07990339581374184 172
1683583941014 0.07796167340072757 173
1683583941027 0.07602223432060029 174
1683583941040 0.07408522243464011 175
1683583941054 0.07215110067463781 176
1683583941068 0.07022015665501113 177
1683583941081 0.06829268670853239 178
1683583941095 0.06636894008760996 179
1683583941108 0.06444941520138725 180
1683583941121 0.06253434766893329 181
1683583941134 0.06062409663361945 182
1683583941148 0.05871909020696031 183
1683583941161 0.056819525511529356 184
1683583941174 0.054925931618601154 185
1683583941187 0.05303864636616917 186
1683583941200 0.05115790141429588 187
1683583941213 0.049284265125676074 188
1683583941226 0.047417957649551146 189
1683583941240 0.045559492649340894 190
1683583941253 0.04370916190485119 191
1683583941266 0.04186736783867251 192
1683583941279 0.04003452997365364 193
1683583941292 0.03821108473300394 194
1683583941305 0.03639732909344662 195
1683583941319 0.034593753865744814 196
1683583941332 0.03280061722117433 197
1683583941345 0.031018418754786947 198
1683583941358 0.029247580114213134 199
1683583941371 0.02748841578360306 200
1683583941384 0.025741425720050448 201
1683583941398 0.02400694924909874 202
1683583941411 0.022285439364237436 203
1683583941424 0.020577156946647412 204
1683583941437 0.018882593151023808 205
1683583941450 0.017202218351727527 206
1683583941463 0.015536400365498193 207
1683583941476 0.013885379739294934 208
1683583941490 0.0122496752585316 209
1683583941504 0.01062966666249554 210
1683583941517 0.009025666903642704 211
1683583941530 0.007438169684060414 212
1683583941543 0.0058675238062335655 213
1683583941556 0.004313944777914025 214
1683583941569 0.0027780289340320063 215
1683583941582 0.0012599565354937114 216
1683583941595 -0.00023983911574554373 217
1683583941612 -0.001720937230552222 218
1683583941626 -0.0031830744340087813 219
1683583941639 -0.00462588721672752 220
1683583941652 -0.006049087084678106 221
1683583941666 -0.0074522857094043715 222
1683583941680 -0.008835185441821825 223
1683583941693 -0.010197402850676718 224
1683583941707 -0.011538749321137964 225
1683583941720 -0.012858864521647528 226
1683583941733 -0.014157489243515786 227
1683583941746 -0.015434225327985551 228
1683583941760 -0.016688920076377678 229
1683583941773 -0.017921295467830056 230
1683583941786 -0.019131081686627138 231
1683583941800 -0.02031791974685082 232
1683583941813 -0.021481749640940073 233
1683583941826 -0.0226222046544845 234
1683583941839 -0.02373913704698427 235
1683583941853 -0.024832291597978395 236
1683583941866 -0.02590151447307898 237
1683583941879 -0.026946628005578566 238
1683583941893 -0.027967286573938877 239
1683583941906 -0.02896354828052461 240
1683583941919 -0.029935164312696827 241
1683583941932 -0.03088196172633073 242
1683583941945 -0.0318038536001477 243
1683583941958 -0.03270074474730644 244
1683583941971 -0.03357243759121786 245
1683583941984 -0.034418858151080034 246
1683583941997 -0.03523989396918514 247
1683583942010 -0.03603561819430978 248
1683583942024 -0.03680571880419348 249
1683583942037 -0.03755035535290219 250
