1683926106881 46.180912 1
1683926106979 35.43451 2
1683926107049 27.183502 3
1683926107114 29.80074 4
1683926107184 45.439724 5
1683926107259 66.007904 6
1683926107324 79.96292 7
1683926107389 81.90248 8
1683926107454 74.60618 9
1683926107514 63.337204 10
1683926107579 52.913536 11
1683926107644 44.50166 12
1683926107709 41.322845 13
1683926107769 44.484554 14
1683926107834 52.78068 15
1683926107899 63.259117 16
1683926107964 72.83845 17
1683926108024 79.60058 18
1683926108089 83.08804 19
1683926108154 80.78972 20
1683926108214 71.93155 21
1683926108279 58.668003 22
1683926108344 47.506645 23
1683926108404 45.81765 24
1683926108469 55.051834 25
1683926108529 68.821976 26
1683926108594 81.123795 27
1683926108659 88.38368 28
1683926108719 90.27347 29
1683926108784 87.9391 30
1683926108849 82.19208 31
1683926108914 73.82197 32
1683926108979 64.88132 33
1683926109039 57.499603 34
1683926109109 53.11251 35
1683926109174 52.000706 36
1683926109234 53.53633 37
1683926109299 56.69792 38
1683926109359 60.514496 39
1683926109424 64.28763 40
1683926109484 67.614334 41
1683926109544 70.30274 42
1683926109609 72.33221 43
1683926109674 73.782104 44
1683926109734 74.72828 45
1683926109799 75.29633 46
1683926109864 75.524536 47
1683926109929 75.24419 48
1683926109994 74.18478 49
1683926110059 72.42003 50
1683926110119 70.08113 51
1683926110184 67.386795 52
1683926110244 64.49141 53
1683926110304 61.619987 54
1683926110369 58.916206 55
1683926110434 56.456524 56
1683926110494 54.269447 57
1683926110554 52.344524 58
1683926110619 50.53968 59
1683926110679 48.809853 60
1683926110744 47.174534 61
1683926110809 45.05253 62
1683926110869 42.313004 63
1683926110934 38.22998 64
1683926110999 33.99901 65
1683926111064 30.758268 66
1683926111129 29.500431 67
1683926111194 30.860577 68
1683926111259 34.492317 69
1683926111319 39.494583 70
1683926111384 44.7977 71
1683926111449 49.363182 72
1683926111514 50.352417 73
1683926111579 46.845474 74
1683926111644 39.59654 75
1683926111709 32.33373 76
1683926111774 31.670273 77
1683926111839 43.41213 78
1683926111909 64.150246 79
1683926111969 80.01876 80
1683926112039 82.4817 81
1683926112104 71.94682 82
1683926112169 56.168495 83
1683926112239 45.845226 84
1683926112304 49.878414 85
1683926112369 67.1327 86
1683926112434 86.19821 87
1683926112494 94.64174 88
1683926112554 89.33877 89
1683926112619 76.63663 90
1683926112679 64.232925 91
1683926112744 60.024887 92
1683926112809 66.660385 93
1683926112874 80.080414 94
1683926112934 93.6291 95
1683926112999 102.42908 96
1683926113064 105.03824 97
1683926113124 102.67168 98
1683926113189 97.62281 99
1683926113249 91.90787 100
1683926113314 85.43542 101
1683926113379 79.05982 102
1683926113444 74.69581 103
1683926113509 73.316414 104
1683926113569 74.80766 105
1683926113634 78.33949 106
1683926113699 82.77873 107
1683926113764 84.607956 108
1683926113829 80.53171 109
1683926113894 70.07779 110
1683926113959 58.032867 111
1683926114024 56.059937 112
1683926114089 71.698715 113
1683926114159 96.94709 114
1683926114219 113.10747 115
1683926114289 109.22813 116
1683926114354 90.662025 117
1683926114419 70.02751 118
1683926114479 59.3755 119
1683926114544 61.693672 120
1683926114604 72.15596 121
1683926114664 81.43347 122
1683926114729 87.22742 123
1683926114794 88.25345 124
1683926114854 84.40253 125
1683926114919 75.1624 126
1683926114979 64.77013 127
1683926115044 62.5669 128
1683926115109 73.06291 129
1683926115169 88.99136 130
1683926115234 101.78646 131
1683926115309 107.63341 132
1683926115379 108.91221 133
1683926115444 109.030136 134
1683926115514 108.87495 135
1683926115574 107.52493 136
1683926115639 104.29852 137
1683926115704 99.80502 138
1683926115769 95.36417 139
1683926115834 91.9309 140
1683926115899 89.61559 141
1683926115959 88.146194 142
1683926116024 87.16261 143
1683926116089 86.40692 144
1683926116154 85.71283 145
1683926116224 84.946724 146
1683926116284 84.061516 147
1683926116349 82.86084 148
1683926116414 81.39953 149
1683926116479 79.209785 150
1683926116544 76.53614 151
1683926116604 73.54431 152
1683926116669 70.442474 153
1683926116734 67.43082 154
1683926116799 64.6748 155
1683926116864 62.284897 156
1683926116934 60.298378 157
1683926117004 58.707558 158
1683926117074 57.47797 159
1683926117144 56.566757 160
1683926117214 55.910446 161
1683926117274 55.36094 162
1683926117339 54.81997 163
1683926117404 54.275906 164
1683926117469 53.61243 165
1683926117529 52.817554 166
1683926117589 51.90921 167
1683926117654 50.955242 168
1683926117719 50.01828 169
1683926117779 49.1469 170
1683926117844 48.353745 171
1683926117909 47.662704 172
1683926117974 47.086807 173
1683926118044 46.628418 174
1683926118109 46.274044 175
1683926118174 45.232315 176
1683926118239 42.639412 177
1683926118309 38.496902 178
1683926118374 34.761906 179
1683926118439 34.11177 180
1683926118499 38.008682 181
1683926118564 43.81217 182
1683926118624 46.778038 183
1683926118689 44.997467 184
1683926118754 41.785282 185
1683926118819 42.330826 186
1683926118889 50.54766 187
1683926118949 62.686085 188
1683926119019 71.39967 189
1683926119079 75.85564 190
1683926119144 77.01291 191
1683926119209 75.631836 192
1683926119269 72.217834 193
1683926119339 67.562874 194
1683926119404 62.526833 195
1683926119464 57.396736 196
1683926119529 54.757446 197
1683926119594 56.1338 198
1683926119659 61.1373 199
1683926119719 67.74407 200
1683926119854 73.82197 201
1683926119939 78.11795 202
1683926120014 80.40015 203
1683926120079 81.0959 204
1683926120144 80.692184 205
1683926120209 78.03907 206
1683926120274 71.44154 207
1683926120339 61.220062 208
1683926120399 52.157265 209
1683926120464 51.73122 210
1683926120529 63.443443 211
1683926120594 81.502754 212
1683926120654 95.11347 213
1683926120724 97.20958 214
1683926120784 87.32552 215
1683926120849 71.75816 216
1683926120914 60.24906 217
1683926120979 60.260487 218
1683926121044 73.04344 219
1683926121114 91.22255 220
1683926121174 102.88408 221
1683926121244 100.51217 222
1683926121304 86.80159 223
1683926121369 69.5715 224
1683926121434 61.62607 225
1683926121494 69.50571 226
1683926121559 87.974884 227
1683926121619 106.27148 228
1683926121684 116.1049 229
1683926121749 116.04671 230
1683926121814 109.61393 231
1683926121879 100.748116 232
1683926121944 91.560234 233
1683926122009 84.577576 234
1683926122069 81.9896 235
1683926122134 86.11037 236
1683926122199 96.92898 237
1683926122264 110.49149 238
1683926122329 120.9793 239
1683926122414 124.50925 240
1683926122489 119.54918 241
1683926122559 108.50655 242
1683926122627 97.13719 243
1683926122696 91.22502 244
1683926122771 93.89467 245
1683926122842 106.02679 246
1683926122912 122.83586 247
1683926122980 135.50906 248
1683926123057 137.69647 249
1683926123137 130.34453 250
