1683928711195 51.753094747047506 1
1683928711272 44.00862838565029 2
1683928711335 35.59891952435177 3
1683928711405 30.841309242559444 4
1683928711470 32.00711413179139 5
1683928711540 34.50754342332256 6
1683928711600 34.30316903030778 7
1683928711665 35.32265230184826 8
1683928711729 39.38376284995093 9
1683928711797 43.69575487081272 10
1683928711862 41.825666906098846 11
1683928711922 37.433620040945414 12
1683928711987 37.844396825810534 13
1683928712052 44.42073096199184 14
1683928712117 47.944354082633694 15
1683928712177 44.53475379019649 16
1683928712247 43.37725498684408 17
1683928712309 46.6469745845367 18
1683928712374 51.28812544939972 19
1683928712439 52.64969643392166 20
1683928712499 52.658697261939395 21
1683928712564 53.05939916413152 22
1683928712624 52.68521478432761 23
1683928712689 51.54248828316536 24
1683928712749 51.26692510064175 25
1683928712815 49.95662246234998 26
1683928712881 46.40689156012938 27
1683928712941 43.12370579979782 28
1683928713011 42.564165442728545 29
1683928713081 45.25403182171195 30
1683928713141 47.31714903049573 31
1683928713201 47.06685398830873 32
1683928713266 46.118777187074656 33
1683928713332 43.991522007892456 34
1683928713394 42.99958268282916 35
1683928713454 44.74067095741255 36
1683928713514 45.38320298934515 37
1683928713574 43.23298054665152 38
1683928713634 42.677299297820895 39
1683928713694 44.09192319114389 40
1683928713759 45.008191082647045 41
1683928713824 43.673397277637434 42
1683928713892 41.3452213048243 43
1683928713957 41.09948366573377 44
1683928714017 43.4217033208694 45
1683928714082 44.53191476937558 46
1683928714142 42.58038522726946 47
1683928714202 40.21562874294655 48
1683928714262 38.04667598541475 49
1683928714327 35.73897026817393 50
1683928714386 35.40857775779946 51
1683928714449 38.212785490018106 52
1683928714514 41.58236944790828 53
1683928714574 43.09913456536519 54
1683928714639 44.02882140674535 55
1683928714699 46.05591215043421 56
1683928714759 50.22357925085208 57
1683928714824 54.68405669663201 58
1683928714884 55.66548228858899 59
1683928714945 54.62214589457984 60
1683928715005 53.898881565426734 61
1683928715065 52.93156361390906 62
1683928715125 51.121847531927166 63
1683928715185 49.45449862532474 64
1683928715250 47.527844248382614 65
1683928715315 43.52126076296178 66
1683928715375 40.08081470096623 67
1683928715436 39.10869580480586 68
1683928715498 40.58302626933651 69
1683928715563 43.44201158969594 70
1683928715623 46.27667581535932 71
1683928715688 47.28803247101669 72
1683928715753 46.028642342849324 73
1683928715813 43.034871591131235 74
1683928715878 39.41884698124159 75
1683928715938 37.27947127129805 76
1683928716004 37.40343728766915 77
1683928716065 37.28896201779251 78
1683928716130 35.104133477770574 79
1683928716190 32.21970407669613 80
1683928716250 29.175506957455806 81
1683928716315 27.74440342606908 82
1683928716375 28.492882620053514 83
1683928716445 30.50810495835713 84
1683928716521 32.90553747967961 85
1683928716584 33.83051011315054 86
1683928716654 31.390648591991315 87
1683928716724 27.45401656479178 88
1683928716794 25.997568663959605 89
1683928716859 27.743412571700418 90
1683928716934 31.2817987709401 91
1683928717004 35.577844852034296 92
1683928717080 39.3676698122631 93
1683928717147 41.25080646617209 94
1683928717222 41.84317145700471 95
1683928717287 42.810860509106476 96
1683928717357 45.03659380667712 97
1683928717532 48.0269719075162 98
1683928717631 51.366780761832615 99
1683928717701 52.81689954840749 100
1683928717776 50.49426787996448 101
1683928717841 45.64210093412623 102
1683928717906 43.21925134791874 103
1683928717966 46.47116229379335 104
1683928718031 52.660718359109566 105
1683928718091 56.89842579694012 106
1683928718151 57.30079332860418 107
1683928718216 55.45729093964394 108
1683928718276 54.10567438422338 109
1683928718336 52.092939477124816 110
1683928718396 49.154235883152445 111
1683928718461 48.7285778662094 112
1683928718536 50.396938114059736 113
1683928718601 51.62562529258808 114
1683928718665 51.88725269754735 115
1683928718724 53.212095597823605 116
1683928718784 56.79643534056491 117
1683928719009 59.41768038724105 118
1683928719139 56.962663073852696 119
1683928719229 51.71864854333262 120
1683928719294 49.80631799272045 121
1683928719359 53.8431325053367 122
1683928719419 60.819131580488346 123
1683928719484 65.26342903687751 124
1683928719544 69.24844559768998 125
1683928719609 72.11649364812146 126
1683928719674 69.17597227743661 127
1683928719737 61.82590682637462 128
1683928719802 54.38881602097157 129
1683928719862 49.87338258488562 130
1683928719927 50.65465205604782 131
1683928719987 55.05221699463101 132
1683928720047 58.29661255465956 133
1683928720107 62.81151065701958 134
1683928720167 72.19179338279581 135
1683928720231 79.94606906046948 136
1683928720295 77.3490167377995 137
1683928720355 70.05636457418113 138
1683928720420 64.48555304351666 139
1683928720490 62.29907331680128 140
1683928720555 61.185926608397985 141
1683928720615 61.300581825425674 142
1683928720680 63.424880158541 143
1683928720741 63.3171750087703 144
1683928720808 59.180017473146414 145
1683928720868 53.417562458796 146
1683928720933 48.17908294592346 147
1683928720993 45.0232338969238 148
1683928721058 44.81931140308824 149
1683928721118 46.19581647391268 150
1683928721178 47.20173305278855 151
1683928721238 49.99570929822063 152
1683928721303 57.78645979307791 153
1683928721366 68.55893531647064 154
1683928721426 75.9366354507588 155
1683928721486 78.85005921299731 156
1683928721551 78.46468644264986 157
1683928721616 74.17344264673247 158
1683928721676 67.69543113787228 159
1683928721736 61.285490896582324 160
1683928721800 56.72151944595923 161
1683928721867 55.56621520966154 162
1683928721932 58.17191471798619 163
1683928721992 61.83212703824902 164
1683928722052 63.51647799594909 165
1683928722117 64.34287033690899 166
1683928722177 65.6009352834788 167
1683928722237 65.45585519745116 168
1683928722302 62.537266585766915 169
1683928722365 58.9919525135946 170
1683928722426 58.2098178756388 171
1683928722486 59.67772738250257 172
1683928722551 60.50923249289943 173
1683928722611 59.81535670480352 174
1683928722671 59.40160928512066 175
1683928722731 59.618168886307956 176
1683928722791 60.970567852028935 177
1683928722863 64.29331366669003 178
1683928722922 68.49632549314083 179
1683928722987 68.21970793849891 180
1683928723052 65.97399434266927 181
1683928723112 66.18466370724826 182
1683928723172 67.88673432061785 183
1683928723232 68.28059562836148 184
1683928723297 69.97459314838532 185
1683928723357 75.82632641029589 186
1683928723423 82.21175376396717 187
1683928723483 82.89427870270174 188
1683928723543 79.66730978324254 189
1683928723603 74.79203491276346 190
1683928723663 67.45192198513729 191
1683928723723 61.88567134369546 192
1683928723783 63.283163497333334 193
1683928723843 69.9650811751596 194
1683928723908 75.12293264042741 195
1683928723969 77.28942586447891 196
1683928724027 78.71337731430795 197
1683928724087 80.55935006743846 198
1683928724152 82.83857477528693 199
1683928724217 82.90724606604044 200
1683928724377 77.74297611249979 201
1683928724486 71.78488305857194 202
1683928724557 66.8674529737927 203
1683928724622 62.92521021323993 204
1683928724682 62.705952122454356 205
1683928724742 68.37288380751255 206
1683928724802 77.53956689640698 207
1683928724862 83.74430635287828 208
1683928724922 83.20614155916957 209
1683928724982 80.3925357636688 210
1683928725045 75.17577657747285 211
1683928725105 68.08258769894401 212
1683928725165 64.14096393024695 213
1683928725225 63.850215757276445 214
1683928725285 66.05393528512299 215
1683928725345 69.78897748266787 216
1683928725410 72.40668075428839 217
1683928725470 72.44394659291318 218
1683928725534 70.84214007931723 219
1683928725597 68.25181188317971 220
1683928725662 64.55152354179576 221
1683928725722 61.81558048724951 222
1683928725782 63.21500163751034 223
1683928725842 67.89309624317053 224
1683928725907 72.72386654615691 225
1683928725967 76.21338911193291 226
1683928726027 78.26397501002873 227
1683928726092 79.12510150326061 228
1683928726152 78.09591647845963 229
1683928726212 75.05419516149026 230
1683928726272 72.33554430766137 231
1683928726332 73.19953418496594 232
1683928726392 77.4508053625271 233
1683928726457 81.67037298773697 234
1683928726522 85.18769529946135 235
1683928726587 88.20879861324455 236
1683928726656 87.9000961209881 237
1683928726726 83.1935426170063 238
1683928726786 77.67044171267682 239
1683928726846 75.88895510527779 240
1683928726906 77.2796869236452 241
1683928726966 76.50303409465226 242
1683928727031 73.16913919688804 243
1683928727092 69.55077407870496 244
1683928727155 66.56500237681082 245
1683928727215 64.80859827677794 246
1683928727275 65.40502974140425 247
1683928727335 68.73276909827882 248
1683928727395 73.35888131666499 249
1683928727455 75.8809348139857 250
