1683928194234 59.700157 1
1683928194297 59.225143 2
1683928194367 58.274837 3
1683928194432 56.38427 4
1683928194492 53.6548 5
1683928194557 50.597736 6
1683928194622 47.48342 7
1683928194682 42.538406 8
1683928194747 34.56758 9
1683928194812 25.767563 10
1683928194877 22.563843 11
1683928194942 30.153244 12
1683928195007 47.741264 13
1683928195077 67.42705 14
1683928195142 79.811646 15
1683928195207 81.18952 16
1683928195272 74.93291 17
1683928195337 66.66925 18
1683928195402 59.988625 19
1683928195552 55.42579 20
1683928195617 51.940468 21
1683928195682 51.345276 22
1683928195747 55.313744 23
1683928195812 63.372417 24
1683928195877 71.43271 25
1683928195937 75.76936 26
1683928196002 76.346794 27
1683928196062 73.68907 28
1683928196127 70.31088 29
1683928196192 68.14343 30
1683928196258 68.18443 31
1683928196323 66.14986 32
1683928196388 59.302795 33
1683928196448 48.79361 34
1683928196513 40.685837 35
1683928196573 44.25629 36
1683928196633 60.949627 37
1683928196698 80.056564 38
1683928196758 87.78017 39
1683928196818 78.668915 40
1683928196883 63.06454 41
1683928196943 56.02637 42
1683928197003 62.219162 43
1683928197063 74.05922 44
1683928197128 83.10853 45
1683928197188 88.32765 46
1683928197248 90.47566 47
1683928197308 86.72037 48
1683928197373 76.706505 49
1683928197438 64.34368 50
1683928197498 56.692528 51
1683928197563 59.51944 52
1683928197628 72.55624 53
1683928197688 87.92681 54
1683928197753 97.62375 55
1683928197813 101.85564 56
1683928197878 102.56795 57
1683928197938 100.802765 58
1683928198003 97.10643 59
1683928198073 92.42653 60
1683928198143 86.10615 61
1683928198208 77.515656 62
1683928198273 67.99421 63
1683928198333 61.8856 64
1683928198403 64.12105 65
1683928198463 75.88039 66
1683928198523 92.3863 67
1683928198583 105.73227 68
1683928198643 109.76059 69
1683928198703 104.18263 70
1683928198763 93.19409 71
1683928198823 83.29653 72
1683928198888 79.23843 73
1683928198948 81.91169 74
1683928199008 88.80925 75
1683928199073 96.242714 76
1683928199138 101.434906 77
1683928199198 103.54095 78
1683928199263 103.18106 79
1683928199323 101.51398 80
1683928199383 99.53646 81
1683928199523 97.737015 82
1683928199608 96.17008 83
1683928199673 93.31291 84
1683928199733 87.20909 85
1683928199803 77.93475 86
1683928199868 68.72855 87
1683928199933 65.55931 88
1683928199993 72.51842 89
1683928200058 86.41418 90
1683928200123 99.573555 91
1683928200183 107.55852 92
1683928200248 108.67384 93
1683928200308 104.6332 94
1683928200368 99.14844 95
1683928200433 95.44071 96
1683928200493 94.675156 97
1683928200558 96.15634 98
1683928200618 98.10281 99
1683928200678 98.855606 100
1683928200738 97.460464 101
1683928200808 94.02716 102
1683928200873 89.37124 103
1683928200938 84.69823 104
1683928201003 80.84308 105
1683928201063 78.3793 106
1683928201128 77.51999 107
1683928201188 78.117195 108
1683928201248 79.79413 109
1683928201318 82.097466 110
1683928201388 84.61464 111
1683928201453 87.00053 112
1683928201513 88.98447 113
1683928201578 90.32892 114
1683928201638 90.69741 115
1683928201698 89.92003 116
1683928201758 88.09825 117
1683928201823 85.56685 118
1683928201888 82.73053 119
1683928201948 79.80852 120
1683928202108 77.00678 121
1683928202243 74.52836 122
1683928202323 72.403366 123
1683928202383 70.66342 124
1683928202453 69.32447 125
1683928202518 68.38103 126
1683928202578 67.82399 127
1683928202643 67.61536 128
1683928202703 67.70294 129
1683928202768 68.031395 130
1683928202828 68.54208 131
1683928202893 68.65405 132
1683928202953 67.87677 133
1683928203013 66.31552 134
1683928203078 64.08378 135
1683928203138 61.544598 136
1683928203203 59.062744 137
1683928203263 56.695644 138
1683928203323 54.92182 139
1683928203388 54.045383 140
1683928203448 54.128914 141
1683928203513 55.01174 142
1683928203578 55.689938 143
1683928203638 55.46151 144
1683928203703 53.71565 145
1683928203763 51.33935 146
1683928203823 51.31295 147
1683928203888 56.355244 148
1683928203948 66.50439 149
1683928204013 79.16524 150
1683928204073 90.70841 151
1683928204133 97.90234 152
1683928204198 99.919174 153
1683928204263 97.75972 154
1683928204323 91.23057 155
1683928204388 81.775925 156
1683928204453 74.52673 157
1683928204513 75.93173 158
1683928204578 87.78025 159
1683928204638 103.62707 160
1683928204703 114.846405 161
1683928204763 116.701836 162
1683928204828 109.37303 163
1683928205053 98.82979 164
1683928205168 90.53146 165
1683928205233 86.78512 166
1683928205293 87.032936 167
1683928205358 89.46077 168
1683928205418 92.01879 169
1683928205483 93.348434 170
1683928205548 93.215355 171
1683928205613 90.94852 172
1683928205673 85.23785 173
1683928205738 76.79116 174
1683928205808 68.93619 175
1683928205868 66.75418 176
1683928205933 73.32146 177
1683928205998 85.20358 178
1683928206058 95.28009 179
1683928206123 101.470856 180
1683928206193 103.37387 181
1683928206318 101.71815 182
1683928206383 96.19863 183
1683928206448 89.22626 184
1683928206508 86.25142 185
1683928206568 91.09393 186
1683928206633 101.36198 187
1683928206693 109.99298 188
1683928206753 111.09969 189
1683928206813 104.37251 190
1683928206878 92.25296 191
1683928206948 81.744514 192
1683928207013 79.700745 193
1683928207073 86.05278 194
1683928207138 96.118484 195
1683928207198 108.178665 196
1683928207258 119.01011 197
1683928207323 123.77562 198
1683928207383 119.81334 199
1683928207443 110.084335 200
1683928207503 99.38903 201
1683928207693 92.92236 202
1683928207768 90.306564 203
1683928207843 89.636604 204
1683928207908 91.69771 205
1683928207968 97.23418 206
1683928208033 105.15844 207
1683928208098 112.813286 208
1683928208163 117.78328 209
1683928208223 119.238434 210
1683928208288 117.88841 211
1683928208353 114.40453 212
1683928208413 109.07301 213
1683928208473 102.0105 214
1683928208538 94.90195 215
1683928208603 89.31279 216
1683928208663 86.87208 217
1683928208728 88.18966 218
1683928208788 92.667816 219
1683928208853 98.9084 220
1683928208913 105.309204 221
1683928209058 110.84859 222
1683928209143 114.84433 223
1683928209208 116.178215 224
1683928209268 115.22179 225
1683928209328 112.15588 226
1683928209393 106.49132 227
1683928209453 99.26863 228
1683928209518 91.01447 229
1683928209583 84.35687 230
1683928209643 81.61789 231
1683928209708 83.63191 232
1683928209768 88.49774 233
1683928209833 91.57434 234
1683928209898 91.87209 235
1683928209963 90.30825 236
1683928210028 89.24052 237
1683928210088 90.22116 238
1683928210153 93.60312 239
1683928210218 98.54457 240
1683928210283 103.06418 241
1683928210348 103.94194 242
1683928210413 102.663185 243
1683928210478 101.439835 244
1683928210543 101.598724 245
1683928210608 102.94227 246
1683928210668 103.56289 247
1683928210733 99.40949 248
1683928210798 89.44696 249
1683928210863 77.52189 250
