1683929732642 55.672123 1
1683929732717 55.7296 2
1683929732782 55.1523 3
1683929732852 51.317173 4
1683929732917 43.349865 5
1683929732982 33.107567 6
1683929733049 26.510975 7
1683929733109 29.874844 8
1683929733174 44.424587 9
1683929733239 63.835606 10
1683929733304 77.630585 11
1683929733369 79.264534 12
1683929733434 70.85896 13
1683929733499 59.370255 14
1683929733564 51.386894 15
1683929733631 48.24678 16
1683929733696 48.823673 17
1683929733761 50.699135 18
1683929733826 52.771233 19
1683929733896 52.416492 20
1683929733961 50.457603 21
1683929734021 46.76624 22
1683929734086 44.244236 23
1683929734147 47.855278 24
1683929734212 58.586884 25
1683929734277 71.47691 26
1683929734342 79.38625 27
1683929734412 79.00813 28
1683929734482 72.39075 29
1683929734557 63.851597 30
1683929734634 56.67778 31
1683929734705 52.362015 32
1683929734775 50.70532 33
1683929734845 50.624275 34
1683929734910 51.294075 35
1683929734975 52.07512 36
1683929735050 52.487633 37
1683929735120 51.03772 38
1683929735182 46.06173 39
1683929735250 38.916595 40
1683929735310 31.309048 41
1683929735375 25.2018 42
1683929735440 23.76989 43
1683929735505 28.739727 44
1683929735565 38.804317 45
1683929735625 50.54585 46
1683929735686 60.747932 47
1683929735750 64.88175 48
1683929735815 63.495056 49
1683929735875 58.520103 50
1683929735940 50.855408 51
1683929736000 41.384315 52
1683929736060 33.807716 53
1683929736120 32.229427 54
1683929736185 38.20261 55
1683929736248 46.711956 56
1683929736307 52.69519 57
1683929736367 56.31031 58
1683929736432 58.02611 59
1683929736492 58.449257 60
1683929736562 58.021446 61
1683929736622 57.253685 62
1683929736687 56.455345 63
1683929736747 55.093075 64
1683929736809 51.799797 65
1683929736874 46.89675 66
1683929736939 43.242455 67
1683929737009 43.314175 68
1683929737074 48.0256 69
1683929737134 55.878777 70
1683929737194 64.255806 71
1683929737254 69.95548 72
1683929737319 73.207504 73
1683929737380 74.98155 74
1683929737440 76.00216 75
1683929737500 76.484886 76
1683929737560 76.40282 77
1683929737620 75.99166 78
1683929737685 75.39699 79
1683929737745 74.70381 80
1683929737805 73.95298 81
1683929737867 73.16307 82
1683929737927 72.33766 83
1683929737992 71.48451 84
1683929738052 70.63021 85
1683929738112 69.80107 86
1683929738172 69.0206 87
1683929738232 68.3004 88
1683929738292 66.20743 89
1683929738357 62.083946 90
1683929738420 54.020737 91
1683929738590 43.129997 92
1683929738770 33.935734 93
1683929738879 31.70765 94
1683929738982 38.87852 95
1683929739077 53.210213 96
1683929739142 69.437706 97
1683929739202 82.67037 98
1683929739262 90.34913 99
1683929739322 92.20378 100
1683929739387 89.85231 101
1683929739452 85.30226 102
1683929739517 80.018906 103
1683929739577 74.24216 104
1683929739637 67.96774 105
1683929739702 61.905792 106
1683929739762 56.66255 107
1683929739827 52.663765 108
1683929740035 50.042065 109
1683929740205 48.60856 110
1683929740315 48.015884 111
1683929740380 47.987125 112
1683929740445 48.285606 113
1683929740508 48.737316 114
1683929740568 49.225067 115
1683929740633 49.68474 116
1683929740698 50.07902 117
1683929740758 50.318104 118
1683929740823 50.066586 119
1683929740883 49.465546 120
1683929740948 48.630737 121
1683929741013 47.684578 122
1683929741075 46.73069 123
1683929741135 45.844055 124
1683929741200 44.515144 125
1683929741270 42.526627 126
1683929741335 40.175774 127
1683929741395 37.724243 128
1683929741460 35.411835 129
1683929741523 32.837704 130
1683929741590 29.63774 131
1683929741650 26.47515 132
1683929741715 24.025978 133
1683929741775 22.77679 134
1683929741835 22.877203 135
1683929741900 24.149206 136
1683929741965 25.936928 137
1683929742030 26.70437 138
1683929742094 24.2599 139
1683929742154 19.550959 140
1683929742219 16.959732 141
1683929742279 21.175896 142
1683929742339 33.71286 143
1683929742399 51.311104 144
1683929742464 68.16005 145
1683929742524 79.71033 146
1683929742587 84.74125 147
1683929742651 84.4211 148
1683929742716 80.239044 149
1683929742776 71.769035 150
1683929742851 59.765766 151
1683929742921 46.395023 152
1683929742986 38.35781 153
1683929743046 42.73187 154
1683929743109 57.659134 155
1683929743168 76.2487 156
1683929743233 89.62356 157
1683929743293 91.90216 158
1683929743353 84.00953 159
1683929743413 71.069855 160
1683929743473 59.890923 161
1683929743533 54.809868 162
1683929743593 54.86722 163
1683929743658 58.811356 164
1683929743726 62.427277 165
1683929743791 63.689667 166
1683929743851 62.85922 167
1683929743916 62.453644 168
1683929743981 63.00786 169
1683929744041 66.52101 170
1683929744106 74.27958 171
1683929744167 81.46636 172
1683929744227 83.214264 173
1683929744287 80.084984 174
1683929744352 77.48947 175
1683929744412 78.36365 176
1683929744477 80.69273 177
1683929744537 80.97598 178
1683929744602 77.34691 179
1683929744662 70.09972 180
1683929744726 62.418976 181
1683929744788 58.97781 182
1683929744853 61.38403 183
1683929744913 66.65464 184
1683929744978 71.3836 185
1683929745043 73.53157 186
1683929745103 72.585266 187
1683929745163 70.56717 188
1683929745228 69.929276 189
1683929745403 71.23547 190
1683929745503 71.40352 191
1683929745568 69.75145 192
1683929745628 67.387344 193
1683929745688 65.347755 194
1683929745753 64.183975 195
1683929745817 63.82447 196
1683929745882 64.03844 197
1683929745947 63.11486 198
1683929746007 59.905113 199
1683929746067 53.993763 200
1683929746132 47.059338 201
1683929746197 42.724785 202
1683929746257 43.419895 203
1683929746324 51.884216 204
1683929746384 66.3289 205
1683929746449 80.3133 206
1683929746509 87.05008 207
1683929746569 84.66041 208
1683929746634 76.61382 209
1683929746744 65.297775 210
1683929746804 56.839233 211
1683929746864 54.908394 212
1683929746929 59.17506 213
1683929746994 66.46724 214
1683929747059 73.564926 215
1683929747119 78.456375 216
1683929747179 79.20697 217
1683929747239 77.383575 218
1683929747299 73.923706 219
1683929747451 70.26247 220
1683929747566 66.31337 221
1683929747626 59.908833 222
1683929747691 51.685802 223
1683929747751 44.927532 224
1683929747816 43.868267 225
1683929747884 50.855133 226
1683929747948 64.087555 227
1683929748008 77.55032 228
1683929748073 84.89336 229
1683929748133 86.82312 230
1683929748198 84.807816 231
1683929748268 81.11307 232
1683929748328 78.33169 233
1683929748393 77.51636 234
1683929748455 78.20747 235
1683929748515 79.22565 236
1683929748580 79.5522 237
1683929748645 78.86271 238
1683929748705 77.01892 239
1683929748770 73.23195 240
1683929748835 66.30429 241
1683929748895 55.754723 242
1683929748959 44.510056 243
1683929749018 39.529907 244
1683929749078 46.073746 245
1683929749138 61.96823 246
1683929749198 79.46016 247
1683929749263 88.7586 248
1683929749323 87.50688 249
1683929749383 77.51334 250
