1684167369831 51.470543 1
1684167369947 44.1123 2
1684167370081 36.00551 3
1684167370224 30.050547 4
1684167370322 27.949154 5
1684167370398 27.905989 6
1684167370478 29.162647 7
1684167370556 34.609097 8
1684167370626 32.3096 9
1684167370701 28.877628 10
1684167370772 25.522594 11
1684167370843 24.946985 12
1684167370916 29.168459 13
1684167370990 36.13009 14
1684167371062 43.211708 15
1684167371136 38.34307 16
1684167371213 33.469997 17
1684167371290 34.70983 18
1684167371362 27.424904 19
1684167371436 21.567972 20
1684167371517 21.142658 21
1684167371602 28.050385 22
1684167371683 37.4479 23
1684167371759 45.821964 24
1684167371830 48.44769 25
1684167371905 43.26592 26
1684167371982 34.43608 27
1684167372056 32.01288 28
1684167372128 41.393333 29
1684167372197 38.84831 30
1684167372265 32.95971 31
1684167372334 30.996136 32
1684167372402 36.16367 33
1684167372471 47.07293 34
1684167372542 50.848206 35
1684167372611 53.60771 36
1684167372685 45.53591 37
1684167372757 38.43711 38
1684167372824 34.98835 39
1684167372893 36.004192 40
1684167372963 40.535713 41
1684167373032 45.7496 42
1684167373100 48.783142 43
1684167373171 48.917953 44
1684167373246 46.834568 45
1684167373325 43.357742 46
1684167373404 38.70644 47
1684167373481 32.896202 48
1684167373550 30.044899 49
1684167373621 33.75139 50
1684167373692 31.707558 51
1684167373762 31.83887 52
1684167373834 31.336813 53
1684167373902 28.327559 54
1684167373972 25.279224 55
1684167374046 25.274422 56
1684167374113 29.46213 57
1684167374180 37.29644 58
1684167374249 35.37799 59
1684167374318 35.077225 60
1684167374388 37.72481 61
1684167374461 42.53552 62
1684167374534 37.74306 63
1684167374602 30.09142 64
1684167374673 26.842194 65
1684167374741 29.482536 66
1684167374811 37.21738 67
1684167374879 43.098274 68
1684167374948 32.7149 69
1684167375018 30.662418 70
1684167375087 44.943462 71
1684167375154 43.38611 72
1684167375226 41.960217 73
1684167375293 46.74042 74
1684167375363 56.41166 75
1684167375434 52.70394 76
1684167375504 45.840378 77
1684167375574 44.786297 78
1684167375642 49.731335 79
1684167375713 54.929108 80
1684167375782 47.5801 81
1684167375854 42.35832 82
1684167375925 41.416748 83
1684167375997 43.126892 84
1684167376066 44.866077 85
1684167376135 45.231792 86
1684167376205 46.272667 87
1684167376277 51.30368 88
1684167376345 52.879826 89
1684167376416 50.346207 90
1684167376489 44.30259 91
1684167376559 37.284775 92
1684167376629 31.784733 93
1684167376701 31.302288 94
1684167377020 38.16622 95
1684167377139 40.82169 96
1684167377211 40.13538 97
1684167377280 44.16 98
1684167377347 51.9086 99
1684167377417 55.439255 100
1684167377488 50.65458 101
1684167377560 50.22735 102
1684167377631 55.362495 103
1684167377722 56.318596 104
1684167377825 52.053986 105
1684167377949 57.728256 106
1684167378035 57.929245 107
1684167378105 67.4095 108
1684167378180 57.555565 109
1684167378255 48.605247 110
1684167378330 47.89467 111
1684167378405 42.43856 112
1684167378505 45.02338 113
1684167378610 56.927357 114
1684167378686 58.5878 115
1684167378762 58.677727 116
1684167378843 60.768154 117
1684167378924 62.391556 118
1684167379011 60.233555 119
1684167379088 53.988655 120
1684167379164 46.777916 121
1684167379246 47.93003 122
1684167379328 57.314514 123
1684167379405 54.868088 124
1684167379481 49.293472 125
1684167379558 49.08387 126
1684167379633 55.006462 127
1684167379720 61.553455 128
1684167379808 63.377 129
1684167379886 59.043694 130
1684167379962 50.792168 131
1684167380042 44.71701 132
1684167380116 50.958424 133
1684167380190 71.458954 134
1684167380265 70.42585 135
1684167380340 71.037704 136
1684167380415 73.487564 137
1684167380492 71.2252 138
1684167380569 71.07581 139
1684167380656 68.814255 140
1684167380725 73.941925 141
1684167380793 71.685974 142
1684167380864 69.5569 143
1684167380938 67.61409 144
1684167381009 65.85602 145
1684167381078 64.3049 146
1684167381148 62.969627 147
1684167381218 59.10648 148
1684167381302 60.099396 149
1684167381370 59.5733 150
1684167381439 52.950443 151
1684167381509 48.195896 152
1684167381584 56.76497 153
1684167381657 56.000122 154
1684167381730 55.310783 155
1684167381802 54.673786 156
1684167381874 54.057106 157
1684167381950 53.45459 158
1684167382019 52.884212 159
1684167382091 52.366806 160
1684167382163 51.912636 161
1684167382235 51.52321 162
1684167382307 51.181595 163
1684167382378 50.83797 164
1684167382460 49.880672 165
1684167382537 47.4343 166
1684167382607 43.44036 167
1684167382679 38.614395 168
1684167382751 35.363277 169
1684167382819 35.7931 170
1684167382888 40.46127 171
1684167382958 47.96759 172
1684167383026 55.653183 173
1684167383098 61.88896 174
1684167383171 65.88758 175
1684167383243 67.62384 176
1684167383316 67.5211 177
1684167383388 66.20483 178
1684167383460 63.056015 179
1684167383537 58.17375 180
1684167383609 52.713966 181
1684167383682 47.663357 182
1684167383756 44.892956 183
1684167383823 45.521927 184
1684167383897 49.484673 185
1684167383965 55.42772 186
1684167384035 61.9534 187
1684167384105 67.93426 188
1684167384175 67.814316 189
1684167384248 65.03935 190
1684167384319 60.14377 191
1684167384389 53.17297 192
1684167384459 47.34955 193
1684167384526 47.466827 194
1684167384592 46.598915 195
1684167384661 45.027645 196
1684167384736 47.559315 197
1684167384807 53.74804 198
1684167384880 61.838074 199
1684167384948 69.823044 200
1684167385020 70.049 201
1684167385090 69.276505 202
1684167385162 68.49576 203
1684167385232 60.227406 204
1684167385301 46.98472 205
1684167385373 41.051723 206
1684167385445 50.150063 207
1684167385514 63.28363 208
1684167385727 61.931908 209
1684167385894 60.605797 210
1684167385966 59.359245 211
1684167386038 58.220673 212
1684167386111 57.006775 213
1684167386182 55.782387 214
1684167386252 53.24648 215
1684167386323 51.456944 216
1684167386391 50.141388 217
1684167386463 47.891506 218
1684167386535 45.45719 219
1684167386609 44.689583 220
1684167386682 45.42205 221
1684167386750 41.21618 222
1684167386817 35.62246 223
1684167386884 31.44632 224
1684167386956 32.454136 225
1684167387029 39.193146 226
1684167387101 48.256943 227
1684167387172 56.215134 228
1684167387242 60.75169 229
1684167387310 61.2722 230
1684167387379 58.71997 231
1684167387451 54.51862 232
1684167387521 49.563133 233
1684167387593 45.147457 234
1684167387832 42.055916 235
1684167387970 40.559425 236
1684167388044 40.538414 237
1684167388112 41.689827 238
1684167388182 43.63796 239
1684167388252 46.00895 240
1684167388325 48.42221 241
1684167388396 50.56927 242
1684167388469 52.251892 243
1684167388541 53.426014 244
1684167388616 54.029823 245
1684167388691 54.12072 246
1684167388765 53.822495 247
1684167388834 53.265175 248
1684167388909 52.56373 249
1684167388979 51.811554 250
