1684169208497 58.160458 1
1684169208572 58.065536 2
1684169208640 57.962456 3
1684169208710 57.88825 4
1684169208779 57.868618 5
1684169208850 57.91765 6
1684169208920 58.013092 7
1684169208990 58.12561 8
1684169209061 58.23627 9
1684169209128 58.329628 10
1684169209198 58.395454 11
1684169209270 58.42965 12
1684169209341 58.433624 13
1684169209410 58.412674 14
1684169209483 58.373886 15
1684169209555 58.321144 16
1684169209625 58.262314 17
1684169209693 58.204903 18
1684169209763 58.154266 19
1684169209834 58.11457 20
1684169209902 58.087856 21
1684169209972 58.07505 22
1684169210043 58.07476 23
1684169210114 58.08536 24
1684169210184 58.105362 25
1684169210257 58.131332 26
1684169210329 58.15554 27
1684169210399 58.17643 28
1684169210470 58.19159 29
1684169210538 58.202057 30
1684169210606 58.208252 31
1684169210676 58.210304 32
1684169210745 58.199066 33
1684169210815 58.171997 34
1684169210884 58.126797 35
1684169210951 58.06182 36
1684169211021 57.98635 37
1684169211088 57.908363 38
1684169211159 57.83444 39
1684169211226 57.751648 40
1684169211295 57.571426 41
1684169211363 57.122635 42
1684169211430 56.48073 43
1684169211501 55.59744 44
1684169211572 54.512104 45
1684169211642 53.32208 46
1684169211710 52.102997 47
1684169211779 50.93854 48
1684169211848 49.897694 49
1684169211916 49.029213 50
1684169211987 48.359997 51
1684169212056 47.884888 52
1684169212125 47.59601 53
1684169212194 47.48401 54
1684169212261 47.533493 55
1684169212330 47.72159 56
1684169212397 48.024406 57
1684169212469 48.372185 58
1684169212538 48.288906 59
1684169212606 46.6579 60
1684169212679 43.766483 61
1684169212748 40.13601 62
1684169212818 36.388714 63
1684169212889 33.029945 64
1684169212972 30.39061 65
1684169213059 28.63027 66
1684169213129 27.718216 67
1684169213197 27.504007 68
1684169213265 27.791042 69
1684169213336 28.358192 70
1684169213404 29.061663 71
1684169213475 29.809458 72
1684169213544 30.523314 73
1684169213613 31.19091 74
1684169213681 31.794518 75
1684169213747 32.24739 76
1684169213817 32.250202 77
1684169213888 31.932732 78
1684169213960 31.419851 79
1684169214033 30.843185 80
1684169214105 30.321835 81
1684169214173 29.942228 82
1684169214241 29.758457 83
1684169214312 29.792233 84
1684169214380 29.896017 85
1684169214451 30.072735 86
1684169214521 30.289776 87
1684169214591 30.57241 88
1684169214661 30.942347 89
1684169214730 31.417242 90
1684169214798 32.000782 91
1684169214868 32.69575 92
1684169214936 33.50109 93
1684169215006 34.41215 94
1684169215074 35.419777 95
1684169215142 36.510635 96
1684169215211 37.650703 97
1684169215277 38.82714 98
1684169215344 39.957775 99
1684169215413 40.96793 100
1684169215482 41.669273 101
1684169215550 42.145844 102
1684169215619 42.462784 103
1684169215686 42.671913 104
1684169215757 42.7757 105
1684169215825 42.701344 106
1684169215893 42.392464 107
1684169215962 41.850147 108
1684169216029 41.20009 109
1684169216098 40.431606 110
1684169216166 39.661793 111
1684169216233 38.97425 112
1684169216302 38.428303 113
1684169216369 38.04969 114
1684169216437 37.84511 115
1684169216507 37.8085 116
1684169216576 37.890305 117
1684169216648 38.019306 118
1684169216715 38.100082 119
1684169216782 37.26686 120
1684169216851 35.766907 121
1684169216918 33.806065 122
1684169216987 31.681164 123
1684169217055 29.641197 124
1684169217124 27.783594 125
1684169217192 26.201334 126
1684169217260 24.972103 127
1684169217329 24.108784 128
1684169217397 23.582125 129
1684169217466 23.343254 130
1684169217535 23.321304 131
1684169217605 23.467926 132
1684169217676 23.71075 133
1684169217745 23.905289 134
1684169217814 24.078037 135
1684169217883 24.242737 136
1684169217952 24.436129 137
1684169218022 24.689915 138
1684169218094 25.01357 139
1684169218163 25.385406 140
1684169218231 25.438326 141
1684169218301 24.988104 142
1684169218481 23.877731 143
1684169218552 21.675463 144
1684169218625 18.994833 145
1684169218694 16.572037 146
1684169218764 15.025217 147
1684169218833 14.635109 148
1684169218906 15.312111 149
1684169218976 16.705427 150
1684169219046 18.302738 151
1684169219114 19.054256 152
1684169219185 17.846428 153
1684169219252 15.186176 154
1684169219319 13.426144 155
1684169219385 15.828367 156
1684169219455 23.780443 157
1684169219522 35.03961 158
1684169219591 45.235413 159
1684169219658 50.866722 160
1684169219725 52.09456 161
1684169219795 50.571106 162
1684169219865 47.925133 163
1684169219932 45.10016 164
1684169220001 42.565277 165
1684169220073 40.48328 166
1684169220141 38.86521 167
1684169220209 37.666225 168
1684169220278 36.823452 169
1684169220346 36.286835 170
1684169220415 36.0069 171
1684169220489 35.949203 172
1684169220556 35.938553 173
1684169220624 35.531235 174
1684169220693 34.666523 175
1684169220765 33.41198 176
1684169220833 31.969658 177
1684169220901 30.374073 178
1684169220989 28.724941 179
1684169221060 27.010925 180
1684169221139 24.406418 181
1684169221213 21.318462 182
1684169221286 19.381584 183
1684169221354 20.313667 184
1684169221420 23.90186 185
1684169221496 27.631668 186
1684169221566 29.587639 187
1684169221636 29.650623 188
1684169221704 29.278831 189
1684169221775 31.240253 190
1684169221845 37.713303 191
1684169221915 47.918594 192
1684169221986 58.35878 193
1684169222055 64.40467 194
1684169222124 65.27607 195
1684169222192 62.311962 196
1684169222286 55.160744 197
1684169222355 46.357323 198
1684169222424 41.417255 199
1684169222500 44.350742 200
1684169222571 54.7649 201
1684169222641 67.80269 202
1684169222708 77.850296 203
1684169222779 81.76085 204
1684169222849 80.68102 205
1684169222919 76.97136 206
1684169222990 69.7768 207
1684169223060 61.54782 208
1684169223130 54.544876 209
1684169223197 48.651875 210
1684169223267 44.760155 211
1684169223335 45.919624 212
1684169223402 54.344128 213
1684169223476 68.25548 214
1684169223545 82.29283 215
1684169223618 91.25406 216
1684169223686 93.11259 217
1684169223757 89.75107 218
1684169223830 82.74681 219
1684169223899 74.921715 220
1684169223968 68.52541 221
1684169224038 64.0273 222
1684169224107 61.496765 223
1684169224173 57.423836 224
1684169224239 50.61839 225
1684169224312 43.733856 226
1684169224382 43.2706 227
1684169224452 54.06492 228
1684169224520 72.83246 229
1684169224590 89.38953 230
1684169224657 95.19338 231
1684169224727 89.75566 232
1684169224797 78.77585 233
1684169224863 66.63219 234
1684169224931 57.74926 235
1684169225000 56.835575 236
1684169225071 64.59152 237
1684169225254 77.32985 238
1684169225445 89.59073 239
1684169225611 97.6295 240
1684169225681 100.772484 241
1684169225748 99.87007 242
1684169225816 96.660965 243
1684169225885 89.59898 244
1684169225954 78.452324 245
1684169226023 66.19159 246
1684169226090 59.64286 247
1684169226157 65.55738 248
1684169226225 82.646286 249
1684169226293 104.1322 250
