1684167969167 60.71559821084321 1
1684167969240 62.32978832326959 2
1684167969312 63.26720670072453 3
1684167969383 61.281553481981994 4
1684167969454 58.36594605679811 5
1684167969527 68.45612351315695 6
1684167969599 77.3522721099638 7
1684167969670 76.17898702781609 8
1684167969741 67.92821169461529 9
1684167969814 64.52553417902203 10
1684167969886 65.41708781458831 11
1684167969957 63.25274989849607 12
1684167970030 65.97023421876526 13
1684167970102 71.94678502211788 14
1684167970176 75.48109112588286 15
1684167970250 78.08048727659286 16
1684167970321 79.89174884856426 17
1684167970391 78.27316196673766 18
1684167970462 72.89059313984626 19
1684167970540 66.97957632116915 20
1684167970613 66.69152750556874 21
1684167970683 69.11365141509832 22
1684167970754 71.37877955197293 23
1684167970824 74.2191718519697 24
1684167970896 76.6783857114483 25
1684167970965 78.16107897380604 26
1684167971037 78.92404974437042 27
1684167971107 79.47101676683512 28
1684167971175 80.10140418543293 29
1684167971248 80.66886689568692 30
1684167971316 80.19923342540446 31
1684167971387 78.50198675191601 32
1684167971456 76.04033594699567 33
1684167971525 74.01476595846252 34
1684167971594 73.26122717905787 35
1684167971661 73.50361222031175 36
1684167971730 74.67353118302195 37
1684167971799 77.42229578839796 38
1684167971868 79.59158446404967 39
1684167971934 79.20673979778122 40
1684167972003 76.05551843519557 41
1684167972072 70.64336135700792 42
1684167972141 66.6414593403241 43
1684167972211 70.3290120854984 44
1684167972281 77.62130687331539 45
1684167972349 82.2845346926735 46
1684167972418 86.2008962830943 47
1684167972487 91.38824737997973 48
1684167972556 95.48460048366495 49
1684167972624 95.91017601283485 50
1684167972693 92.09760280869091 51
1684167972762 86.3331598550385 52
1684167972830 83.96586549687927 53
1684167972895 84.19163891463481 54
1684167972963 82.87434313030822 55
1684167973030 79.2803095712672 56
1684167973097 77.76031919268176 57
1684167973165 80.44935075806765 58
1684167973236 80.82075801979151 59
1684167973313 77.51501972911852 60
1684167973379 74.38543713661055 61
1684167973450 77.76874397904439 62
1684167973523 84.51295518092782 63
1684167973593 89.79930502285801 64
1684167973664 92.35319892540446 65
1684167973731 92.32522849055177 66
1684167973801 92.70394358513212 67
1684167973868 94.17745130368158 68
1684167973933 94.80998810533855 69
1684167974001 93.63041770120333 70
1684167974068 91.75906357514795 71
1684167974141 90.23873503949167 72
1684167974224 87.62287907994931 73
1684167974297 83.80171585940914 74
1684167974365 82.30699359551946 75
1684167974431 84.12813752326738 76
1684167974496 86.88914377506414 77
1684167974569 88.82571170890128 78
1684167974640 89.07860973871695 79
1684167974714 87.64435008173979 80
1684167974787 85.03207560347686 81
1684167974858 81.24797880498672 82
1684167974929 75.90440294657753 83
1684167975002 72.8581005366762 84
1684167975074 75.20078150011015 85
1684167975150 77.83592813707264 86
1684167975225 80.45822466908714 87
1684167975297 84.46081758467892 88
1684167975371 88.70051426917932 89
1684167975442 90.75630130839124 90
1684167975510 90.42889845347787 91
1684167975585 88.66137461784365 92
1684167975657 87.23366808296433 93
1684167975729 87.9903177801905 94
1684167975801 87.06899895705445 95
1684167975871 82.30494769714889 96
1684167975941 78.82007452260758 97
1684167976010 80.27656119947923 98
1684167976079 85.14784169346039 99
1684167976152 90.91372180464721 100
1684167976226 91.4429668226606 101
1684167976295 84.32705456734436 102
1684167976364 74.51890642962957 103
1684167976431 71.19819318906052 104
1684167976504 77.7231376143735 105
1684167976573 87.91129418727617 106
1684167976642 97.67475461615882 107
1684167976713 103.50984575628554 108
1684167976782 103.47622077345378 109
1684167976850 98.70585923274179 110
1684167976918 92.19147798302589 111
1684167976985 87.46124321316051 112
1684167977055 86.59534386552147 113
1684167977123 89.15683977969748 114
1684167977193 93.95450766440264 115
1684167977263 97.76241418281806 116
1684167977331 97.85494504682895 117
1684167977402 93.3511936748068 118
1684167977470 86.94069629160663 119
1684167977541 86.97854281388477 120
1684167977609 89.88017592126673 121
1684167977677 87.59807166571258 122
1684167977748 84.89610516810558 123
1684167977817 88.77969132462604 124
1684167977886 93.86971115820954 125
1684167977955 95.22281641509346 126
1684167978024 93.63001031468761 127
1684167978093 92.32938827637685 128
1684167978163 91.78933835317176 129
1684167978231 92.194429233217 130
1684167978301 94.50347303195937 131
1684167978370 96.3068685998779 132
1684167978437 95.76650497149602 133
1684167978506 93.95642990471981 134
1684167978575 92.64502361433541 135
1684167978644 91.96307159165052 136
1684167978714 91.85723169855122 137
1684167978783 93.12674628006557 138
1684167978851 94.41760326845414 139
1684167978966 92.75073937706293 140
1684167979069 88.54380694361227 141
1684167979140 83.8299851573837 142
1684167979214 80.25629258223258 143
1684167979321 79.7080184842509 144
1684167979389 81.11313116286067 145
1684167979456 83.9276353716933 146
1684167979525 88.56448872596027 147
1684167979596 92.11559318869938 148
1684167979664 92.28287873387085 149
1684167979735 89.44993311748108 150
1684167979807 86.88230938580242 151
1684167979875 89.00466416551488 152
1684167979945 94.03974073292451 153
1684167980015 96.59352501078376 154
1684167980084 95.28667478103765 155
1684167980151 91.51176428988747 156
1684167980224 88.63185023128166 157
1684167980294 89.0400052114298 158
1684167980360 92.40119412511174 159
1684167980426 95.37654198370029 160
1684167980494 96.04719064540997 161
1684167980563 94.60741372977097 162
1684167980632 91.52571447496234 163
1684167980702 89.64106591723395 164
1684167980770 90.94394257322388 165
1684167980837 92.21695350611229 166
1684167980906 91.43659022868911 167
1684167980972 90.25473328479154 168
1684167981041 89.38929478387709 169
1684167981108 88.92093935057065 170
1684167981175 89.656479331593 171
1684167981251 91.41836274223887 172
1684167981321 91.59904875203647 173
1684167981388 87.9376514652511 174
1684167981456 82.90606276201811 175
1684167981524 84.98724780471146 176
1684167981596 91.37412369068623 177
1684167981664 95.423529311052 178
1684167981735 96.58237085854279 179
1684167981807 95.23148977585836 180
1684167981875 92.95417681391174 181
1684167981942 91.87770497676674 182
1684167982013 92.80930713920164 183
1684167982080 93.31722197437361 184
1684167982149 91.94961191691826 185
1684167982219 91.11886164957689 186
1684167982303 92.2501037754258 187
1684167982379 94.9910116797686 188
1684167982447 100.55810399805947 189
1684167982515 107.58441682832421 190
1684167982585 112.12453335205183 191
1684167982654 111.85809759952724 192
1684167982723 107.3009941150744 193
1684167982794 101.41548116167132 194
1684167982861 96.65948280973618 195
1684167982927 93.73117536752976 196
1684167982998 92.51569383063466 197
1684167983068 92.31325342579588 198
1684167983138 92.59648287584899 199
1684167983208 92.0751889976211 200
1684167983278 90.94157388841305 201
1684167983348 90.07613771622331 202
1684167983420 89.93053694673887 203
1684167983490 90.2584393565046 204
1684167983560 90.65742464125637 205
1684167983630 91.58933939799198 206
1684167983700 91.5550187068884 207
1684167983768 88.9160327357014 208
1684167983838 85.19635830038138 209
1684167983907 83.01020352019057 210
1684167983978 84.3221084985852 211
1684167984049 86.46118361260953 212
1684167984116 86.76212090816483 213
1684167984183 85.95767232965028 214
1684167984255 88.76769865591756 215
1684167984330 97.53709065233157 216
1684167984399 106.37412704815085 217
1684167984470 110.52725085308099 218
1684167984538 108.5558885659352 219
1684167984608 101.99665062977019 220
1684167984673 95.82912322513526 221
1684167984743 96.77384479615509 222
1684167984814 102.82597147412736 223
1684167984880 106.98159086728238 224
1684167984949 107.02740952116365 225
1684167985021 103.56748837258264 226
1684167985091 99.60250322202484 227
1684167985159 97.82376168314303 228
1684167985226 99.68699829943745 229
1684167985299 104.09581779857358 230
1684167985367 109.04881203847727 231
1684167985434 113.70454595141386 232
1684167985503 117.12935005019588 233
1684167985572 117.98490927611331 234
1684167985642 116.05435252657595 235
1684167985710 112.85315930663863 236
1684167985778 109.90245201346296 237
1684167985848 107.97532372523266 238
1684167985919 108.25846885156537 239
1684167985989 110.29604908572273 240
1684167986177 110.1638689046404 241
1684167986339 108.52293649042724 242
1684167986491 109.12886301339188 243
1684167986575 112.42087956450166 244
1684167986646 115.98790965805723 245
1684167986715 118.66744557440721 246
1684167986782 120.17201658415259 247
1684167986850 119.11068192278702 248
1684167986918 114.56539490815705 249
1684167986989 109.64838478249459 250
