1684166214917 55.49110957554409 1
1684166214991 52.20239693777902 2
1684166215062 49.20965085710798 3
1684166215130 48.736293520246235 4
1684166215198 51.65815734863281 5
1684166215262 55.745490482875276 6
1684166215330 57.88825198582241 7
1684166215399 57.730755942208425 8
1684166215466 56.40209797450474 9
1684166215535 54.56978552682059 10
1684166215605 52.78051539829799 11
1684166215671 52.04894692557199 12
1684166215744 52.7661497933524 13
1684166215814 54.435010637555806 14
1684166215883 56.26667077200754 15
1684166215955 57.54917962210519 16
1684166216022 57.69178009033203 17
1684166216089 56.68639700753348 18
1684166216157 55.53114809308733 19
1684166216223 54.864092690604075 20
1684166216292 54.39883150373186 21
1684166216358 53.65785925728934 22
1684166216425 52.57037952968052 23
1684166216493 51.57865987505232 24
1684166216561 51.54214695521763 25
1684166216629 53.037561007908415 26
1684166216703 55.91881316048758 27
1684166216771 59.198119027274 28
1684166216839 61.159567151750835 29
1684166216905 60.77115903581892 30
1684166216976 58.41027341570173 31
1684166217045 55.17601340157645 32
1684166217115 52.23462949480329 33
1684166217182 50.97206606183733 34
1684166217248 52.19843619210379 35
1684166217316 55.13315636771066 36
1684166217382 57.52892412458147 37
1684166217447 58.159793853759766 38
1684166217516 57.75970567975725 39
1684166217585 57.90426363263811 40
1684166217653 59.63173566545759 41
1684166217723 62.20805903843471 42
1684166217803 64.08273097446987 43
1684166217871 64.09668023245675 44
1684166217940 62.353123801095144 45
1684166218012 59.847987583705354 46
1684166218086 57.70263399396624 47
1684166218153 56.94760404314314 48
1684166218219 57.87899235316685 49
1684166218285 59.90399278913225 50
1684166218351 62.23090253557478 51
1684166218417 64.38619668143136 52
1684166218487 66.71441623142788 53
1684166218556 68.98669542585101 54
1684166218625 70.2396662575858 55
1684166218694 69.54542051042829 56
1684166218762 66.91025870186942 57
1684166218834 63.45001002720424 58
1684166218901 60.85977745056152 59
1684166218969 60.14207540239607 60
1684166219040 61.374579838344026 61
1684166219108 63.86106164114816 62
1684166219180 66.2511465890067 63
1684166219250 67.45926516396659 64
1684166219319 66.86562401907784 65
1684166219388 64.5060304914202 66
1684166219456 61.14425073351179 67
1684166219526 58.17206014905657 68
1684166219594 57.171026774815154 69
1684166219665 58.80452265058245 70
1684166219734 62.32379341125488 71
1684166219803 65.82403033120292 72
1684166219869 67.5129086630685 73
1684166219942 66.99722617013114 74
1684166220010 65.2977123260498 75
1684166220084 63.99444988795689 76
1684166220154 63.91177831377302 77
1684166220221 65.30536706107003 78
1684166220291 67.1379863194057 79
1684166220357 67.84476852416992 80
1684166220426 66.69841493879046 81
1684166220495 64.528628213065 82
1684166220564 62.82677241734096 83
1684166220633 62.3810544695173 84
1684166220701 62.850063051496235 85
1684166220770 63.61432538713728 86
1684166220838 64.7008696964809 87
1684166220905 66.75775691441127 88
1684166220976 69.84550149100167 89
1684166221044 73.03004237583706 90
1684166221111 75.20751953125 91
1684166221177 75.67817306518555 92
1684166221241 74.29886082240513 93
1684166221309 72.10047640119281 94
1684166221377 70.31997844151088 95
1684166221445 69.75772857666016 96
1684166221513 70.47310965401786 97
1684166221581 72.11335372924805 98
1684166221650 74.17212459019252 99
1684166221720 76.1147847856794 100
1684166221790 77.37431226457868 101
1684166221858 77.75996235438755 102
1684166221925 77.44804927280971 103
1684166221993 77.08551897321429 104
1684166222060 77.04420062473842 105
1684166222128 76.904479435512 106
1684166222196 76.03076471601214 107
1684166222265 74.78063419886998 108
1684166222336 74.47231783185687 109
1684166222405 76.19445528302874 110
1684166222472 79.4303229195731 111
1684166222543 82.63842500959124 112
1684166222615 84.50123160226005 113
1684166222684 84.74970190865653 114
1684166222753 84.42573874337333 115
1684166222821 84.75413840157645 116
1684166222887 85.77180208478656 117
1684166222967 86.6824471609933 118
1684166223039 87.28644725254604 119
1684166223109 88.00439071655273 120
1684166223180 89.20215933663505 121
1684166223250 90.17708914620536 122
1684166223318 89.39773777553013 123
1684166223386 85.7552740914481 124
1684166223456 80.18625913347516 125
1684166223525 75.16183471679688 126
1684166223597 73.06265531267438 127
1684166223667 74.19147491455078 128
1684166223735 76.92052786690849 129
1684166223804 79.48851067679269 130
1684166223873 80.51164845057896 131
1684166223941 79.67956651960101 132
1684166224011 77.78546796526227 133
1684166224081 75.95601872035435 134
1684166224149 74.83546338762555 135
1684166224216 73.94236101422992 136
1684166224282 72.59992109026227 137
1684166224350 71.22148132324219 138
1684166224423 70.60438319614956 139
1684166224500 70.8378426688058 140
1684166224569 71.73373195103237 141
1684166224636 73.2119996207101 142
1684166224705 74.73811067853656 143
1684166224778 75.11223002842495 144
1684166224848 74.71824046543666 145
1684166224919 74.87251663208008 146
1684166224988 75.93289293561664 147
1684166225060 77.34145954677037 148
1684166225135 78.67984390258789 149
1684166225209 79.5957260131836 150
1684166225280 79.64270183018276 151
1684166225349 78.97931671142578 152
1684166225415 78.36934443882534 153
1684166225485 78.32824598039899 154
1684166225554 78.98354993547711 155
1684166225622 80.21368190220424 156
1684166225690 81.40472303118024 157
1684166225756 81.70028904506138 158
1684166225832 80.05233928135463 159
1684166225902 76.186585017613 160
1684166225971 71.22236960274833 161
1684166226037 67.52041244506836 162
1684166226109 67.18881225585938 163
1684166226175 69.87647465297154 164
1684166226242 73.56306947980609 165
1684166226312 76.67952782767159 166
1684166226378 78.99296351841518 167
1684166226445 80.9926643371582 168
1684166226513 82.56715938023159 169
1684166226581 82.93447440011161 170
1684166226649 81.87530899047852 171
1684166226716 81.01567568097796 172
1684166226784 82.1992677961077 173
1684166226857 85.07066345214844 174
1684166226924 87.89542279924665 175
1684166226993 89.18008150373187 176
1684166227062 87.99959400721959 177
1684166227132 84.32562582833427 178
1684166227202 79.21672221592495 179
1684166227274 74.88132204328265 180
1684166227347 73.5160653250558 181
1684166227418 75.05845751081195 182
1684166227487 76.83483123779297 183
1684166227564 76.27442005702427 184
1684166227640 73.81233215332031 185
1684166227709 71.95236696515765 186
1684166227779 71.99184472220284 187
1684166227854 73.15281459263393 188
1684166227925 74.49675042288644 189
1684166227994 75.67332022530692 190
1684166228062 77.03967830113002 191
1684166228132 78.48974118913922 192
1684166228200 79.46625491550991 193
1684166228268 79.96730095999581 194
1684166228338 79.92392539978027 195
1684166228408 79.2979234967913 196
1684166228485 79.23486382620675 197
1684166228557 80.47215488978794 198
1684166228626 82.43545641217914 199
1684166228698 83.54184450422015 200
1684166228767 83.07557787214007 201
1684166228838 81.67101996285575 202
1684166228908 80.60171290806362 203
1684166229114 80.94882529122489 204
1684166229189 82.87347739083427 205
1684166229256 85.25179890223912 206
1684166229327 86.74813297816685 207
1684166229397 86.0815189906529 208
1684166229477 83.013671875 209
1684166229549 78.66729736328125 210
1684166229617 75.03148160661969 211
1684166229686 73.57170159476144 212
1684166229756 74.18521445138114 213
1684166229829 76.06843675885882 214
1684166229903 78.46575219290597 215
1684166229971 80.64970343453544 216
1684166230038 81.94566835675921 217
1684166230106 81.86742346627372 218
1684166230176 80.1973855154855 219
1684166230245 77.45606286185128 220
1684166230313 74.95703179495675 221
1684166230504 74.42782974243164 222
1684166230576 76.77880477905273 223
1684166230646 80.91086905343192 224
1684166230716 85.19037246704102 225
1684166230786 87.99512590680804 226
1684166230857 88.60742133004325 227
1684166230927 87.2673100062779 228
1684166230995 84.61499132428851 229
1684166231073 81.52157047816685 230
1684166231148 78.89905466352191 231
1684166231221 77.73887498038155 232
1684166231293 78.7165892464774 233
1684166231364 81.69972120012555 234
1684166231437 85.64978299822126 235
1684166231509 88.60574722290039 236
1684166231581 88.71393476213727 237
1684166231652 85.71750967843192 238
1684166231721 80.95816966465541 239
1684166231791 76.86237062726703 240
1684166231861 75.79017312186105 241
1684166231931 78.34045083182198 242
1684166231999 82.35651288713727 243
1684166232072 84.6457383292062 244
1684166232142 83.58864266531808 245
1684166232210 79.90026365007672 246
1684166232278 75.43969290597099 247
1684166232345 72.7163941519601 248
1684166232415 73.24565287998745 249
1684166232486 76.36217062813895 250
