1684168723305 54.62079 1
1684168723382 51.980606 2
1684168723454 46.89229 3
1684168723528 38.488678 4
1684168723599 29.434547 5
1684168723671 25.698837 6
1684168723740 31.94651 7
1684168723810 45.11274 8
1684168723879 57.685802 9
1684168723950 66.47667 10
1684168724021 70.38176 11
1684168724093 70.6771 12
1684168724164 68.614365 13
1684168724234 64.36725 14
1684168724304 57.786743 15
1684168724373 52.61569 16
1684168724442 51.91917 17
1684168724512 55.39138 18
1684168724581 61.03296 19
1684168724654 65.97787 20
1684168724724 66.66345 21
1684168724808 64.51596 22
1684168724881 61.770412 23
1684168724953 59.51642 24
1684168725026 58.029915 25
1684168725097 57.68023 26
1684168725172 60.351788 27
1684168725243 66.08778 28
1684168725313 72.740746 29
1684168725385 77.92676 30
1684168725456 80.40831 31
1684168725525 80.27046 32
1684168725593 78.3682 33
1684168725662 75.679085 34
1684168725734 72.9292 35
1684168725802 70.50624 36
1684168725872 68.25328 37
1684168725944 65.60446 38
1684168726016 60.32306 39
1684168726084 52.916206 40
1684168726155 44.910553 41
1684168726222 38.463608 42
1684168726291 35.42395 43
1684168726358 36.70642 44
1684168726425 41.790825 45
1684168726496 49.175148 46
1684168726563 57.17813 47
1684168726630 64.47158 48
1684168726696 70.42127 49
1684168726764 74.90132 50
1684168726835 78.06874 51
1684168726903 80.14279 52
1684168726972 81.36443 53
1684168727041 81.87845 54
1684168727110 81.37748 55
1684168727179 78.86597 56
1684168727248 74.49505 57
1684168727319 68.55693 58
1684168727390 61.86671 59
1684168727458 55.26635 60
1684168727527 49.96653 61
1684168727596 46.70816 62
1684168727668 45.5065 63
1684168727736 45.53058 64
1684168727809 46.356388 65
1684168727876 47.60333 66
1684168727944 49.00319 67
1684168728015 50.380486 68
1684168728083 51.626045 69
1684168728156 52.67508 70
1684168728224 53.50649 71
1684168728293 54.11982 72
1684168728362 54.4638 73
1684168728428 54.024376 74
1684168728500 50.87921 75
1684168728568 44.773987 76
1684168728638 36.939598 77
1684168728707 29.14333 78
1684168728775 23.522259 79
1684168728843 21.73775 80
1684168728911 24.505184 81
1684168728980 30.888607 82
1684168729049 37.63251 83
1684168729117 39.745747 84
1684168729188 34.714134 85
1684168729256 24.28178 86
1684168729324 17.729288 87
1684168729393 28.13461 88
1684168729463 56.485 89
1684168729534 84.467384 90
1684168729602 95.40368 91
1684168729672 85.64931 92
1684168729741 63.349297 93
1684168729811 42.555405 94
1684168729882 38.398277 95
1684168729952 53.908886 96
1684168730021 76.423645 97
1684168730091 89.99813 98
1684168730160 88.306335 99
1684168730228 75.471085 100
1684168730297 60.472416 101
1684168730564 53.835304 102
1684168730748 59.04373 103
1684168730817 71.87832 104
1684168730886 85.34007 105
1684168730956 94.52527 106
1684168731026 98.150986 107
1684168731095 97.41089 108
1684168731165 94.25389 109
1684168731235 90.2444 110
1684168731304 84.930984 111
1684168731372 77.586075 112
1684168731438 67.67369 113
1684168731507 57.680923 114
1684168731576 52.55408 115
1684168731645 56.18062 116
1684168731756 68.37601 117
1684168731825 84.41732 118
1684168731894 98.31552 119
1684168731963 106.50818 120
1684168732032 108.73625 121
1684168732101 106.081505 122
1684168732168 98.670746 123
1684168732241 86.12067 124
1684168732313 71.57455 125
1684168732381 61.741768 126
1684168732447 62.56703 127
1684168732516 74.251465 128
1684168732583 90.4687 129
1684168732649 103.24783 130
1684168732722 108.20744 131
1684168732792 103.10781 132
1684168732866 93.62329 133
1684168732946 85.42648 134
1684168733017 81.40786 135
1684168733087 78.516174 136
1684168733156 74.774345 137
1684168733222 70.154816 138
1684168733289 68.5742 139
1684168733356 73.353195 140
1684168733424 83.14525 141
1684168733494 90.02167 142
1684168733560 91.511 143
1684168733628 89.25194 144
1684168733696 84.17647 145
1684168733766 77.79345 146
1684168733835 75.12276 147
1684168733901 80.89461 148
1684168733970 91.26251 149
1684168734037 96.00566 150
1684168734102 90.307526 151
1684168734170 79.714096 152
1684168734238 72.23657 153
1684168734304 70.56247 154
1684168734371 73.37342 155
1684168734441 77.455864 156
1684168734513 82.4783 157
1684168734580 87.775665 158
1684168734646 91.586464 159
1684168734713 92.67406 160
1684168734783 90.76576 161
1684168734850 84.31072 162
1684168734918 76.15082 163
1684168734990 71.90706 164
1684168735061 76.28052 165
1684168735129 86.84647 166
1684168735198 96.47475 167
1684168735272 99.6635 168
1684168735342 94.35765 169
1684168735411 84.48186 170
1684168735480 78.12262 171
1684168735550 82.393906 172
1684168735619 94.26901 173
1684168735689 104.42264 174
1684168735762 106.4582 175
1684168735833 101.125885 176
1684168735900 91.27016 177
1684168735974 83.00058 178
1684168736043 82.50268 179
1684168736111 92.356 180
1684168736180 107.60898 181
1684168736248 119.91802 182
1684168736315 123.915474 183
1684168736382 119.88523 184
1684168736452 109.42125 185
1684168736524 97.870605 186
1684168736592 92.56121 187
1684168736662 96.68907 188
1684168736732 108.13314 189
1684168736802 123.12709 190
1684168736874 138.52473 191
1684168736943 148.55049 192
1684168737011 148.39055 193
1684168737078 139.18008 194
1684168737305 127.167404 195
1684168737505 118.34216 196
1684168737588 112.72156 197
1684168737655 109.63267 198
1684168737724 109.9956 199
1684168737796 113.98828 200
1684168737864 120.25683 201
1684168737933 123.20163 202
1684168738004 121.10252 203
1684168738075 115.2925 204
1684168738141 109.18271 205
1684168738212 108.27226 206
1684168738279 115.99876 207
1684168738348 126.221176 208
1684168738415 133.30457 209
1684168738484 134.21931 210
1684168738585 129.34904 211
1684168738653 120.94417 212
1684168738722 111.25673 213
1684168738790 102.404205 214
1684168738858 97.77855 215
1684168738926 99.280045 216
1684168738997 104.82454 217
1684168739065 111.37898 218
1684168739133 115.84172 219
1684168739199 118.88897 220
1684168739267 121.15426 221
1684168739333 124.4256 222
1684168739453 129.57794 223
1684168739524 135.24217 224
1684168739596 136.94455 225
1684168739663 131.49554 226
1684168739731 119.13899 227
1684168739802 107.2444 228
1684168739870 105.81159 229
1684168739937 116.84515 230
1684168740012 131.98093 231
1684168740082 140.9804 232
1684168740151 139.96803 233
1684168740218 131.11307 234
1684168740286 119.584694 235
1684168740354 110.581696 236
1684168740421 106.78252 237
1684168740491 110.42293 238
1684168740559 120.75852 239
1684168740629 133.89563 240
1684168740697 144.73235 241
1684168740766 149.85144 242
1684168740835 148.96704 243
1684168740902 144.12624 244
1684168740975 137.67554 245
1684168741058 128.56734 246
1684168741130 120.041824 247
1684168741201 114.35301 248
1684168741270 111.47049 249
1684168741337 110.44842 250
