1684169039298 46.93622 1
1684169039387 36.379745 2
1684169039465 27.716736 3
1684169039537 26.10268 4
1684169039607 31.312742 5
1684169039676 36.57607 6
1684169039745 29.093548 7
1684169039814 24.820778 8
1684169039885 27.586716 9
1684169039960 34.26296 10
1684169040033 33.16784 11
1684169040102 31.751148 12
1684169040174 29.797699 13
1684169040242 27.49775 14
1684169040313 25.261698 15
1684169040385 23.198526 16
1684169040456 20.28462 17
1684169040527 17.759834 18
1684169040597 16.45484 19
1684169040670 17.057796 20
1684169040739 19.465805 21
1684169040808 23.237806 22
1684169040877 25.547348 23
1684169040950 24.52996 24
1684169041026 21.334078 25
1684169041098 20.78629 26
1684169041173 25.743008 27
1684169041245 37.3788 28
1684169041317 33.82113 29
1684169041388 35.226685 30
1684169041462 37.474804 31
1684169041532 36.99478 32
1684169041600 36.39512 33
1684169041670 35.64572 34
1684169041743 31.308094 35
1684169041818 30.298157 36
1684169041891 24.16838 37
1684169041960 17.93557 38
1684169042029 15.259083 39
1684169042100 19.073421 40
1684169042185 28.337755 41
1684169042255 34.45693 42
1684169042322 40.892315 43
1684169042391 48.270187 44
1684169042461 50.511383 45
1684169042532 46.294495 46
1684169042602 41.137466 47
1684169042671 36.31132 48
1684169042740 33.455173 49
1684169042809 34.38164 50
1684169042877 38.947067 51
1684169042946 45.67279 52
1684169043017 50.182186 53
1684169043087 50.00412 54
1684169043165 47.25815 55
1684169043234 44.76342 56
1684169043303 42.462368 57
1684169043372 40.2529 58
1684169043443 38.200035 59
1684169043512 36.336674 60
1684169043581 34.718494 61
1684169043650 33.3647 62
1684169043720 28.033936 63
1684169043787 24.477285 64
1684169043856 24.241314 65
1684169043928 27.209206 66
1684169043998 24.696287 67
1684169044067 21.164095 68
1684169044139 18.1058 69
1684169044209 17.75285 70
1684169044277 21.43409 71
1684169044347 17.354898 72
1684169044415 15.17939 73
1684169044485 21.486927 74
1684169044553 35.012814 75
1684169044622 38.620033 76
1684169044690 36.671757 77
1684169044758 34.80799 78
1684169044827 33.778625 79
1684169044898 33.986732 80
1684169044970 35.270325 81
1684169045039 36.825417 82
1684169045108 37.695034 83
1684169045178 36.552612 84
1684169045246 33.117928 85
1684169045315 27.310738 86
1684169045387 20.983685 87
1684169045459 19.169128 88
1684169045528 26.128162 89
1684169045599 41.11965 90
1684169045667 45.836784 91
1684169045735 48.36456 92
1684169045801 50.188995 93
1684169045870 48.520668 94
1684169045939 40.646286 95
1684169046009 33.331028 96
1684169046077 27.014687 97
1684169046146 19.913258 98
1684169046215 19.084385 99
1684169046281 27.96056 100
1684169046348 43.682896 101
1684169046421 52.58651 102
1684169046492 51.35385 103
1684169046562 46.93 104
1684169046631 43.46156 105
1684169046699 46.952156 106
1684169046768 55.013885 107
1684169046836 47.087975 108
1684169046906 42.03545 109
1684169046978 38.176323 110
1684169047045 37.616318 111
1684169047114 36.80735 112
1684169047184 39.451645 113
1684169047252 50.083656 114
1684169047319 47.74448 115
1684169047391 51.019863 116
1684169047461 52.941517 117
1684169047530 44.762115 118
1684169047602 36.353302 119
1684169047675 37.056293 120
1684169047753 45.022324 121
1684169047825 43.41278 122
1684169047895 41.495827 123
1684169047990 39.556885 124
1684169048058 38.206707 125
1684169048125 36.356224 126
1684169048195 35.043705 127
1684169048264 33.99745 128
1684169048334 36.659748 129
1684169048407 44.354332 130
1684169048482 46.99151 131
1684169048550 43.192387 132
1684169048617 42.5569 133
1684169048685 45.840065 134
1684169048751 52.398537 135
1684169048821 51.88827 136
1684169048889 39.26744 137
1684169048959 33.57734 138
1684169049031 40.189537 139
1684169049100 52.253727 140
1684169049172 42.87982 141
1684169049241 38.137333 142
1684169049311 45.56765 143
1684169049378 66.36328 144
1684169049446 48.654106 145
1684169049517 43.129753 146
1684169049586 56.12493 147
1684169049652 66.04125 148
1684169049720 65.816025 149
1684169049787 63.649467 150
1684169049854 64.23955 151
1684169049921 64.85142 152
1684169049990 64.43781 153
1684169050059 64.00488 154
1684169050125 63.57156 155
1684169050193 63.156746 156
1684169050272 62.773624 157
1684169050344 62.4321 158
1684169050410 62.137154 159
1684169050482 61.889824 160
1684169050551 61.68394 161
1684169050620 61.516113 162
1684169050690 61.379837 163
1684169050757 61.268627 164
1684169050828 61.175713 165
1684169050900 61.087456 166
1684169050971 60.98553 167
1684169051039 60.87238 168
1684169051110 60.721157 169
1684169051178 60.519577 170
1684169051248 60.257446 171
1684169051324 59.9397 172
1684169051392 57.395676 173
1684169051464 56.728363 174
1684169051532 58.86631 175
1684169051602 58.537777 176
1684169051673 58.245094 177
1684169051743 57.993725 178
1684169051812 57.78223 179
1684169051882 57.60706 180
1684169051953 57.4581 181
1684169052023 57.330666 182
1684169052091 57.226677 183
1684169052160 57.146843 184
1684169052229 57.092392 185
1684169052298 57.063377 186
1684169052363 57.05423 187
1684169052429 57.06112 188
1684169052500 57.083515 189
1684169052567 57.121494 190
1684169052635 57.174683 191
1684169052704 57.241806 192
1684169052775 57.322014 193
1684169052847 56.999546 194
1684169052915 55.096294 195
1684169052987 54.197212 196
1684169053058 54.77802 197
1684169053125 57.741287 198
1684169053193 57.818375 199
1684169053261 57.898224 200
1684169053330 57.983273 201
1684169053501 58.074905 202
1684169053570 58.160347 203
1684169053640 56.743683 204
1684169053711 55.2176 205
1684169053782 58.27727 206
1684169053852 58.243607 207
1684169053922 58.169685 208
1684169053992 58.075317 209
1684169054061 57.978703 210
1684169054129 57.880344 211
1684169054199 57.59033 212
1684169054265 56.795074 213
1684169054334 55.354107 214
1684169054402 53.148605 215
1684169054472 50.49199 216
1684169054540 47.644566 217
1684169054609 44.823837 218
1684169054678 41.80511 219
1684169054745 38.22443 220
1684169055049 34.145317 221
1684169055172 30.531727 222
1684169055244 28.191637 223
1684169055312 28.282642 224
1684169055379 31.734573 225
1684169055449 37.78177 226
1684169055517 44.066875 227
1684169055587 48.128773 228
1684169055654 49.24411 229
1684169055725 47.4441 230
1684169055798 42.549667 231
1684169055872 35.567272 232
1684169055940 29.181763 233
1684169056008 27.506918 234
1684169056084 33.033165 235
1684169056155 44.018574 236
1684169056226 56.769974 237
1684169056296 66.4822 238
1684169056365 69.489456 239
1684169056439 64.57626 240
1684169056510 60.262123 241
1684169056580 59.037086 242
1684169056654 55.173584 243
1684169056724 52.82232 244
1684169056792 51.968735 245
1684169056862 52.079693 246
1684169056931 53.392017 247
1684169057003 55.473026 248
1684169057070 57.04428 249
1684169057139 56.110962 250
