1684167886886 57.54721 1
1684167886959 56.352676 2
1684167887031 54.70718 3
1684167887102 51.59806 4
1684167887173 45.786324 5
1684167887242 37.592274 6
1684167887312 30.139517 7
1684167887383 27.803053 8
1684167887453 34.46616 9
1684167887520 48.86474 10
1684167887589 65.07376 11
1684167887660 75.148 12
1684167887731 77.189835 13
1684167887800 73.53154 14
1684167887876 67.81622 15
1684167887950 62.72991 16
1684167888021 59.484764 17
1684167888092 56.14327 18
1684167888163 52.676052 19
1684167888236 48.043682 20
1684167888307 43.366905 21
1684167888379 39.48308 22
1684167888448 36.428696 23
1684167888517 33.913967 24
1684167888586 35.05163 25
1684167888658 40.98843 26
1684167888732 51.121044 27
1684167888803 62.956554 28
1684167888874 73.44992 29
1684167888946 80.47795 30
1684167889016 83.47548 31
1684167889086 83.23338 32
1684167889153 80.42698 33
1684167889228 74.978165 34
1684167889308 66.016426 35
1684167889404 55.25512 36
1684167889476 45.748283 37
1684167889550 40.09155 38
1684167889627 39.16535 39
1684167889702 44.374313 40
1684167889777 54.15616 41
1684167889849 65.63995 42
1684167889917 73.204025 43
1684167889987 77.36324 44
1684167890056 79.81096 45
1684167890126 80.00533 46
1684167890197 76.76076 47
1684167890265 71.86322 48
1684167890337 67.94754 49
1684167890407 67.94578 50
1684167890518 70.99699 51
1684167890598 73.133705 52
1684167890674 71.25133 53
1684167890742 65.14601 54
1684167890812 56.07688 55
1684167890883 48.110214 56
1684167890952 47.04055 57
1684167891019 54.472496 58
1684167891094 66.30527 59
1684167891166 75.57842 60
1684167891237 79.663956 61
1684167891310 78.75728 62
1684167891378 75.71357 63
1684167891447 72.8832 64
1684167891517 71.333565 65
1684167891591 70.95734 66
1684167891659 71.37625 67
1684167891727 72.166214 68
1684167891795 73.03131 69
1684167891863 73.79167 70
1684167891931 74.1127 71
1684167892003 73.60356 72
1684167892072 71.73514 73
1684167892141 68.53753 74
1684167892211 64.51475 75
1684167892279 60.19758 76
1684167892350 56.083347 77
1684167892421 52.5289 78
1684167892492 49.69302 79
1684167892562 47.09143 80
1684167892629 42.945568 81
1684167892697 36.765095 82
1684167892765 30.72274 83
1684167892838 29.683826 84
1684167892916 36.063473 85
1684167892993 48.14904 86
1684167893062 60.72461 87
1684167893130 69.32362 88
1684167893200 72.18637 89
1684167893307 69.68677 90
1684167893425 63.761753 91
1684167893497 57.0167 92
1684167893566 51.58094 93
1684167893634 48.163933 94
1684167893701 46.6556 95
1684167893772 46.67784 96
1684167893839 47.640404 97
1684167893908 49.108315 98
1684167893975 50.76576 99
1684167894042 52.416935 100
1684167894107 53.911278 101
1684167894175 55.191895 102
1684167894243 56.228436 103
1684167894311 56.960278 104
1684167894381 56.782974 105
1684167894448 54.63855 106
1684167894517 49.404026 107
1684167894584 42.571568 108
1684167894651 35.89808 109
1684167894718 31.170065 110
1684167894786 29.475647 111
1684167894853 30.802973 112
1684167894921 32.59087 113
1684167894990 32.097145 114
1684167895059 28.46939 115
1684167895127 25.347313 116
1684167895198 28.442184 117
1684167895266 40.646816 118
1684167895336 57.90277 119
1684167895405 73.498856 120
1684167895477 84.01511 121
1684167895545 89.6612 122
1684167895613 92.06377 123
1684167895681 92.793434 124
1684167895750 92.857376 125
1684167895823 92.76056 126
1684167895903 92.68048 127
1684167895973 92.57715 128
1684167896042 91.81998 129
1684167896114 90.38788 130
1684167896180 88.459885 131
1684167896247 86.2328 132
1684167896318 83.708084 133
1684167896387 80.99089 134
1684167896456 78.0346 135
1684167896522 72.68022 136
1684167896592 65.05971 137
1684167896658 56.21827 138
1684167896724 49.249813 139
1684167896792 47.12155 140
1684167896859 50.85542 141
1684167896927 59.00307 142
1684167896995 68.77884 143
1684167897062 77.67493 144
1684167897131 84.3423 145
1684167897200 88.50982 146
1684167897267 90.38924 147
1684167897338 87.7651 148
1684167897406 79.443985 149
1684167897483 66.23079 150
1684167897551 54.013973 151
1684167897617 52.739567 152
1684167897685 64.87436 153
1684167897750 81.84113 154
1684167897819 94.01028 155
1684167897888 95.44734 156
1684167897957 85.54641 157
1684167898026 68.79311 158
1684167898093 55.71198 159
1684167898161 54.23937 160
1684167898228 65.89535 161
1684167898295 84.15901 162
1684167898363 99.11371 163
1684167898431 104.07315 164
1684167898498 98.8733 165
1684167898581 86.22557 166
1684167898649 70.034805 167
1684167898717 57.6903 168
1684167898786 56.0178 169
1684167898991 66.58229 170
1684167899119 86.18437 171
1684167899251 106.89523 172
1684167899330 119.92636 173
1684167899402 121.37539 174
1684167899471 113.52762 175
1684167899539 101.8647 176
1684167899612 90.819016 177
1684167899682 82.11891 178
1684167899751 76.28509 179
1684167899821 73.746994 180
1684167899888 74.839714 181
1684167899959 78.81665 182
1684167900030 83.65736 183
1684167900111 90.48042 184
1684167900192 97.98401 185
1684167900263 103.27929 186
1684167900332 103.238846 187
1684167900400 99.39 188
1684167900468 95.84636 189
1684167900538 96.81862 190
1684167900606 103.30519 191
1684167900673 112.01607 192
1684167900740 118.357666 193
1684167900806 119.485794 194
1684167900875 115.47217 195
1684167900941 108.4691 196
1684167901026 97.483826 197
1684167901100 84.69796 198
1684167901170 76.560646 199
1684167901237 77.81064 200
1684167901306 88.168724 201
1684167901374 102.052635 202
1684167901442 113.84387 203
1684167901510 120.55237 204
1684167901578 121.53144 205
1684167901649 116.74183 206
1684167901717 108.588104 207
1684167901787 97.741325 208
1684167901855 86.58713 209
1684167901928 80.0612 210
1684167901995 83.72153 211
1684167902064 96.73444 212
1684167902132 112.24144 213
1684167902201 122.993576 214
1684167902268 124.593506 215
1684167902336 118.042145 216
1684167902404 109.50092 217
1684167902471 104.27443 218
1684167902538 104.689926 219
1684167902604 107.51228 220
1684167902672 108.49686 221
1684167902740 104.61382 222
1684167902808 95.862465 223
1684167902876 88.05827 224
1684167902946 86.71163 225
1684167903015 90.82621 226
1684167903083 97.39147 227
1684167903150 103.25661 228
1684167903218 106.23192 229
1684167903291 105.467896 230
1684167903358 101.48666 231
1684167903426 95.6072 232
1684167903499 89.71889 233
1684167903568 84.98976 234
1684167903636 81.60791 235
1684167903703 79.90544 236
1684167903772 79.68973 237
1684167903839 80.47362 238
1684167903906 78.55359 239
1684167903974 71.9561 240
1684167904041 62.137108 241
1684167904111 55.93937 242
1684167904178 62.586815 243
1684167904244 83.083664 244
1684167904315 105.935425 245
1684167904382 116.862915 246
1684167904447 111.581375 247
1684167904516 97.73475 248
1684167904585 85.456375 249
1684167904651 81.326645 250
