1684166294421 3.469949465424068 1
1684166294588 7.891651576933997 2
1684166294664 11.615295831159326 3
1684166294733 11.2127699795907 4
1684166294803 7.178002096630842 5
1684166294875 11.450690614225264 6
1684166294945 19.510973359056134 7
1684166295020 22.46620790065734 8
1684166295098 19.348025907792852 9
1684166295172 15.087751755877212 10
1684166295242 14.56392781604949 11
1684166295314 15.629323373518273 12
1684166295391 15.135734914953364 13
1684166295465 13.572703777238198 14
1684166295537 14.0479991581278 15
1684166295608 17.137677612629588 16
1684166295680 19.70013793446777 17
1684166295754 21.466270607826896 18
1684166295837 22.235422062975342 19
1684166295905 20.380711637498752 20
1684166295975 16.739038126019896 21
1684166296044 15.734232141590516 22
1684166296123 17.246137733059047 23
1684166296197 16.856947076336347 24
1684166296278 15.115996430103085 25
1684166296350 16.106212965510608 26
1684166296420 19.927578939298126 27
1684166296490 22.574135718077518 28
1684166296568 20.868368811419565 29
1684166296641 17.101108791709205 30
1684166296711 16.83097647844577 31
1684166296780 18.92918543670096 32
1684166296850 20.518361485778964 33
1684166296918 21.44316301865303 34
1684166296986 22.354366185203528 35
1684166297058 24.38039718142363 36
1684166297129 27.48732896556355 37
1684166297198 29.87916198879602 38
1684166297269 30.207451661505544 39
1684166297341 28.692867141178095 40
1684166297414 25.59815817917836 41
1684166297482 22.30738129299424 42
1684166297555 21.34153967718543 43
1684166297625 22.786771638840097 44
1684166297692 24.796302112680095 45
1684166297761 26.418169513595526 46
1684166297833 27.60882940326508 47
1684166297901 28.570398221363025 48
1684166297969 27.779595553267526 49
1684166298037 24.462700053061745 50
1684166298106 21.454934831167982 51
1684166298172 22.266851008597893 52
1684166298242 24.646890618759976 53
1684166298310 24.873118989320506 54
1684166298383 23.183640246107736 55
1684166298452 22.09475456315531 56
1684166298533 21.075247407407268 57
1684166298616 18.085390730736048 58
1684166298702 13.354158819044933 59
1684166298770 10.905462604315533 60
1684166298838 13.268899641666412 61
1684166298905 17.873594530729076 62
1684166298973 21.46736070325757 63
1684166299044 21.989789949159178 64
1684166299117 19.99546071193277 65
1684166299189 16.613961778112206 66
1684166299260 12.959352222958467 67
1684166299329 11.706117943199285 68
1684166299397 15.143962132014709 69
1684166299464 21.229712755511045 70
1684166299532 26.486376995286214 71
1684166299600 28.331903401468214 72
1684166299669 26.27075292290094 73
1684166299741 21.345554055614727 74
1684166299808 17.823450599394047 75
1684166299876 18.790463854659876 76
1684166299944 20.07876920152583 77
1684166300014 19.866861697172975 78
1684166300082 21.40607840847672 79
1684166300152 25.289182600786702 80
1684166300223 28.406311637326255 81
1684166300294 29.56713615201849 82
1684166300359 29.90915592270027 83
1684166300427 29.930439829708178 84
1684166300491 29.313801577778676 85
1684166300557 29.078529448567284 86
1684166300627 29.62417898686454 87
1684166300694 28.893523449043453 88
1684166300761 26.18994136923452 89
1684166300828 23.296363199475223 90
1684166300893 21.836923981303777 91
1684166300959 21.96034182647728 92
1684166301025 22.773775412523676 93
1684166301094 23.43869446818197 94
1684166301199 22.39861731394485 95
1684166301269 18.660967267528804 96
1684166301338 15.608081101512653 97
1684166301405 17.068194953976356 98
1684166301470 18.32423181910267 99
1684166301535 15.808669110043448 100
1684166301604 13.173931380340788 101
1684166301669 14.713405675701548 102
1684166301737 16.614523341849836 103
1684166301804 16.033343629309805 104
1684166301871 15.453464105523796 105
1684166301938 16.568879012859806 106
1684166302006 18.959751129323354 107
1684166302076 20.93542071410707 108
1684166302148 21.633685234848116 109
1684166302219 20.717741512176758 110
1684166302291 18.363062467856462 111
1684166302364 16.386019423619338 112
1684166302435 17.736545752441394 113
1684166302503 22.280051895743664 114
1684166302574 26.461731977336342 115
1684166302645 27.566206610720137 116
1684166302716 26.586816219783966 117
1684166302783 24.90344850280692 118
1684166302851 21.690653642407405 119
1684166302918 17.036533290106657 120
1684166302984 13.533430512888428 121
1684166303049 13.29195483003334 122
1684166303118 13.866702704789825 123
1684166303184 13.449480890700617 124
1684166303250 14.125992069410234 125
1684166303320 16.730556395229513 126
1684166303388 18.009740531204848 127
1684166303453 15.653960549756437 128
1684166303518 10.280737142361437 129
1684166303585 9.407951486270047 130
1684166303660 13.536499192759889 131
1684166303727 16.497588844264822 132
1684166303793 19.72859763962178 133
1684166303862 24.55096824574884 134
1684166303934 28.839632875101273 135
1684166304000 30.108382510743315 136
1684166304067 28.721039156086636 137
1684166304136 26.64690472535844 138
1684166304203 26.40022872930165 139
1684166304272 28.77872381383688 140
1684166304348 29.892892031098985 141
1684166304421 28.113908533875076 142
1684166304490 27.652457353857795 143
1684166304558 30.27771911032008 144
1684166304627 31.67345165902813 145
1684166304694 30.55927853410239 146
1684166304762 30.70272795884125 147
1684166304828 32.935193984686336 148
1684166304895 33.03100272307379 149
1684166304972 28.718951340993627 150
1684166305048 24.57559375817171 151
1684166305118 24.863372540890186 152
1684166305185 25.608024354583417 153
1684166305255 26.32597447780742 154
1684166305325 28.809658280983598 155
1684166305392 31.736540729877923 156
1684166305460 33.6066960134331 157
1684166305526 34.01834542518551 158
1684166305593 32.78258605451895 159
1684166305661 30.24207122738 160
1684166305729 27.153908295524356 161
1684166305798 24.127013671213568 162
1684166305866 21.69198934083111 163
1684166305933 20.645977652903888 164
1684166306002 21.38219891367695 165
1684166306084 22.584942393712705 166
1684166306163 22.63228804814711 167
1684166306233 21.47840211210628 168
1684166306301 19.758585096020287 169
1684166306372 17.49834813415386 170
1684166306442 15.659357257839002 171
1684166306510 16.855705729366495 172
1684166306576 19.869016113718082 173
1684166306648 22.013630550622878 174
1684166306716 23.33577132165002 175
1684166306784 25.29126609641058 176
1684166306850 27.544811453558257 177
1684166306919 28.558115817074434 178
1684166306987 27.374851012215156 179
1684166307058 24.227486972462117 180
1684166307127 20.422861024535557 181
1684166307194 18.128034806053567 182
1684166307261 19.087348548113823 183
1684166307330 22.553752193082648 184
1684166307397 25.787052715497666 185
1684166307464 27.047101043701943 186
1684166307531 26.9430230280422 187
1684166307599 27.247394680095685 188
1684166307667 27.75120989731553 189
1684166307737 27.10602804713385 190
1684166307805 24.98938822356078 191
1684166307875 23.840686103491468 192
1684166307943 24.882104311992034 193
1684166308245 25.523093608872724 194
1684166308319 25.483640841306265 195
1684166308387 26.038136714108933 196
1684166308455 27.669628536902007 197
1684166308522 29.789271613918803 198
1684166308589 30.180644919586637 199
1684166308660 28.155464117368442 200
1684166308729 26.681003318252483 201
1684166308798 27.835818267464028 202
1684166308867 28.923039818034045 203
1684166308938 28.94907977430088 204
1684166309005 29.566468675454697 205
1684166309074 31.278208654608264 206
1684166309142 32.63432827484941 207
1684166309210 31.945067374307534 208
1684166309282 29.91729803861412 209
1684166309351 28.139053483334614 210
1684166309420 27.225871930441265 211
1684166309488 26.417409922602314 212
1684166309555 24.486319150827253 213
1684166309627 21.935173746982105 214
1684166309695 20.91423561393908 215
1684166309765 23.0218018598721 216
1684166309832 25.929665105936678 217
1684166309901 26.217409116199555 218
1684166309967 23.817047994615947 219
1684166310034 21.016064104738582 220
1684166310101 19.159149221758344 221
1684166310171 18.102623521987894 222
1684166310237 17.576116979497442 223
1684166310307 17.25884482261563 224
1684166310378 16.496504540072795 225
1684166310445 16.113832752023907 226
1684166310512 17.865262353191795 227
1684166310578 20.92129781385963 228
1684166310647 23.753627907957533 229
1684166310717 26.353751604034965 230
1684166310786 28.107877363083308 231
1684166310854 27.955753539971408 232
1684166310924 26.413817239231626 233
1684166310992 25.367418609371725 234
1684166311059 25.72096648539763 235
1684166311128 26.5585161780743 236
1684166311208 26.581439105994146 237
1684166311280 25.224762257930912 238
1684166311351 23.622586026474664 239
1684166311436 23.029418021270214 240
1684166311506 23.659671674797742 241
1684166311577 24.559922393391364 242
1684166311645 24.99747522766317 243
1684166311712 26.128251917846047 244
1684166311780 27.917835972726884 245
1684166311847 27.79111460681585 246
1684166311915 24.613784675830374 247
1684166311981 20.750666014575177 248
1684166312049 20.576092106627097 249
1684166312116 22.70040402318315 250
