1684166647095 54.208587056537 1
1684166647169 47.127767854885846 2
1684166647245 38.455011646089346 3
1684166647316 32.23135031097589 4
1684166647387 32.150522584825126 5
1684166647459 34.301054995256756 6
1684166647528 31.688001073845797 7
1684166647600 30.041358246422277 8
1684166647670 33.36426663487153 9
1684166647740 40.326007117766984 10
1684166647810 42.92724026929512 11
1684166647878 38.9797063434335 12
1684166647950 34.1373105896033 13
1684166648020 31.00724224899087 14
1684166648089 29.412443878385478 15
1684166648159 27.823308603689 16
1684166648227 27.219706462251573 17
1684166648296 27.454640217585666 18
1684166648363 28.199460773585614 19
1684166648431 30.065445973422605 20
1684166648499 32.87098852834386 21
1684166648566 35.199983350246114 22
1684166648631 36.70704338366911 23
1684166648698 38.66401997519909 24
1684166648765 39.48512451582045 25
1684166648838 38.61966814530245 26
1684166648907 37.3467166571699 27
1684166648974 37.670604291261384 28
1684166649041 41.400547138610065 29
1684166649107 45.95152970207625 30
1684166649176 45.505139132137884 31
1684166649246 42.092103448882646 32
1684166649311 40.3366905399174 33
1684166649382 40.97114106638625 34
1684166649449 43.05427148107566 35
1684166649521 48.03180935413089 36
1684166649588 52.500261733328784 37
1684166649656 50.817867185146845 38
1684166649726 45.78960124564463 39
1684166649794 40.46992674053874 40
1684166649869 39.00389517634272 41
1684166649943 42.87343513569813 42
1684166650017 47.79991486386764 43
1684166650094 50.849800201433816 44
1684166650163 49.99014512124201 45
1684166650236 44.82947171690162 46
1684166650308 42.59288100656729 47
1684166650378 45.85197198033655 48
1684166650448 47.72658085938376 49
1684166650517 45.22355615891635 50
1684166650589 45.10746487330552 51
1684166650659 49.37275605398476 52
1684166650730 54.264612950007056 53
1684166650796 57.37127139126672 54
1684166650867 59.40087290205702 55
1684166650938 58.955933616751366 56
1684166651011 57.0191531792715 57
1684166651077 56.02532347090671 58
1684166651146 55.565972649750655 59
1684166651214 54.999668068166386 60
1684166651281 55.5425445879938 61
1684166651349 55.826828686896306 62
1684166651416 53.43844500291304 63
1684166651486 49.781410995348374 64
1684166651572 50.52513920851672 65
1684166651638 57.9646606391008 66
1684166651718 64.26325679469909 67
1684166651792 64.04312449034664 68
1684166651862 61.49232506419751 69
1684166651932 56.879759261922075 70
1684166652002 51.537161349761575 71
1684166652074 48.30729636189537 72
1684166652161 48.33211960751906 73
1684166652255 49.76304306179989 74
1684166652334 49.685065639168116 75
1684166652404 47.76877363782325 76
1684166652474 45.10598871794901 77
1684166652543 42.192893278605574 78
1684166652614 39.78646878929604 79
1684166652686 38.9250578557077 80
1684166652759 40.09862997298893 81
1684166652828 42.49078118748183 82
1684166652897 43.443445379386574 83
1684166652967 41.021554408005656 84
1684166653036 37.743695541995955 85
1684166653108 38.874509300349324 86
1684166653178 46.41575894151216 87
1684166653256 55.86213844176295 88
1684166653342 61.37535523407371 89
1684166653417 60.778324005908935 90
1684166653486 55.895676860178256 91
1684166653554 48.22550314345021 92
1684166653620 40.332227819968146 93
1684166653687 35.31955937178128 94
1684166653757 34.92146035766854 95
1684166653825 39.50677610445611 96
1684166653895 47.0482031953989 97
1684166653963 52.9296923021905 98
1684166654031 53.65593768641607 99
1684166654098 49.36782456441442 100
1684166654166 42.515932731498665 101
1684166654385 36.55963770961194 102
1684166654557 34.15620212190149 103
1684166654636 36.70012983560525 104
1684166654711 42.873725153712435 105
1684166654782 48.853251070411886 106
1684166654856 51.66555808767886 107
1684166654924 51.31616411136864 108
1684166654991 49.07028724100472 109
1684166655058 45.317842776321314 110
1684166655129 41.00662207758991 111
1684166655199 38.837022567397334 112
1684166655266 40.98773041809167 113
1684166655333 45.405693369427695 114
1684166655400 48.45511308184692 115
1684166655469 48.60976351391017 116
1684166655536 46.96940766086548 117
1684166655658 47.01162896671046 118
1684166655726 50.90587911111896 119
1684166655795 56.27950256137394 120
1684166655866 60.059906405822716 121
1684166655937 61.003651903492525 122
1684166656007 59.546265450931045 123
1684166656075 55.630995141224396 124
1684166656142 49.711730045169105 125
1684166656209 46.74774856257231 126
1684166656275 49.064365381342995 127
1684166656342 53.780733363202536 128
1684166656409 57.49034696490418 129
1684166656477 58.958158683497246 130
1684166656545 58.061031983023426 131
1684166656612 54.95486712745585 132
1684166656677 51.22242888016796 133
1684166656743 49.25685403200653 134
1684166656810 48.382347678579485 135
1684166656880 46.57315087551122 136
1684166656958 44.6474466096453 137
1684166657027 44.13856302207902 138
1684166657096 45.15711508051527 139
1684166657164 45.82706606114277 140
1684166657231 44.81423417004421 141
1684166657300 42.803141411939286 142
1684166657368 41.47496074868054 143
1684166657435 42.249435152015906 144
1684166657506 45.38758281550219 145
1684166657573 48.06869319282292 146
1684166657640 49.65663961595215 147
1684166657708 51.13169948475312 148
1684166657777 52.30624516086705 149
1684166657845 51.67213093428453 150
1684166657911 49.07715297988881 151
1684166657981 46.326744357365 152
1684166658051 45.00754087025945 153
1684166658119 45.2127388710647 154
1684166658185 46.33987552851157 155
1684166658251 48.0632144618495 156
1684166658317 50.253767935711195 157
1684166658383 52.439569676827254 158
1684166658453 53.60054310865174 159
1684166658522 53.27883917501765 160
1684166658589 52.89816000950791 161
1684166658656 54.49195468076335 162
1684166658725 58.19591581304249 163
1684166658793 61.588869200251224 164
1684166658860 64.0934374566681 165
1684166658927 67.55070908745449 166
1684166658999 71.62603546962652 167
1684166659072 74.66655361780427 168
1684166659140 76.3987307036592 169
1684166659214 75.92784846532427 170
1684166659281 72.82804312893626 171
1684166659347 68.946074037773 172
1684166659415 66.60829182458312 173
1684166659483 65.72532038292972 174
1684166659557 65.40875836818972 175
1684166659625 66.14484114291052 176
1684166659692 68.05914259883426 177
1684166659761 70.16549151911863 178
1684166659830 71.55366730193525 179
1684166659900 70.90329399309357 180
1684166659968 66.61057130936062 181
1684166660036 59.80850794769982 182
1684166660106 54.285470219677734 183
1684166660176 53.861643936171156 184
1684166660244 58.70171178899701 185
1684166660312 66.28315550483578 186
1684166660380 73.35389771394108 187
1684166660447 77.08970980368487 188
1684166660517 76.86864056956031 189
1684166660586 74.17458705517244 190
1684166660655 71.53153870740427 191
1684166660723 71.65166325616471 192
1684166660792 74.20433348163232 193
1684166660861 75.31459440309666 194
1684166660931 73.1518807520078 195
1684166660998 68.93472196100376 196
1684166661277 64.75501440619199 197
1684166661456 62.125768636818584 198
1684166661526 61.20717094069643 199
1684166661594 62.59986883963251 200
1684166661661 66.62730502985538 201
1684166661729 70.78313510850404 202
1684166661795 72.51330553099338 203
1684166661862 71.5512935492446 204
1684166661932 69.21946965230599 205
1684166662003 65.81348953719709 206
1684166662071 62.39629196274544 207
1684166662137 60.59001832421169 208
1684166662204 59.33169476612527 209
1684166662271 58.269841461056956 210
1684166662337 58.26011675786812 211
1684166662485 59.40412903532364 212
1684166662689 60.54150084524883 213
1684166662788 60.32768379370388 214
1684166662857 58.96433094132285 215
1684166662925 57.867505279465334 216
1684166662991 59.072711908460285 217
1684166663060 64.08630529172298 218
1684166663173 71.24692878260505 219
1684166663240 75.1342630687781 220
1684166663308 75.17124651397297 221
1684166663375 75.52352225933699 222
1684166663440 78.6658091174702 223
1684166663506 80.76972957719256 224
1684166663576 76.07226379151412 225
1684166663645 70.63751552077942 226
1684166663713 67.97904145698118 227
1684166663779 66.65311845631997 228
1684166663845 64.46740898094815 229
1684166663912 62.22825127401585 230
1684166663979 60.81226230190643 231
1684166664047 59.40057499710728 232
1684166664115 57.90664076541256 233
1684166664183 59.15388128859799 234
1684166664253 64.36024404367532 235
1684166664325 71.47284753738005 236
1684166664391 75.9572674821955 237
1684166664459 75.72186129765768 238
1684166664529 74.09492557760998 239
1684166664597 75.04854629877192 240
1684166664662 78.02214216417319 241
1684166664728 78.22401385736276 242
1684166664794 75.89173639081963 243
1684166664862 74.26515031678564 244
1684166664929 73.62356099407708 245
1684166664995 73.25230691196319 246
1684166665066 73.89358715602793 247
1684166665133 76.4829866010043 248
1684166665200 80.1773353553499 249
1684166665268 83.44343564008285 250
