1684054869867 1.3246531 1
1684054869932 1.1592095 2
1684054870010 0.98464245 3
1684054870088 0.8190745 4
1684054870166 0.68021166 5
1684054870233 0.57758105 6
1684054870314 0.5114138 7
1684054870376 0.4751766 8
1684054870454 0.4592646 9
1684054870533 0.4542182 10
1684054870595 0.4527412 11
1684054870673 0.45045805 12
1684054870756 0.44572455 13
1684054870831 0.4389332 14
1684054870909 0.4316387 15
1684054870987 0.4257615 16
1684054871050 0.42299682 17
1684054871133 0.424484 18
1684054871212 0.43069267 19
1684054871274 0.44146574 20
1684054871348 0.45615548 21
1684054871426 0.47378698 22
1684054871504 0.49324346 23
1684054871582 0.51340914 24
1684054871661 0.5333019 25
1684054871739 0.5521153 26
1684054871801 0.5692322 27
1684054871881 0.584218 28
1684054871944 0.5968022 29
1684054872022 0.606877 30
1684054872100 0.61445934 31
1684054872178 0.6196686 32
1684054872256 0.6227027 33
1684054872334 0.6238129 34
1684054872399 0.6232809 35
1684054872478 0.6213984 36
1684054872540 0.61845094 37
1684054872618 0.61470497 38
1684054872696 0.6104003 39
1684054872759 0.60575294 40
1684054872837 0.6009513 41
1684054872921 0.596153 42
1684054872980 0.59148425 43
1684054873059 0.5870414 44
1684054873137 0.58289397 45
1684054873215 0.5790874 46
1684054873293 0.57564676 47
1684054873371 0.57258004 48
1684054873448 0.56988156 49
1684054873512 0.56753516 50
1684054873590 0.5655167 51
1684054873669 0.5637969 52
1684054873731 0.5623429 53
1684054873809 0.56112057 54
1684054873872 0.56009567 55
1684054873949 0.559235 56
1684054874029 0.5585071 57
1684054874091 0.55788326 58
1684054874169 0.55733764 59
1684054874232 0.5568473 60
1684054874310 0.5563927 61
1684054874388 0.5559573 62
1684054874451 0.5555273 63
1684054874531 0.5550919 64
1684054874609 0.5546424 65
1684054874688 0.55417216 66
1684054874750 0.5536765 67
1684054874828 0.55315214 68
1684054874906 0.55259717 69
1684054874984 0.55201054 70
1684054875065 0.5513922 71
1684054875128 0.5507424 72
1684054875206 0.55006224 73
1684054875284 0.549353 74
1684054875362 0.5486164 75
1684054875425 0.5478543 76
1684054875503 0.5470687 77
1684054875582 0.54626167 78
1684054875644 0.5454358 79
1684054875722 0.54459316 80
1684054875800 0.5437363 81
1684054875863 0.5428678 82
1684054875941 0.54199 83
1684054876019 0.5411055 84
1684054876099 0.5402169 85
1684054876177 0.53932667 86
1684054876240 0.5384371 87
1684054876333 0.5375506 88
1684054876412 0.5366695 89
1684054876474 0.5357957 90
1684054876552 0.5349313 91
1684054876633 0.5340779 92
1684054876696 0.53323704 93
1684054876774 0.5324101 94
1684054876852 0.53159815 95
1684054876946 0.5308021 96
1684054877008 0.5300226 97
1684054877086 0.5292603 98
1684054877166 0.52851534 99
1684054877244 0.5277879 100
1684054877322 0.5270783 101
1684054877385 0.52638644 102
1684054877463 0.5257122 103
1684054877526 0.52505565 104
1684054877588 0.5244167 105
1684054877778 0.52379537 106
1684054877996 0.5231917 107
1684054878075 0.5226057 108
1684054878137 0.5220377 109
1684054878199 0.52148783 110
1684054878264 0.5209563 111
1684054878342 0.5204436 112
1684054878404 0.51995015 113
1684054878467 0.5194763 114
1684054878545 0.5190227 115
1684054878608 0.51859 116
1684054878670 0.5181787 117
1684054878748 0.5177895 118
1684054878812 0.51742315 119
1684054878875 0.5170803 120
1684054878937 0.51676154 121
1684054879000 0.5164675 122
1684054879109 0.51619875 123
1684054879187 0.5159557 124
1684054879250 0.5157388 125
1684054879315 0.5155482 126
1684054879378 0.5153842 127
1684054879456 0.5152467 128
1684054879518 0.5151357 129
1684054879581 0.5150509 130
1684054879659 0.5149919 131
1684054879721 0.51495826 132
1684054879783 0.51494944 133
1684054879847 0.5149647 134
1684054879925 0.5150031 135
1684054879988 0.5150638 136
1684054880050 0.515146 137
1684054880128 0.5152486 138
1684054880191 0.5153706 139
1684054880253 0.5155111 140
1684054880331 0.5156689 141
1684054880396 0.5158431 142
1684054880537 0.5160328 143
1684054880615 0.516237 144
1684054880678 0.5164549 145
1684054880740 0.5166856 146
1684054880803 0.51692843 147
1684054880880 0.5171826 148
1684054880945 0.5174476 149
1684054881008 0.5177226 150
1684054881070 0.51800734 151
1684054881149 0.5183012 152
1684054881212 0.5186037 153
1684054881274 0.51891446 154
1684054881337 0.5192332 155
1684054881400 0.5195595 156
1684054881462 0.5198931 157
1684054881541 0.52023375 158
1684054881603 0.5205812 159
1684054881666 0.5209352 160
1684054881728 0.5212956 161
1684054881791 0.52166224 162
1684054881869 0.522035 163
1684054881933 0.5224137 164
1684054881995 0.5227982 165
1684054882058 0.5231885 166
1684054882120 0.5235845 167
1684054882198 0.52398616 168
1684054882261 0.52439344 169
1684054882323 0.5248064 170
1684054882402 0.5252249 171
1684054882465 0.5256492 172
1684054882527 0.5260791 173
1684054882590 0.52651477 174
1684054882652 0.5269563 175
1684054882715 0.5274035 176
1684054882777 0.5278566 177
1684054882855 0.5283154 178
1684054882918 0.5287802 179
1684054882989 0.5292508 180
1684054883046 0.5297272 181
1684054883124 0.53020936 182
1684054883186 0.5306972 183
1684054883249 0.5311907 184
1684054883311 0.5316897 185
1684054883389 0.53219414 186
1684054883452 0.5327038 187
1684054883531 0.5332187 188
1684054883593 0.53373855 189
1684054883656 0.53426325 190
1684054883718 0.5347927 191
1684054883796 0.53532684 192
1684054883859 0.53586537 193
1684054883921 0.5364083 194
1684054883984 0.5369554 195
1684054884059 0.5375068 196
1684054884128 0.5380622 197
1684054884190 0.5386218 198
1684054884253 0.53918535 199
1684054884315 0.53975296 200
1684054884378 0.54032445 201
1684054884440 0.54090005 202
1684054884690 0.5414797 203
1684054884784 0.5420635 204
1684054884862 0.5426513 205
1684054884925 0.5432433 206
1684054884987 0.5438396 207
1684054885078 0.54444003 208
1684054885146 0.54504484 209
1684054885209 0.5456539 210
1684054885271 0.5462673 211
1684054885334 0.54688513 212
1684054885396 0.5475072 213
1684054885459 0.5481337 214
1684054885521 0.5487644 215
1684054885600 0.5493993 216
1684054885665 0.5500385 217
1684054885727 0.5506818 218
1684054885790 0.5513292 219
1684054885962 0.5519805 220
1684054886087 0.55263567 221
1684054886163 0.5532948 222
1684054886228 0.55395746 223
1684054886290 0.55462384 224
1684054886353 0.5552938 225
1684054886415 0.5559672 226
1684054886493 0.5566441 227
1684054886556 0.55732423 228
1684054886618 0.5580078 229
1684054886694 0.5586946 230
1684054886761 0.5593845 231
1684054886823 0.5600778 232
1684054886886 0.5607742 233
1684054886948 0.5614739 234
1684054887026 0.5621767 235
1684054887089 0.5628828 236
1684054887151 0.563592 237
1684054887231 0.5643045 238
1684054887294 0.5650202 239
1684054887356 0.56573915 240
1684054887434 0.56646144 241
1684054887497 0.56718683 242
1684054887559 0.56791556 243
1684054887622 0.5686475 244
1684054887700 0.5693828 245
1684054887765 0.57012117 246
1684054887828 0.57086277 247
1684054887906 0.57160753 248
1684054887968 0.5723554 249
1684054888031 0.57310635 250
