1684055180453 0.006924999990205485 1
1684055180534 0.008915375665085231 2
1684055180600 0.01151597501146273 3
1684055180663 0.013987023985225428 4
1684055180741 0.015593092440750293 5
1684055180803 0.015846120240574805 6
1684055180866 0.014626576725545704 7
1684055180948 0.01222097185488944 8
1684055181003 0.009261979143938759 9
1684055181081 0.00660874677374603 10
1684055181157 0.005215948776899597 11
1684055181219 0.005538294784311443 12
1684055181297 0.007084538425875578 13
1684055181360 0.009481351459026508 14
1684055181438 0.012629810375413506 15
1684055181505 0.016358344962402304 16
1684055181568 0.020407253491015513 17
1684055181646 0.0245238706755596 18
1684055181708 0.02851798126442493 19
1684055181880 0.03226335446080078 20
1684055181943 0.03567965295615386 21
1684055182015 0.03873323004632383 22
1684055182084 0.04143887699303942 23
1684055182146 0.04385894110937539 24
1684055182224 0.04609653563652284 25
1684055182287 0.04828017815159149 26
1684055182349 0.050542211073691924 27
1684055182428 0.052996474379072615 28
1684055182490 0.05572110405508175 29
1684055182554 0.058751509233411055 30
1684055182632 0.062083768582556986 31
1684055182695 0.0656852232690088 32
1684055182757 0.06950683114209567 33
1684055182836 0.07349403612780785 34
1684055182898 0.07759343875329747 35
1684055182961 0.08175625498241272 36
1684055183023 0.08593889302084085 37
1684055183102 0.09010279615597343 38
1684055183164 0.09421376519979809 39
1684055183227 0.09824164192871072 40
1684055183305 0.10216043436379861 41
1684055183367 0.1059485138491654 42
1684055183446 0.10958899364544247 43
1684055183508 0.113069638469381 44
1684055183579 0.1163827705912648 45
1684055183636 0.1195250702631504 46
1684055183714 0.12249705070985073 47
1684055183777 0.1253024480271027 48
1684055183839 0.1279478537483147 49
1684055183902 0.13044207472530273 50
1684055183980 0.13279598071186074 51
1684055184042 0.1350217937513652 52
1684055184103 0.13713290541625653 53
1684055184168 0.13914331780768693 54
1684055184246 0.14106733814371178 55
1684055184309 0.1429189169774261 56
1684055184387 0.14471130189280138 57
1684055184449 0.1464564472396502 58
1684055184527 0.14816490390042178 59
1684055184590 0.14984530568625687 60
1684055184666 0.15150465358680565 61
1684055184731 0.15314812102641318 62
1684055184794 0.1547776254182827 63
1684055184856 0.15639438390756238 64
1684055184934 0.15799930481403854 65
1684055184997 0.15959281214128057 66
1684055185059 0.1611755034047403 67
1684055185122 0.16274800350346794 68
1684055185202 0.16431117137322718 69
1684055185264 0.16586605991477218 70
1684055185327 0.16741386812639625 71
1684055185389 0.16895605817561585 72
1684055185467 0.17049413917774678 73
1684055185530 0.1720297739873261 74
1684055185592 0.17356465344133362 75
1684055185670 0.17510046528196144 76
1684055185736 0.17663885762553477 77
1684055185798 0.17818135663902662 78
1684055185861 0.17972935296317408 79
1684055185939 0.1812840763585415 80
1684055186017 0.18284662495311543 81
1684055186079 0.18441775491145435 82
1684055186142 0.1859980661250741 83
1684055186226 0.18758787363376359 84
1684055186285 0.18918714542212203 85
1684055186363 0.19079576523637223 86
1684055186425 0.19241320467900017 87
1684055186503 0.19403880818680777 88
1684055186566 0.19567168182503325 89
1684055186628 0.19731076915239767 90
1684055186691 0.19895485911327204 91
1684055186768 0.20060263489015548 92
1684055186832 0.20225284102912752 93
1684055186895 0.20390405282469753 94
1684055186973 0.20555494730888807 95
1684055187035 0.2072042781127936 96
1684055187098 0.20885091176345177 97
1684055187207 0.21049374091876466 98
1684055187284 0.21213193040911035 99
1684055187348 0.21376478119367734 100
1684055187551 0.2153916901463609 101
1684055187707 0.21701240140157846 102
1684055187813 0.218626666116113 103
1684055187867 0.22023452312524314 104
1684055187945 0.22183613996790383 105
1684055188008 0.22343187694963074 106
1684055188070 0.2250221375442514 107
1684055188133 0.226607564557837 108
1684055188211 0.22818873443525134 109
1684055188273 0.22976647739678105 110
1684055188346 0.23134155296999406 111
1684055188399 0.23291476168929826 112
1684055188477 0.2344868500294131 113
1684055188540 0.23605872397348318 114
1684055188602 0.23763110553475125 115
1684055188680 0.23920470891990842 116
1684055188743 0.24077176655853486 117
1684055188805 0.242326908882265 118
1684055188883 0.24386617007490377 119
1684055188949 0.24538777279280669 120
1684055189011 0.24689170421505863 121
1684055189074 0.24837953217793787 122
1684055189152 0.2498540362895333 123
1684055189214 0.2513189583190645 124
1684055189292 0.2527786381948434 125
1684055189355 0.2542377137130322 126
1684055189416 0.25570071845020576 127
1684055189496 0.25717219408888825 128
1684055189559 0.25865609878902696 129
1684055189621 0.26015619154942704 130
1684055189700 0.2616753345158825 131
1684055189762 0.2632158706117577 132
1684055189825 0.2647794702546559 133
1684055189903 0.2663669645329771 134
1684055189973 0.2679787494301869 135
1684055190031 0.26961419927121105 136
1684055190094 0.27127237867528703 137
1684055190172 0.2729517830965286 138
1684055190235 0.27465036382367364 139
1684055190297 0.276365862566682 140
1684055190375 0.27809579145482227 141
1684055190438 0.2798374119925582 142
1684055190500 0.2815880426373983 143
1684055190578 0.28334508413294573 144
1684055190640 0.2851060415072585 145
1684055190703 0.28686876377733533 146
1684055190765 0.2886311932969633 147
1684055190844 0.2903917453727746 148
1684055190906 0.29214923412464183 149
1684055190969 0.29390275695433216 150
1684055191048 0.2956518152417447 151
1684055191111 0.2973963453950739 152
1684055191173 0.29913640952570447 153
1684055191251 0.30087261457479614 154
1684055191313 0.30260569792948655 155
1684055191376 0.3043365834667706 156
1684055191454 0.30606647841587203 157
1684055191521 0.3077965403470154 158
1684055191583 0.3095279909384462 159
1684055191645 0.3112621618667892 160
1684055191708 0.31300025928896724 161
1684055191770 0.3147434077209446 162
1684055191848 0.31649278444203116 163
1684055191911 0.31824915953732263 164
1684055191989 0.3200132762698655 165
1684055192056 0.32178581250751687 166
1684055192117 0.3235671529838499 167
1684055192179 0.32535754920238225 168
1684055192257 0.32715705507828124 169
1684055192320 0.32896559968993794 170
1684055192382 0.33078304814818615 171
1684055192445 0.3326088936898801 172
1684055192523 0.3344428932286714 173
1684055192583 0.33628447153590996 174
1684055192835 0.3381330113080553 175
1684055192976 0.33998805978977864 176
1684055193038 0.3418489607854993 177
1684055193116 0.3437150758221758 178
1684055193181 0.3455859660268917 179
1684055193244 0.3474611356189394 180
1684055193306 0.34934004372479827 181
1684055193385 0.3512224074093562 182
1684055193447 0.35310793200311374 183
1684055193510 0.35499624797930035 184
1684055193572 0.3568873989846246 185
1684055193649 0.3587811674808194 186
1684055193714 0.36067757359041297 187
1684055193777 0.36257670746719795 188
1684055193839 0.36447857393191563 189
1684055193902 0.3663834311261442 190
1684055193980 0.3682913653684824 191
1684055194058 0.3702026280082828 192
1684055194136 0.3721173810534941 193
1684055194205 0.37403585178332865 194
1684055194263 0.3759582260853155 195
1684055194325 0.37788476867017723 196
1684055194403 0.37981562319749607 197
1684055194466 0.3817509115028917 198
1684055194528 0.38369077119837314 199
1684055194591 0.3856352825682744 200
1684055194653 0.3875844826820264 201
1684055194716 0.3895385062016544 202
1684055194780 0.39149718858700167 203
1684055194858 0.39346056964255705 204
1684055194921 0.3954285920004422 205
1684055194983 0.39740111080663537 206
1684055195046 0.3993780578951532 207
1684055195108 0.4013593708257607 208
1684055195171 0.4033447240818355 209
1684055195242 0.4053342199303346 210
1684055195299 0.4073275400125884 211
1684055195362 0.40932459598593973 212
1684055195425 0.41132529162654646 213
1684055195487 0.41332946677321747 214
1684055195565 0.4153369984602145 215
1684055195628 0.4173478077619291 216
1684055195690 0.4193618315288877 217
1684055195759 0.4213789234201195 218
1684055195816 0.42339908492180806 219
1684055195878 0.4254222454954436 220
1684055195941 0.42744834218503486 221
1684055196003 0.42947746002792736 222
1684055196081 0.43150944866242086 223
1684055196144 0.4335444744166332 224
1684055196206 0.43558239398980353 225
1684055196269 0.43762327414540436 226
1684055196332 0.43966714604616086 227
1684055196410 0.4417140104561537 228
1684055196473 0.44376387175564264 229
1684055196535 0.4458167405967828 230
1684055196598 0.4478726310124145 231
1684055196660 0.4499314974598506 232
1684055196738 0.4519934151879979 233
1684055196801 0.4540583743286891 234
1684055196866 0.4561262450586655 235
1684055196929 0.45819714777899956 236
1684055196991 0.46027095935175477 237
1684055197054 0.46234770877820747 238
1684055197116 0.4644272902307542 239
1684055197179 0.46650967389297965 240
1684055197241 0.4685948910246274 241
1684055197304 0.47068281419418206 242
1684055197381 0.472773445301779 243
1684055197430 0.47486669875769777 244
1684055197509 0.47696246769632245 245
1684055197571 0.4790608355265353 246
1684055197634 0.4811616636747778 247
1684055197712 0.48326483180576013 248
1684055197774 0.4853704868876014 249
1684055197837 0.48747839204237 250
