1684056354113 1.3104465 1
1684056354187 1.1521262 2
1684056354253 0.9864015 3
1684056354315 0.8297689 4
1684056354390 0.6982305 5
1684056354452 0.60017467 6
1684056354530 0.5356369 7
1684056354593 0.49878937 8
1684056354671 0.48125252 9
1684056354733 0.47485054 10
1684056354796 0.47327742 11
1684056354874 0.47269008 12
1684056354941 0.471519 13
1684056355003 0.469859 14
1684056355081 0.46874243 15
1684056355144 0.46949685 16
1684056355222 0.47328418 17
1684056355284 0.48083895 18
1684056355362 0.49237865 19
1684056355439 0.5076381 20
1684056355503 0.5259767 21
1684056355565 0.54651785 22
1684056355643 0.5682894 23
1684056355706 0.59034425 24
1684056355784 0.6118505 25
1684056355862 0.6321473 26
1684056355934 0.6507683 27
1684056355989 0.66743976 28
1684056356067 0.6820594 29
1684056356130 0.69466484 30
1684056356208 0.7053968 31
1684056356286 0.7144646 32
1684056356348 0.722114 33
1684056356426 0.7286016 34
1684056356498 0.73417574 35
1684056356554 0.7390633 36
1684056356632 0.74346143 37
1684056356695 0.7475343 38
1684056356757 0.7514128 39
1684056356835 0.755196 40
1684056356898 0.75895464 41
1684056356960 0.7627355 42
1684056357039 0.7665652 43
1684056357102 0.770455 44
1684056357164 0.7744043 45
1684056357243 0.7784046 46
1684056357305 0.78244257 47
1684056357367 0.78650224 48
1684056357446 0.79056734 49
1684056357508 0.7946229 50
1684056357572 0.79865617 51
1684056357651 0.8026573 52
1684056357713 0.8066199 53
1684056357776 0.81054085 54
1684056357845 0.8144201 55
1684056357924 0.81826043 56
1684056357986 0.8220669 57
1684056358056 0.82584566 58
1684056358120 0.8296043 59
1684056358183 0.8333506 60
1684056358245 0.8370917 61
1684056358324 0.8408344 62
1684056358386 0.84458387 63
1684056358449 0.848344 64
1684056358527 0.852117 65
1684056358589 0.85590345 66
1684056358654 0.859702 67
1684056358717 0.8635102 68
1684056358795 0.8673241 69
1684056358858 0.87113893 70
1684056358920 0.87494874 71
1684056358998 0.87874746 72
1684056359061 0.88252884 73
1684056359147 0.8862863 74
1684056359202 0.89001393 75
1684056359281 0.89370584 76
1684056359343 0.8973572 77
1684056359421 0.9009636 78
1684056359484 0.90452147 79
1684056359546 0.90802824 80
1684056359624 0.91148216 81
1684056359690 0.91488206 82
1684056359752 0.918228 83
1684056359830 0.9215202 84
1684056359893 0.92476 85
1684056359955 0.92794895 86
1684056360033 0.9310893 87
1684056360189 0.9341835 88
1684056360332 0.93723404 89
1684056360394 0.94024396 90
1684056360473 0.9432161 91
1684056360535 0.94615304 92
1684056360597 0.9490578 93
1684056360660 0.95193315 94
1684056360740 0.9547812 95
1684056360802 0.9576044 96
1684056360880 0.9604046 97
1684056360943 0.96318364 98
1684056361005 0.9659429 99
1684056361209 0.96868366 100
1684056361288 0.9714069 101
1684056361350 0.97411346 102
1684056361413 0.97680384 103
1684056361491 0.97947854 104
1684056361553 0.9821378 105
1684056361616 0.9847816 106
1684056361694 0.9874102 107
1684056361766 0.9900235 108
1684056361823 0.99262154 109
1684056361885 0.99520415 110
1684056361963 0.99777144 111
1684056362026 1.0003233 112
1684056362104 1.0028598 113
1684056362166 1.0053811 114
1684056362229 1.0078872 115
1684056362307 1.0103784 116
1684056362372 1.012855 117
1684056362435 1.0153173 118
1684056362513 1.0177658 119
1684056362575 1.0202008 120
1684056362653 1.0226231 121
1684056362716 1.0250328 122
1684056362778 1.0274305 123
1684056362856 1.029817 124
1684056362919 1.0321926 125
1684056362997 1.0345579 126
1684056363059 1.0369132 127
1684056363122 1.039259 128
1684056363200 1.0415958 129
1684056363263 1.0439239 130
1684056363325 1.0462437 131
1684056363390 1.0485556 132
1684056363453 1.0508598 133
1684056363531 1.0531569 134
1684056363593 1.0554466 135
1684056363656 1.05773 136
1684056363718 1.0600066 137
1684056363797 1.0622773 138
1684056363859 1.064542 139
1684056363925 1.0668013 140
1684056364003 1.0690553 141
1684056364066 1.0713043 142
1684056364128 1.0735489 143
1684056364206 1.0757892 144
1684056364269 1.0780257 145
1684056364347 1.0802588 146
1684056364424 1.082489 147
1684056364504 1.0847163 148
1684056364567 1.0869415 149
1684056364629 1.089165 150
1684056364692 1.0913872 151
1684056364770 1.0936084 152
1684056364832 1.0958292 153
1684056364895 1.0980501 154
1684056364975 1.1002712 155
1684056365038 1.1024935 156
1684056365116 1.104717 157
1684056365178 1.1069425 158
1684056365241 1.1091701 159
1684056365304 1.1114004 160
1684056365366 1.1136336 161
1684056365429 1.1158707 162
1684056365490 1.1181114 163
1684056365559 1.1203566 164
1684056365622 1.1226064 165
1684056365684 1.1248612 166
1684056365762 1.1271218 167
1684056365825 1.1293882 168
1684056365887 1.1316607 169
1684056365950 1.1339399 170
1684056366031 1.1362259 171
1684056366088 1.1385193 172
1684056366166 1.1408203 173
1684056366229 1.1431291 174
1684056366291 1.1454461 175
1684056366369 1.1477716 176
1684056366432 1.150106 177
1684056366494 1.1524491 178
1684056366573 1.1548017 179
1684056366636 1.1571639 180
1684056366698 1.1595355 181
1684056366761 1.1619173 182
1684056366823 1.1643091 183
1684056366901 1.1667111 184
1684056366964 1.1691236 185
1684056367026 1.1715467 186
1684056367104 1.1739804 187
1684056367169 1.1764249 188
1684056367232 1.1788803 189
1684056367294 1.1813467 190
1684056367373 1.1838241 191
1684056367435 1.1863124 192
1684056367498 1.188812 193
1684056367576 1.1913227 194
1684056367640 1.1938446 195
1684056367702 1.1963775 196
1684056367765 1.1989217 197
1684056367955 1.2014767 198
1684056368096 1.204043 199
1684056368157 1.2066202 200
1684056368219 1.2092085 201
1684056368297 1.2118076 202
1684056368360 1.2144177 203
1684056368422 1.2170386 204
1684056368485 1.2196703 205
1684056368563 1.2223126 206
1684056368626 1.2249655 207
1684056368689 1.227629 208
1684056368767 1.2303028 209
1684056368829 1.232987 210
1684056368892 1.2356815 211
1684056368970 1.2383862 212
1684056369033 1.2411008 213
1684056369095 1.2438254 214
1684056369177 1.24656 215
1684056369269 1.2493043 216
1684056369347 1.2520583 217
1684056369409 1.2548215 218
1684056369472 1.2575945 219
1684056369550 1.2603766 220
1684056369613 1.2631679 221
1684056369675 1.2659683 222
1684056369756 1.2687777 223
1684056369818 1.2715957 224
1684056369881 1.2744226 225
1684056369959 1.277258 226
1684056370021 1.2801019 227
1684056370084 1.282954 228
1684056370146 1.2858144 229
1684056370224 1.2886828 230
1684056370289 1.2915592 231
1684056370351 1.2944434 232
1684056370430 1.2973351 233
1684056370492 1.3002346 234
1684056370555 1.3031414 235
1684056370633 1.3060555 236
1684056370695 1.3089768 237
1684056370765 1.3119051 238
1684056370820 1.3148404 239
1684056370898 1.3177825 240
1684056370961 1.3207312 241
1684056371023 1.3236866 242
1684056371101 1.3266484 243
1684056371164 1.3296164 244
1684056371226 1.3325906 245
1684056371305 1.3355709 246
1684056371370 1.3385572 247
1684056371432 1.3415495 248
1684056371495 1.3445475 249
1684056371573 1.3475509 250
