1684056970664 1.3051663637161255 1
1684056970751 1.1412109988076347 2
1684056970813 0.9685314042227608 3
1684056970891 0.8049372094018119 4
1684056970954 0.667768827506474 5
1684056971016 0.566281088760921 6
1684056971094 0.5006505165781293 7
1684056971157 0.4644992564405714 8
1684056971219 0.44845520172800335 9
1684056971298 0.4432258563382285 10
1684056971361 0.4415480749947684 11
1684056971423 0.43897479346820284 12
1684056971501 0.433764432157789 13
1684056971564 0.4262389157499586 14
1684056971642 0.41794405238968985 15
1684056971704 0.4108650130884988 16
1684056971767 0.40681521807398113 17
1684056971846 0.407060193164008 18
1684056971909 0.41215868081365314 19
1684056972003 0.42198670336178373 20
1684056972081 0.43588872466768536 21
1684056972143 0.4528541054044451 22
1684056972221 0.4717013580458505 23
1684056972284 0.491240062883922 24
1684056972359 0.510399022272655 25
1684056972426 0.5283043171678271 26
1684056972488 0.544315401996885 27
1684056972551 0.558027480329786 28
1684056972629 0.5692509668213981 29
1684056972692 0.577975937298366 30
1684056972754 0.5843339732715062 31
1684056972832 0.5885569878986904 32
1684056972896 0.5909381849425179 33
1684056972959 0.5917983310563224 34
1684056973037 0.5914669462612697 35
1684056973099 0.5902554818562099 36
1684056973162 0.5884438412530082 37
1684056973240 0.5862721630505153 38
1684056973303 0.5839373554502215 39
1684056973365 0.5815930068492889 40
1684056973431 0.5793517061642238 41
1684056973501 0.5772754805428642 42
1684056973579 0.5753989943436214 43
1684056973642 0.5737337470054626 44
1684056973704 0.5722742080688477 45
1684056973767 0.5710031730788094 46
1684056973829 0.5698963744299752 47
1684056973892 0.5689263684409005 48
1684056973962 0.5680656390530723 49
1684056974040 0.5672888542924609 50
1684056974102 0.5665743776730129 51
1684056974181 0.5659050813743046 52
1684056974243 0.5652685761451721 53
1684056974306 0.5646570580346244 54
1684056974368 0.5640668102673122 55
1684056974447 0.5634975603648594 56
1684056974512 0.5629516456808362 57
1684056974574 0.5624364827360425 58
1684056974652 0.5619593816144126 59
1684056974715 0.5615275204181671 60
1684056974777 0.5611471831798553 61
1684056974855 0.5608236747128623 62
1684056974918 0.5605608139719281 63
1684056974981 0.560361385345459 64
1684056975047 0.5602271131106785 65
1684056975109 0.5601588104452405 66
1684056975172 0.5601563794272286 67
1684056975234 0.5602188748972756 68
1684056975312 0.5603447003023965 69
1684056975375 0.5605315097740718 70
1684056975437 0.5607763826847076 71
1684056975505 0.5610759471143995 72
1684056975563 0.5614263415336609 73
1684056975641 0.5618234276771545 74
1684056975704 0.5622628544058118 75
1684056975766 0.5627401087965284 76
1684056975844 0.5632507332733699 77
1684056975907 0.5637903554098946 78
1684056975969 0.5643547432763236 79
1684056976043 0.5649399927684239 80
1684056976097 0.5655425190925598 81
1684056976175 0.5661591972623553 82
1684056976238 0.566787234374455 83
1684056976316 0.5674243654523577 84
1684056976378 0.5680687129497528 85
1684056976441 0.568718935762133 86
1684056976503 0.5693739822932652 87
1684056976588 0.5700332607541766 88
1684056976645 0.5706964177744729 89
1684056976723 0.5713634363242558 90
1684056976785 0.572034456900188 91
1684056976848 0.5727098882198334 92
1684056976910 0.573390143258231 93
1684056976988 0.5740758521216256 94
1684056977051 0.5747675853116172 95
1684056977123 0.5754659303597042 96
1684056977177 0.5761715599468776 97
1684056977380 0.5768850190298898 98
1684056977474 0.5776068568229675 99
1684056977536 0.5783374692712512 100
1684056977599 0.5790773459843227 101
1684056977664 0.57982679775783 102
1684056977727 0.5805860715253013 103
1684056977789 0.5813553588730949 104
1684056977867 0.5821348215852465 105
1684056977930 0.582924485206604 106
1684056977992 0.5837243752820152 107
1684056978055 0.5845344918114799 108
1684056978133 0.5853547666754041 109
1684056978196 0.5861850849219731 110
1684056978258 0.5870253614016941 111
1684056978321 0.5878754769052777 112
1684056978399 0.5887353292533329 113
1684056978462 0.58960479923657 114
1684056978524 0.5904967784881592 115
1684056978633 0.5914205270154136 116
1684056978715 0.5923826949937003 117
1684056978776 0.5933868757316044 118
1684056978838 0.5944338057722364 119
1684056978901 0.5955217480659485 120
1684056978979 0.5966470241546631 121
1684056979041 0.5978044314043862 122
1684056979104 0.5989877198423658 123
1684056979182 0.6001900732517242 124
1684056979251 0.601404356104987 125
1684056979310 0.6026235435690198 126
1684056979372 0.6038410152707782 127
1684056979450 0.6050507511411395 128
1684056979513 0.6062475740909576 129
1684056979575 0.6074272479329791 130
1684056979638 0.6085867711475917 131
1684056979716 0.6097241001469749 132
1684056979779 0.6108385069029671 133
1684056979842 0.6119303958756583 134
1684056979920 0.6130010996546064 135
1684056980076 0.6140529045036861 136
1684056980170 0.6150889481816973 137
1684056980248 0.616112904889243 138
1684056980312 0.6171288660594395 139
1684056980375 0.6181411359991346 140
1684056980437 0.6191540871347699 141
1684056980515 0.6201720706054142 142
1684056980578 0.6211990416049957 143
1684056980640 0.6222386743341174 144
1684056980703 0.6232941831861224 145
1684056980781 0.6243682290826525 146
1684056980845 0.625462932246072 147
1684056980908 0.6265797529901777 148
1684056980970 0.6277196322168622 149
1684056981095 0.6288829020091465 150
1684056981158 0.6300694133554187 151
1684056981220 0.6312785531793322 152
1684056981283 0.6325092911720276 153
1684056981345 0.6337602521692004 154
1684056981410 0.635029775755746 155
1684056981489 0.6363160950796944 156
1684056981551 0.637617255960192 157
1684056981614 0.6389312957014356 158
1684056981676 0.6402562643800463 159
1684056981754 0.6415903440543583 160
1684056981817 0.6429318019321987 161
1684056981878 0.6442790414605822 162
1684056981943 0.645630806684494 163
1684056982006 0.6469859523432595 164
1684056982068 0.6483436439718518 165
1684056982147 0.6497032472065517 166
1684056982209 0.6510644214493888 167
1684056982287 0.6524270134312766 168
1684056982350 0.6537910572120121 169
1684056982418 0.6551568380423954 170
1684056982475 0.6565247092928205 171
1684056982538 0.6578952159200396 172
1684056982600 0.6592689113957542 173
1684056982663 0.6606465450354985 174
1684056982741 0.6620286617960248 175
1684056982803 0.6634159513882228 176
1684056982866 0.6648090822356088 177
1684056982944 0.6662086418696812 178
1684056983009 0.6676150560379028 179
1684056983072 0.6690287504877362 180
1684056983134 0.6704500658171517 181
1684056983197 0.671879210642406 182
1684056983259 0.6733163126877376 183
1684056983322 0.6747612910611289 184
1684056983384 0.6762141925948006 185
1684056983456 0.6776748214449201 186
1684056983519 0.6791429221630096 187
1684056983582 0.6806182009833199 188
1684056983644 0.6821003896849496 189
1684056983707 0.6835890667779105 190
1684056983769 0.6850838959217072 191
1684056983832 0.6865844471114022 192
1684056983894 0.6880904223237719 193
1684056983957 0.6896013787814549 194
1684056984137 0.6911170354911259 195
1684056984231 0.6926370731421879 196
1684056984293 0.6941612958908081 197
1684056984356 0.6956894482885089 198
1684056984434 0.6972213728087289 199
1684056984496 0.6987569417272296 200
1684056984561 0.7002960996968406 201
1684056984624 0.7018387232507978 202
1684056984702 0.7033849443708148 203
1684056984765 0.7049346651349749 204
1684056984828 0.7064880132675171 205
1684056984890 0.7080450100558144 206
1684056984952 0.7096057491643089 207
1684056985034 0.7111702816826957 208
1684056985095 0.7127387651375362 209
1684056985157 0.714311169726508 210
1684056985235 0.7158876402037484 211
1684056985298 0.7174682106290545 212
1684056985376 0.7190529406070709 213
1684056985438 0.7206418471676963 214
1684056985501 0.7222349132810321 215
1684056985579 0.723832151719502 216
1684056985644 0.725433485848563 217
1684056985707 0.7270389412130628 218
1684056985769 0.7286483900887626 219
1684056985847 0.7302617856434414 220
1684056985910 0.7318790555000305 221
1684056985972 0.7335000719342913 222
1684056986035 0.735124762569155 223
1684056986112 0.7367529826504844 224
1684056986176 0.7383846938610077 225
1684056986239 0.7400197173867907 226
1684056986301 0.7416580319404602 227
1684056986379 0.7432994501931327 228
1684056986442 0.7449440104620797 229
1684056986504 0.7465915594782148 230
1684056986582 0.7482420206069946 231
1684056986645 0.7498953597886222 232
1684056986709 0.7515514918736049 233
1684056986881 0.7532104296343667 234
1684056987006 0.7548721262386867 235
1684056987068 0.7565365476267678 236
1684056987131 0.7582036810261863 237
1684056987206 0.7598734285150256 238
1684056987259 0.761545900787626 239
1684056987337 0.7632210084370205 240
1684056987399 0.7648987514632088 241
1684056987462 0.7665791852133614 242
1684056987540 0.7682622287954602 243
1684056987602 0.7699478694370815 244
1684056987665 0.7716361028807504 245
1684056987736 0.773326963186264 246
1684056987799 0.7750203779765538 247
1684056987877 0.7767163302217212 248
1684056987939 0.7784147432872227 249
1684056988002 0.7801157193524497 250
