1684054908899 1.4080415 1
1684054908967 1.2399408 2
1684054909045 1.0617034 3
1684054909108 0.89047617 4
1684054909186 0.74346775 5
1684054909248 0.63036484 6
1684054909326 0.5522173 7
1684054909405 0.5037684 8
1684054909467 0.47681573 9
1684054909548 0.4630903 10
1684054909610 0.4560358 11
1684054909673 0.45148998 12
1684054909751 0.44755867 13
1684054909814 0.4440434 14
1684054909876 0.44173226 15
1684054909939 0.44175738 16
1684054910018 0.44512534 17
1684054910080 0.4524456 18
1684054910158 0.4638337 19
1684054910221 0.47894168 20
1684054910283 0.49706408 21
1684054910362 0.5172757 22
1684054910424 0.53856784 23
1684054910504 0.5599631 24
1684054910567 0.58059984 25
1684054910630 0.5997842 26
1684054910708 0.61701256 27
1684054910771 0.6319716 28
1684054910833 0.6445211 29
1684054910911 0.6546663 30
1684054910974 0.662526 31
1684054911049 0.6682996 32
1684054911115 0.672237 33
1684054911181 0.67461205 34
1684054911243 0.675702 35
1684054911321 0.6757716 36
1684054911384 0.6750623 37
1684054911462 0.67378587 38
1684054911524 0.6721215 39
1684054911601 0.67021537 40
1684054911664 0.6681822 41
1684054911726 0.66610837 42
1684054911804 0.66405535 43
1684054911867 0.6620642 44
1684054911929 0.6601593 45
1684054912007 0.6583527 46
1684054912070 0.65664756 47
1684054912140 0.6550412 48
1684054912198 0.6535277 49
1684054912276 0.65209985 50
1684054912338 0.65075064 51
1684054912416 0.649474 52
1684054912479 0.64826584 53
1684054912541 0.64712375 54
1684054912604 0.64604723 55
1684054912683 0.6450374 56
1684054912745 0.6440966 57
1684054912808 0.64322805 58
1684054912870 0.6424353 59
1684054912933 0.6417221 60
1684054913011 0.64109135 61
1684054913073 0.64054555 62
1684054913248 0.64008623 63
1684054913326 0.6397138 64
1684054913388 0.6394275 65
1684054913451 0.6392251 66
1684054913529 0.63910365 67
1684054913607 0.63905877 68
1684054913670 0.6390852 69
1684054913733 0.6391771 70
1684054913811 0.6393279 71
1684054913873 0.6395304 72
1684054913936 0.6397778 73
1684054914014 0.6400626 74
1684054914077 0.6403778 75
1684054914139 0.6407167 76
1684054914202 0.6410728 77
1684054914282 0.64144045 78
1684054914345 0.6418144 79
1684054914407 0.6421901 80
1684054914470 0.6425637 81
1684054914548 0.64293224 82
1684054914611 0.6432931 83
1684054914673 0.64364445 84
1684054914751 0.64398533 85
1684054914814 0.644315 86
1684054914877 0.6446332 87
1684054914939 0.64494014 88
1684054915017 0.6452364 89
1684054915080 0.6455227 90
1684054915142 0.6458001 91
1684054915205 0.6460697 92
1684054915283 0.6463324 93
1684054915348 0.64658946 94
1684054915411 0.646842 95
1684054915473 0.64709103 96
1684054915551 0.6473374 97
1684054915614 0.64758193 98
1684054915676 0.64782554 99
1684054915739 0.6480686 100
1684054915815 0.6483118 101
1684054915880 0.64855546 102
1684054915943 0.64879984 103
1684054916005 0.6490453 104
1684054916068 0.64929193 105
1684054916146 0.6495398 106
1684054916208 0.6497892 107
1684054916271 0.65004003 108
1684054916348 0.6502923 109
1684054916412 0.6505462 110
1684054916475 0.6508018 111
1684054916537 0.65105903 112
1684054916615 0.6513181 113
1684054916678 0.6515792 114
1684054916740 0.65184236 115
1684054916803 0.65210783 116
1684054916881 0.65237576 117
1684054916946 0.6526463 118
1684054917009 0.6529198 119
1684054917071 0.6531965 120
1684054917149 0.6534766 121
1684054917212 0.6537603 122
1684054917274 0.6540479 123
1684054917352 0.6543396 124
1684054917414 0.65463567 125
1684054917495 0.6549363 126
1684054917573 0.6552417 127
1684054917635 0.6555521 128
1684054917713 0.65586746 129
1684054917776 0.6561882 130
1684054917838 0.6565142 131
1684054917917 0.6568457 132
1684054917981 0.6571827 133
1684054918043 0.65752524 134
1684054918121 0.6578734 135
1684054918184 0.6582271 136
1684054918246 0.65858656 137
1684054918324 0.6589516 138
1684054918387 0.6593222 139
1684054918461 0.6596984 140
1684054918513 0.66008025 141
1684054918591 0.6604676 142
1684054918653 0.66086036 143
1684054918716 0.6612586 144
1684054918794 0.6616621 145
1684054918856 0.66207075 146
1684054918919 0.66248417 147
1684054918996 0.662902 148
1684054919061 0.6633236 149
1684054919124 0.66374826 150
1684054919186 0.6641752 151
1684054919264 0.6646037 152
1684054919327 0.6650329 153
1684054919389 0.6654619 154
1684054919452 0.66589016 155
1684054919529 0.6663169 156
1684054919594 0.66674197 157
1684054919657 0.6671653 158
1684054919719 0.66758686 159
1684054919782 0.66800725 160
1684054919844 0.66842735 161
1684054919907 0.66884804 162
1684054920112 0.6692704 163
1684054920205 0.6696957 164
1684054920315 0.67012537 165
1684054920377 0.67056036 166
1684054920455 0.671002 167
1684054920518 0.671451 168
1684054920592 0.6719084 169
1684054920644 0.67237437 170
1684054920723 0.6728494 171
1684054920785 0.6733336 172
1684054920848 0.6738268 173
1684054920910 0.67432874 174
1684054920973 0.6748389 175
1684054921051 0.67535686 176
1684054921125 0.67588204 177
1684054921191 0.67641366 178
1684054921254 0.6769512 179
1684054921348 0.6774943 180
1684054921426 0.678042 181
1684054921488 0.6785942 182
1684054921551 0.67915046 183
1684054921613 0.6797105 184
1684054921691 0.6802742 185
1684054921753 0.68084145 186
1684054921816 0.6814122 187
1684054921878 0.6819868 188
1684054921941 0.6825652 189
1684054922003 0.68314767 190
1684054922066 0.6837346 191
1684054922144 0.68432605 192
1684054922209 0.6849226 193
1684054922272 0.68552417 194
1684054922334 0.6861313 195
1684054922397 0.6867441 196
1684054922475 0.68736285 197
1684054922537 0.6879878 198
1684054922600 0.6886189 199
1684054922678 0.68925613 200
1684054922742 0.6898998 201
1684054922805 0.69054973 202
1684054922867 0.69120574 203
1684054922930 0.69186795 204
1684054922992 0.692536 205
1684054923070 0.6932098 206
1684054923133 0.6938892 207
1684054923195 0.6945739 208
1684054923270 0.6952636 209
1684054923322 0.6959583 210
1684054923400 0.69665754 211
1684054923463 0.69736123 212
1684054923525 0.6980691 213
1684054923588 0.698781 214
1684054923650 0.69949675 215
1684054923713 0.7002163 216
1684054923798 0.7009394 217
1684054923856 0.701666 218
1684054923918 0.702396 219
1684054923981 0.7031295 220
1684054924059 0.7038661 221
1684054924122 0.7046062 222
1684054924184 0.7053495 223
1684054924247 0.7060962 224
1684054924325 0.70684624 225
1684054924388 0.70759964 226
1684054924450 0.70835644 227
1684054924513 0.70911664 228
1684054924591 0.7098803 229
1684054924654 0.7106474 230
1684054924716 0.71141803 231
1684054924779 0.7121922 232
1684054924854 0.7129698 233
1684054924920 0.71375096 234
1684054924982 0.7145356 235
1684054925045 0.7153237 236
1684054925107 0.71611536 237
1684054925170 0.71691036 238
1684054925248 0.71770877 239
1684054925310 0.7185105 240
1684054925380 0.71931565 241
1684054925438 0.720124 242
1684054925516 0.7209355 243
1684054925579 0.7217503 244
1684054925657 0.72256815 245
1684054925719 0.72338915 246
1684054925782 0.7242131 247
1684054925860 0.7250401 248
1684054925925 0.72587 249
1684054925988 0.72670287 250
