1684053888498 1.3609868 1
1684053888567 1.1883683 2
1684053888645 1.0052863 3
1684053888716 0.8307936 4
1684053888779 0.68376696 5
1684053888841 0.5748056 6
1684053888919 0.50489485 7
1684053888982 0.4677433 8
1684053889060 0.45337772 9
1684053889123 0.45146832 10
1684053889185 0.45360485 11
1684053889250 0.45433706 12
1684053889328 0.451215 13
1684053889391 0.444166 14
1684053889469 0.43461686 15
1684053889531 0.42463696 16
1684053889594 0.416286 17
1684053889672 0.41119054 18
1684053889741 0.41033977 19
1684053889799 0.41404957 20
1684053889876 0.42204648 21
1684053889939 0.43360883 22
1684053890001 0.4477304 23
1684053890079 0.46327978 24
1684053890142 0.47913724 25
1684053890425 0.49429762 26
1684053890519 0.50794494 27
1684053890582 0.51948816 28
1684053890660 0.5285674 29
1684053890738 0.53503656 30
1684053890800 0.53893095 31
1684053890865 0.5404266 32
1684053890943 0.53979826 33
1684053891005 0.5373789 34
1684053891068 0.5335256 35
1684053891130 0.5285924 36
1684053891209 0.5229097 37
1684053891271 0.51677144 38
1684053891349 0.5104276 39
1684053891412 0.5040823 40
1684053891475 0.49789476 41
1684053891537 0.49198312 42
1684053891600 0.4864297 43
1684053891678 0.48128647 44
1684053891741 0.4765808 45
1684053891819 0.47232085 46
1684053891887 0.46850032 47
1684053891946 0.46510246 48
1684053892025 0.46210375 49
1684053892087 0.45947647 50
1684053892165 0.45719075 51
1684053892228 0.45521623 52
1684053892290 0.45352322 53
1684053892368 0.45208338 54
1684053892432 0.45087016 55
1684053892495 0.44985917 56
1684053892557 0.44902813 57
1684053892636 0.4483569 58
1684053892698 0.44782746 59
1684053892776 0.44742352 60
1684053892839 0.4471306 61
1684053892916 0.44693583 62
1684053892981 0.44682744 63
1684053893043 0.44679514 64
1684053893122 0.44682944 65
1684053893200 0.44692194 66
1684053893262 0.447065 67
1684053893325 0.44725162 68
1684053893403 0.44747558 69
1684053893471 0.4477312 70
1684053893530 0.44801334 71
1684053893592 0.44831753 72
1684053893670 0.44863966 73
1684053893733 0.44897628 74
1684053893795 0.44932413 75
1684053893858 0.4496808 76
1684053893920 0.45004404 77
1684053894000 0.4504121 78
1684053894062 0.45078358 79
1684053894125 0.45115757 80
1684053894203 0.45153338 81
1684053894266 0.45191067 82
1684053894328 0.4522894 83
1684053894406 0.4526697 84
1684053894469 0.45305192 85
1684053894544 0.45343667 86
1684053894611 0.45382452 87
1684053894673 0.45421624 88
1684053894736 0.45461267 89
1684053894814 0.4550146 90
1684053894876 0.4554229 91
1684053894939 0.45583847 92
1684053895017 0.45626205 93
1684053895080 0.45669442 94
1684053895143 0.45713633 95
1684053895205 0.45758846 96
1684053895283 0.45805135 97
1684053895346 0.45852563 98
1684053895424 0.4590117 99
1684053895487 0.45951003 100
1684053895549 0.46002096 101
1684053895614 0.46054488 102
1684053895692 0.46108192 103
1684053895770 0.4616324 104
1684053895833 0.46219653 105
1684053895911 0.4627744 106
1684053895974 0.46336615 107
1684053896164 0.4639719 108
1684053896257 0.46459174 109
1684053896320 0.46522564 110
1684053896382 0.46587372 111
1684053896460 0.46653587 112
1684053896523 0.46721202 113
1684053896585 0.46790215 114
1684053896665 0.46860608 115
1684053896728 0.46932364 116
1684053896790 0.47005454 117
1684053896868 0.47079858 118
1684053896931 0.4715555 119
1684053896993 0.47232497 120
1684053897072 0.47310674 121
1684053897134 0.47390044 122
1684053897198 0.47470582 123
1684053897276 0.4755225 124
1684053897339 0.47635025 125
1684053897573 0.47718886 126
1684053897697 0.47803798 127
1684053897762 0.47889748 128
1684053897825 0.47976714 129
1684053897903 0.48064667 130
1684053897965 0.4815361 131
1684053898044 0.48243508 132
1684053898106 0.48334366 133
1684053898169 0.4842617 134
1684053898246 0.48518905 135
1684053898309 0.48612568 136
1684053898371 0.48707154 137
1684053898450 0.48802662 138
1684053898512 0.4889908 139
1684053898575 0.48996407 140
1684053898653 0.4909464 141
1684053898715 0.49193773 142
1684053898785 0.49293798 143
1684053898847 0.49394712 144
1684053898910 0.49496508 145
1684053898988 0.49599168 146
1684053899051 0.49702695 147
1684053899113 0.49807066 148
1684053899176 0.4991227 149
1684053899238 0.500183 150
1684053899314 0.5012513 151
1684053899376 0.5023274 152
1684053899439 0.50341123 153
1684053899517 0.50450253 154
1684053899580 0.5056011 155
1684053899642 0.50670683 156
1684053899705 0.5078195 157
1684053899783 0.5089388 158
1684053899855 0.5100647 159
1684053899926 0.5111969 160
1684053899988 0.5123353 161
1684053900051 0.51347977 162
1684053900129 0.5146301 163
1684053900191 0.51578623 164
1684053900254 0.5169479 165
1684053900316 0.51811516 166
1684053900380 0.5192879 167
1684053900443 0.52046597 168
1684053900521 0.5216493 169
1684053900583 0.5228379 170
1684053900646 0.52403164 171
1684053900708 0.5252306 172
1684053900787 0.52643466 173
1684053900849 0.5276438 174
1684053900913 0.528858 175
1684053900991 0.53007734 176
1684053901054 0.5313016 177
1684053901116 0.53253084 178
1684053901179 0.5337651 179
1684053901257 0.5350042 180
1684053901335 0.5362482 181
1684053901429 0.537497 182
1684053901492 0.5387505 183
1684053901554 0.54000866 184
1684053901617 0.5412715 185
1684053901695 0.5425388 186
1684053901757 0.54381055 187
1684053901820 0.54508656 188
1684053901898 0.54636693 189
1684053901962 0.54765123 190
1684053902025 0.5489397 191
1684053902103 0.55023205 192
1684053902165 0.5515283 193
1684053902228 0.5528282 194
1684053902290 0.55413175 195
1684053902353 0.5554388 196
1684053902415 0.5567494 197
1684053902496 0.5580634 198
1684053902559 0.55938065 199
1684053902621 0.5607012 200
1684053902684 0.56202495 201
1684053902746 0.5633518 202
1684053902934 0.5646818 203
1684053903077 0.5660148 204
1684053903155 0.5673509 205
1684053903217 0.56869 206
1684053903296 0.57003194 207
1684053903358 0.5713769 208
1684053903420 0.5727248 209
1684053903483 0.5740755 210
1684053903562 0.5754291 211
1684053903624 0.57678545 212
1684053903687 0.57814467 213
1684053903749 0.5795065 214
1684053903827 0.5808712 215
1684053903890 0.5822385 216
1684053903952 0.5836084 217
1684053904015 0.58498096 218
1684053904079 0.586356 219
1684053904142 0.58773357 220
1684053904360 0.58911353 221
1684053904470 0.5904958 222
1684053904532 0.5918805 223
1684053904608 0.59326744 224
1684053904660 0.5946566 225
1684053904738 0.59604794 226
1684053904801 0.5974413 227
1684053904863 0.5988368 228
1684053904926 0.60023427 229
1684053904988 0.6016337 230
1684053905066 0.6030351 231
1684053905136 0.6044383 232
1684053905193 0.60584337 233
1684053905255 0.6072502 234
1684053905318 0.60865885 235
1684053905396 0.6100693 236
1684053905458 0.6114813 237
1684053905521 0.6128951 238
1684053905599 0.6143105 239
1684053905677 0.61572754 240
1684053905741 0.61714625 241
1684053905804 0.6185665 242
1684053905866 0.6199883 243
1684053905929 0.6214117 244
1684053906007 0.6228366 245
1684053906070 0.6242629 246
1684053906132 0.62569076 247
1684053906205 0.62712 248
1684053906274 0.6285507 249
1684053906337 0.6299828 250
