1684055561713 1.2840037 1
1684055561787 1.1317856 2
1684055561854 0.9730203 3
1684055561916 0.824042 4
1684055561998 0.70050573 5
1684055562058 0.6104182 6
1684055562136 0.55342025 7
1684055562198 0.52327025 8
1684055562277 0.51118016 9
1684055562339 0.50864047 10
1684055562402 0.5091425 11
1684055562480 0.50880367 12
1684055562552 0.50614965 13
1684055562605 0.5014775 14
1684055562684 0.49609864 15
1684055562746 0.49166036 16
1684055562824 0.48964983 17
1684055562887 0.49111062 18
1684055562996 0.49653605 19
1684055563057 0.5058915 20
1684055563137 0.51871586 21
1684055563200 0.53425825 22
1684055563278 0.55161935 23
1684055563340 0.5698783 24
1684055563419 0.58818454 25
1684055563481 0.60583156 26
1684055563559 0.62229204 27
1684055563624 0.637218 28
1684055563702 0.65042865 29
1684055563765 0.66188425 30
1684055563827 0.6716547 31
1684055563890 0.6798872 32
1684055563968 0.68677527 33
1684055564031 0.6925342 34
1684055564093 0.6973808 35
1684055564158 0.70151883 36
1684055564221 0.7051305 37
1684055564299 0.7083708 38
1684055564361 0.7113663 39
1684055564424 0.7142156 40
1684055564502 0.7169913 41
1684055564564 0.7197438 42
1684055564627 0.7225042 43
1684055564690 0.72528887 44
1684055564753 0.7281022 45
1684055564831 0.73094046 46
1684055564893 0.7337944 47
1684055564956 0.73665184 48
1684055565034 0.73949975 49
1684055565097 0.7423253 50
1684055565175 0.7451178 51
1684055565239 0.74786854 52
1684055565301 0.75057185 53
1684055565364 0.75322497 54
1684055565426 0.7558278 55
1684055565504 0.7583826 56
1684055565567 0.7608938 57
1684055565629 0.7633668 58
1684055565706 0.7658082 59
1684055565771 0.76822466 60
1684055565834 0.77062273 61
1684055565912 0.77300835 62
1684055565974 0.77538663 63
1684055566037 0.7777618 64
1684055566115 0.78013694 65
1684055566177 0.78251374 66
1684055566239 0.78489333 67
1684055566303 0.7872753 68
1684055566381 0.789659 69
1684055566444 0.7920426 70
1684055566506 0.794424 71
1684055566569 0.7968007 72
1684055566647 0.79916996 73
1684055566709 0.80152917 74
1684055566772 0.8038755 75
1684055566852 0.8062067 76
1684055566915 0.80852056 77
1684055566977 0.8108156 78
1684055567040 0.8130903 79
1684055567118 0.8153442 80
1684055567181 0.81757677 81
1684055567243 0.8197882 82
1684055567324 0.8219789 83
1684055567385 0.82414997 84
1684055567448 0.826302 85
1684055567510 0.8284367 86
1684055567589 0.83055514 87
1684055567651 0.83265907 88
1684055567714 0.8347498 89
1684055567792 0.8368288 90
1684055567871 0.8388976 91
1684055567934 0.8409572 92
1684055568012 0.843009 93
1684055568075 0.8450539 94
1684055568137 0.84709275 95
1684055568215 0.8491264 96
1684055568278 0.8511553 97
1684055568356 0.85318005 98
1684055568421 0.8552009 99
1684055568484 0.8572183 100
1684055568624 0.8592324 101
1684055568765 0.8612434 102
1684055568876 0.86325157 103
1684055568985 0.8652569 104
1684055569094 0.8672596 105
1684055569172 0.86925983 106
1684055569235 0.8712579 107
1684055569297 0.8732538 108
1684055569360 0.8752481 109
1684055569441 0.87724096 110
1684055569501 0.87923276 111
1684055569564 0.8812239 112
1684055569626 0.88321483 113
1684055569689 0.88520616 114
1684055569767 0.88719827 115
1684055569829 0.8891917 116
1684055569892 0.8911871 117
1684055569975 0.8931849 118
1684055570035 0.8951857 119
1684055570098 0.8971903 120
1684055570160 0.8991989 121
1684055570223 0.9012123 122
1684055570301 0.9032309 123
1684055570363 0.9052554 124
1684055570426 0.9072863 125
1684055570506 0.90932417 126
1684055570569 0.91136956 127
1684055570631 0.91342294 128
1684055570709 0.9154849 129
1684055570772 0.917556 130
1684055570850 0.91963667 131
1684055570912 0.9217274 132
1684055570975 0.9238287 133
1684055571053 0.925941 134
1684055571116 0.9280646 135
1684055571182 0.9302 136
1684055571245 0.93234754 137
1684055571323 0.93450737 138
1684055571385 0.9366798 139
1684055571448 0.9388652 140
1684055571510 0.94106364 141
1684055571587 0.94327533 142
1684055571650 0.94550043 143
1684055571712 0.9477391 144
1684055571790 0.9499916 145
1684055571853 0.95225775 146
1684055571915 0.95453775 147
1684055571978 0.9568317 148
1684055572061 0.9591398 149
1684055572119 0.96146196 150
1684055572181 0.96379834 151
1684055572244 0.966149 152
1684055572306 0.96851397 153
1684055572369 0.9708935 154
1684055572447 0.97328746 155
1684055572510 0.97569627 156
1684055572572 0.9781196 157
1684055572652 0.98055786 158
1684055572715 0.98301095 159
1684055572777 0.985479 160
1684055572840 0.9879621 161
1684055572902 0.99046046 162
1684055572965 0.99297374 163
1684055573043 0.99550235 164
1684055573105 0.99804616 165
1684055573169 1.0006051 166
1684055573248 1.0031792 167
1684055573310 1.0057687 168
1684055573373 1.0083733 169
1684055573435 1.0109929 170
1684055573513 1.0136276 171
1684055573576 1.0162773 172
1684055573638 1.018942 173
1684055573703 1.0216213 174
1684055573782 1.0243156 175
1684055573844 1.0270244 176
1684055573907 1.0297476 177
1684055573969 1.0324852 178
1684055574047 1.0352371 179
1684055574110 1.038003 180
1684055574186 1.040783 181
1684055574251 1.043577 182
1684055574313 1.0463845 183
1684055574376 1.0492055 184
1684055574438 1.0520402 185
1684055574501 1.054888 186
1684055574563 1.057749 187
1684055574626 1.0606229 188
1684055574688 1.0635098 189
1684055574768 1.0664092 190
1684055574831 1.0693213 191
1684055574893 1.0722456 192
1684055574956 1.0751822 193
1684055575018 1.0781307 194
1684055575081 1.0810912 195
1684055575159 1.0840633 196
1684055575221 1.0870469 197
1684055575286 1.0900419 198
1684055575348 1.093048 199
1684055575411 1.0960652 200
1684055575489 1.0990931 201
1684055575567 1.1021317 202
1684055575629 1.105181 203
1684055575692 1.1082404 204
1684055575882 1.1113102 205
1684055576038 1.11439 206
1684055576116 1.1174796 207
1684055576179 1.1205789 208
1684055576241 1.123688 209
1684055576318 1.1268063 210
1684055576384 1.1299341 211
1684055576446 1.1330711 212
1684055576509 1.136217 213
1684055576587 1.139372 214
1684055576649 1.1425358 215
1684055576712 1.1457082 216
1684055576774 1.1488893 217
1684055576861 1.1520787 218
1684055576917 1.1552767 219
1684055576979 1.1584827 220
1684055577057 1.1616969 221
1684055577198 1.1649191 222
1684055577370 1.1681494 223
1684055577435 1.1713872 224
1684055577498 1.1746328 225
1684055577576 1.1778859 226
1684055577638 1.1811465 227
1684055577701 1.1844143 228
1684055577763 1.1876894 229
1684055577826 1.1909716 230
1684055577904 1.1942607 231
1684055577968 1.1975567 232
1684055578031 1.2008597 233
1684055578093 1.204169 234
1684055578171 1.2074852 235
1684055578234 1.2108078 236
1684055578296 1.2141366 237
1684055578359 1.2174717 238
1684055578437 1.2208132 239
1684055578501 1.2241604 240
1684055578564 1.2275139 241
1684055578626 1.2308731 242
1684055578704 1.2342383 243
1684055578767 1.237609 244
1684055578829 1.2409855 245
1684055578892 1.2443676 246
1684055578970 1.247755 247
1684055579034 1.2511479 248
1684055579098 1.2545462 249
1684055579160 1.2579496 250
