1684361042795 0.7481115934523623 1
1684361042881 1.215556626454289 2
1684361042959 1.5718503253227873 3
1684361043021 1.6769673822079878 4
1684361043084 1.7295512228049106 5
1684361043162 2.0827353376246185 6
1684361043225 2.774959082899942 7
1684361043287 3.638259785363462 8
1684361043350 4.5386085637716915 9
1684361043428 5.403137313337609 10
1684361043490 6.193343276217346 11
1684361043553 6.885745728235806 12
1684361043631 7.469388045493969 13
1684361043693 7.946059372238458 14
1684361043756 8.300749547203042 15
1684361043834 8.526826961281778 16
1684361043896 8.634290317035802 17
1684361043975 8.663390314375386 18
1684361044037 8.676693423939788 19
1684361044100 8.74233191285109 20
1684361044162 8.909047680336688 21
1684361044240 9.185242471069133 22
1684361044303 9.534742774996234 23
1684361044365 9.899176397572772 24
1684361044443 10.229171409892306 25
1684361044506 10.494535522475179 26
1684361044568 10.677452969041667 27
1684361044646 10.77545120558095 28
1684361044709 10.795940708498604 29
1684361044771 10.74588476219596 30
1684361044844 10.63176088242722 31
1684361044907 10.458620667041862 32
1684361044985 10.232780877022837 33
1684361045047 9.966380627846387 34
1684361045125 9.67756707993596 35
1684361045188 9.385560400043698 36
1684361045250 9.106464489323184 37
1684361045329 8.850856179027723 38
1684361045391 8.623451169677068 39
1684361045454 8.424333154489466 40
1684361045516 8.25023732556093 41
1684361045579 8.09632321353979 42
1684361045657 7.958565181986381 43
1684361045719 7.834769371111102 44
1684361045782 7.724307526874523 45
1684361045844 7.627328914306722 46
1684361045907 7.543946372672354 47
1684361045985 7.473694607391969 48
1684361046047 7.415376388502641 49
1684361046110 7.367220289259793 50
1684361046172 7.327192611388144 51
1684361046235 7.293352847958875 52
1684361046313 7.264107149041622 53
1684361046375 7.238294677032672 54
1684361046445 7.215091258158191 55
1684361046508 7.193811541235586 56
1684361046570 7.173669975784859 57
1684361046633 7.153593822220527 58
1684361046711 7.132147460180828 59
1684361046773 7.107580804860905 60
1684361046836 7.077949014643117 61
1684361046914 7.041301552200325 62
1684361046976 6.995905079371437 63
1684361047039 6.9405051942918 64
1684361047101 6.8745652890754805 65
1684361047179 6.798416835876939 66
1684361047242 6.713247680551689 67
1684361047304 6.62092163472772 68
1684361047367 6.523660783662698 69
1684361047445 6.423618088764564 70
1684361047508 6.322323615551611 71
1684361047570 6.219988693505848 72
1684361047633 6.11498700561997 73
1684361047711 6.004967935272363 74
1684361047773 5.890063575139871 75
1684361047836 5.774588859430823 76
1684361047898 5.665684177843819 77
1684361047961 5.5707406111311375 78
1684361048039 5.494888172222537 79
1684361048101 5.438672448843254 80
1684361048164 5.397606049752492 81
1684361048226 5.365104938850387 82
1684361048304 5.335425503803793 83
1684361048367 5.304779292440671 84
1684361048429 5.271200728596378 85
1684361048492 5.234020003417072 86
1684361048554 5.193379908918262 87
1684361048617 5.149892861479292 88
1684361048695 5.104424578357089 89
1684361048758 5.057939235237901 90
1684361048820 5.011369935019715 91
1684361048898 4.965519517980324 92
1684361048976 4.920998402095721 93
1684361049039 4.878212817327161 94
1684361049117 4.837387559511933 95
1684361049179 4.798608909210185 96
1684361049258 4.761882890393425 97
1684361049320 4.727192836728902 98
1684361049383 4.694550883906909 99
1684361049461 4.664027635388774 100
1684361049523 4.635760970760152 101
1684361049586 4.6099300941047 102
1684361049648 4.586716184067376 103
1684361049726 4.5662494643020715 104
1684361049789 4.54857090813571 105
1684361049851 4.5336099532305285 106
1684361049914 4.521186374326507 107
1684361049992 4.511033751725775 108
1684361050054 4.502832760512837 109
1684361050117 4.49624515051088 110
1684361050195 4.490942523315146 111
1684361050258 4.486631000219587 112
1684361050320 4.483063445732395 113
1684361050383 4.4800454981111315 114
1684361050461 4.477437657447278 115
1684361050648 4.475152861995768 116
1684361050758 4.473150792605996 117
1684361050820 4.471433334405665 118
1684361050898 4.4700350821314085 119
1684361050961 4.469014130397279 120
1684361051023 4.468442663508293 121
1684361051101 4.468392349983554 122
1684361051164 4.468925983612898 123
1684361051226 4.470084373348986 124
1684361051289 4.471882734811222 125
1684361051351 4.47430438745033 126
1684361051429 4.477306278371843 127
1684361051492 4.480824329766746 128
1684361051554 4.484780247492879 129
1684361051617 4.489091531549345 130
1684361051695 4.493674792907739 131
1684361051758 4.498455861733219 132
1684361051820 4.503367601870851 133
1684361051883 4.5083551449836 134
1684361051945 4.513371918014378 135
1684361052023 4.5183814745222755 136
1684361052086 4.523354360629275 137
1684361052148 4.528269347346815 138
1684361052211 4.533106897741616 139
1684361052273 4.537852677723244 140
1684361052336 4.542492672344056 141
1684361052414 4.547012841008832 142
1684361052476 4.551399732523853 143
1684361052539 4.555635583166332 144
1684361052601 4.559702276828912 145
1684361052664 4.563579418174329 146
1684361052742 4.567244238006568 147
1684361052804 4.5706745433654286 148
1684361052867 4.5738479329829325 149
1684361052929 4.5767456242202655 150
1684361053008 4.5793520295529975 151
1684361053070 4.58165764365083 152
1684361053133 4.583657694361814 153
1684361053414 4.585352930808583 154
1684361053554 4.586750012214519 155
1684361053633 4.587856460270444 156
1684361053695 4.588683346906165 157
1684361053758 4.589240430058353 158
1684361053836 4.5895350054335085 159
1684361053898 4.589569936050061 160
1684361053961 4.589341716019753 161
1684361054023 4.588836503725452 162
1684361054101 4.588024119629248 163
1684361054164 4.586854431981456 164
1684361054226 4.5852496234596805 165
1684361054304 4.583104634782755 166
1684361054367 4.580288907319428 167
1684361054429 4.576661777090667 168
1684361054492 4.572079240656222 169
1684361054554 4.56641468872775 170
1684361054617 4.559564121267886 171
1684361054695 4.551457816634483 172
1684361054758 4.542061145986401 173
1684361054820 4.531377380267781 174
1684361054898 4.519446249751699 175
1684361054961 4.506339034682032 176
1684361055039 4.492155230685821 177
1684361055101 4.477015111762685 178
1684361055164 4.461053051160879 179
1684361055242 4.4444046937096005 180
1684361055304 4.427205352249456 181
1684361055398 4.409577372282297 182
1684361055461 4.391628150567323 183
1684361055539 4.3734478860822765 184
1684361055601 4.355104482468617 185
1684361055664 4.3366504911208175 186
1684361055726 4.3181190592111305 187
1684361055804 4.299530634102615 188
1684361055867 4.280894607391274 189
1684361055929 4.262213752654731 190
1684361056367 4.243485454846162 191
1684361056445 4.22470517045688 192
1684361056507 4.205866207920507 193
1684361056570 4.186961703180908 194
1684361056648 4.167983627156082 195
1684361056710 4.14892106134332 196
1684361056788 4.129761031683329 197
1684361056851 4.1104856700249535 198
1684361056913 4.09107272189723 199
1684361056992 4.071491896073647 200
1684361057054 4.051707908324148 201
1684361057132 4.031678400142566 202
1684361057195 4.011355728905707 203
1684361057273 3.9906870880805037 204
1684361057335 3.96961868149343 205
1684361057398 3.9480964239470553 206
1684361057476 3.9260690019325524 207
1684361057538 3.9034912325499604 208
1684361057601 3.8803253123297 209
1684361057663 3.856545096865381 210
1684361057726 3.832136660774066 211
1684361057804 3.8070998794125246 212
1684361057867 3.781448941453188 213
1684361057929 3.7552140988542138 214
1684361057992 3.7284386005823915 215
1684361058054 3.701179014886528 216
1684361058132 3.67350253844739 217
1684361058195 3.6454860833377696 218
1684361058257 3.6172132460832285 219
1684361058320 3.5887711853946818 220
1684361058398 3.5602498269204332 221
1684361058460 3.531738689103174 222
1684361058523 3.5033249101205395 223
1684361058585 3.4750939116008914 224
1684361058648 3.4471254827673703 225
1684361058726 3.419496038630158 226
1684361058788 3.39227661413246 227
1684361058851 3.365533444490258 228
1684361058929 3.3393289756381885 229
1684361058992 3.31372091098801 230
1684361059054 3.2887620713383043 231
1684361059117 3.2644994332307187 232
1684361059195 3.2409708325025037 233
1684361059257 3.2182021661141134 234
1684361059320 3.196203860144383 235
1684361059382 3.174964344598079 236
1684361059445 3.1544493889535907 237
1684361059523 3.134597874697575 238
1684361059585 3.115324461117167 239
1684361059648 3.096521901781429 240
1684361059710 3.0780669024103586 241
1684361059773 3.0598270246785595 242
1684361059851 3.041669417390235 243
1684361059913 3.023468329220695 244
1684361059976 3.0051129993130585 245
1684361060054 2.9865130811334364 246
1684361060117 2.9676051390473006 247
1684361060179 2.9483547205877922 248
1684361060257 2.928762373624811 249
1684361060320 2.908862928118017 250
