1684358965629 11.481678690229144 1
1684358965762 12.461129869733538 2
1684358965871 14.122496196201869 3
1684358965980 16.37209211077009 4
1684358966090 18.894168308803014 5
1684358966199 21.280953816005162 6
1684358966309 23.21502195085798 7
1684358966402 24.561818531581334 8
1684358966512 25.334974016462052 9
1684358966605 25.626083374023438 10
1684358966715 25.548843383789062 11
1684358966809 25.211318697248185 12
1684358966918 24.699853488377162 13
1684358967012 24.078857421875 14
1684358967121 23.39861079624721 15
1684358967230 22.702164377485 16
1684358967324 22.026888166155135 17
1684358967434 21.40117038999285 18
1684358967527 20.837164333888463 19
1684358967637 20.325603689466202 20
1684358967741 19.821577276502335 21
1684358967834 19.27767665045602 22
1684358967928 18.65977008002145 23
1684358968038 17.948180403028214 24
1684358968147 17.137785570962087 25
1684358968241 16.236486979893275 26
1684358968350 15.263645717075892 27
1684358968459 14.249198913574219 28
1684358968553 13.233447517667498 29
1684358968663 12.264159492083959 30
1684358968756 11.386701822280884 31
1684358968866 10.634858523096357 32
1684358968959 10.0175199508667 33
1684358969069 9.503317577498299 34
1684358969163 9.060854843684606 35
1684358969272 8.661089948245458 36
1684358969366 8.287282245499748 37
1684358969475 7.940074511936733 38
1684358969569 7.631829670497349 39
1684358969678 7.377033029283796 40
1684358969772 7.180694665227618 41
1684358969881 7.035347240311759 42
1684358970038 6.92329512323652 43
1684358970131 6.823464044502804 44
1684358970225 6.720323588166918 45
1684358970334 6.608409098216465 46
1684358970428 6.488531095641 47
1684358970538 6.366129262106759 48
1684358970631 6.247712254524231 49
1684358970741 6.137536117008755 50
1684358970834 6.036972216197422 51
1684358970928 5.945580989122391 52
1684358971038 5.861192549977984 53
1684358971131 5.778920194932392 54
1684358971241 5.69036157642092 55
1684358971366 5.586966431566647 56
1684358971459 5.464526121105466 57
1684358971569 5.324652488742556 58
1684358971663 5.174445680209568 59
1684358971772 5.02469590306282 60
1684358971866 4.886170881135123 61
1684358971975 4.7640106081962585 62
1684358972075 4.661677024194172 63
1684358972169 4.5800177199499945 64
1684358972278 4.516144765274865 65
1684358972372 4.4641773871013095 66
1684358972466 4.417568700654166 67
1684358972559 4.371370715754373 68
1684358972669 4.323327715907778 69
1684358972763 4.273788198828697 70
1684358972856 4.22497324858393 71
1684358972966 4.1800913619143625 72
1684358973059 4.142550951668194 73
1684358973169 4.115380076425416 74
1684358973278 4.10092265691076 75
1684358973372 4.100666156836918 76
1684358973481 4.114615003977503 77
1684358973575 4.139699071645737 78
1684358973669 4.170734718441963 79
1684358973763 4.201841905713081 80
1684358973872 4.2277001568249295 81
1684358973966 4.244631422417505 82
1684358974075 4.250976879681859 83
1684358974169 4.246892375605447 84
1684358974263 4.233870627624648 85
1684358974372 4.214212587901524 86
1684358974466 4.190542697906494 87
1684358974575 4.1654057289872854 88
1684358974669 4.1409622728824615 89
1684358974763 4.118787669709751 90
1684358974872 4.099796182342938 91
1684358974981 4.084282872932298 92
1684358975075 4.07206557903971 93
1684358975169 4.062675591026034 94
1684358975278 4.055534850273814 95
1684358975372 4.050057211092541 96
1684358975466 4.0456549142088205 97
1684358975575 4.041674271225929 98
1684358975669 4.037316292524338 99
1684358975778 4.031591960362026 100
1684358975872 4.023325394306864 101
1684358975981 4.011192185538156 102
1684358976075 3.9937904349395206 103
1684358976184 3.9697226328509196 104
1684358976294 3.9376801358801976 105
1684358976388 3.896521270275116 106
1684358976497 3.845377200416156 107
1684358976591 3.7838230388505116 108
1684358976684 3.712172406060355 109
1684358976794 3.63183984373297 110
1684358976888 3.545586828674589 111
1684358976997 3.4574063505445207 112
1684358977091 3.3719332750354494 113
1684358977184 3.293472151671137 114
1684358977294 3.224929698875972 115
1684358977388 3.1671805339200154 116
1684358977528 3.1193006272826875 117
1684358977638 3.0793862640857697 118
1684358977747 3.0453986589397704 119
1684358977841 3.0157073672328676 120
1684358977950 2.9892781930310384 121
1684358978044 2.9656528191907063 122
1684358978184 2.9448536528008327 123
1684358978294 2.9272768987076625 124
1684358978388 2.9135473242827823 125
1684358978481 2.904293430703027 126
1684358978575 2.8998602075236186 127
1684358978684 2.900046495454652 128
1684358978778 2.9039198734930585 129
1684358978888 2.9098109964813506 130
1684358978981 2.9158210371221815 131
1684358979075 2.920425649200167 132
1684358979184 2.9225724722657884 133
1684358979278 2.921370893716812 134
1684358979372 2.915662808077676 135
1684358979481 2.9039121185030257 136
1684358979575 2.8846958386046544 137
1684358979669 2.85742426770074 138
1684358979778 2.822716710822923 139
1684358979872 2.782289771097047 140
1684358979966 2.7385265273707255 141
1684358980075 2.6939698479005267 142
1684358980169 2.6509205230644772 143
1684358980263 2.611211359500885 144
1684358980372 2.576142926301275 145
1684358980466 2.5465172869818553 146
1684358980575 2.5227178739649907 147
1684358980669 2.504793935588428 148
1684358980763 2.492534590618951 149
1684358980872 2.4855338505336215 150
1684358980966 2.4832405852419988 151
1684358981059 2.4850022963115146 152
1684358981169 2.490101403423718 153
1684358981263 2.4977900023971285 154
1684358981356 2.507324288998331 155
1684358981450 2.517994931765965 156
1684358981559 2.5291557290724347 157
1684358981653 2.540237777999469 158
1684358981747 2.5507602649075642 159
1684358981841 2.560327981199537 160
1684358981934 2.56862587588174 161
1684358982028 2.5754095869404927 162
1684358982122 2.5804952595915114 163
1684358982216 2.583752908876964 164
1684358982309 2.585099456565721 165
1684358982403 2.584497102669307 166
1684358982497 2.581948093005589 167
1684358982591 2.57749328655856 168
1684358982697 2.571208362068449 169
1684358982775 2.5631966527019228 170
1684358982869 2.5535841094596043 171
1684358982963 2.5425101199320386 172
1684358983056 2.5301215882812227 173
1684358983150 2.516563851918493 174
1684358983244 2.5019776672124863 175
1684358983353 2.486492265548025 176
1684358983447 2.4702232841934477 177
1684358983525 2.453272608774049 178
1684358983619 2.435725906065532 179
1684358983713 2.417655340262822 180
1684358983806 2.3991188385656903 181
1684358983900 2.3801609809909547 182
1684358983994 2.3608145266771317 183
1684358984088 2.3410993048122952 184
1684358984181 2.3210212098700658 185
1684358984275 2.300570724265916 186
1684358984369 2.279720210603305 187
1684358984478 2.2584172018936703 188
1684358984572 2.236581881131445 189
1684358984666 2.2140976978199824 190
1684358984759 2.1908045070511952 191
1684358984853 2.1664885537964955 192
1684358984947 2.140872963837215 193
1684358985041 2.1136089903967723 194
1684358985150 2.0842684294496263 195
1684358985244 2.0523429214954376 196
1684358985338 2.0172513276338577 197
1684358985416 1.9783675628049033 198
1684358985509 1.9350662167583192 199
1684358985619 1.8867978943245751 200
1684358985697 1.8331823242562157 201
1684358985791 1.7741059299026216 202
1684358985900 1.7097909195082528 203
1684358985994 1.6408103044543947 204
1684358986088 1.5680408328771591 205
1684358986181 1.4925879410334997 206
1684358986275 1.4157671545233046 207
1684358986369 1.3392337965113776 208
1684358986463 1.265259297830718 209
1684358986556 1.196876883506775 210
1684358986634 1.137409725359508 211
1684358986728 1.0894991968359267 212
1684358986822 1.054371708205768 213
1684358986916 1.031578010746411 214
1684358987009 1.0191927211625236 215
1684358987119 1.0143300763198309 216
1684358987204 1.0138184683663505 217
1684358987302 1.0148812511137553 218
1684358987395 1.015580686075347 219
1684358987489 1.014906542641776 220
1684358987583 1.0126080108540398 221
1684358987785 1.0089285501411982 222
1684358987957 1.004350768668311 223
1684358988051 0.9994047965322223 224
1684358988145 0.9945496916770935 225
1684358988239 0.9901197467531476 226
1684358988332 0.9863166170460838 227
1684358988426 0.9832292922905513 228
1684358988520 0.9808662789208549 229
1684358988614 0.9791879632643291 230
1684358988723 0.9781334740774972 231
1684358988832 0.9776379423482078 232
1684358988926 0.9776421061583928 233
1684358989020 0.978095029081617 234
1684358989114 0.9789523312023708 235
1684358989207 0.98017389859472 236
1684358989301 0.9817207668508802 237
1684358989395 0.9835531903164727 238
1684358989489 0.9856304292167936 239
1684358989567 0.9879112605537687 240
1684358989660 0.990354814699718 241
1684358989754 0.9929228254726955 242
1684358989848 0.995580290045057 243
1684358989942 0.9982966844524656 244
1684358990035 1.001046468104635 245
1684358990129 1.003809513790267 246
1684358990223 1.0065703966787882 247
1684358990317 1.0093179962464742 248
1684358990410 1.012045023696763 249
1684358990504 1.0147471662078584 250
