1684361002572 12.723835362286694 1
1684361002648 14.23089709790738 2
1684361002729 16.303371289898717 3
1684361002791 18.63041121936951 4
1684361002869 20.873910514237203 5
1684361002932 22.835338242112517 6
1684361003010 24.605027810655965 7
1684361003072 26.333783471083 8
1684361003135 27.800005187748067 9
1684361003213 28.842745174534247 10
1684361003276 29.446779502979194 11
1684361003338 29.652584066379625 12
1684361003416 29.53116048363979 13
1684361003479 29.180297337037956 14
1684361003541 28.71532382008681 15
1684361003619 28.238241178493166 16
1684361003682 27.802054246678964 17
1684361003760 27.402376962362084 18
1684361003822 27.000669532863476 19
1684361003901 26.54774850685044 20
1684361003963 25.982970620867825 21
1684361004026 25.324421857345765 22
1684361004104 24.609292243101827 23
1684361004166 23.89272490739671 24
1684361004244 23.223739042860444 25
1684361004307 22.630342290987596 26
1684361004385 22.089196124706852 27
1684361004447 21.576515825896017 28
1684361004526 21.065013982980187 29
1684361004588 20.533783316207277 30
1684361004661 19.97698074729051 31
1684361004723 19.408361697613163 32
1684361004786 18.854131235574844 33
1684361004848 18.34433098967188 34
1684361004926 17.893578046970532 35
1684361004989 17.487999984313042 36
1684361005051 17.098065231152496 37
1684361005130 16.693608907308203 38
1684361005192 16.261585223254006 39
1684361005255 15.802422192838671 40
1684361005317 15.324020634113783 41
1684361005380 14.83693704149807 42
1684361005458 14.346699623211983 43
1684361005520 13.85186688166772 44
1684361005583 13.359926954553668 45
1684361005661 12.891567993476244 46
1684361005723 12.460739120190867 47
1684361005801 12.071309503522338 48
1684361005864 11.726536883878612 49
1684361005926 11.42670146523794 50
1684361006005 11.168652225820836 51
1684361006067 10.946994482005813 52
1684361006124 10.75480923303958 53
1684361006203 10.585168950003368 54
1684361006265 10.43250648348363 55
1684361006328 10.293421268651135 56
1684361006390 10.166555448976748 57
1684361006468 10.051708682160784 58
1684361006531 9.948947278017439 59
1684361006593 9.858193585600006 60
1684361006656 9.779157824789301 61
1684361006734 9.711412708941637 62
1684361006796 9.654463404667025 63
1684361006859 9.607945360881196 64
1684361006937 9.571662236814703 65
1684361006999 9.545159153008104 66
1684361007062 9.527276109378043 67
1684361007124 9.516079739450031 68
1684361007203 9.509134171508585 69
1684361007265 9.503875127613068 70
1684361007328 9.497993956289164 71
1684361007390 9.489847330573262 72
1684361007468 9.478819563674659 73
1684361007531 9.465466844991688 74
1684361007593 9.451267897121383 75
1684361007656 9.438073129980047 76
1684361007734 9.42742466699044 77
1684361007796 9.419971941971204 78
1684361007859 9.415119617651825 79
1684361007937 9.411057745305602 80
1684361007999 9.40518851426602 81
1684361008062 9.394797411031483 82
1684361008124 9.377714417947928 83
1684361008187 9.352722534637724 84
1684361008265 9.319642094913458 85
1684361008343 9.279140036301671 86
1684361008406 9.232399307208283 87
1684361008484 9.180782150545415 88
1684361008546 9.125582688337186 89
1684361008609 9.067886411549019 90
1684361008687 9.008549462970779 91
1684361008749 8.948244641133034 92
1684361008812 8.887542266146825 93
1684361008874 8.826966224179639 94
1684361008953 8.76700335990662 95
1684361009015 8.708056318668085 96
1684361009078 8.650360145634444 97
1684361009156 8.59389969401635 98
1684361009218 8.53835371216471 99
1684361009281 8.483093423207695 100
1684361009343 8.427235790955297 101
1684361009421 8.369735056671335 102
1684361009484 8.309512898048334 103
1684361009546 8.245572520210807 104
1684361009656 8.177115042726145 105
1684361009734 8.103611468574194 106
1684361009796 8.02483596054812 107
1684361009859 7.940870800553168 108
1684361009937 7.852065497922057 109
1684361009999 7.7589900841082216 110
1684361010062 7.662374579928197 111
1684361010140 7.563044978888025 112
1684361010203 7.461873223151526 113
1684361010265 7.359728592276548 114
1684361010328 7.257442180749055 115
1684361010406 7.1557768064516445 116
1684361010468 7.055403880657748 117
1684361010531 6.956890445735745 118
1684361010593 6.860685884962221 119
1684361010656 6.767122462154637 120
1684361010734 6.67641743654154 121
1684361010796 6.588682069423157 122
1684361010859 6.503934376678144 123
1684361010937 6.422112405404217 124
1684361010999 6.343089031117301 125
1684361011062 6.266678143378607 126
1684361011124 6.192644783096577 127
1684361011203 6.120712053968638 128
1684361011265 6.0505682193889765 129
1684361011328 5.981883228610713 130
1684361011390 5.91432798789886 131
1684361011468 5.847607690993339 132
1684361011531 5.781500896499653 133
1684361011593 5.715894977154101 134
1684361011656 5.650798810620233 135
1684361011718 5.586308923991395 136
1684361011796 5.522540122518264 137
1684361011859 5.45954611269956 138
1684361011921 5.397261795760484 139
1684361011984 5.335474117769169 140
1684361012046 5.273836255983583 141
1684361012124 5.211904287165879 142
1684361012187 5.149194747375086 143
1684361012249 5.085252622589472 144
1684361012312 5.0197111372584144 145
1684361012374 4.952344124914898 146
1684361012453 4.883105327760893 147
1684361012515 4.812145378142501 148
1684361012578 4.739813805528499 149
1684361012640 4.666635929109652 150
1684361012703 4.593269929781593 151
1684361012781 4.520446831271803 152
1684361012843 4.448903417965269 153
1684361012906 4.379319981378554 154
1684361012968 4.312268525174861 155
1684361013031 4.248176728334029 156
1684361013093 4.187311310429726 157
1684361013156 4.12977632824127 158
1684361013234 4.075525445599311 159
1684361013296 4.0243798699212014 160
1684361013359 3.976054980868865 161
1684361013437 3.9301852742956864 162
1684361013499 3.886350773561203 163
1684361013562 3.8441008851404237 164
1684361013624 3.80297938521663 165
1684361013703 3.7625441024658572 166
1684361013765 3.722386433709922 167
1684361013843 3.682151355047833 168
1684361013906 3.6415507011064383 169
1684361013968 3.600376249183478 170
1684361014031 3.5585053282690327 171
1684361014109 3.5159003877735255 172
1684361014171 3.4726030259040965 173
1684361014234 3.4287175554332734 174
1684361014312 3.384393367229684 175
1684361014374 3.3398029942899248 176
1684361014437 3.29512100958072 177
1684361014499 3.2505099442178658 178
1684361014562 3.206107225483907 179
1684361014640 3.1620221273421376 180
1684361014703 3.1183366741365566 181
1684361014765 3.0751101127855147 182
1684361014843 3.0323853619324375 183
1684361014906 2.9901960821972215 184
1684361014968 2.948571413587489 185
1684361015703 2.9075419410765493 186
1684361015843 2.867141104023078 187
1684361015906 2.827408668134563 188
1684361015968 2.788391631370252 189
1684361016046 2.7501446734522705 190
1684361016109 2.7127316553131244 191
1684361016185 2.6762263590405184 192
1684361016247 2.640712007309447 193
1684361016310 2.6062812134932987 194
1684361016388 2.5730360910758545 195
1684361016466 2.5410874262430667 196
1684361016528 2.5105529608899833 197
1684361016607 2.481554219975293 198
1684361016669 2.4542160600287284 199
1684361016732 2.428661787862049 200
1684361016888 2.4050109587493056 201
1684361017044 2.3833762200373076 202
1684361017107 2.3638592261024574 203
1684361017169 2.346548669418966 204
1684361017247 2.3315172214360578 205
1684361017310 2.3188200773752032 206
1684361017388 2.308494677473271 207
1684361017450 2.3005572315212617 208
1684361017528 2.2950060576503333 209
1684361017591 2.2918199518565068 210
1684361017653 2.29095930829694 211
1684361017732 2.2923671928119833 212
1684361017794 2.295971354884258 213
1684361017857 2.30168474292496 214
1684361017935 2.3094088068448766 215
1684361017997 2.3190333543825856 216
1684361018060 2.3304409162113995 217
1684361018138 2.3435070248479573 218
1684361018200 2.358103168460411 219
1684361018278 2.3740981897774533 220
1684361018341 2.3913592972600894 221
1684361018403 2.409754246308713 222
1684361018482 2.429152664680598 223
1684361018544 2.4494266292705227 224
1684361018607 2.4704532608680303 225
1684361018685 2.492113889500567 226
1684361018747 2.5142978369804148 227
1684361018810 2.536900560845103 228
1684361018872 2.5598251106884478 229
1684361018950 2.5829828283124687 230
1684361019013 2.6062927292731373 231
1684361019075 2.6296814762418057 232
1684361019138 2.65308360319899 233
1684361019216 2.6764389955065417 234
1684361019278 2.6996956897807376 235
1684361019341 2.722805770179397 236
1684361019419 2.745727972329082 237
1684361019482 2.768425120997351 238
1684361019544 2.7908651753397944 239
1684361019607 2.813019522917766 240
1684361019669 2.834864362250772 241
1684361019747 2.8563782807664904 242
1684361019810 2.877544483217178 243
1684361019872 2.8983487757058546 244
1684361019950 2.918779664521836 245
1684361020013 2.9388294699767057 246
1684361020075 2.9584923118375634 247
1684361020153 2.977764807560309 248
1684361020216 2.996646342658557 249
1684361020278 3.0151376323725083 250
