1684360396541 13.313956 1
1684360396639 14.441631 2
1684360396700 16.130531 3
1684360396778 18.21826 4
1684360396841 20.872288 5
1684360396903 23.726997 6
1684360396982 26.180775 7
1684360397044 28.069191 8
1684360397107 29.40639 9
1684360397185 30.286411 10
1684360397247 30.824324 11
1684360397310 31.126087 12
1684360397388 31.276793 13
1684360397450 31.332127 14
1684360397528 31.321548 15
1684360397591 31.252768 16
1684360397669 31.099731 17
1684360397732 30.8035 18
1684360397825 30.339884 19
1684360397888 29.698029 20
1684360397966 28.88758 21
1684360398028 27.935757 22
1684360398107 26.87487 23
1684360398169 25.736023 24
1684360398247 24.548325 25
1684360398310 23.340218 26
1684360398372 22.137749 27
1684360398450 20.951065 28
1684360398513 19.734623 29
1684360398575 18.447464 30
1684360398648 17.098103 31
1684360398726 15.740818 32
1684360398789 14.456037 33
1684360398851 13.801319 34
1684360398914 13.515604 35
1684360398992 13.216539 36
1684360399054 12.86321 37
1684360399117 12.383795 38
1684360399195 11.754155 39
1684360399257 10.976172 40
1684360399320 10.440343 41
1684360399382 9.903811 42
1684360399461 9.382725 43
1684360399523 8.904123 44
1684360399586 8.481194 45
1684360399658 8.116377 46
1684360399720 7.80451 47
1684360399798 7.5339055 48
1684360399861 7.2820067 49
1684360399923 7.0161223 50
1684360399986 6.7224526 51
1684360400064 6.403792 52
1684360400127 6.073501 53
1684360400205 5.7478895 54
1684360400267 5.4391594 55
1684360400330 5.152585 56
1684360400392 4.8879848 57
1684360400470 4.643044 58
1684360400548 4.5195737 59
1684360400611 4.5753427 60
1684360400673 4.6223917 61
1684360400752 4.6601777 62
1684360400814 4.6901026 63
1684360400877 4.714966 64
1684360400939 4.738201 65
1684360401002 4.763173 66
1684360401080 4.7927012 67
1684360401142 4.8288293 68
1684360401205 4.8727827 69
1684360401267 4.9250603 70
1684360401345 4.98559 71
1684360401408 5.0539083 72
1684360401470 5.129326 73
1684360401533 5.2110634 74
1684360401595 5.2983456 75
1684360401673 5.3904343 76
1684360401736 5.4865947 77
1684360401798 5.5860214 78
1684360401861 5.6876993 79
1684360401923 5.7902102 80
1684360402002 5.8915005 81
1684360402064 5.988691 82
1684360402127 6.07811 83
1684360402189 6.155645 84
1684360402252 6.2173114 85
1684360402330 6.2598743 86
1684360402392 6.2813497 87
1684360402455 6.2813044 88
1684360402517 6.2609076 89
1684360402595 6.3307343 90
1684360402658 6.4606566 91
1684360402720 6.5945663 92
1684360402783 6.732259 93
1684360402861 6.873566 94
1684360402923 7.018351 95
1684360402986 7.1664963 96
1684360403064 7.317882 97
1684360403127 7.4723744 98
1684360403189 7.6298227 99
1684360403267 7.790068 100
1684360403330 7.9529457 101
1684360403392 8.118305 102
1684360403455 8.286015 103
1684360403517 8.455961 104
1684360403595 8.628069 105
1684360403658 8.802279 106
1684360403720 8.9785595 107
1684360403783 9.156888 108
1684360403861 9.337256 109
1684360403923 9.519657 110
1684360403986 9.70408 111
1684360404048 9.8905115 112
1684360404127 10.078932 113
1684360404189 10.269309 114
1684360404252 10.461603 115
1684360404314 10.655764 116
1684360404392 10.851727 117
1684360404455 11.049422 118
1684360404517 11.248764 119
1684360404580 11.449659 120
1684360404658 11.652002 121
1684360404720 11.8556795 122
1684360404783 12.060562 123
1684360404845 12.266516 124
1684360404908 12.473392 125
1684360404986 12.681035 126
1684360405048 12.889281 127
1684360405111 13.09796 128
1684360405189 13.306896 129
1684360405252 13.515913 130
1684360405314 13.724831 131
1684360405377 13.933474 132
1684360405439 14.141672 133
1684360405517 14.349261 134
1684360405580 14.556087 135
1684360405642 14.761999 136
1684360405720 14.966859 137
1684360405783 15.170528 138
1684360405861 15.37288 139
1684360405939 15.573776 140
1684360406002 15.773079 141
1684360406080 15.97064 142
1684360406142 16.1663 143
1684360406220 16.359877 144
1684360406330 16.551167 145
1684360406392 16.73994 146
1684360406455 16.925941 147
1684360406517 17.108866 148
1684360406595 17.288382 149
1684360406658 17.464108 150
1684360406720 17.635616 151
1684360406783 17.802422 152
1684360406861 17.963984 153
1684360406923 18.119696 154
1684360406986 18.268888 155
1684360407048 18.410824 156
1684360407111 18.544695 157
1684360407189 18.66964 158
1684360407252 18.784746 159
1684360407314 18.889067 160
1684360407377 18.98165 161
1684360407439 19.061558 162
1684360407502 19.127905 163
1684360407580 19.179888 164
1684360407642 19.216824 165
1684360407705 19.238174 166
1684360407767 19.24359 167
1684360407845 19.232899 168
1684360407908 19.206154 169
1684360407970 19.163609 170
1684360408033 19.105732 171
1684360408111 19.033184 172
1684360408173 18.946802 173
1684360408236 18.847578 174
1684360408298 18.736633 175
1684360408377 18.615192 176
1684360408439 18.484539 177
1684360408642 18.346008 178
1684360408705 18.200935 179
1684360408767 18.050644 180
1684360408830 17.896397 181
1684360408908 17.739403 182
1684360408970 17.58076 183
1684360409033 17.421463 184
1684360409111 17.262383 185
1684360409173 17.104244 186
1684360409252 16.94764 187
1684360409314 16.79302 188
1684360409377 16.640697 189
1684360409439 16.490858 190
1684360409502 16.343575 191
1684360409580 16.198814 192
1684360409642 16.056469 193
1684360409705 15.916364 194
1684360409767 15.778277 195
1684360409892 15.641967 196
1684360410064 15.507181 197
1684360410142 15.373678 198
1684360410205 15.241243 199
1684360410283 15.1097 200
1684360410346 14.97892 201
1684360410408 14.848828 202
1684360410486 14.719411 203
1684360410549 14.59071 204
1684360410611 14.462828 205
1684360410674 14.335909 206
1684360410736 14.210148 207
1684360410799 14.085756 208
1684360410877 13.962972 209
1684360410939 13.84203 210
1684360411002 13.723158 211
1684360411064 13.606563 212
1684360411127 13.492409 213
1684360411205 13.38083 214
1684360411267 13.271903 215
1684360411330 13.165657 216
1684360411392 13.062062 217
1684360411455 12.9610405 218
1684360411533 12.862465 219
1684360411596 12.766153 220
1684360411658 12.671892 221
1684360411721 12.57943 222
1684360411783 12.488483 223
1684360411861 12.398753 224
1684360411939 12.309922 225
1684360412002 12.221661 226
1684360412064 12.13364 227
1684360412127 12.045528 228
1684360412205 11.957001 229
1684360412267 11.86774 230
1684360412330 11.777442 231
1684360412392 11.685816 232
1684360412455 11.59259 233
1684360412533 11.497511 234
1684360412596 11.400343 235
1684360412658 11.300875 236
1684360412721 11.1989155 237
1684360412799 11.094301 238
1684360412861 10.986887 239
1684360412924 10.876554 240
1684360412986 10.7632065 241
1684360413049 10.646774 242
1684360413127 10.527211 243
1684360413189 10.404491 244
1684360413252 10.278614 245
1684360413330 10.149601 246
1684360413392 10.017493 247
1684360413471 9.882353 248
1684360413533 9.744261 249
1684360413596 9.603314 250
