1684361082760 12.33923 1
1684361082844 13.98958 2
1684361082908 16.30367 3
1684361082987 18.982784 4
1684361083049 21.709713 5
1684361083112 24.249908 6
1684361083174 27.335651 7
1684361083252 30.302475 8
1684361083315 32.530952 9
1684361083377 34.0961 10
1684361083455 35.14114 11
1684361083518 35.81309 12
1684361083580 36.23281 13
1684361083658 36.488503 14
1684361083721 36.640263 15
1684361083799 36.727623 16
1684361083862 36.776516 17
1684361083940 36.80319 18
1684361084002 36.816803 19
1684361084065 36.823257 20
1684361084143 36.827457 21
1684361084205 36.83223 22
1684361084283 36.837902 23
1684361084346 36.842155 24
1684361084424 36.842094 25
1684361084487 36.8334 26
1684361084549 36.81312 27
1684361084627 36.780426 28
1684361084690 36.73463 29
1684361084768 36.673965 30
1684361084825 36.593895 31
1684361084903 36.486633 32
1684361084966 36.34298 33
1684361085044 36.154655 34
1684361085106 35.921036 35
1684361085184 35.648987 36
1684361085247 35.33543 37
1684361085309 34.963295 38
1684361085387 34.507828 39
1684361085450 33.948288 40
1684361085512 33.27983 41
1684361085575 32.527176 42
1684361085653 31.75008 43
1684361085716 31.013195 44
1684361085778 30.362411 45
1684361085841 29.82116 46
1684361085919 29.393307 47
1684361085981 29.067657 48
1684361086044 28.827602 49
1684361086106 28.657642 50
1684361086184 28.543446 51
1684361086247 28.472466 52
1684361086309 28.433487 53
1684361086385 28.416119 54
1684361086445 28.41032 55
1684361086508 28.406326 56
1684361086586 28.395199 57
1684361086649 28.370377 58
1684361086717 28.330616 59
1684361086772 28.279524 60
1684361086850 28.22148 61
1684361086912 28.158953 62
1684361086975 28.091452 63
1684361087037 28.016567 64
1684361087100 27.930162 65
1684361087178 27.824272 66
1684361087240 27.688147 67
1684361087303 27.513754 68
1684361087365 27.297626 69
1684361087444 27.038517 70
1684361087506 26.737434 71
1684361087569 26.399828 72
1684361087631 26.034542 73
1684361087694 25.652267 74
1684361087772 25.264544 75
1684361087834 24.883152 76
1684361087897 24.519573 77
1684361087959 24.18431 78
1684361088022 23.886055 79
1684361088084 23.63088 80
1684361088162 23.421701 81
1684361088225 23.42735 82
1684361088287 23.496729 83
1684361088365 23.56659 84
1684361088428 23.63684 85
1684361088506 23.707287 86
1684361088569 23.777657 87
1684361088631 23.84762 88
1684361088709 23.916826 89
1684361088772 23.98492 90
1684361088834 24.051575 91
1684361088897 24.116505 92
1684361088975 24.179512 93
1684361089037 24.240486 94
1684361089100 24.299416 95
1684361089162 24.356394 96
1684361089225 24.411583 97
1684361089303 24.465204 98
1684361089365 24.51749 99
1684361089428 24.568665 100
1684361089490 24.618908 101
1684361089569 24.668339 102
1684361089647 24.71701 103
1684361089725 24.764896 104
1684361089787 24.811913 105
1684361089850 24.857908 106
1684361089912 24.902702 107
1684361089975 24.946075 108
1684361090053 24.987816 109
1684361090115 25.027718 110
1684361090194 25.065605 111
1684361090256 25.101347 112
1684361090319 25.134848 113
1684361090381 25.16607 114
1684361090444 25.195028 115
1684361090522 25.221754 116
1684361090584 25.24632 117
1684361090647 25.2688 118
1684361090709 25.289268 119
1684361090772 25.30778 120
1684361090850 25.324379 121
1684361091022 25.33908 122
1684361091115 25.351868 123
1684361091178 25.362709 124
1684361091240 25.371557 125
1684361091303 25.37836 126
1684361091381 25.38306 127
1684361091444 25.385616 128
1684361091506 25.385998 129
1684361091569 25.384205 130
1684361091647 25.380253 131
1684361091709 25.374193 132
1684361091772 25.366098 133
1684361091850 25.35607 134
1684361091912 25.344223 135
1684361091975 25.330698 136
1684361092053 25.315641 137
1684361092115 25.299217 138
1684361092178 25.2816 139
1684361092240 25.262962 140
1684361092319 25.243492 141
1684361092381 25.223368 142
1684361092444 25.202772 143
1684361092506 25.181877 144
1684361092569 25.16085 145
1684361092631 25.139828 146
1684361092709 25.11892 147
1684361092772 25.0982 148
1684361092834 25.077686 149
1684361092912 25.057358 150
1684361092975 25.037155 151
1684361093037 25.017006 152
1684361093100 24.996857 153
1684361093162 24.9767 154
1684361093225 24.956587 155
1684361093303 24.936657 156
1684361093365 24.917116 157
1684361093428 24.89822 158
1684361093490 24.880255 159
1684361093553 24.863514 160
1684361093631 24.848278 161
1684361093694 24.834791 162
1684361093756 24.823275 163
1684361093819 24.81392 164
1684361093881 24.806917 165
1684361093959 24.802456 166
1684361094022 24.800758 167
1684361094084 24.80206 168
1684361094147 24.80656 169
1684361094225 24.81432 170
1684361094287 24.825104 171
1684361094350 24.838276 172
1684361094412 24.85279 173
1684361094490 24.867443 174
1684361094553 24.881165 175
1684361094615 24.89316 176
1684361094678 24.902882 177
1684361094740 24.909985 178
1684361094803 24.914198 179
1684361094881 24.915195 180
1684361094944 24.912476 181
1684361095006 24.905212 182
1684361095084 24.89217 183
1684361095147 24.871601 184
1684361095209 24.84122 185
1684361095272 24.798204 186
1684361095334 24.739311 187
1684361095412 24.661034 188
1684361095569 24.559835 189
1684361095647 24.432415 190
1684361095709 24.276005 191
1684361095772 24.088612 192
1684361095850 23.869244 193
1684361095912 23.618023 194
1684361095975 23.336226 195
1684361096053 23.026222 196
1684361096115 22.691292 197
1684361096194 22.335375 198
1684361096256 21.962776 199
1684361096319 21.577806 200
1684361096381 21.184528 201
1684361096462 20.786543 202
1684361096524 20.386896 203
1684361096587 19.988092 204
1684361096665 19.592154 205
1684361096727 19.200676 206
1684361096790 18.814873 207
1684361096852 18.435555 208
1684361096930 18.063122 209
1684361096993 17.697525 210
1684361097055 17.338259 211
1684361097118 16.984386 212
1684361097180 16.63457 213
1684361097258 16.287155 214
1684361097321 15.940281 215
1684361097383 15.59201 216
1684361097446 15.240534 217
1684361097508 14.884394 218
1684361097587 14.522731 219
1684361097649 14.155533 220
1684361097727 13.783808 221
1684361097805 13.409634 222
1684361097868 13.036058 223
1684361097946 12.6668215 224
1684361098024 12.305973 225
1684361098102 11.957413 226
1684361098180 11.624481 227
1684361098258 11.309631 228
1684361098337 11.01426 229
1684361098415 10.73868 230
1684361098493 10.482216 231
1684361098555 10.243402 232
1684361098618 10.020192 233
1684361098696 9.810194 234
1684361098758 9.610857 235
1684361098821 9.419643 236
1684361098899 9.2341385 237
1684361098962 9.052142 238
1684361099024 8.871711 239
1684361099087 8.691181 240
1684361099165 8.509177 241
1684361099227 8.3245945 242
1684361099290 8.136599 243
1684361099352 7.9445934 244
1684361099415 7.748221 245
1684361099493 7.547344 246
1684361099555 7.3420386 247
1684361099618 7.132589 248
1684361099680 6.9194813 249
1684361099743 6.703395 250
