1684360184025 10.190228 1
1684360184118 11.346162 2
1684360184182 12.296813 3
1684360184276 13.801563 4
1684360184338 15.561375 5
1684360184432 17.015717 6
1684360184510 17.656723 7
1684360184588 17.258543 8
1684360184666 15.953335 9
1684360184745 14.279316 10
1684360184823 12.642809 11
1684360184901 11.257447 12
1684360184979 10.183424 13
1684360185057 9.3981285 14
1684360185135 8.847251 15
1684360185213 8.357049 16
1684360185291 6.7867947 17
1684360185369 5.694871 18
1684360185463 5.0138564 19
1684360185526 4.6417403 20
1684360185604 4.470161 21
1684360185682 4.4056597 22
1684360185760 4.3838935 23
1684360185838 4.3692856 24
1684360185916 4.3473787 25
1684360185995 4.316079 26
1684360186083 4.2788143 27
1684360186161 4.240391 28
1684360186239 4.2048783 29
1684360186317 4.174835 30
1684360186395 4.147487 31
1684360186473 3.704258 32
1684360186552 3.2916708 33
1684360186630 2.9303539 34
1684360186723 2.6302302 35
1684360186802 2.391952 36
1684360186880 2.2100017 37
1684360186958 2.0761232 38
1684360187036 1.9811759 39
1684360187114 1.9143319 40
1684360187192 1.8621743 41
1684360187270 1.8088273 42
1684360187333 1.7389153 43
1684360187411 1.6428664 44
1684360187489 1.5201921 45
1684360187567 1.3780974 46
1684360187645 1.2262098 47
1684360187723 1.0717556 48
1684360187802 0.9187987 49
1684360187880 0.77098274 50
1684360187958 0.6337827 51
1684360188036 0.51395375 52
1684360188114 0.41744122 53
1684360188192 0.34748515 54
1684360188270 0.30353406 55
1684360188348 0.28130746 56
1684360188427 0.27402216 57
1684360188489 0.27430218 58
1684360188567 0.27607286 59
1684360188645 0.27579606 60
1684360188723 0.27268833 61
1684360188802 0.26798537 62
1684360188880 0.26367754 63
1684360188958 0.26128715 64
1684360189036 0.26114124 65
1684360189114 0.2623028 66
1684360189192 0.26300335 67
1684360189270 0.26126498 68
1684360189348 0.25544506 69
1684360189427 0.24457738 70
1684360189505 0.22851701 71
1684360189598 0.20795654 72
1684360189669 0.18438518 73
1684360189747 0.16000889 74
1684360189825 0.13754529 75
1684360189904 0.11974706 76
1684360189982 0.10861243 77
1684360190060 0.104569584 78
1684360190122 0.10619706 79
1684360190200 0.11085276 80
1684360190279 0.11587213 81
1684360190357 0.11951372 82
1684360190435 0.12118545 83
1684360190513 0.121132344 84
1684360190591 0.119985044 85
1684360190669 0.11840238 86
1684360190747 0.11686885 87
1684360190810 0.1156216 88
1684360190888 0.11467594 89
1684360190982 0.113900244 90
1684360191060 0.11311412 91
1684360191122 0.11216946 92
1684360191200 0.11100529 93
1684360191279 0.10965784 94
1684360191357 0.108235165 95
1684360191435 0.10687077 96
1684360191497 0.10567747 97
1684360191575 0.10471931 98
1684360191654 0.104009554 99
1684360191732 0.10353021 100
1684360191810 0.10325515 101
1684360191888 0.10316864 102
1684360191950 0.10326615 103
1684360192029 0.10354486 104
1684360192107 0.10399 105
1684360192185 0.10456513 106
1684360192263 0.10521367 107
1684360192341 0.10586688 108
1684360192419 0.10645634 109
1684360192497 0.106925234 110
1684360192575 0.10723527 111
1684360192654 0.10737045 112
1684360192732 0.10733524 113
1684360192810 0.10715136 114
1684360192888 0.10685298 115
1684360192966 0.10648039 116
1684360193044 0.10607472 117
1684360193122 0.105671674 118
1684360193185 0.10530046 119
1684360193263 0.10498236 120
1684360193341 0.10473122 121
1684360193419 0.10455665 122
1684360193497 0.10446411 123
1684360193575 0.10445586 124
1684360193654 0.104529336 125
1684360193732 0.10467604 126
1684360193810 0.10488166 127
1684360193872 0.105125934 128
1684360193966 0.10538632 129
1684360194029 0.10564031 130
1684360194107 0.10586825 131
1684360194185 0.10605702 132
1684360194263 0.1061991 133
1684360194357 0.10629442 134
1684360194435 0.1063474 135
1684360194513 0.10636608 136
1684360194591 0.106361076 137
1684360194669 0.106341586 138
1684360194747 0.10631758 139
1684360194825 0.106297135 140
1684360194904 0.10628685 141
1684360194982 0.10629159 142
1684360195060 0.10631457 143
1684360195138 0.10635674 144
1684360195216 0.106417015 145
1684360195294 0.10649267 146
1684360195372 0.10657886 147
1684360195450 0.10666886 148
1684360195529 0.10675651 149
1684360195607 0.10683453 150
1684360195685 0.106897265 151
1684360195763 0.10694048 152
1684360195825 0.10696171 153
1684360195904 0.106961116 154
1684360195982 0.1069403 155
1684360196075 0.10690348 156
1684360196154 0.10685481 157
1684360196232 0.106800005 158
1684360196310 0.10674411 159
1684360196388 0.10669248 160
1684360196466 0.106649175 161
1684360196529 0.10661781 162
1684360196607 0.10660072 163
1684360196685 0.106599435 164
1684360196763 0.10661468 165
1684360196841 0.10664593 166
1684360196919 0.10669236 167
1684360196997 0.106752574 168
1684360197075 0.10682495 169
1684360197158 0.10690762 170
1684360197222 0.106999084 171
1684360197300 0.10709831 172
1684360197394 0.10720383 173
1684360197487 0.1073153 174
1684360197557 0.10743241 175
1684360197651 0.10755506 176
1684360197745 0.10768348 177
1684360197823 0.10781723 178
1684360197901 0.10795623 179
1684360197979 0.10810006 180
1684360198057 0.108248234 181
1684360198135 0.10839935 182
1684360198213 0.10855183 183
1684360198291 0.10870418 184
1684360198370 0.1088541 185
1684360198448 0.108998954 186
1684360198526 0.10913737 187
1684360198604 0.109266415 188
1684360198682 0.109383896 189
1684360198776 0.10948792 190
1684360198854 0.10957655 191
1684360199057 0.1096483 192
1684360199151 0.10970248 193
1684360199229 0.109737486 194
1684360199323 0.10975397 195
1684360199416 0.10975121 196
1684360199479 0.10973035 197
1684360199557 0.10969208 198
1684360199646 0.109637916 199
1684360199717 0.10956937 200
1684360199795 0.10948859 201
1684360199873 0.109397754 202
1684360199967 0.10929896 203
1684360200061 0.109194934 204
1684360200139 0.10908817 205
1684360200232 0.10898073 206
1684360200311 0.10887481 207
1684360200389 0.1087724 208
1684360200467 0.108674705 209
1684360200545 0.108583495 210
1684360200623 0.10849899 211
1684360200701 0.10842207 212
1684360200764 0.10835257 213
1684360200842 0.108290866 214
1684360200920 0.10823631 215
1684360200998 0.10818933 216
1684360201076 0.10814896 217
1684360201154 0.10811578 218
1684360201232 0.108089685 219
1684360201311 0.108070806 220
1684360201389 0.10805969 221
1684360201451 0.10805713 222
1684360201529 0.10806419 223
1684360201607 0.108081505 224
1684360201686 0.10810988 225
1684360201764 0.10815087 226
1684360201842 0.10820517 227
1684360201904 0.10827391 228
1684360201982 0.10835768 229
1684360202061 0.10845713 230
1684360202139 0.10857284 231
1684360202217 0.1087047 232
1684360202295 0.10885276 233
1684360202373 0.109016865 234
1684360202467 0.109196216 235
1684360202545 0.10938966 236
1684360202623 0.109595716 237
1684360202701 0.109812304 238
1684360202779 0.110036984 239
1684360202857 0.11026576 240
1684360202936 0.11049558 241
1684360203014 0.110721245 242
1684360203092 0.110937595 243
1684360203170 0.11113888 244
1684360203232 0.111319155 245
1684360203311 0.111472934 246
1684360203389 0.11159447 247
1684360203467 0.111679405 248
1684360203545 0.11172466 249
1684360203623 0.11172944 250
