1683788992594 1.9680152 1
1683788992657 2.007572 2
1683788992726 2.061869 3
1683788992795 2.1411161 4
1683788992857 2.229497 5
1683788992911 2.3153749 6
1683788992980 2.3925328 7
1683788993042 2.4583068 8
1683788993111 2.5123854 9
1683788993174 2.555969 10
1683788993243 2.5911446 11
1683788993296 2.6203973 12
1683788993359 2.6462505 13
1683788993428 2.671023 14
1683788993497 2.6966853 15
1683788993559 2.7247994 16
1683788993613 2.7565122 17
1683788993682 2.792582 18
1683788993744 2.8334212 19
1683788993797 2.8791401 20
1683788993860 2.929595 21
1683788993929 2.9844227 22
1683788993982 3.0430808 23
1683788994045 3.1048794 24
1683788994098 3.1690168 25
1683788994176 3.2346125 26
1683788994230 3.3007455 27
1683788994299 3.366489 28
1683788994361 3.4309466 29
1683788994415 3.4932857 30
1683788994484 3.5527632 31
1683788994531 3.6087468 32
1683788994600 3.6607254 33
1683788994662 3.7083147 34
1683788994716 3.7512531 35
1683788994785 3.7893944 36
1683788994832 3.8226929 37
1683788994901 3.8511925 38
1683788994963 3.8750076 39
1683788995017 3.8943114 40
1683788995086 3.9093204 41
1683788995148 3.9202833 42
1683788995201 3.927472 43
1683788995264 3.9311724 44
1683788995317 3.9316776 45
1683788995386 3.9292834 46
1683788995449 3.9242842 47
1683788995518 3.9169693 48
1683788995587 3.907621 49
1683788995634 3.896511 50
1683788995703 3.8839028 51
1683788995765 3.8700442 52
1683788995819 3.8551722 53
1683788995888 3.8395069 54
1683788995935 3.8232539 55
1683788996004 3.8066025 56
1683788996066 3.789725 57
1683788996120 3.7727766 58
1683788996182 3.7558956 59
1683788996236 3.7392035 60
1683788996305 3.7228055 61
1683788996367 3.7067895 62
1683788996420 3.6912293 63
1683788996489 3.676185 64
1683788996552 3.6617014 65
1683788996621 3.6478128 66
1683788996684 3.6345413 67
1683788996737 3.6218991 68
1683788996806 3.60989 69
1683788996868 3.598509 70
1683788996922 3.587746 71
1683788996991 3.5775845 72
1683788997053 3.5680032 73
1683788997107 3.558978 74
1683788997169 3.550481 75
1683788997238 3.5424836 76
1683788997292 3.5349548 77
1683788997354 3.5278635 78
1683788997423 3.5211782 79
1683788997486 3.5148678 80
1683788997539 3.5089016 81
1683788997593 3.5032506 82
1683788997655 3.497886 83
1683788997724 3.492782 84
1683788997787 3.4879124 85
1683788997840 3.483255 86
1683788997893 3.478787 87
1683788997956 3.474489 88
1683788998009 3.4703426 89
1683788998072 3.4663324 90
1683788998141 3.4624434 91
1683788998194 3.4586618 92
1683788998294 3.4549768 93
1683788998457 3.4513783 94
1683788998542 3.4478579 95
1683788998611 3.444407 96
1683788998673 3.4410198 97
1683788998727 3.4376907 98
1683788998796 3.4344149 99
1683788998858 3.4311895 100
1683788998912 3.4280102 101
1683788999028 3.4248753 102
1683788999097 3.421782 103
1683788999159 3.4187298 104
1683788999213 3.4157164 105
1683788999275 3.4127417 106
1683788999344 3.409805 107
1683788999397 3.4069054 108
1683788999460 3.4040427 109
1683788999533 3.4012172 110
1683788999580 3.3984282 111
1683788999645 3.3956761 112
1683788999698 3.3929598 113
1683788999776 3.3902805 114
1683788999845 3.3876376 115
1683788999899 3.3850305 116
1683788999961 3.3824599 117
1683789000030 3.379925 118
1683789000099 3.3774257 119
1683789000162 3.3749614 120
1683789000215 3.3725321 121
1683789000278 3.3701372 122
1683789000347 3.367776 123
1683789000400 3.365448 124
1683789000463 3.363153 125
1683789000532 3.36089 126
1683789000594 3.3586576 127
1683789000648 3.3564558 128
1683789000717 3.3542843 129
1683789000779 3.3521416 130
1683789000832 3.350027 131
1683789000901 3.34794 132
1683789000948 3.3458798 133
1683789001017 3.343845 134
1683789001080 3.3418355 135
1683789001149 3.3398502 136
1683789001202 3.3378882 137
1683789001265 3.3359492 138
1683789001318 3.334032 139
1683789001381 3.3321362 140
1683789001450 3.3302612 141
1683789001503 3.3284056 142
1683789001566 3.3265698 143
1683789001635 3.3247528 144
1683789001697 3.322954 145
1683789001766 3.3211727 146
1683789001820 3.319409 147
1683789001882 3.3176613 148
1683789001936 3.3159308 149
1683789002005 3.3142161 150
1683789002067 3.3125167 151
1683789002121 3.310833 152
1683789002183 3.309164 153
1683789002252 3.30751 154
1683789002305 3.3058703 155
1683789002368 3.3042452 156
1683789002421 3.3026342 157
1683789002484 3.301037 158
1683789002553 3.2994537 159
1683789002606 3.2978842 160
1683789002669 3.2963283 161
1683789002738 3.294786 162
1683789002800 3.2932572 163
1683789002854 3.2917416 164
1683789002907 3.2902396 165
1683789002970 3.2887506 166
1683789003039 3.2872753 167
1683789003108 3.285813 168
1683789003155 3.284364 169
1683789003224 3.2829282 170
1683789003286 3.2815058 171
1683789003340 3.2800965 172
1683789003409 3.2787004 173
1683789003455 3.2773173 174
1683789003525 3.2759476 175
1683789003587 3.274591 176
1683789003640 3.2732477 177
1683789003709 3.2719173 178
1683789003772 3.2706 179
1683789003841 3.269296 180
1683789003904 3.268005 181
1683789003957 3.2667272 182
1683789004026 3.2654624 183
1683789004088 3.2642105 184
1683789004142 3.2629716 185
1683789004211 3.2617452 186
1683789004273 3.2605324 187
1683789004327 3.2593322 188
1683789004405 3.2581444 189
1683789004458 3.2569697 190
1683789004527 3.2558074 191
1683789004574 3.2546575 192
1683789004643 3.2535205 193
1683789004706 3.2523954 194
1683789004759 3.2512827 195
1683789004813 3.2501822 196
1683789004875 3.2490938 197
1683789004944 3.248017 198
1683789004991 3.2469525 199
1683789005060 3.2458997 200
1683789005113 3.2448583 201
1683789005176 3.243828 202
1683789005245 3.2428098 203
1683789005307 3.2418022 204
1683789005361 3.2408056 205
1683789005414 3.2398198 206
1683789005477 3.2388449 207
1683789005561 3.2378807 208
1683789005615 3.2369268 209
1683789005677 3.2359834 210
1683789005862 3.2350497 211
1683789005931 3.2341263 212
1683789005994 3.2332125 213
1683789006047 3.2323084 214
1683789006116 3.2314136 215
1683789006179 3.230528 216
1683789006232 3.2296522 217
1683789006295 3.228785 218
1683789006348 3.2279267 219
1683789006433 3.2270768 220
1683789006495 3.2262359 221
1683789006549 3.225403 222
1683789006618 3.2245789 223
1683789006680 3.2237625 224
1683789006734 3.2229538 225
1683789006796 3.2221534 226
1683789006850 3.2213607 227
1683789006919 3.2205753 228
1683789006981 3.2197974 229
1683789007035 3.219027 230
1683789007097 3.2182636 231
1683789007166 3.2175078 232
1683789007219 3.2167583 233
1683789007282 3.2160163 234
1683789007335 3.215281 235
1683789007398 3.2145522 236
1683789007467 3.21383 237
1683789007520 3.2131147 238
1683789007583 3.2124057 239
1683789007652 3.2117035 240
1683789007699 3.2110074 241
1683789007768 3.2103176 242
1683789007821 3.2096343 243
1683789007899 3.2089572 244
1683789007953 3.2082863 245
1683789008022 3.2076216 246
1683789008084 3.2069628 247
1683789008138 3.2063107 248
1683789008200 3.2056658 249
1683789008254 3.205028 250
