1683788097878 1.9168606 1
1683788097969 1.9110167 2
1683788098060 1.9149277 3
1683788098150 1.9382946 4
1683788098251 1.964742 5
1683788098342 1.98262 6
1683788098433 1.9860917 7
1683788098533 1.9731637 8
1683788098624 1.9443599 9
1683788098725 1.9017725 10
1683788098816 1.8483486 11
1683788098915 1.7873365 12
1683788099007 1.7218564 13
1683788099098 1.6546053 14
1683788099189 1.5877144 15
1683788099310 1.5227386 16
1683788099409 1.4607223 17
1683788099492 1.4022954 18
1683788099583 1.3477707 19
1683788099673 1.2974664 20
1683788099764 1.2514248 21
1683788099855 1.2094975 22
1683788099946 1.1714356 23
1683788100045 1.1369386 24
1683788100135 1.1056798 25
1683788100228 1.077322 26
1683788100319 1.0515227 27
1683788100410 1.0279379 28
1683788100500 1.0062253 29
1683788100591 0.9860525 30
1683788100690 0.9671084 31
1683788100783 0.9491167 32
1683788100873 0.93184805 33
1683788100964 0.9151251 34
1683788101055 0.8988209 35
1683788101146 0.8828531 36
1683788101236 0.86717606 37
1683788101325 0.8517729 38
1683788101408 0.83664775 39
1683788101496 0.82181907 40
1683788101579 0.8073138 41
1683788101670 0.79316366 42
1683788101760 0.779401 43
1683788101859 0.7660565 44
1683788101952 0.7531577 45
1683788102043 0.7407275 46
1683788102134 0.7287836 47
1683788102222 0.71733856 48
1683788102305 0.70639956 49
1683788102386 0.6959688 50
1683788102476 0.68604374 51
1683788102567 0.6766181 52
1683788102658 0.6676819 53
1683788102738 0.6592221 54
1683788102829 0.65122354 55
1683788102920 0.6436689 56
1683788103000 0.63653964 57
1683788103091 0.62981594 58
1683788103182 0.62347746 59
1683788103283 0.61750364 60
1683788103371 0.61187375 61
1683788103452 0.6065671 62
1683788103525 0.6015638 63
1683788103595 0.596844 64
1683788103676 0.592389 65
1683788103756 0.5881805 66
1683788103837 0.5842012 67
1683788103918 0.58043474 68
1683788103998 0.57686573 69
1683788104069 0.57347965 70
1683788104150 0.5702629 71
1683788104228 0.5672029 72
1683788104301 0.5642883 73
1683788104382 0.5615082 74
1683788104452 0.5588528 75
1683788104533 0.5563133 76
1683788104604 0.5538814 77
1683788104735 0.5515499 78
1683788104806 0.54931223 79
1683788104884 0.5471624 80
1683788104957 0.54509497 81
1683788105036 0.54310536 82
1683788105109 0.5411894 83
1683788105179 0.5393431 84
1683788105250 0.53756344 85
1683788105319 0.5358474 86
1683788105391 0.5341924 87
1683788105462 0.53259623 88
1683788105542 0.53105676 89
1683788105613 0.5295724 90
1683788105684 0.52814156 91
1683788105765 0.52676284 92
1683788105835 0.52543503 93
1683788105914 0.52415687 94
1683788105987 0.5229275 95
1683788106126 0.52174604 96
1683788106196 0.5206115 97
1683788106279 0.51952314 98
1683788106350 0.51848024 99
1683788106420 0.51748204 100
1683788106501 0.5165277 101
1683788106572 0.5156167 102
1683788106642 0.51474833 103
1683788106713 0.5139218 104
1683788106784 0.5131365 105
1683788106852 0.5123917 106
1683788106915 0.5116868 107
1683788106999 0.511021 108
1683788107068 0.5103937 109
1683788107146 0.509804 110
1683788107215 0.50925136 111
1683788107284 0.508735 112
1683788107353 0.5082542 113
1683788107416 0.5078081 114
1683788107501 0.5073961 115
1683788107585 0.5070174 116
1683788107654 0.5066713 117
1683788107732 0.5063571 118
1683788107801 0.506074 119
1683788107870 0.50582135 120
1683788107949 0.5055983 121
1683788108018 0.5054043 122
1683788108102 0.50523865 123
1683788108171 0.50510055 124
1683788108256 0.50498945 125
1683788108334 0.5049046 126
1683788108403 0.50484556 127
1683788108472 0.5048115 128
1683788108557 0.50480187 129
1683788108619 0.5048162 130
1683788108688 0.5048538 131
1683788108767 0.50491416 132
1683788108840 0.5049968 133
1683788108909 0.5051011 134
1683788108981 0.50522655 135
1683788109052 0.5053728 136
1683788109123 0.5055393 137
1683788109193 0.5057256 138
1683788109272 0.5059313 139
1683788109345 0.50615597 140
1683788109415 0.5063991 141
1683788109486 0.5066604 142
1683788109565 0.5069395 143
1683788109635 0.5072359 144
1683788109708 0.50754935 145
1683788109776 0.50787956 146
1683788109849 0.50822604 147
1683788109920 0.50858843 148
1683788109998 0.50896657 149
1683788110071 0.5093601 150
1683788110152 0.5097686 151
1683788110233 0.51019186 152
1683788110303 0.51062965 153
1683788110374 0.5110816 154
1683788110444 0.5115473 155
1683788110523 0.5120269 156
1683788110596 0.51251966 157
1683788110674 0.51302564 158
1683788110747 0.51354444 159
1683788110815 0.5140759 160
1683788110888 0.5146197 161
1683788110957 0.5151756 162
1683788111029 0.5157434 163
1683788111110 0.5163229 164
1683788111181 0.51691383 165
1683788111259 0.517516 166
1683788111332 0.5181292 167
1683788111403 0.5187533 168
1683788111473 0.51938784 169
1683788111554 0.5200329 170
1683788111635 0.52068806 171
1683788111705 0.52135324 172
1683788111784 0.5220282 173
1683788111857 0.5227129 174
1683788111928 0.5234069 175
1683788112006 0.5241102 176
1683788112079 0.5248226 177
1683788112150 0.52554387 178
1683788112220 0.52627385 179
1683788112291 0.5270124 180
1683788112372 0.5277594 181
1683788112442 0.5285145 182
1683788112521 0.52927774 183
1683788112592 0.53004885 184
1683788112664 0.53082776 185
1683788112753 0.53161424 186
1683788112826 0.53240824 187
1683788112937 0.5332095 188
1683788113007 0.5340179 189
1683788113086 0.5348335 190
1683788113159 0.53565586 191
1683788113229 0.5364851 192
1683788113308 0.537321 193
1683788113381 0.5381634 194
1683788113460 0.5390122 195
1683788113532 0.5398674 196
1683788113603 0.5407288 197
1683788113674 0.5415963 198
1683788113753 0.54246974 199
1683788113825 0.54334915 200
1683788113894 0.54423434 201
1683788113963 0.54512525 202
1683788114041 0.5460218 203
1683788114110 0.54692394 204
1683788114179 0.5478315 205
1683788114242 0.54874444 206
1683788114327 0.5496627 207
1683788114396 0.5505861 208
1683788114465 0.5515148 209
1683788114527 0.5524485 210
1683788114612 0.5533872 211
1683788114681 0.55433095 212
1683788114743 0.55527955 213
1683788114812 0.55623305 214
1683788114866 0.55719125 215
1683788114928 0.5581542 216
1683788114982 0.5591218 217
1683788115044 0.560094 218
1683788115113 0.56107074 219
1683788115167 0.562052 220
1683788115229 0.56303763 221
1683788115298 0.5640278 222
1683788115361 0.56502223 223
1683788115430 0.56602097 224
1683788115499 0.56702393 225
1683788115583 0.5680311 226
1683788115662 0.56904244 227
1683788115731 0.57005775 228
1683788115815 0.57107687 229
1683788115869 0.57209986 230
1683788115931 0.57312655 231
1683788116000 0.57415694 232
1683788116063 0.57519084 233
1683788116116 0.57622826 234
1683788116185 0.57726926 235
1683788116248 0.5783137 236
1683788116301 0.5793615 237
1683788116370 0.58041275 238
1683788116433 0.58146733 239
1683788116502 0.58252525 240
1683788116571 0.5835865 241
1683788116633 0.5846511 242
1683788116717 0.5857189 243
1683788116779 0.5867901 244
1683788116833 0.5878645 245
1683788116902 0.5889421 246
1683788116964 0.59002304 247
1683788117033 0.59110713 248
1683788117102 0.59219456 249
1683788117149 0.5932851 250
