1683787248351 1.9111415073257474 1
1683787248420 1.8114554450813038 2
1683787248474 1.749823174788308 3
1683787248536 1.719140772204769 4
1683787248605 1.6907988147813144 5
1683787248658 1.6438408228518087 6
1683787248737 1.5799200195329752 7
1683787248790 1.502224299026909 8
1683787248859 1.416192619225673 9
1683787248922 1.3338529589530719 10
1683787248991 1.253588889435044 11
1683787249053 1.1772374408854231 12
1683787249106 1.106636616814444 13
1683787249176 1.042836221426032 14
1683787249238 0.9861343370881988 15
1683787249307 0.9362525656844813 16
1683787249376 0.892548466329308 17
1683787249439 0.8541987664360752 18
1683787249508 0.8203412273940012 19
1683787249561 0.7901755773811538 20
1683787249624 0.7630236550630192 21
1683787249693 0.7383476205121844 22
1683787249755 0.7157342919288694 23
1683787249808 0.6948632207362468 24
1683787249862 0.6754751711941518 25
1683787249924 0.6573504773337151 26
1683787249993 0.6402982513998163 27
1683787250062 0.6241523473678336 28
1683787250140 0.6087715735585253 29
1683787250209 0.5940398709330508 30
1683787250263 0.5798655754799913 31
1683787250325 0.5661801192309199 32
1683787250379 0.5529353404568644 33
1683787250441 0.5401003314794115 34
1683787250510 0.5276583063340368 35
1683787250564 0.5156035478007808 36
1683787250626 0.5039379635439987 37
1683787250695 0.4926691215790737 38
1683787250742 0.4818072749386686 39
1683787250811 0.4713639051168532 40
1683787250865 0.4613502316360023 41
1683787250927 0.45177600204514334 42
1683787250996 0.44264881103578246 43
1683787251059 0.433973532842864 44
1683787251112 0.42575210301464383 45
1683787251181 0.4179832065796416 46
1683787251228 0.41066261875455234 47
1683787251297 0.4037828032348836 48
1683787251359 0.3973335447422177 49
1683787251413 0.3913021015558493 50
1683787251482 0.38567347787556305 51
1683787251529 0.3804309434763107 52
1683787251598 0.37555623328034415 53
1683787251660 0.37103026568969977 54
1683787251714 0.3668331693405562 55
1683787251783 0.3629449239778242 56
1683787251830 0.3593453621106355 57
1683787251899 0.35601478764256034 58
1683787251961 0.3529337599573199 59
1683787252015 0.3500836132769489 60
1683787252084 0.3474464842350462 61
1683787252130 0.34500518374109057 62
1683787252199 0.3427437164286369 63
1683787252262 0.34064691942131664 64
1683787252315 0.33870079021447497 65
1683787252384 0.336892245148553 66
1683787252447 0.33520938549110824 67
1683787252500 0.3336413783962666 68
1683787252563 0.33217833796912966 69
1683787252616 0.3308114703580367 70
1683787252685 0.329532764196772 71
1683787252732 0.328335328769805 72
1683787252801 0.3272128555387128 73
1683787252864 0.3261600121253818 74
1683787252917 0.325171937891795 75
1683787252986 0.32424457535294127 76
1683787253049 0.3233743362674113 77
1683787253102 0.32255822141709567 78
1683787253165 0.3217936197990625 79
1683787253218 0.32107837013568696 80
1683787253287 0.32041067645093735 81
1683787253349 0.31978901319083897 82
1683787253403 0.31921214699648015 83
1683787253472 0.31867901301955004 84
1683787253519 0.318188835690004 85
1683787253588 0.31774082086545974 86
1683787253650 0.31733442986269034 87
1683787253704 0.3169691184977812 88
1683787253773 0.316644373978739 89
1683787253835 0.3163598670552423 90
1683787253889 0.3161151425492945 91
1683787253951 0.3159098892800891 92
1683787254005 0.31574367737108866 93
1683787254074 0.3156161045753181 94
1683787254136 0.3155267967293989 95
1683787254190 0.31547535861244014 96
1683787254252 0.31546135745477066 97
1683787254305 0.31548433746877125 98
1683787254374 0.3155437890579018 99
1683787254437 0.3156391985774023 100
1683787254506 0.3157700487723929 101
1683787254553 0.3159357274365102 102
1683787254622 0.3161357036589312 103
1683787254675 0.31636923499738434 104
1683787254738 0.3166358653903849 105
1683787254807 0.3169348207345857 106
1683787254869 0.31726543300122745 107
1683787254923 0.31762708363748415 108
1683787254976 0.3180191163375885 109
1683787255039 0.31844077464330356 110
1683787255108 0.3188913943183842 111
1683787255170 0.3193703461126258 112
1683787255224 0.3198770156137607 113
1683787255293 0.3204106471303154 114
1683787255355 0.3209706364727207 115
1683787255409 0.32155633141145734 116
1683787255478 0.3221671635223964 117
1683787255540 0.32280239747306383 118
1683787255609 0.32346164086915996 119
1683787255656 0.3241441701764223 120
1683787255725 0.3248494149822061 121
1683787255778 0.325576918379765 122
1683787255841 0.3263260980158591 123
1683787255910 0.32709643676901345 124
1683787255979 0.32788740609973366 125
1683787256026 0.32869853446733566 126
1683787256095 0.32952941108987654 127
1683787256157 0.33037947427903935 128
1683787256211 0.331248403933871 129
1683787256280 0.3321356648737306 130
1683787256342 0.3330408381554606 131
1683787256396 0.3339635977282627 132
1683787256458 0.3349034730628566 133
1683787256527 0.3358601634922167 134
1683787256581 0.33683314099175443 135
1683787256643 0.3378222116603573 136
1683787256712 0.33882690094434076 137
1683787256759 0.3398469007252951 138
1683787256828 0.3408818670459517 139
1683787256882 0.3419315250587047 140
1683787256944 0.34299540147628793 141
1683787257013 0.3440732529724986 142
1683787257076 0.345164775713404 143
1683787257129 0.3462696588460503 144
1683787257182 0.34738755527920695 145
1683787257245 0.34851814108385626 146
1683787257314 0.34966118196790474 147
1683787257376 0.3508163407327203 148
1683787257430 0.35198331140474926 149
1683787257483 0.35316176901230545 150
1683787257546 0.3543514999957562 151
1683787257615 0.35555216034841264 152
1683787257662 0.3567634536846096 153
1683787257731 0.3579851301071755 154
1683787257784 0.3592167864624174 155
1683787257847 0.3604582883169023 156
1683787257916 0.3617092272124549 157
1683787257963 0.3629694414112754 158
1683787258032 0.36423852518421085 159
1683787258085 0.3655162053674954 160
1683787258147 0.3668022921641467 161
1683787258232 0.36809629652495834 162
1683787258301 0.36939813723674875 163
1683787258348 0.37070736304350627 164
1683787258417 0.3720236835547477 165
1683787258480 0.37334690438462914 166
1683787258580 0.3746766169027229 167
1683787258702 0.37601253102270116 168
1683787258781 0.37735431093915905 169
1683787258834 0.3787016773535965 170
1683787258903 0.38005426466172043 171
1683787258965 0.3814117569520581 172
1683787259019 0.38277385800647945 173
1683787259088 0.38414022538521486 174
1683787259150 0.38551044061176776 175
1683787259320 0.3868842518752569 176
1683787259389 0.38826118632793016 177
1683787259451 0.3896410441399696 178
1683787259520 0.3910233473537752 179
1683787259583 0.39240773318717737 180
1683787259636 0.39379389229709516 181
1683787259705 0.3951814010721397 182
1683787259768 0.39656994584866356 183
1683787259837 0.39795905705692314 184
1683787259890 0.39934841639062446 185
1683787259953 0.4007375713211607 186
1683787260020 0.40212622645069773 187
1683787260090 0.40351388772896657 188
1683787260137 0.4049002716844008 189
1683787260206 0.4062848880409893 190
1683787260269 0.40766740980683136 191
1683787260322 0.40904737302080707 192
1683787260391 0.4104244405029014 193
1683787260454 0.4117981952558454 194
1683787260507 0.4131683001836486 195
1683787260585 0.41453426073008526 196
1683787260639 0.41589583100009353 197
1683787260708 0.4172525359240411 198
1683787260755 0.41860399129159975 199
1683787260824 0.4199499031980065 200
1683787260886 0.4212898750192706 201
1683787260955 0.4226235505237457 202
1683787261009 0.42395059900832965 203
1683787261071 0.4252706353612157 204
1683787261140 0.42658339838870396 205
1683787261209 0.4278885632252629 206
1683787261287 0.42918574761980666 207
1683787261341 0.43047474597323676 208
1683787261410 0.4317552327223362 209
1683787261472 0.43302692431214895 210
1683787261526 0.43428965163912103 211
1683787261588 0.43554302657688937 212
1683787261642 0.4367869292371127 213
1683787261711 0.4380210351190852 214
1683787261773 0.4392452246507945 215
1683787261842 0.4404592645755667 216
1683787261896 0.4416629761091837 217
1683787261958 0.4428561412463483 218
1683787262027 0.44403870417665625 219
1683787262074 0.44521038316366845 220
1683787262143 0.4463711401613051 221
1683787262197 0.4475208236769881 222
1683787262259 0.44865938353415413 223
1683787262328 0.44978661140676457 224
1683787262391 0.45090247068992095 225
1683787262444 0.45200684335712094 226
1683787262497 0.45309975023726357 227
1683787262560 0.4541810057534126 228
1683787262629 0.4552506695030314 229
1683787262676 0.4563086250845607 230
1683787262745 0.4573548372257539 231
1683787262798 0.4583892829284373 232
1683787262861 0.4594119567982464 233
1683787262914 0.4604227607294291 234
1683787262977 0.46142183631152256 235
1683787263046 0.4624090068952802 236
1683787263099 0.4633843403224236 237
1683787263162 0.4643477874537014 238
1683787263215 0.46529941144138887 239
1683787263277 0.4662391181522856 240
1683787263347 0.46716703692366557 241
1683787263400 0.46822254189112034 242
1683787263462 0.4693183607523004 243
1683787263531 0.4704270325931208 244
1683787263578 0.4715408101966738 245
1683787263647 0.47265671100019024 246
1683787263701 0.4737729314212471 247
1683787263763 0.4748878861013617 248
1683787263832 0.476000025826274 249
1683787263901 0.4771075199203918 250
