1683788547524 2.0634935 1
1683788547593 2.0727072 2
1683788547646 2.093946 3
1683788547709 2.1372232 4
1683788547778 2.1853468 5
1683788547840 2.2264085 6
1683788547894 2.2534802 7
1683788547963 2.263742 8
1683788548025 2.2570982 9
1683788548079 2.2351515 10
1683788548148 2.2001414 11
1683788548210 2.1557283 12
1683788548279 2.1050248 13
1683788548348 2.0507028 14
1683788548411 1.9950066 15
1683788548480 1.9397329 16
1683788548549 1.8862166 17
1683788548612 1.8353491 18
1683788548681 1.7876265 19
1683788548743 1.7432187 20
1683788548812 1.7020426 21
1683788548865 1.6638353 22
1683788548928 1.6282202 23
1683788548997 1.5947654 24
1683788549050 1.5630275 25
1683788549129 1.5325848 26
1683788549198 1.5030577 27
1683788549251 1.4741209 28
1683788549314 1.4455096 29
1683788549383 1.4170213 30
1683788549445 1.3885136 31
1683788549498 1.3599002 32
1683788549567 1.3311459 33
1683788549630 1.3022587 34
1683788549683 1.2732824 35
1683788549752 1.2442887 36
1683788549815 1.215369 37
1683788549868 1.186628 38
1683788549931 1.1581761 39
1683788549984 1.1301247 40
1683788550053 1.102581 41
1683788550116 1.0756453 42
1683788550169 1.0494076 43
1683788550232 1.023946 44
1683788550301 0.99932635 45
1683788550354 0.97560084 46
1683788550417 0.9528088 47
1683788550486 0.93097734 48
1683788550548 0.9101217 49
1683788550602 0.8902466 50
1683788550671 0.8713473 51
1683788550733 0.85341084 52
1683788550787 0.83641726 53
1683788550856 0.82034075 54
1683788550902 0.805151 55
1683788550971 0.79081374 56
1683788551034 0.7772924 57
1683788551087 0.7645484 58
1683788551156 0.752542 59
1683788551203 0.74123335 60
1683788551272 0.7305824 61
1683788551335 0.7205497 62
1683788551388 0.7110968 63
1683788551457 0.7021864 64
1683788551520 0.69378257 65
1683788551589 0.6858511 66
1683788551651 0.6783594 67
1683788551705 0.67127657 68
1683788551774 0.6645737 69
1683788551836 0.6582235 70
1683788551890 0.65220076 71
1683788551959 0.64648163 72
1683788552006 0.64104444 73
1683788552090 0.6358688 74
1683788552159 0.6309361 75
1683788552206 0.6262292 76
1683788552275 0.6217324 77
1683788552338 0.6174314 78
1683788552391 0.613313 79
1683788552460 0.60936534 80
1683788552523 0.60557765 81
1683788552576 0.60194004 82
1683788552639 0.5984436 83
1683788552708 0.5950805 84
1683788552761 0.5918432 85
1683788552823 0.5887254 86
1683788552893 0.5857211 87
1683788552939 0.58282506 88
1683788553008 0.58003235 89
1683788553062 0.5773388 90
1683788553124 0.5747404 91
1683788553394 0.57223356 92
1683788553541 0.56981516 93
1683788553610 0.5674821 94
1683788553679 0.56523186 95
1683788553741 0.56306183 96
1683788553795 0.56096977 97
1683788553864 0.55895346 98
1683788553926 0.557011 99
1683788553996 0.5551404 100
1683788554042 0.55333996 101
1683788554111 0.5516079 102
1683788554180 0.54994255 103
1683788554227 0.54834247 104
1683788554296 0.5468059 105
1683788554365 0.5453316 106
1683788554428 0.5439179 107
1683788554481 0.54256344 108
1683788554544 0.5412668 109
1683788554613 0.54002655 110
1683788554682 0.5388415 111
1683788554744 0.53771 112
1683788554798 0.536631 113
1683788554867 0.53560305 114
1683788554929 0.5346249 115
1683788554983 0.5336952 116
1683788555045 0.53281295 117
1683788555114 0.5319767 118
1683788555168 0.53118527 119
1683788555230 0.5304376 120
1683788555299 0.5297325 121
1683788555362 0.52906895 122
1683788555415 0.5284457 123
1683788555484 0.5278619 124
1683788555547 0.52731633 125
1683788555600 0.52680814 126
1683788555669 0.52633643 127
1683788555732 0.5259001 128
1683788555785 0.5254984 129
1683788555847 0.52513045 130
1683788555917 0.52479535 131
1683788555970 0.5244924 132
1683788556032 0.5242208 133
1683788556086 0.5239798 134
1683788556148 0.5237687 135
1683788556217 0.5235868 136
1683788556271 0.52343345 137
1683788556333 0.52330804 138
1683788556387 0.5232099 139
1683788556449 0.5231385 140
1683788556518 0.5230932 141
1683788556572 0.5230736 142
1683788556634 0.52307904 143
1683788556703 0.5231091 144
1683788556750 0.5231632 145
1683788556819 0.5232409 146
1683788556872 0.5233418 147
1683788556935 0.5234654 148
1683788556988 0.52361125 149
1683788557051 0.523779 150
1683788557120 0.5239682 151
1683788557173 0.52417845 152
1683788557236 0.5244095 153
1683788557305 0.52466077 154
1683788557367 0.524932 155
1683788557421 0.5252229 156
1683788557474 0.525533 157
1683788557537 0.5258621 158
1683788557606 0.5262097 159
1683788557668 0.52657557 160
1683788557722 0.5269594 161
1683788557791 0.52736086 162
1683788557853 0.52777964 163
1683788557907 0.5282154 164
1683788557969 0.5286679 165
1683788558022 0.5291369 166
1683788558091 0.5296219 167
1683788558154 0.53012276 168
1683788558207 0.5306392 169
1683788558276 0.5311708 170
1683788558339 0.5317174 171
1683788558392 0.53227866 172
1683788558455 0.53285444 173
1683788558508 0.5334443 174
1683788558577 0.53404796 175
1683788558640 0.5346653 176
1683788558693 0.53529584 177
1683788558756 0.5359395 178
1683788558825 0.53659594 179
1683788558878 0.5372648 180
1683788558941 0.53794605 181
1683788559010 0.53863925 182
1683788559072 0.5393442 183
1683788559126 0.5400606 184
1683788559195 0.54078823 185
1683788559257 0.5415268 186
1683788559326 0.54227614 187
1683788559395 0.543036 188
1683788559473 0.543806 189
1683788559555 0.54458606 190
1683788559627 0.54537594 191
1683788559696 0.54617524 192
1683788559758 0.54698396 193
1683788559812 0.5478016 194
1683788559881 0.5486282 195
1683788559943 0.54946345 196
1683788560059 0.55030704 197
1683788560113 0.5511589 198
1683788560182 0.5520187 199
1683788560260 0.5528863 200
1683788560313 0.5537615 201
1683788560382 0.55464405 202
1683788560445 0.55553377 203
1683788560498 0.55643046 204
1683788560561 0.55733395 205
1683788560630 0.5582441 206
1683788560683 0.55916065 207
1683788560746 0.56008345 208
1683788560815 0.5610124 209
1683788560862 0.5619472 210
1683788560931 0.5628877 211
1683788560984 0.5638339 212
1683788561047 0.5647855 213
1683788561100 0.56574225 214
1683788561162 0.56670415 215
1683788561231 0.56767106 216
1683788561285 0.5686428 217
1683788561347 0.5696192 218
1683788561401 0.57060003 219
1683788561463 0.57158536 220
1683788561532 0.57257485 221
1683788561586 0.5735686 222
1683788561648 0.57456625 223
1683788561717 0.57556784 224
1683788561764 0.57657313 225
1683788561833 0.5775821 226
1683788561887 0.57859457 227
1683788561949 0.57961047 228
1683788562002 0.5806296 229
1683788562065 0.581652 230
1683788562134 0.58267736 231
1683788562187 0.58370584 232
1683788562250 0.58473706 233
1683788562303 0.58577114 234
1683788562366 0.5868079 235
1683788562435 0.58784723 236
1683788562488 0.588889 237
1683788562551 0.5899333 238
1683788562604 0.5909798 239
1683788562667 0.59202856 240
1683788562736 0.5930795 241
1683788562789 0.5941324 242
1683788562852 0.5951874 243
1683788562905 0.5962442 244
1683788562968 0.59730285 245
1683788563021 0.5983633 246
1683788563090 0.5994253 247
1683788563152 0.600489 248
1683788563206 0.6015543 249
1683788563268 0.60262096 250
