1683787167915 1.6666664 1
1683787167977 1.5492022 2
1683787168046 1.487805 3
1683787168109 1.4643272 4
1683787168162 1.432236 5
1683787168231 1.385424 6
1683787168294 1.3206947 7
1683787168347 1.2389466 8
1683787168416 1.145955 9
1683787168479 1.0498842 10
1683787168548 0.9578079 11
1683787168610 0.8741691 12
1683787168664 0.801033 13
1683787168733 0.7482301 14
1683787168795 0.7070094 15
1683787168864 0.6749321 16
1683787168933 0.6508205 17
1683787168996 0.63356483 18
1683787169065 0.622 19
1683787169118 0.614803 20
1683787169181 0.61045617 21
1683787169250 0.60731816 22
1683787169312 0.603829 23
1683787169366 0.5988042 24
1683787169435 0.5916735 25
1683787169497 0.5825099 26
1683787169551 0.57184464 27
1683787169620 0.56036687 28
1683787169667 0.54870164 29
1683787169736 0.53730786 30
1683787169798 0.5264679 31
1683787169852 0.51632285 32
1683787169914 0.50691724 33
1683787169967 0.49823773 34
1683787170042 0.49023986 35
1683787170089 0.48286515 36
1683787170158 0.4760513 37
1683787170227 0.4697376 38
1683787170274 0.46386796 39
1683787170343 0.45839244 40
1683787170405 0.45326734 41
1683787170459 0.44845492 42
1683787170528 0.44392323 43
1683787170590 0.439645 44
1683787170644 0.43559688 45
1683787170722 0.431759 46
1683787170775 0.428114 47
1683787170844 0.4246465 48
1683787170891 0.4213429 49
1683787170960 0.41819072 50
1683787171023 0.4151786 51
1683787171076 0.41229603 52
1683787171145 0.40953314 53
1683787171192 0.406881 54
1683787171261 0.4043311 55
1683787171323 0.40187556 56
1683787171377 0.39950722 57
1683787171430 0.39721942 58
1683787171493 0.3950059 59
1683787171562 0.39286116 60
1683787171624 0.39077997 61
1683787171678 0.38875756 62
1683787171747 0.38678974 63
1683787171809 0.3848725 64
1683787171863 0.38300234 65
1683787171932 0.381176 66
1683787171994 0.37939048 67
1683787172047 0.3776432 68
1683787172110 0.37593162 69
1683787172163 0.37425366 70
1683787172232 0.37260717 71
1683787172295 0.37099048 72
1683787172348 0.36940187 73
1683787172411 0.36783984 74
1683787172480 0.3663031 75
1683787172533 0.36479035 76
1683787172596 0.3633005 77
1683787172649 0.36183256 78
1683787172712 0.3603856 79
1683787172781 0.35895863 80
1683787172834 0.35755104 81
1683787172897 0.356162 82
1683787172950 0.3547908 83
1683787173013 0.3534369 84
1683787173082 0.35209954 85
1683787173135 0.35077822 86
1683787173197 0.34947246 87
1683787173267 0.34818172 88
1683787173467 0.3469054 89
1683787173551 0.34564316 90
1683787173614 0.3443945 91
1683787173667 0.34315896 92
1683787173783 0.3419362 93
1683787173915 0.34072578 94
1683787173984 0.3395273 95
1683787174053 0.33834046 96
1683787174115 0.33716482 97
1683787174169 0.33600014 98
1683787174238 0.33484614 99
1683787174300 0.33370245 100
1683787174354 0.3325688 101
1683787174416 0.33144495 102
1683787174470 0.33033055 103
1683787174539 0.32922548 104
1683787174601 0.32812947 105
1683787174655 0.3270423 106
1683787174717 0.32596374 107
1683787174786 0.32489356 108
1683787174840 0.32383162 109
1683787174902 0.3227777 110
1683787174956 0.32173157 111
1683787175018 0.32069314 112
1683787175087 0.3196622 113
1683787175140 0.31863862 114
1683787175203 0.31762224 115
1683787175272 0.3166129 116
1683787175334 0.31561047 117
1683787175388 0.3146148 118
1683787175441 0.31362575 119
1683787175504 0.31264323 120
1683787175573 0.31166705 121
1683787175635 0.3106972 122
1683787175704 0.3097335 123
1683787175758 0.30877584 124
1683787175820 0.30782413 125
1683787175874 0.30687833 126
1683787175943 0.30593824 127
1683787176043 0.30500382 128
1683787176205 0.304075 129
1683787176259 0.30315173 130
1683787176321 0.30223382 131
1683787176390 0.30132127 132
1683787176444 0.30041403 133
1683787176506 0.29951197 134
1683787176575 0.29861504 135
1683787176638 0.29772314 136
1683787176691 0.29683632 137
1683787176760 0.2959544 138
1683787176823 0.29507738 139
1683787176892 0.2942052 140
1683787176961 0.2933378 141
1683787177023 0.2924751 142
1683787177077 0.29161713 143
1683787177146 0.29076374 144
1683787177208 0.28991497 145
1683787177262 0.28907076 146
1683787177324 0.28823107 147
1683787177393 0.28739578 148
1683787177462 0.286565 149
1683787177525 0.2857386 150
1683787177578 0.28491655 151
1683787177647 0.2840988 152
1683787177710 0.28328538 153
1683787177763 0.28247622 154
1683787177826 0.28167132 155
1683787177895 0.28087062 156
1683787177948 0.2800741 157
1683787178026 0.27928177 158
1683787178080 0.27849355 159
1683787178142 0.27770942 160
1683787178195 0.27692947 161
1683787178265 0.27615356 162
1683787178327 0.2753817 163
1683787178380 0.2746139 164
1683787178443 0.27385008 165
1683787178496 0.2730903 166
1683787178565 0.27233452 167
1683787178612 0.27158266 168
1683787178681 0.2708348 169
1683787178882 0.27009088 170
1683787179014 0.26935086 171
1683787179083 0.26861477 172
1683787179145 0.2678826 173
1683787179199 0.26715425 174
1683787179268 0.26642978 175
1683787179330 0.26570922 176
1683787179384 0.2649925 177
1683787179453 0.2642796 178
1683787179515 0.26357052 179
1683787179568 0.26286525 180
1683787179631 0.26216376 181
1683787179700 0.26146606 182
1683787179753 0.26077214 183
1683787179816 0.26008195 184
1683787179885 0.25939554 185
1683787179947 0.2587129 186
1683787180010 0.25803405 187
1683787180069 0.257359 188
1683787180132 0.25668782 189
1683787180201 0.25602052 190
1683787180254 0.2553571 191
1683787180317 0.25469753 192
1683787180386 0.25404185 193
1683787180448 0.25338998 194
1683787180502 0.252742 195
1683787180571 0.2520978 196
1683787180633 0.2514574 197
1683787180702 0.25082076 198
1683787180756 0.25018778 199
1683787180818 0.24955855 200
1683787180872 0.24893293 201
1683787180934 0.24831095 202
1683787181003 0.24769253 203
1683787181057 0.24707761 204
1683787181119 0.2464662 205
1683787181188 0.24585824 206
1683787181251 0.24525368 207
1683787181304 0.24465251 208
1683787181373 0.24405465 209
1683787181436 0.24346009 210
1683787181489 0.24286881 211
1683787181552 0.24228072 212
1683787181605 0.24169588 213
1683787181674 0.2411142 214
1683787181721 0.24053565 215
1683787181790 0.23996022 216
1683787181852 0.2393879 217
1683787181906 0.23881865 218
1683787181975 0.23825246 219
1683787182022 0.2376893 220
1683787182091 0.23712918 221
1683787182153 0.23657204 222
1683787182207 0.23601791 223
1683787182276 0.23546676 224
1683787182338 0.2349186 225
1683787182392 0.23437336 226
1683787182454 0.23383108 227
1683787182507 0.23329175 228
1683787182577 0.23275532 229
1683787182639 0.23222184 230
1683787182692 0.23169126 231
1683787182761 0.23116359 232
1683787182808 0.2306388 233
1683787182877 0.23011689 234
1683787182940 0.22959784 235
1683787183009 0.22908169 236
1683787183062 0.22856835 237
1683787183125 0.22805788 238
1683787183194 0.22755021 239
1683787183241 0.22704536 240
1683787183310 0.22654328 241
1683787183363 0.22604401 242
1683787183426 0.22554752 243
1683787183495 0.22505376 244
1683787183542 0.22456275 245
1683787183611 0.22407445 246
1683787183664 0.22358885 247
1683787183727 0.22310597 248
1683787183780 0.22262572 249
1683787183842 0.22214812 250
