1683786399188 2.0489016 1
1683786399257 2.0880086 2
1683786399326 2.1417437 3
1683786399389 2.2202723 4
1683786399458 2.307776 5
1683786399527 2.3926182 6
1683786399589 2.4685748 7
1683786399643 2.532971 8
1683786399705 2.5854838 9
1683786399774 2.627311 10
1683786399828 2.6605392 11
1683786399890 2.6876574 12
1683786399959 2.7111926 13
1683786400028 2.7334642 14
1683786400091 2.7564383 15
1683786400144 2.7816672 16
1683786400222 2.8102837 17
1683786400276 2.8430312 18
1683786400345 2.8803065 19
1683786400492 2.9222083 20
1683786400545 2.9685817 21
1683786400608 3.0190594 22
1683786400677 3.0731006 23
1683786400730 3.1300225 24
1683786400793 3.1890378 25
1683786400862 3.2492871 26
1683786400931 3.3098755 27
1683786400978 3.3699074 28
1683786401047 3.4285207 29
1683786401109 3.4849176 30
1683786401163 3.538391 31
1683786401232 3.5883415 32
1683786401294 3.6342878 33
1683786401348 3.6758733 34
1683786401410 3.71286 35
1683786401464 3.7451227 36
1683786401533 3.7726345 37
1683786401595 3.795456 38
1683786401649 3.813716 39
1683786401711 3.8276007 40
1683786401765 3.837338 41
1683786401834 3.8431866 42
1683786401896 3.8454263 43
1683786401949 3.8443494 44
1683786402012 3.840256 45
1683786402081 3.8334472 46
1683786402134 3.8242218 47
1683786402197 3.8128738 48
1683786402250 3.7996893 49
1683786402313 3.7849436 50
1683786402382 3.7689013 51
1683786402435 3.751813 52
1683786402498 3.7339149 53
1683786402567 3.715427 54
1683786402614 3.6965525 55
1683786402683 3.6774774 56
1683786402736 3.65837 57
1683786402799 3.6393797 58
1683786402852 3.6206384 59
1683786402915 3.6022592 60
1683786402984 3.5843387 61
1683786403037 3.566957 62
1683786403099 3.5501783 63
1683786403168 3.534052 64
1683786403215 3.5186133 65
1683786403284 3.5038862 66
1683786403338 3.489884 67
1683786403400 3.4766083 68
1683786403469 3.4640536 69
1683786403516 3.4522064 70
1683786403585 3.441048 71
1683786403639 3.4305537 72
1683786403701 3.4206948 73
1683786403770 3.4114394 74
1683786403833 3.4027543 75
1683786403886 3.3946037 76
1683786403955 3.386952 77
1683786404018 3.3797626 78
1683786404071 3.3729997 79
1683786404140 3.3666286 80
1683786404203 3.3606145 81
1683786404272 3.354926 82
1683786404341 3.3495317 83
1683786404403 3.3444023 84
1683786404457 3.3395114 85
1683786404519 3.3348331 86
1683786404588 3.3303447 87
1683786404641 3.3260248 88
1683786404704 3.3218548 89
1683786404773 3.3178172 90
1683786404842 3.3138964 91
1683786404905 3.310079 92
1683786404974 3.306353 93
1683786405036 3.3027077 94
1683786405090 3.2991338 95
1683786405159 3.2956238 96
1683786405221 3.292171 97
1683786405290 3.2887697 98
1683786405343 3.2854156 99
1683786405406 3.2821043 100
1683786405475 3.278833 101
1683786405544 3.2756002 102
1683786405607 3.2724028 103
1683786405660 3.2692404 104
1683786405722 3.2661116 105
1683786405923 3.2630165 106
1683786406023 3.2599537 107
1683786406092 3.2569242 108
1683786406161 3.2539282 109
1683786406224 3.250965 110
1683786406277 3.2480357 111
1683786406346 3.2451403 112
1683786406409 3.2422788 113
1683786406462 3.2394524 114
1683786406524 3.2366605 115
1683786406593 3.2339034 116
1683786406663 3.2311816 117
1683786406725 3.2284951 118
1683786406778 3.2258434 119
1683786406847 3.2232265 120
1683786406910 3.2206442 121
1683786406963 3.2180958 122
1683786407026 3.2155812 123
1683786407095 3.2130995 124
1683786407280 3.21065 125
1683786407380 3.2082326 126
1683786407449 3.2058456 127
1683786407512 3.2034893 128
1683786407581 3.2011616 129
1683786407643 3.1988626 130
1683786407697 3.196591 131
1683786407766 3.194346 132
1683786407828 3.1921263 133
1683786407882 3.1899312 134
1683786407951 3.1877604 135
1683786408013 3.185612 136
1683786408067 3.1834857 137
1683786408129 3.1813805 138
1683786408198 3.1792955 139
1683786408252 3.1772301 140
1683786408314 3.1751835 141
1683786408383 3.173155 142
1683786408446 3.171144 143
1683786408499 3.1691496 144
1683786408568 3.167171 145
1683786408631 3.1652086 146
1683786408684 3.163261 147
1683786408753 3.1613278 148
1683786408815 3.159409 149
1683786408885 3.1575031 150
1683786408947 3.1556113 151
1683786409000 3.1537323 152
1683786409069 3.1518657 153
1683786409132 3.1500115 154
1683786409185 3.1481695 155
1683786409254 3.1463392 156
1683786409317 3.1445203 157
1683786409386 3.142713 158
1683786409448 3.1409166 159
1683786409502 3.1391315 160
1683786409571 3.1373572 161
1683786409633 3.1355934 162
1683786409687 3.13384 163
1683786409756 3.1320972 164
1683786409818 3.1303651 165
1683786409887 3.1286428 166
1683786409950 3.126931 167
1683786410003 3.125229 168
1683786410072 3.1235366 169
1683786410119 3.1218543 170
1683786410188 3.1201816 171
1683786410251 3.1185186 172
1683786410304 3.1168652 173
1683786410373 3.1152208 174
1683786410436 3.113586 175
1683786410489 3.1119604 176
1683786410558 3.110344 177
1683786410621 3.1087365 178
1683786410674 3.1071382 179
1683786410737 3.1055481 180
1683786410806 3.1039672 181
1683786410859 3.1023946 182
1683786410921 3.1008306 183
1683786410975 3.0992746 184
1683786411037 3.0977273 185
1683786411106 3.0961878 186
1683786411160 3.094656 187
1683786411222 3.0931327 188
1683786411291 3.0916166 189
1683786411354 3.0901084 190
1683786411407 3.0886073 191
1683786411461 3.0871139 192
1683786411523 3.0856276 193
1683786411592 3.0841484 194
1683786411661 3.0826764 195
1683786411708 3.0812109 196
1683786411777 3.0797524 197
1683786411840 3.0783005 198
1683786411909 3.0768554 199
1683786411962 3.0754166 200
1683786412025 3.0739841 201
1683786412078 3.072558 202
1683786412140 3.0711381 203
1683786412209 3.0697243 204
1683786412263 3.0683167 205
1683786412325 3.066915 206
1683786412394 3.065519 207
1683786412463 3.064129 208
1683786412526 3.0627446 209
1683786412726 3.0613666 210
1683786412880 3.0599937 211
1683786412943 3.0586264 212
1683786412996 3.057265 213
1683786413065 3.0559094 214
1683786413127 3.0545592 215
1683786413196 3.0532143 216
1683786413259 3.0518754 217
1683786413312 3.0505416 218
1683786413381 3.0492134 219
1683786413444 3.0478911 220
1683786413497 3.046574 221
1683786413566 3.0452628 222
1683786413629 3.043957 223
1683786413698 3.042657 224
1683786413760 3.0413623 225
1683786413814 3.0400734 226
1683786413883 3.03879 227
1683786413945 3.0375123 228
1683786414014 3.0362408 229
1683786414068 3.0349746 230
1683786414130 3.0337143 231
1683786414199 3.03246 232
1683786414268 3.0312116 233
1683786414331 3.029969 234
1683786414384 3.0287323 235
1683786414447 3.0275016 236
1683786414516 3.026277 237
1683786414569 3.0250592 238
1683786414632 3.023847 239
1683786414701 3.0226414 240
1683786414770 3.0214415 241
1683786414832 3.0202487 242
1683786414886 3.019062 243
1683786414948 3.0178816 244
1683786415017 3.016708 245
1683786415071 3.0155408 246
1683786415133 3.0143807 247
1683786415202 3.0132267 248
1683786415271 3.0120802 249
1683786415334 3.01094 250
