1683785917247 1.8152765 1
1683785917309 1.7009563 2
1683785917378 1.6081585 3
1683785917447 1.5435076 4
1683785917510 1.4828086 5
1683785917563 1.4131719 6
1683785917632 1.3331931 7
1683785917695 1.2472187 8
1683785917764 1.1608384 9
1683785917833 1.0785193 10
1683785917895 1.0031338 11
1683785917964 0.93610644 12
1683785918027 0.87766576 13
1683785918080 0.82738876 14
1683785918149 0.78457683 15
1683785918212 0.7484354 16
1683785918281 0.7181674 17
1683785918350 0.6930145 18
1683785918412 0.6722738 19
1683785918481 0.65530455 20
1683785918535 0.6415297 21
1683785918597 0.6304358 22
1683785918666 0.6215705 23
1683785918735 0.6145391 24
1683785918798 0.6090003 25
1683785918867 0.60466313 26
1683785918929 0.6012822 27
1683785918983 0.598655 28
1683785919052 0.5966176 29
1683785919114 0.5950409 30
1683785919183 0.5938259 31
1683785919237 0.592899 32
1683785919315 0.59220815 33
1683785919368 0.59171844 34
1683785919437 0.59140885 35
1683785919500 0.59126896 36
1683785919553 0.5912957 37
1683785919616 0.591491 38
1683785919685 0.5918591 39
1683785919738 0.5924054 40
1683785919801 0.59313416 41
1683785919870 0.5940487 42
1683785919932 0.5951505 43
1683785919986 0.5964391 44
1683785920039 0.5979128 45
1683785920102 0.5995683 46
1683785920171 0.60140216 47
1683785920233 0.60340995 48
1683785920286 0.6055875 49
1683785920355 0.6079304 50
1683785920418 0.61043465 51
1683785920471 0.6130962 52
1683785920540 0.61591107 53
1683785920603 0.6188754 54
1683785920656 0.6219852 55
1683785920719 0.6252364 56
1683785920772 0.6286247 57
1683785920841 0.63214564 58
1683785920904 0.6357947 59
1683785920957 0.63956755 60
1683785921035 0.64345974 61
1683785921089 0.64746743 62
1683785921158 0.65158725 63
1683785921220 0.6558161 64
1683785921274 0.6601515 65
1683785921343 0.6645916 66
1683785921390 0.66913486 67
1683785921459 0.6737801 68
1683785921521 0.6785265 69
1683785921575 0.6833737 70
1683785921644 0.688321 71
1683785921706 0.6933679 72
1683785921759 0.69851434 73
1683785921822 0.70375943 74
1683785921891 0.70910263 75
1683785921944 0.7145431 76
1683785922007 0.7200799 77
1683785922076 0.72571176 78
1683785922138 0.7314373 79
1683785922192 0.737255 80
1683785922261 0.74316317 81
1683785922323 0.7491598 82
1683785922377 0.7552432 83
1683785922446 0.76141095 84
1683785922508 0.7676612 85
1683785922562 0.77399176 86
1683785922624 0.7804003 87
1683785922693 0.7868844 88
1683785922747 0.79344225 89
1683785922809 0.8000712 90
1683785922878 0.806769 91
1683785922941 0.81353366 92
1683785922994 0.8203629 93
1683785923063 0.82725465 94
1683785923126 0.83420694 95
1683785923179 0.84121764 96
1683785923411 0.84828514 97
1683785923527 0.8554076 98
1683785923596 0.8625834 99
1683785923649 0.869811 100
1683785923712 0.87708926 101
1683785923781 0.8844166 102
1683785923850 0.8917919 103
1683785923913 0.8992143 104
1683785923982 0.9066827 105
1683785924051 0.9141964 106
1683785924151 0.9217544 107
1683785924213 0.9293563 108
1683785924267 0.93700117 109
1683785924329 0.9446888 110
1683785924398 0.9524185 111
1683785924452 0.96019 112
1683785924514 0.9680029 113
1683785924583 0.97585696 114
1683785924646 0.9837517 115
1683785924699 0.99168706 116
1683785924768 0.99966276 117
1683785924831 1.0076789 118
1683785924884 1.015735 119
1683785924953 1.0238309 120
1683785925016 1.0319668 121
1683785925069 1.0401424 122
1683785925147 1.0483577 123
1683785925201 1.0566127 124
1683785925270 1.0649072 125
1683785925332 1.0732412 126
1683785925386 1.0816147 127
1683785925455 1.0900276 128
1683785925517 1.0984795 129
1683785925571 1.1069708 130
1683785925633 1.1155012 131
1683785925702 1.1240706 132
1683785925756 1.132679 133
1683785925818 1.141326 134
1683785925887 1.1500117 135
1683785925934 1.1587358 136
1683785926003 1.167498 137
1683785926072 1.1762984 138
1683785926119 1.1851367 139
1683785926188 1.1940125 140
1683785926250 1.2029258 141
1683785926304 1.2118762 142
1683785926373 1.2208635 143
1683785926435 1.2298874 144
1683785926489 1.2389475 145
1683785926558 1.2480438 146
1683785926620 1.2571757 147
1683785926674 1.2663431 148
1683785926736 1.2755456 149
1683785926805 1.2847831 150
1683785926859 1.294055 151
1683785926921 1.3033609 152
1683785926990 1.312701 153
1683785927053 1.3220744 154
1683785927106 1.3314812 155
1683785927175 1.3409208 156
1683785927238 1.3503932 157
1683785927291 1.3598979 158
1683785927360 1.3694344 159
1683785927423 1.3790028 160
1683785927492 1.3886026 161
1683785927554 1.3982337 162
1683785927608 1.4078953 163
1683785927677 1.4175878 164
1683785927739 1.4273105 165
1683785927793 1.4370631 166
1683785927862 1.4468454 167
1683785927940 1.4566572 168
1683785927993 1.4664984 169
1683785928062 1.4763684 170
1683785928109 1.486267 171
1683785928178 1.4961939 172
1683785928241 1.5061492 173
1683785928294 1.5161321 174
1683785928363 1.5261427 175
1683785928425 1.5361807 176
1683785928479 1.5462458 177
1683785928541 1.5563377 178
1683785928610 1.5664562 179
1683785928664 1.576601 180
1683785928726 1.5867718 181
1683785928795 1.5969687 182
1683785928858 1.6071908 183
1683785928911 1.6174386 184
1683785928965 1.627711 185
1683785929027 1.6380086 186
1683785929096 1.6483305 187
1683785929159 1.6586767 188
1683785929212 1.6690469 189
1683785929281 1.6794409 190
1683785929344 1.6898587 191
1683785929397 1.7002995 192
1683785929466 1.7107635 193
1683785929513 1.72125 194
1683785929582 1.7317593 195
1683785929644 1.7422937 196
1683785929713 1.752855 197
1683785929767 1.7634437 198
1683785929829 1.774061 199
1683785929883 1.7847068 200
1683785929945 1.7953817 201
1683785930014 1.8060853 202
1683785930099 1.8168182 203
1683785930161 1.8275802 204
1683785930215 1.838371 205
1683785930284 1.8491907 206
1683785930346 1.8600391 207
1683785930400 1.8709154 208
1683785930469 1.8818198 209
1683785930516 1.8927515 210
1683785930585 1.9037099 211
1683785930647 1.9146945 212
1683785930701 1.9257047 213
1683785930770 1.9367399 214
1683785930832 1.9477992 215
1683785930886 1.9588817 216
1683785930948 1.969987 217
1683785931017 1.9811141 218
1683785931071 1.9922624 219
1683785931133 2.003431 220
1683785931186 2.014619 221
1683785931249 2.025826 222
1683785931318 2.0370512 223
1683785931371 2.0482934 224
1683785931434 2.0595522 225
1683785931487 2.0708275 226
1683785931550 2.0821178 227
1683785931619 2.093423 228
1683785931672 2.1047428 229
1683785931735 2.1160765 230
1683785931804 2.1274238 231
1683785931866 2.138784 232
1683785931920 2.150157 233
1683785931989 2.161543 234
1683785932051 2.172941 235
1683785932120 2.1843512 236
1683785932189 2.1957736 237
1683785932252 2.207208 238
1683785932305 2.2186544 239
1683785932368 2.2301123 240
1683785932437 2.2415824 241
1683785932490 2.2530646 242
1683785932553 2.2645588 243
1683785932622 2.276065 244
1683785932675 2.2875834 245
1683785932738 2.2991142 246
1683785932807 2.3106575 247
1683785932869 2.3222132 248
1683785932923 2.3337817 249
1683785932992 2.3453631 250
