1683787889678 1.9202073050017352 1
1683787889747 1.9641039210156748 2
1683787889809 2.0182217224257095 3
1683787889863 2.0955601677730216 4
1683787889925 2.181539159752418 5
1683787889994 2.264670647328855 6
1683787890047 2.3384013826693897 7
1683787890110 2.3994090830483326 8
1683787890179 2.446699380360214 9
1683787890248 2.4811283445710233 10
1683787890310 2.5047571559400703 11
1683787890364 2.520169303067305 12
1683787890435 2.5300109502588786 13
1683787890498 2.53672355430298 14
1683787890566 2.542392493166719 15
1683787890613 2.54868017390804 16
1683787890682 2.556816128711775 17
1683787890751 2.567624368229613 18
1683787890808 2.5815697319061988 19
1683787890883 2.598809484814103 20
1683787890945 2.619245540417464 21
1683787890999 2.6425717942879126 22
1683787891068 2.668318630654797 23
1683787891130 2.6958937349256935 24
1683787891184 2.72461940442812 25
1683787891253 2.7537677502185804 26
1683787891315 2.7825967902243574 27
1683787891384 2.8103794773626563 28
1683787891447 2.8364347537982555 29
1683787891500 2.8601508720438202 30
1683787891569 2.881005568097269 31
1683787891632 2.8985790437679118 32
1683787891701 2.912560702658052 33
1683787891832 2.9227503138664073 34
1683787891917 2.9290533934552805 35
1683787891970 2.9314721790933387 36
1683787892033 2.9300943655937512 37
1683787892102 2.9250801941665197 38
1683787892155 2.9166473491967277 39
1683787892218 2.90505932411485 40
1683787892287 2.8906123550796035 41
1683787892356 2.8736241025421245 42
1683787892403 2.854424427785536 43
1683787892472 2.8333474792609397 44
1683787892534 2.810724324259411 45
1683787892588 2.786878141138783 46
1683787892657 2.7621183558838833 47
1683787892719 2.7367385937366526 48
1683787892773 2.711011949317192 49
1683787892857 2.6851909803748564 50
1683787892920 2.6595046197098196 51
1683787892973 2.6341580206546578 52
1683787893051 2.6093321904600284 53
1683787893105 2.585183804629703 54
1683787893174 2.5618457944190602 55
1683787893236 2.5394285333325763 56
1683787893290 2.518020583152466 57
1683787893359 2.497689403666538 58
1683787893406 2.478484266908924 59
1683787893475 2.4604365946376436 60
1683787893537 2.4435616117173597 61
1683787893591 2.4278608469538177 62
1683787893660 2.4133227109226043 63
1683787893722 2.3999252270632407 64
1683787893776 2.3876367217891987 65
1683787893838 2.376417822035566 66
1683787893891 2.366222856789278 67
1683787893960 2.35700103761574 68
1683787894023 2.3486976030698 69
1683787894076 2.34125501248364 70
1683787894139 2.3346141356040393 71
1683787894192 2.328715484514167 72
1683787894261 2.323498991519071 73
1683787894324 2.3189056856069605 74
1683787894377 2.3148775375242083 75
1683787894440 2.311359035715363 76
1683787894509 2.3082964006741657 77
1683787894562 2.3056388328966317 78
1683787894625 2.3033379850171016 79
1683787894678 2.3013490248492667 80
1683787894741 2.2996302809343776 81
1683787894810 2.298143214187894 82
1683787894863 2.2968529869862535 83
1683787894926 2.295727451339789 84
1683787894995 2.2947380927434105 85
1683787895057 2.293859659688483 86
1683787895111 2.293069607370043 87
1683787895180 2.2923486544298797 88
1683787895242 2.291679953672989 89
1683787895295 2.291049599158767 90
1683787895365 2.2904454683806845 91
1683787895427 2.2898579724483112 92
1683787895496 2.2892800454614766 93
1683787895559 2.288705180652658 94
1683787895612 2.2881297302689045 95
1683787895681 2.287550544420837 96
1683787895743 2.2869662374057285 97
1683787895882 2.2863764009893797 98
1683787896044 2.285781372737556 99
1683787896129 2.2851823873322448 100
1683787896198 2.284581017954766 101
1683787896261 2.283979846003854 102
1683787896314 2.283381138369882 103
1683787896383 2.282788081124327 104
1683787896446 2.282203339573332 105
1683787896499 2.281630210372856 106
1683787896568 2.2810717900315725 107
1683787896631 2.2805310106878833 108
1683787896684 2.280010850410224 109
1683787896762 2.2795140028486562 110
1683787896816 2.2790432777561604 111
1683787896885 2.2786007691628085 112
1683787896947 2.2781888511541624 113
1683787897000 2.2778094569004055 114
1683787897069 2.2774641510741067 115
1683787897132 2.277154514775728 116
1683787897201 2.276881686748018 117
1683787897264 2.276646662792322 118
1683787897517 2.276450316088746 119
1683787897633 2.2762932653308328 120
1683787897702 2.2761759013849945 121
1683787897771 2.276098228131626 122
1683787897834 2.2760607785269014 123
1683787897887 2.276063141542195 124
1683787897950 2.2761052640672386 125
1683787898019 2.276186936879869 126
1683787898088 2.276307935097826 127
1683787898150 2.276467337607845 128
1683787898204 2.2766652537085164 129
1683787898273 2.276900975276639 130
1683787898335 2.2771736063053227 131
1683787898389 2.2774830355553934 132
1683787898451 2.2778284065172407 133
1683787898520 2.2782092056901844 134
1683787898574 2.2786250523486697 135
1683787898636 2.279075166973188 136
1683787898705 2.279558845601338 137
1683787898768 2.2800759339688157 138
1683787898821 2.2806257747240966 139
1683787898890 2.281207936948482 140
1683787898953 2.2818218074348944 141
1683787899006 2.282467103758032 142
1683787899075 2.2831435890902627 143
1683787899137 2.2838505517621432 144
1683787899207 2.284588290490578 145
1683787899269 2.2853558658965345 146
1683787899322 2.286153383010853 147
1683787899391 2.286980383366225 148
1683787899454 2.2878369705556993 149
1683787899507 2.2887226764615627 150
1683787899576 2.2896373265065018 151
1683787899639 2.29058071931441 152
1683787899692 2.291553066175663 153
1683787899755 2.2925536454078754 154
1683787899824 2.293582919794612 155
1683787899877 2.2946402640932915 156
1683787899955 2.295725802852759 157
1683787900009 2.2968392506068893 158
1683787900077 2.2979805502543416 159
1683787900124 2.299149363353557 160
1683787900193 2.300345990818087 161
1683787900256 2.3015699686525846 162
1683787900309 2.3028209226127756 163
1683787900378 2.3040991966114355 164
1683787900441 2.305404166318473 165
1683787900494 2.3067360744227274 166
1683787900557 2.308094403855041 167
1683787900610 2.3094789941713656 168
1683787900679 2.3108898410685943 169
1683787900742 2.3123263644585057 170
1683787900795 2.3137888707954497 171
1683787900858 2.3152768942628437 172
1683787900927 2.316790171190434 173
1683787900996 2.3183283353403263 174
1683787901058 2.319891588950407 175
1683787901127 2.3214793248654138 176
1683787901181 2.3230915174172564 177
1683787901243 2.32472783487451 178
1683787901475 2.3263882264060824 179
1683787901575 2.3280721534978945 180
1683787901628 2.3297798632857356 181
1683787901697 2.331510715520425 182
1683787901760 2.33326472689785 183
1683787901813 2.3350416743954945 184
1683787901882 2.3368412490098636 185
1683787901945 2.3386632982250872 186
1683787901998 2.3405076819383317 187
1683787902061 2.3423741104953777 188
1683787902130 2.344262570106732 189
1683787902199 2.3461726699967755 190
1683787902261 2.3481043237298667 191
1683787902315 2.3500574832578254 192
1683787902384 2.3520316499438922 193
1683787902446 2.354027086683784 194
1683787902500 2.3560433336647963 195
1683787902562 2.3580803660255643 196
1683787902700 2.3601379228493404 197
1683787902763 2.362215977431815 198
1683787902832 2.364314139288358 199
1683787902885 2.366432676359625 200
1683787902948 2.368571060776285 201
1683787903017 2.370729171504719 202
1683787903086 2.3729072500226587 203
1683787903133 2.375104601629905 204
1683787903202 2.377321360722684 205
1683787903264 2.379901934755208 206
1683787903333 2.382623912231513 207
1683787903387 2.385415503993318 208
1683787903449 2.388254971252656 209
1683787903518 2.391132830552301 210
1683787903565 2.3940434795676366 211
1683787903634 2.396981616165312 212
1683787903687 2.399942139763903 213
1683787903750 2.4029198020362132 214
1683787903819 2.405909593728857 215
1683787903881 2.4089067365758963 216
1683787903935 2.411907087260765 217
1683787904004 2.4149064942382346 218
1683787904066 2.417901484374605 219
1683787904120 2.4208889657453456 220
1683787904189 2.423866352295291 221
1683787904251 2.426831151989436 222
1683787904305 2.42978182756731 223
1683787904367 2.43271673174025 224
1683787904421 2.4356350904474073 225
1683787904490 2.4385361631355282 226
1683787904552 2.4414200190553776 227
1683787904606 2.444286669492567 228
1683787904668 2.447136786283249 229
1683787904722 2.449971303893908 230
1683787904791 2.452791423003011 231
1683787904853 2.4555985113713046 232
1683787904906 2.4583941949148116 233
1683787904969 2.461180103379819 234
1683787905022 2.4639585134864417 235
1683787905091 2.466731022303833 236
1683787905154 2.4694998714946887 237
1683787905207 2.4722669419953385 238
1683787905270 2.4750345758078494 239
1683787905339 2.4778042220493677 240
1683787905392 2.4805780216541504 241
1683787905455 2.4833579354064765 242
1683787905524 2.4861455491410833 243
1683787905571 2.4889421037457486 244
1683787905640 2.491749454219223 245
1683787905693 2.4945685896115948 246
1683787905756 2.4974009119676595 247
1683787905809 2.5002470804878985 248
1683787905872 2.5031080916663604 249
1683787905941 2.505984719696831 250
