1684249239526 11.8523445 1
1684249239605 13.370275 2
1684249239676 15.581158 3
1684249239745 18.14179 4
1684249239814 20.657448 5
1684249239884 22.75244 6
1684249239954 24.201609 7
1684249240024 24.928463 8
1684249240094 24.96002 9
1684249240165 24.367924 10
1684249240235 23.32203 11
1684249240305 22.110714 12
1684249240377 20.960066 13
1684249240447 19.99181 14
1684249240521 19.245441 15
1684249240589 18.708158 16
1684249240659 18.343304 17
1684249240729 18.109161 18
1684249240799 17.968521 19
1684249240880 17.892086 20
1684249240951 17.858114 21
1684249241024 17.850306 22
1684249241094 17.856428 23
1684249241164 17.868473 24
1684249241232 17.882244 25
1684249241300 17.895939 26
1684249241372 17.908966 27
1684249241440 17.92168 28
1684249241508 17.934988 29
1684249241579 17.948597 30
1684249241651 17.955585 31
1684249241721 17.925251 32
1684249241790 17.808498 33
1684249241862 17.578556 34
1684249241931 17.245632 35
1684249242002 16.862514 36
1684249242073 16.496046 37
1684249242140 16.194988 38
1684249242207 15.984943 39
1684249242276 15.8726425 40
1684249242344 15.852072 41
1684249242410 15.910394 42
1684249242479 16.030754 43
1684249242547 16.188404 44
1684249242616 16.338894 45
1684249242683 16.456932 46
1684249242750 16.53362 47
1684249242818 16.554947 48
1684249242887 16.507084 49
1684249242954 16.380636 50
1684249243023 16.17221 51
1684249243091 15.884573 52
1684249243159 15.527212 53
1684249243229 15.117838 54
1684249243296 14.683584 55
1684249243367 14.258326 56
1684249243435 13.874901 57
1684249243506 13.557676 58
1684249243574 13.32002 59
1684249243642 13.165532 60
1684249243718 13.090754 61
1684249243797 13.087849 62
1684249243867 13.146493 63
1684249243934 13.254834 64
1684249244003 13.399792 65
1684249244070 13.567368 66
1684249244140 13.743402 67
1684249244207 13.914531 68
1684249244276 14.069077 69
1684249244343 14.197585 70
1684249244411 14.293018 71
1684249244482 14.350943 72
1684249244550 14.369906 73
1684249244619 14.351546 74
1684249244687 14.300145 75
1684249244754 14.221921 76
1684249244821 14.124258 77
1684249244889 14.0149975 78
1684249244955 13.901823 79
1684249245023 13.7917595 80
1684249245092 13.690792 81
1684249245161 13.603585 82
1684249245232 13.533321 83
1684249245302 13.481646 84
1684249245374 13.448694 85
1684249245442 13.433186 86
1684249245511 13.432556 87
1684249245579 13.443107 88
1684249245649 13.46014 89
1684249245717 13.478067 90
1684249245784 13.490456 91
1684249245855 13.490005 92
1684249245928 13.468459 93
1684249245994 13.416484 94
1684249246065 13.323578 95
1684249246136 13.17818 96
1684249246204 12.968147 97
1684249246272 12.681841 98
1684249246340 12.309908 99
1684249246409 11.847561 100
1684249246476 11.296806 101
1684249246544 10.667904 102
1684249246614 9.979635 103
1684249246683 9.25839 104
1684249246751 8.536224 105
1684249246820 7.847473 106
1684249246889 7.2231255 107
1684249246957 6.6845055 108
1684249247028 6.24034 109
1684249247095 5.8885183 110
1684249247162 5.620079 111
1684249247229 5.422841 112
1684249247297 5.2837715 113
1684249247365 5.190238 114
1684249247434 5.1305423 115
1684249247502 5.094105 116
1684249247573 5.0715885 117
1684249247644 5.055089 118
1684249247712 5.0382977 119
1684249247781 5.016541 120
1684249247851 4.986681 121
1684249247921 4.946931 122
1684249247990 4.896634 123
1684249248059 4.836036 124
1684249248127 4.7660656 125
1684249248195 4.688119 126
1684249248263 4.603854 127
1684249248330 4.5150003 128
1684249248398 4.423173 129
1684249248466 4.3297276 130
1684249248537 4.2356496 131
1684249248609 4.141488 132
1684249248681 4.0473495 133
1684249248750 3.9529161 134
1684249248821 3.857512 135
1684249248890 3.760179 136
1684249248961 3.6597776 137
1684249249029 3.5550973 138
1684249249098 3.4449646 139
1684249249170 3.3283372 140
1684249249239 3.204339 141
1684249249308 3.0722334 142
1684249249377 2.9314103 143
1684249249449 2.781579 144
1684249249518 2.6232557 145
1684249249587 2.4582872 146
1684249249659 2.28999 147
1684249249731 2.1227803 148
1684249249801 1.9614376 149
1684249249870 1.8102727 150
1684249249939 1.6724801 151
1684249250010 1.5498605 152
1684249250077 1.4429293 153
1684249250147 1.3512506 154
1684249250216 1.2738034 155
1684249250284 1.2092717 156
1684249250351 1.156254 157
1684249250420 1.1134073 158
1684249250488 1.079534 159
1684249250556 1.0536246 160
1684249250626 1.0348529 161
1684249250694 1.0225551 162
1684249250763 1.0162088 163
1684249250831 1.0154276 164
1684249250899 1.0199654 165
1684249250968 1.0297157 166
1684249251036 1.0446942 167
1684249251105 1.0649989 168
1684249251174 1.0907567 169
1684249251243 1.1220692 170
1684249251312 1.1589664 171
1684249251564 1.2013762 172
1684249251739 1.2491131 173
1684249251818 1.3018764 174
1684249251899 1.3592653 175
1684249251971 1.4207919 176
1684249252040 1.4858971 177
1684249252108 1.5539634 178
1684249252177 1.624323 179
1684249252246 1.6962597 180
1684249252389 1.7690121 181
1684249252584 1.8417715 182
1684249252702 1.9136872 183
1684249252771 1.9838747 184
1684249252840 2.0514307 185
1684249252911 2.1154623 186
1684249252980 2.1751168 187
1684249253049 2.2296221 188
1684249253118 2.2783287 189
1684249253189 2.3207455 190
1684249253263 2.3565714 191
1684249253329 2.3857098 192
1684249253399 2.4082718 193
1684249253467 2.424563 194
1684249253540 2.4350553 195
1684249253612 2.4403524 196
1684249253682 2.4411461 197
1684249253751 2.4381733 198
1684249253819 2.4321756 199
1684249253887 2.423865 200
1684249253955 2.4138951 201
1684249254023 2.4028444 202
1684249254090 2.3912013 203
1684249254157 2.379363 204
1684249254226 2.3676357 205
1684249254294 2.3562403 206
1684249254363 2.3453212 207
1684249254430 2.3349593 208
1684249254499 2.3251796 209
1684249254569 2.3159676 210
1684249254636 2.3072767 211
1684249254708 2.2990396 212
1684249254778 2.2911768 213
1684249254846 2.2836041 214
1684249254915 2.2762394 215
1684249254985 2.2690058 216
1684249255054 2.2618363 217
1684249255124 2.2546751 218
1684249255194 2.247479 219
1684249255263 2.2402189 220
1684249255331 2.2328782 221
1684249255399 2.225452 222
1684249255469 2.217948 223
1684249255538 2.2103815 224
1684249255606 2.202777 225
1684249255674 2.195164 226
1684249255742 2.1875777 227
1684249255810 2.1800559 228
1684249255877 2.1726365 229
1684249255948 2.1653588 230
1684249256016 2.1582603 231
1684249256084 2.1513758 232
1684249256155 2.1447368 233
1684249256223 2.1383727 234
1684249256293 2.1323073 235
1684249256360 2.1265602 236
1684249256429 2.121147 237
1684249256497 2.1160789 238
1684249256565 2.1113636 239
1684249256632 2.1070037 240
1684249256699 2.1029997 241
1684249256766 2.0993502 242
1684249256835 2.0960484 243
1684249256901 2.0930889 244
1684249256970 2.0904627 245
1684249257039 2.0881612 246
1684249257111 2.0861747 247
1684249257179 2.0844936 248
1684249257249 2.0831084 249
1684249257319 2.0820096 250
