1684250905622 12.09698 1
1684250905776 13.508106 2
1684250905847 15.266966 3
1684250905920 17.464207 4
1684250905988 20.0178 5
1684250906058 22.689878 6
1684250906132 25.180464 7
1684250906202 27.209574 8
1684250906270 28.47348 9
1684250906340 28.9386 10
1684250906409 28.698162 11
1684250906479 27.879593 12
1684250906551 26.605576 13
1684250906621 24.989843 14
1684250906691 23.151844 15
1684250906759 21.225937 16
1684250906831 19.347385 17
1684250906903 17.626507 18
1684250906973 16.130928 19
1684250907045 14.880461 20
1684250907115 13.847777 21
1684250907186 12.941635 22
1684250907258 12.020199 23
1684250907332 10.991666 24
1684250907402 9.83068 25
1684250907475 8.575775 26
1684250907551 7.30622 27
1684250907623 6.1148705 28
1684250907693 5.077754 29
1684250907763 4.233773 30
1684250907831 3.5858092 31
1684250907901 3.1095972 32
1684250907971 2.7645178 33
1684250908040 2.5039427 34
1684250908108 2.2863584 35
1684250908174 2.0833516 36
1684250908240 1.8826013 37
1684250908307 1.6856976 38
1684250908376 1.5015793 39
1684250908449 1.3411198 40
1684250908518 1.21259 41
1684250908584 1.1191515 42
1684250908652 1.0591159 43
1684250908719 1.0270926 44
1684250908787 1.0151945 45
1684250908856 1.0140891 46
1684250908926 1.014405 47
1684250909001 1.0089484 48
1684250909070 0.99421716 49
1684250909136 0.9701779 50
1684250909206 0.93947774 51
1684250909276 0.90670407 52
1684250909346 0.8767091 53
1684250909418 0.8525121 54
1684250909486 0.834482 55
1684250909554 0.8207299 56
1684250909622 0.80826426 57
1684250909689 0.79395604 58
1684250909758 0.7749327 59
1684250909825 0.74945563 60
1684250909892 0.71794677 61
1684250909965 0.68268216 62
1684250910035 0.646682 63
1684250910104 0.61249113 64
1684250910173 0.5813997 65
1684250910241 0.55344146 66
1684250910312 0.5281103 67
1684250910379 0.5053245 68
1684250910449 0.48602152 69
1684250910518 0.47194538 70
1684250910583 0.46471593 71
1684250910651 0.46487176 72
1684250910724 0.47168127 73
1684250910794 0.48382944 74
1684250910861 0.500298 75
1684250910939 0.5207909 76
1684250911011 0.545624 77
1684250911081 0.5752437 78
1684250911151 0.6096065 79
1684250911221 0.64764816 80
1684250911288 0.68707925 81
1684250911355 0.72461575 82
1684250911423 0.75645924 83
1684250911493 0.7788878 84
1684250911560 0.78896356 85
1684250911630 0.78525007 86
1684250911699 0.7682299 87
1684250911766 0.7402243 88
1684250911833 0.704829 89
1684250911899 0.66608214 90
1684250911968 0.62765855 91
1684250912038 0.59233224 92
1684250912107 0.5617923 93
1684250912175 0.53674716 94
1684250912242 0.51718444 95
1684250912310 0.50266236 96
1684250912377 0.49255317 97
1684250912445 0.4862088 98
1684250912512 0.48304754 99
1684250912578 0.48258024 100
1684250912647 0.48440045 101
1684250912715 0.4881584 102
1684250912781 0.4935405 103
1684250912848 0.50026107 104
1684250912916 0.50806415 105
1684250912987 0.5167331 106
1684250913056 0.5260995 107
1684250913127 0.5360509 108
1684250913195 0.5465413 109
1684250913263 0.5576113 110
1684250913331 0.5694249 111
1684250913403 0.58233696 112
1684250913474 0.5969811 113
1684250913542 0.6143298 114
1684250913609 0.6356332 115
1684250913677 0.66223735 116
1684250913747 0.69539773 117
1684250913817 0.73613906 118
1684250913886 0.7851801 119
1684250913955 0.8431214 120
1684250914025 0.91107833 121
1684250914093 0.9902844 122
1684250914161 1.0800625 123
1684250914232 1.173654 124
1684250914298 1.2577451 125
1684250914366 1.3219162 126
1684250914434 1.3603685 127
1684250914504 1.3730323 128
1684250914573 1.3646284 129
1684250914641 1.3425105 130
1684250914710 1.3147268 131
1684250914782 1.2886975 132
1684250914850 1.2706873 133
1684250914917 1.26581 134
1684250914987 1.2779977 135
1684250915056 1.3097383 136
1684250915126 1.3618681 137
1684250915202 1.4333726 138
1684250915272 1.5209358 139
1684250915340 1.6182463 140
1684250915409 1.7153604 141
1684250915477 1.7986484 142
1684250915549 1.8521997 143
1684250915618 1.8614218 144
1684250915686 1.8177646 145
1684250915755 1.7219092 146
1684250915824 1.5837785 147
1684250915896 1.419679 148
1684250915966 1.2479906 149
1684250916036 1.0850329 150
1684250916110 0.9423143 151
1684250916177 0.82562673 152
1684250916246 0.73576415 153
1684250916316 0.67014843 154
1684250916381 0.62460226 155
1684250916447 0.5947258 156
1684250916515 0.57669574 157
1684250916585 0.5675546 158
1684250916652 0.5651656 159
1684250916763 0.568022 160
1684250916835 0.5750319 161
1684250916904 0.5853542 162
1684250916975 0.5983037 163
1684250917044 0.6133172 164
1684250917114 0.6299584 165
1684250917181 0.6479279 166
1684250917251 0.66704786 167
1684250917318 0.68719244 168
1684250917384 0.7081568 169
1684250917484 0.7294794 170
1684250917552 0.75026906 171
1684250917619 0.76910704 172
1684250917687 0.7841097 173
1684250917756 0.7932513 174
1684250917827 0.794947 175
1684250917897 0.78860146 176
1684250917968 0.77478755 177
1684250918039 0.75504816 178
1684250918106 0.7314854 179
1684250918174 0.7063152 180
1684250918243 0.6815119 181
1684250918313 0.6586027 182
1684250918380 0.6386051 183
1684250918446 0.6220718 184
1684250918517 0.6091927 185
1684250918587 0.5999098 186
1684250918657 0.5940186 187
1684250918727 0.5912421 188
1684250918795 0.59127384 189
1684250918866 0.5937996 190
1684250918933 0.59850085 191
1684250919018 0.6050513 192
1684250919095 0.6131121 193
1684250919165 0.6223277 194
1684250919236 0.63232636 195
1684250919307 0.6427228 196
1684250919375 0.65312505 197
1684250919444 0.6631427 198
1684250919515 0.6723952 199
1684250919583 0.6805258 200
1684250919652 0.6872137 201
1684250919722 0.69219273 202
1684250919789 0.6952696 203
1684250919859 0.696341 204
1684250919926 0.69540656 205
1684250919995 0.6925721 206
1684250920065 0.6880433 207
1684250920133 0.6821071 208
1684250920204 0.6751059 209
1684250920271 0.6674088 210
1684250920341 0.65937895 211
1684250920408 0.6513516 212
1684250920475 0.6436125 213
1684250920544 0.6363883 214
1684250920612 0.6298441 215
1684250920680 0.6240839 216
1684250920746 0.6191565 217
1684250920814 0.61506534 218
1684250920882 0.61177665 219
1684250920950 0.6092283 220
1684250921019 0.6073382 221
1684250921093 0.60601085 222
1684250921162 0.6051447 223
1684250921230 0.6046368 224
1684250921300 0.6043874 225
1684250921368 0.6043039 226
1684250921434 0.60430294 227
1684250921502 0.6043142 228
1684250921574 0.6042802 229
1684250921641 0.6041572 230
1684250921709 0.60391676 231
1684250921779 0.60354173 232
1684250921848 0.60302836 233
1684250921916 0.60238206 234
1684250921988 0.6016172 235
1684250922056 0.6007532 236
1684250922128 0.59981465 237
1684250922196 0.59882736 238
1684250922265 0.5978184 239
1684250922332 0.5968137 240
1684250922398 0.5958375 241
1684250922464 0.59491193 242
1684250922532 0.594055 243
1684250922599 0.59328306 244
1684250922666 0.5926088 245
1684250922733 0.5920421 246
1684250922800 0.59159017 247
1684250922867 0.5912585 248
1684250922935 0.5910509 249
1684250923004 0.5909705 250
