1684247461507 13.360441 1
1684247461582 14.688985 2
1684247461655 16.60122 3
1684247461726 18.926258 4
1684247461797 21.362988 5
1684247461870 23.60615 6
1684247461954 25.44988 7
1684247462030 26.820896 8
1684247462099 27.750908 9
1684247462170 28.3264 10
1684247462239 28.645657 11
1684247462315 28.79302 12
1684247462384 28.82816 13
1684247462456 28.772177 14
1684247462527 28.61608 15
1684247462600 28.356075 16
1684247462671 27.994213 17
1684247462742 27.566994 18
1684247462815 27.121073 19
1684247463060 26.677824 20
1684247463218 26.223633 21
1684247463288 25.706184 22
1684247463358 25.014889 23
1684247463425 24.074862 24
1684247463494 22.867302 25
1684247463564 21.420605 26
1684247463632 19.803574 27
1684247463700 18.12351 28
1684247463772 16.522758 29
1684247463838 15.099106 30
1684247463907 13.875399 31
1684247463976 12.834873 32
1684247464044 11.944546 33
1684247464111 11.148188 34
1684247464182 10.379505 35
1684247464250 9.599567 36
1684247464318 8.804562 37
1684247464385 8.017571 38
1684247464453 7.2818055 39
1684247464523 6.6464214 40
1684247464591 6.1367254 41
1684247464661 5.7525344 42
1684247464729 5.4786625 43
1684247464798 5.2947865 44
1684247464865 5.1818438 45
1684247464932 5.1248236 46
1684247465002 5.113257 47
1684247465071 5.1406612 48
1684247465142 5.20309 49
1684247465214 5.2974224 50
1684247465282 5.4206886 51
1684247465351 5.569933 52
1684247465419 5.7422304 53
1684247465489 5.9347334 54
1684247465560 6.1446357 55
1684247465625 6.3689017 56
1684247465693 6.603559 57
1684247465761 6.842766 58
1684247465830 7.0788875 59
1684247465900 7.3038754 60
1684247465966 7.51107 61
1684247466033 7.6967173 62
1684247466100 7.8607283 63
1684247466167 8.006548 64
1684247466234 8.140355 65
1684247466303 8.270014 66
1684247466369 8.403858 67
1684247466437 8.549288 68
1684247466504 8.711687 69
1684247466571 8.894094 70
1684247466638 9.097406 71
1684247466705 9.320758 72
1684247466775 9.561886 73
1684247466843 9.817375 74
1684247466911 10.082866 75
1684247466980 10.353455 76
1684247467048 10.6244 77
1684247467116 10.891956 78
1684247467183 11.154023 79
1684247467250 11.410494 80
1684247467319 11.663247 81
1684247467390 11.91586 82
1684247467460 12.173497 83
1684247467526 12.4430485 84
1684247467599 12.731074 85
1684247467669 13.040386 86
1684247467737 13.368029 87
1684247467807 13.706941 88
1684247467876 14.051724 89
1684247467943 14.401806 90
1684247468010 14.758109 91
1684247468078 15.11971 92
1684247468145 15.482124 93
1684247468212 15.83761 94
1684247468434 16.174728 95
1684247468566 16.47813 96
1684247468634 16.73248 97
1684247468703 16.925808 98
1684247468771 17.049286 99
1684247468840 17.095547 100
1684247468910 17.057133 101
1684247468979 16.925976 102
1684247469053 16.694754 103
1684247469120 16.36059 104
1684247469193 15.930598 105
1684247469263 15.426029 106
1684247469332 14.877085 107
1684247469401 14.313919 108
1684247469470 13.7617235 109
1684247469538 13.238808 110
1684247469609 12.7563925 111
1684247469681 12.31918 112
1684247469751 11.926279 113
1684247469822 11.572506 114
1684247469891 11.250117 115
1684247469962 10.950604 116
1684247470033 10.666027 117
1684247470115 10.389644 118
1684247470186 10.1159935 119
1684247470254 9.840687 120
1684247470323 9.560121 121
1684247470393 9.27126 122
1684247470461 8.97154 123
1684247470529 8.658898 124
1684247470598 8.331911 125
1684247470667 7.9899755 126
1684247470735 7.633505 127
1684247470804 7.2640867 128
1684247470876 6.884573 129
1684247470945 6.4990788 130
1684247471017 6.112904 131
1684247471087 5.732444 132
1684247471159 5.365222 133
1684247471229 5.0196557 134
1684247471297 4.703843 135
1684247471365 4.424262 136
1684247471434 4.1850395 137
1684247471502 3.987745 138
1684247471570 3.8316345 139
1684247471637 3.7141936 140
1684247471707 3.631769 141
1684247471776 3.5801296 142
1684247471844 3.5548882 143
1684247471914 3.551773 144
1684247471984 3.5667849 145
1684247472054 3.5962784 146
1684247472122 3.6369982 147
1684247472192 3.686089 148
1684247472260 3.7410965 149
1684247472328 3.799951 150
1684247472399 3.8609552 151
1684247472467 3.922756 152
1684247472535 3.9843194 153
1684247472604 4.0448976 154
1684247472672 4.1039963 155
1684247472739 4.1613398 156
1684247472807 4.2168365 157
1684247472874 4.270541 158
1684247472941 4.322618 159
1684247473009 4.37329 160
1684247473078 4.422798 161
1684247473147 4.4713545 162
1684247473214 4.519112 163
1684247473284 4.566142 164
1684247473352 4.6124306 165
1684247473420 4.657882 166
1684247473489 4.702332 167
1684247473557 4.7455606 168
1684247473628 4.7873087 169
1684247473697 4.8272924 170
1684247473768 4.86521 171
1684247473835 4.900754 172
1684247473905 4.9336147 173
1684247473974 4.9634867 174
1684247474095 4.9900703 175
1684247474160 5.0130777 176
1684247474229 5.0322328 177
1684247474296 5.047279 178
1684247474364 5.057984 179
1684247474431 5.064144 180
1684247474500 5.0655956 181
1684247474568 5.0622206 182
1684247474636 5.053956 183
1684247474708 5.040803 184
1684247474777 5.0228305 185
1684247474846 5.000183 186
1684247474913 4.9730844 187
1684247474983 4.9418306 188
1684247475051 4.906787 189
1684247475163 4.86838 190
1684247475236 4.827078 191
1684247475303 4.783372 192
1684247475371 4.7377543 193
1684247475441 4.690698 194
1684247475510 4.642639 195
1684247475577 4.593972 196
1684247475645 4.545057 197
1684247475715 4.496231 198
1684247475783 4.447821 199
1684247475851 4.4001513 200
1684247475924 4.3535404 201
1684247475992 4.3082933 202
1684247476059 4.264691 203
1684247476128 4.222977 204
1684247476198 4.1833544 205
1684247476267 4.145981 206
1684247476337 4.1109767 207
1684247476405 4.078434 208
1684247476474 4.048434 209
1684247476542 4.0210605 210
1684247476611 3.996403 211
1684247476681 3.9745321 212
1684247476764 3.9554634 213
1684247476833 3.9391136 214
1684247476903 3.9252808 215
1684247476973 3.9136462 216
1684247477043 3.9037971 217
1684247477113 3.8952599 218
1684247477179 3.8875322 219
1684247477245 3.880115 220
1684247477312 3.872539 221
1684247477380 3.864386 222
1684247477447 3.8553052 223
1684247477518 3.8450198 224
1684247477589 3.8333356 225
1684247477658 3.820135 226
1684247477726 3.8053749 227
1684247477798 3.7890735 228
1684247477870 3.771306 229
1684247477937 3.7521958 230
1684247478004 3.7319102 231
1684247478070 3.710658 232
1684247478138 3.6886864 233
1684247478219 3.6662765 234
1684247478293 3.6437345 235
1684247478360 3.6213844 236
1684247478429 3.599555 237
1684247478500 3.5785618 238
1684247478567 3.558691 239
1684247478634 3.54018 240
1684247478701 3.523197 241
1684247478768 3.5078282 242
1684247478834 3.4940743 243
1684247478902 3.481849 244
1684247478972 3.4709916 245
1684247479040 3.4612832 246
1684247479108 3.4524674 247
1684247479179 3.444272 248
1684247479251 3.4364283 249
1684247479320 3.4286902 250
