1684248826144 0.6089369630813283 1
1684248826223 1.0252790457878165 2
1684248826297 1.4600558559491252 3
1684248826369 1.7349946647313805 4
1684248826442 1.7597610679532771 5
1684248826514 1.6502912065210107 6
1684248826584 1.5891006516761343 7
1684248826655 1.589243113482129 8
1684248826725 1.627919446552404 9
1684248826796 1.6947451114022862 10
1684248826867 1.8183135662478822 11
1684248826936 2.0707593668236175 12
1684248827008 2.473252447989827 13
1684248827079 2.9887058049388884 14
1684248827149 3.573276326239738 15
1684248827221 4.1972219285438195 16
1684248827302 4.840824327462764 17
1684248827372 5.485724688682625 18
1684248827442 6.111087132423631 19
1684248827514 6.698119287499858 20
1684248827663 7.233969057703575 21
1684248827735 7.719056154160058 22
1684248827807 8.159530944001192 23
1684248827880 8.55153005217835 24
1684248827952 8.88216840281439 25
1684248828022 9.137228231909267 26
1684248828094 9.311807479533043 27
1684248828164 9.414033091257247 28
1684248828234 9.46377938856377 29
1684248828306 9.483614610759327 30
1684248828377 9.489878497215553 31
1684248828445 9.507734280223701 32
1684248828517 9.561354794119692 33
1684248828588 9.665317368911456 34
1684248828655 9.820641416844701 35
1684248828724 10.01461051892556 36
1684248828794 10.224986775121678 37
1684248828871 10.426712898284164 38
1684248828953 10.595503691384659 39
1684248829023 10.71884725633818 40
1684248829091 10.796022176123136 41
1684248829161 10.831995306418968 42
1684248829231 10.833835099907205 43
1684248829300 10.807643249390534 44
1684248829368 10.757489956118945 45
1684248829437 10.685549830671922 46
1684248829505 10.59236206020962 47
1684248829574 10.47770981698313 48
1684248829642 10.342792468851622 49
1684248829713 10.192583954448377 50
1684248829785 10.036111796928347 51
1684248829857 9.88402461604842 52
1684248829927 9.745434580666625 53
1684248829999 9.62595045765135 54
1684248830066 9.52730710854994 55
1684248830136 9.44843986119859 56
1684248830205 9.387506225750483 57
1684248830275 9.343516646251574 58
1684248830343 9.316246345631887 59
1684248830414 9.305122114454843 60
1684248830484 9.308446762858614 61
1684248830552 9.323196474328311 62
1684248830619 9.34522322423164 63
1684248830689 9.369825527174967 64
1684248830757 9.392447287509874 65
1684248830824 9.409284338815867 66
1684248830891 9.417693235811019 67
1684248830959 9.416341291070994 68
1684248831027 9.405123579129665 69
1684248831095 9.38501886112747 70
1684248831163 9.357809239074147 71
1684248831232 9.32562692827552 72
1684248831302 9.290729707232654 73
1684248831369 9.255405499447429 74
1684248831439 9.221645698960206 75
1684248831509 9.190697732981294 76
1684248831577 9.162744289704124 77
1684248831645 9.136739910328323 78
1684248831713 9.110689623075114 79
1684248831780 9.082361439936223 80
1684248831849 9.050060996344502 81
1684248831916 9.01309545455104 82
1684248831984 8.971892096831075 83
1684248832050 8.927875380547865 84
1684248832118 8.882979918596737 85
1684248832187 8.83886132837601 86
1684248832255 8.79626072201611 87
1684248832323 8.754784103562692 88
1684248832390 8.713150320256508 89
1684248832462 8.669787451564849 90
1684248832529 8.623482721054904 91
1684248832596 8.57369650062172 92
1684248832666 8.520485880452101 93
1684248832733 8.464238873050498 94
1684248832801 8.405400123339696 95
1684248833955 8.344313566095204 96
1684248834027 8.281162034774011 97
1684248834096 8.215971159674877 98
1684248834165 8.148655129283496 99
1684248834233 8.079069290243247 100
1684248834301 8.007059160577032 101
1684248834368 7.93249673635682 102
1684248834435 7.855299759646314 103
1684248834503 7.775451602520969 104
1684248834571 7.693015914765149 105
1684248834638 7.608144702004931 106
1684248834709 7.521085519170845 107
1684248834777 7.432165840614921 108
1684248834845 7.3417786688405045 109
1684248834916 7.25035924022537 110
1684248834983 7.158350154020905 111
1684248835050 7.066183263142872 112
1684248835118 6.974249673176809 113
1684248835185 6.882884359270038 114
1684248835255 6.792345762980373 115
1684248835321 6.702810883527554 116
1684248835389 6.614371064462992 117
1684248835457 6.52704128859867 118
1684248835526 6.440769228306167 119
1684248835597 6.355456484791454 120
1684248835668 6.270973276470952 121
1684248835738 6.187176327504713 122
1684248835805 6.103925900772974 123
1684248835874 6.021093878543966 124
1684248835951 5.938574698601824 125
1684248836043 5.856294538768749 126
1684248836111 5.774216175213816 127
1684248836178 5.692350156776289 128
1684248836246 5.610763651423397 129
1684248836314 5.529587421509472 130
1684248836381 5.449020297707084 131
1684248836448 5.369330732614269 132
1684248836519 5.2908409047740115 133
1684248836587 5.213910354135247 134
1684248836655 5.138909812417101 135
1684248836723 5.066192605753228 136
1684248836790 4.99606893001746 137
1684248836858 4.928795481548198 138
1684248836927 4.864559306178484 139
1684248837004 4.803483673910299 140
1684248837081 4.745632097256219 141
1684248837149 4.691019596461513 142
1684248837218 4.639624575516297 143
1684248837291 4.591401951933239 144
1684248837359 4.546291586640648 145
1684248837430 4.504227591435347 146
1684248837499 4.465144291373292 147
1684248837568 4.428979431872632 148
1684248837637 4.395674856256322 149
1684248837705 4.365180459894505 150
1684248837775 4.337448652082551 151
1684248837847 4.312437173605787 152
1684248837915 4.290101128536716 153
1684248837983 4.270393127811681 154
1684248838052 4.253257602539553 155
1684248838120 4.2386231753903125 156
1684248838189 4.226398672927258 157
1684248838258 4.216457952008307 158
1684248838326 4.208634992203101 159
1684248838395 4.202704984573976 160
1684248838461 4.1983699946256205 161
1684248838530 4.195247262993561 162
1684248838599 4.192859670569132 163
1684248838667 4.190640247152566 164
1684248838735 4.187949736970933 165
1684248838803 4.1841091776011385 166
1684248838871 4.178438135163411 167
1684248838940 4.170280944413906 168
1684248839011 4.159008484599404 169
1684248839079 4.143979847992245 170
1684248839147 4.124457660893765 171
1684248839215 4.099467668441144 172
1684248839284 4.0675841651354085 173
1684248839351 4.026649606395582 174
1684248839419 3.973432544548312 175
1684248839489 3.9033477203502747 176
1684248839557 3.810530736363209 177
1684248839625 3.6887286150358722 178
1684248839694 3.533201785072665 179
1684248839764 3.34305733040792 180
1684248839832 3.122929558646176 181
1684248839900 2.883254967402244 182
1684248839967 2.6390697262726595 183
1684248840038 2.407492985158025 184
1684248840108 2.2039059841930952 185
1684248840177 2.037628741123982 186
1684248840244 1.9101239634501332 187
1684248840316 1.8169001743384399 188
1684248840383 1.7508200083436833 189
1684248840450 1.7046957188502896 190
1684248840518 1.6725781647596276 191
1684248840586 1.6500580442223471 192
1684248840653 1.634064083173905 193
1684248840722 1.6225073971593216 194
1684248840792 1.6139367643933373 195
1684248840862 1.607264714305063 196
1684248840929 1.6015681535346047 197
1684248840998 1.5959596273027215 198
1684248841159 1.5895233083969997 199
1684248841228 1.5813203396898328 200
1684248841298 1.5704523525396792 201
1684248841366 1.5561805997433145 202
1684248841434 1.5380602561162562 203
1684248841503 1.5160543843526646 204
1684248841571 1.4905884546415091 205
1684248841640 1.4625152565680752 206
1684248841708 1.4329961882705164 207
1684248841776 1.4033248871958024 208
1684248841843 1.3747358635622606 209
1684248841910 1.348249765908018 210
1684248841977 1.3245800488490653 211
1684248842046 1.304110639672297 212
1684248842113 1.2869341848713487 213
1684248842180 1.2729204739953293 214
1684248842246 1.2617928128771847 215
1684248842315 1.253193551607655 216
1684248842385 1.2467304159317203 217
1684248842452 1.2420067188704491 218
1684248842520 1.2386387125602862 219
1684248842586 1.2362681851124515 220
1684248842656 1.2345729798966145 221
1684248842723 1.23327825704951 222
1684248842789 1.2321689983280109 223
1684248842861 1.2310989944921313 224
1684248842929 1.2299957287917151 225
1684248842995 1.2288584878594877 226
1684248843063 1.2277491449278979 227
1684248843128 1.2267777565701081 228
1684248843198 1.2260843548252272 229
1684248843268 1.2258213087442285 230
1684248843335 1.2261367884823378 231
1684248843404 1.2271616272584664 232
1684248843473 1.2290009991719948 233
1684248843541 1.231728088737642 234
1684248843608 1.2353809391407773 235
1684248843676 1.2399608650594036 236
1684248843745 1.2454321464226614 237
1684248843813 1.2517229493938142 238
1684248843880 1.2587275239040783 239
1684248843947 1.266309775416188 240
1684248844015 1.274309894882352 241
1684248844081 1.2825512874170584 242
1684248844148 1.2908498716377326 243
1684248844215 1.2990246432298298 244
1684248844283 1.3069072136811668 245
1684248844351 1.314349945287429 246
1684248844419 1.3212346015338012 247
1684248844487 1.3274747047687288 248
1684248844553 1.3330187303516583 249
1684248844620 1.3378489069047201 250
