1684381628213 11.757231 1
1684381628291 12.835364 2
1684381628368 14.21686 3
1684381628441 15.750874 4
1684381628516 17.287613 5
1684381628592 18.583118 6
1684381628666 19.362518 7
1684381628740 19.452034 8
1684381628814 18.86367 9
1684381628888 17.729528 10
1684381628958 16.286022 11
1684381629032 14.740264 12
1684381629104 13.216394 13
1684381629178 11.7652 14
1684381629255 10.40361 15
1684381629327 9.142735 16
1684381629399 7.991002 17
1684381629472 6.931027 18
1684381629548 5.894114 19
1684381629620 4.8683186 20
1684381629692 3.8926258 21
1684381629764 3.0279493 22
1684381629838 2.3317506 23
1684381629910 1.8358043 24
1684381629986 1.5348687 25
1684381630062 1.3886878 26
1684381630134 1.335248 27
1684381630202 1.3094862 28
1684381630274 1.262919 29
1684381630346 1.1754901 30
1684381630418 1.0541018 31
1684381630486 0.92193556 32
1684381630558 0.80508935 33
1684381630630 0.72035575 34
1684381630702 0.66973114 35
1684381630774 0.64285576 36
1684381630846 0.6238442 37
1684381630917 0.5989822 38
1684381630995 0.561781 39
1684381631067 0.5138869 40
1684381631139 0.4624588 41
1684381631215 0.41578645 42
1684381631287 0.37939787 43
1684381631359 0.35451186 44
1684381631431 0.33909422 45
1684381631499 0.33000493 46
1684381631571 0.324471 47
1684381631643 0.32038945 48
1684381631719 0.31618768 49
1684381631787 0.31096584 50
1684381631859 0.30473036 51
1684381631931 0.2981775 52
1684381632003 0.29208577 53
1684381632075 0.28683177 54
1684381632147 0.28232285 55
1684381632219 0.27825803 56
1684381632291 0.27446288 57
1684381632363 0.2710755 58
1684381632431 0.26847634 59
1684381632503 0.2670365 60
1684381632575 0.26685023 61
1684381632647 0.2676149 62
1684381632715 0.26871532 63
1684381632787 0.2694595 64
1684381632859 0.2693436 65
1684381632927 0.26821744 66
1684381632999 0.26630005 67
1684381633071 0.2640527 68
1684381633143 0.26198578 69
1684381633215 0.260486 70
1684381633283 0.2597245 71
1684381633355 0.25966334 72
1684381633427 0.260126 73
1684381633495 0.26089424 74
1684381633567 0.26177692 75
1684381633639 0.26264572 76
1684381633711 0.26343372 77
1684381633783 0.26411498 78
1684381633855 0.26468045 79
1684381633927 0.2651199 80
1684381633995 0.2654127 81
1684381634067 0.2655336 82
1684381634139 0.26546118 83
1684381634207 0.2651894 84
1684381634279 0.26473653 85
1684381634351 0.26414412 86
1684381634419 0.26347148 87
1684381634491 0.26278263 88
1684381634559 0.2621347 89
1684381634631 0.2615689 90
1684381634703 0.26110518 91
1684381634771 0.26074535 92
1684381634843 0.2604779 93
1684381634911 0.26028502 94
1684381634987 0.26015082 95
1684381635059 0.2600625 96
1684381635131 0.26001433 97
1684381635203 0.26000568 98
1684381635275 0.26003867 99
1684381635347 0.26011705 100
1684381635423 0.26024356 101
1684381635495 0.26041943 102
1684381635571 0.26064444 103
1684381635663 0.2609167 104
1684381635735 0.26123226 105
1684381635807 0.2615875 106
1684381635879 0.26197815 107
1684381635951 0.26240057 108
1684381636019 0.2628527 109
1684381636091 0.2633368 110
1684381636163 0.26385733 111
1684381636235 0.26442224 112
1684381636310 0.26504284 113
1684381636382 0.2657289 114
1684381636454 0.26648816 115
1684381636526 0.26732087 116
1684381636602 0.2682188 117
1684381636892 0.26916486 118
1684381636976 0.27013713 119
1684381637052 0.27112347 120
1684381637124 0.2721374 121
1684381637196 0.2732286 122
1684381637268 0.27445084 123
1684381637344 0.2757883 124
1684381637422 0.27711707 125
1684381637502 0.27826285 126
1684381637570 0.27907175 127
1684381637642 0.27945143 128
1684381637710 0.2793793 129
1684381637782 0.2788963 130
1684381637850 0.2780881 131
1684381637926 0.27706438 132
1684381638002 0.2759392 133
1684381638074 0.27481353 134
1684381638146 0.27376604 135
1684381638219 0.2728505 136
1684381638291 0.272097 137
1684381638367 0.27151507 138
1684381638435 0.27109742 139
1684381638507 0.27082407 140
1684381638579 0.27066472 141
1684381638799 0.27058244 142
1684381638907 0.27053812 143
1684381638975 0.27049485 144
1684381639051 0.2704206 145
1684381639123 0.27029276 146
1684381639195 0.27009818 147
1684381639263 0.2698328 148
1684381639335 0.2695012 149
1684381639407 0.2691136 150
1684381639479 0.26868376 151
1684381639551 0.26822734 152
1684381639622 0.26776192 153
1684381639694 0.2673033 154
1684381639771 0.26686788 155
1684381639839 0.2664693 156
1684381639915 0.2661202 157
1684381639983 0.26583007 158
1684381640063 0.2656064 159
1684381640135 0.26545388 160
1684381640203 0.2653746 161
1684381640275 0.26536936 162
1684381640351 0.26543713 163
1684381640419 0.26557595 164
1684381640495 0.26578486 165
1684381640563 0.26606172 166
1684381640635 0.2664073 167
1684381640707 0.26682562 168
1684381640779 0.26732808 169
1684381640851 0.26794094 170
1684381640924 0.26871744 171
1684381640998 0.26975766 172
1684381641070 0.27122238 173
1684381641142 0.27333236 174
1684381641214 0.27635378 175
1684381641293 0.2805956 176
1684381641361 0.28640074 177
1684381641433 0.29412305 178
1684381641505 0.30406922 179
1684381641581 0.31631705 180
1684381641649 0.33032256 181
1684381641721 0.34427077 182
1684381641793 0.35530436 183
1684381641865 0.36097842 184
1684381641937 0.36016867 185
1684381642009 0.35331285 186
1684381642081 0.34202683 187
1684381642153 0.32842308 188
1684381642225 0.31449687 189
1684381642297 0.30174518 190
1684381642369 0.29103252 191
1684381642445 0.2826481 192
1684381642513 0.27646458 193
1684381642585 0.2721255 194
1684381642653 0.2692056 195
1684381642725 0.26732314 196
1684381642797 0.26619497 197
1684381642865 0.2656472 198
1684381642937 0.26559332 199
1684381643005 0.26599872 200
1684381643077 0.26684526 201
1684381643149 0.26810458 202
1684381643217 0.26972544 203
1684381643293 0.2716332 204
1684381643361 0.27374065 205
1684381643565 0.27595904 206
1684381643801 0.27821308 207
1684381643881 0.2804473 208
1684381643953 0.28263104 209
1684381644029 0.2847549 210
1684381644103 0.28682482 211
1684381644179 0.2888587 212
1684381644251 0.29087746 213
1684381644323 0.29290348 214
1684381644391 0.29495975 215
1684381644463 0.29707146 216
1684381644535 0.29926908 217
1684381644607 0.30159342 218
1684381644679 0.3040958 219
1684381644751 0.30683833 220
1684381644823 0.30988672 221
1684381644899 0.31329632 222
1684381644971 0.31708628 223
1684381645043 0.32121313 224
1684381645119 0.32553852 225
1684381645191 0.3298223 226
1684381645259 0.3337509 227
1684381645327 0.33699954 228
1684381645403 0.33930516 229
1684381645479 0.34051123 230
1684381645547 0.34058475 231
1684381645619 0.33960038 232
1684381645691 0.33771187 233
1684381645759 0.33511597 234
1684381645831 0.33202285 235
1684381645903 0.32863396 236
1684381645971 0.3251267 237
1684381646043 0.32164943 238
1684381646115 0.31831813 239
1684381646191 0.31521857 240
1684381646259 0.31241 241
1684381646335 0.30992678 242
1684381646407 0.30778623 243
1684381646483 0.30598834 244
1684381646555 0.30452195 245
1684381646627 0.30336627 246
1684381646699 0.30249345 247
1684381646771 0.30187148 248
1684381646843 0.30146492 249
1684381646915 0.3012367 250
