1684381147847 10.983788 1
1684381147930 11.539757 2
1684381148002 12.911116 3
1684381148078 15.014951 4
1684381148150 17.631008 5
1684381148222 20.420425 6
1684381148294 23.109203 7
1684381148366 25.486897 8
1684381148438 27.382824 9
1684381148510 28.69923 10
1684381148582 29.428085 11
1684381148658 29.620094 12
1684381148730 29.35876 13
1684381148806 28.734253 14
1684381148878 27.836052 15
1684381148950 26.75313 16
1684381149026 25.574104 17
1684381149098 24.37948 18
1684381149174 23.228489 19
1684381149254 22.152462 20
1684381149330 21.1557 21
1684381149402 20.218826 22
1684381149478 19.300137 23
1684381149550 18.33144 24
1684381149618 17.216694 25
1684381149694 15.86962 26
1684381149770 14.272255 27
1684381149842 12.450621 28
1684381149910 10.478162 29
1684381149982 8.493503 30
1684381150054 6.6761765 31
1684381150122 5.1727877 32
1684381150194 4.03689 33
1684381150266 3.2417655 34
1684381150334 2.740145 35
1684381150406 2.451064 36
1684381150478 2.296029 37
1684381150554 2.2150586 38
1684381150622 2.1698442 39
1684381150698 2.139734 40
1684381150770 2.1155858 41
1684381150842 2.0943806 42
1684381150914 2.075686 43
1684381150986 2.0599492 44
1684381151062 2.0479078 45
1684381151130 2.0402465 46
1684381151206 2.0373383 47
1684381151274 2.039216 48
1684381151346 2.0455751 49
1684381151418 2.0554209 50
1684381151490 2.0669134 51
1684381151558 2.0783103 52
1684381151630 2.088093 53
1684381151702 2.0948672 54
1684381151774 2.0975242 55
1684381151846 2.095572 56
1684381151918 2.089422 57
1684381151990 2.0806372 58
1684381152058 2.0719008 59
1684381152130 2.0662198 60
1684381152198 2.0660558 61
1684381152274 2.0730333 62
1684381152342 2.088007 63
1684381152418 2.1112354 64
1684381152486 2.142558 65
1684381152562 2.1815486 66
1684381152630 2.227634 67
1684381152706 2.280181 68
1684381152774 2.3385575 69
1684381152846 2.4021664 70
1684381152914 2.4704633 71
1684381152986 2.542961 72
1684381153054 2.6192226 73
1684381153126 2.6988475 74
1684381153194 2.7814534 75
1684381153266 2.8666623 76
1684381153338 2.9540935 77
1684381153410 3.0433753 78
1684381153482 3.1341748 79
1684381153558 3.2262378 80
1684381153626 3.319427 81
1684381153738 3.413745 82
1684381153810 3.5093331 83
1684381153886 3.6064453 84
1684381153958 3.7054095 85
1684381154030 3.806576 86
1684381154098 3.9102738 87
1684381154170 4.016773 88
1684381154246 4.1262636 89
1684381154318 4.2388372 90
1684381154386 4.354489 91
1684381154458 4.4731092 92
1684381154530 4.5944924 93
1684381154597 4.71833 94
1684381154669 4.8442073 95
1684381154741 4.9715943 96
1684381154809 5.0998335 97
1684381154881 5.228135 98
1684381154953 5.355578 99
1684381155021 5.4811406 100
1684381155089 5.603754 101
1684381155161 5.7223825 102
1684381155237 5.836125 103
1684381155305 5.9443088 104
1684381155377 6.0465574 105
1684381155450 6.142825 106
1684381155530 6.233371 107
1684381155606 6.318697 108
1684381155683 6.399438 109
1684381155755 6.476248 110
1684381155831 6.5496693 111
1684381155903 6.620034 112
1684381155975 6.687379 113
1684381156043 6.7514 114
1684381156115 6.8114376 115
1684381156187 6.8665075 116
1684381156259 6.915365 117
1684381156327 6.9566126 118
1684381156399 6.988847 119
1684381156471 7.010832 120
1684381156543 7.021672 121
1684381156615 7.020973 122
1684381156687 7.0089426 123
1684381156795 6.9864216 124
1684381156870 6.954832 125
1684381156943 6.916049 126
1684381157015 6.872222 127
1684381157087 6.8255634 128
1684381157159 6.7781515 129
1684381157235 6.7317586 130
1684381157303 6.687739 131
1684381157375 6.6469593 132
1684381157447 6.609803 133
1684381157515 6.576212 134
1684381157587 6.54576 135
1684381157655 6.517764 136
1684381157727 6.491393 137
1684381157799 6.465774 138
1684381157871 6.4401035 139
1684381157939 6.413721 140
1684381158011 6.3861656 141
1684381158083 6.357211 142
1684381158167 6.326857 143
1684381158239 6.295311 144
1684381158311 6.2629347 145
1684381158383 6.230188 146
1684381158451 6.1975627 147
1684381158523 6.16552 148
1684381158595 6.1344385 149
1684381158667 6.104579 150
1684381158739 6.076062 151
1684381158811 6.0488634 152
1684381158883 6.0228267 153
1684381158956 5.99768 154
1684381159028 5.9730635 155
1684381159096 5.948558 156
1684381159168 5.923709 157
1684381159248 5.898048 158
1684381159316 5.871114 159
1684381159388 5.8424516 160
1684381159460 5.811619 161
1684381159532 5.778179 162
1684381159600 5.7416906 163
1684381159676 5.701696 164
1684381159752 5.6577067 165
1684381159820 5.6091933 166
1684381159892 5.555578 167
1684381159960 5.49623 168
1684381160032 5.4304695 169
1684381160100 5.357577 170
1684381160172 5.2768116 171
1684381160244 5.1874313 172
1684381160328 5.0887265 173
1684381160400 4.9800534 174
1684381160468 4.8608723 175
1684381160542 4.730786 176
1684381160618 4.5895777 177
1684381160690 4.4372463 178
1684381160762 4.2740307 179
1684381160834 4.100428 180
1684381160902 3.9172053 181
1684381160974 3.7253885 182
1684381161046 3.526253 183
1684381161114 3.321294 184
1684381161186 3.1121922 185
1684381161258 2.900773 186
1684381161326 2.6889591 187
1684381161400 2.4787223 188
1684381161468 2.272035 189
1684381161540 2.0708168 190
1684381161608 1.8768748 191
1684381161684 1.6918414 192
1684381161756 1.5171103 193
1684381161824 1.3537822 194
1684381161896 1.202644 195
1684381161968 1.064228 196
1684381162036 0.93897676 197
1684381162108 0.82753384 198
1684381162180 0.73104084 199
1684381162374 0.65117145 200
1684381162486 0.58954465 201
1684381162554 0.5464271 202
1684381162626 0.5194517 203
1684381162702 0.50368696 204
1684381162778 0.49335015 205
1684381162850 0.48394394 206
1684381162922 0.47343004 207
1684381162990 0.46195725 208
1684381163058 0.45077384 209
1684381163130 0.44122398 210
1684381163202 0.4342097 211
1684381163273 0.43001732 212
1684381163341 0.4283402 213
1684381163413 0.42842487 214
1684381163485 0.42929628 215
1684381163557 0.4299993 216
1684381163653 0.42977938 217
1684381163733 0.4281671 218
1684381163805 0.42496657 219
1684381163877 0.4201841 220
1684381163949 0.41394144 221
1684381164017 0.40640733 222
1684381164085 0.39776233 223
1684381164157 0.38819182 224
1684381164233 0.37789807 225
1684381164305 0.36712176 226
1684381164373 0.35615522 227
1684381164445 0.3453473 228
1684381164513 0.33508378 229
1684381164585 0.32575035 230
1684381164657 0.31767732 231
1684381164729 0.31108323 232
1684381164801 0.30603558 233
1684381164873 0.30244344 234
1684381165037 0.3000875 235
1684381165108 0.2986794 236
1684381165180 0.29793033 237
1684381165248 0.29760632 238
1684381165324 0.29755855 239
1684381165392 0.29772133 240
1684381165464 0.29808956 241
1684381165536 0.29868323 242
1684381165612 0.29951513 243
1684381165684 0.3005703 244
1684381165756 0.30179954 245
1684381165828 0.30312523 246
1684381165900 0.3044556 247
1684381165972 0.30569893 248
1684381166044 0.30677962 249
1684381166116 0.30764392 250
