1684383104256 0.8921224170830336 1
1684383104336 1.0334513406609742 2
1684383104416 1.2892066066018368 3
1684383104488 1.4496035510623417 4
1684383104563 1.5626503815385386 5
1684383104635 1.8523858934612167 6
1684383104707 2.435806560640902 7
1684383104782 3.26427849551521 8
1684383104858 4.2703018941556055 9
1684383104934 5.414071617864636 10
1684383105002 6.651917058619621 11
1684383105078 7.91107050085283 12
1684383105150 9.095843013451596 13
1684383105226 10.119974560686577 14
1684383105302 10.934135039372093 15
1684383105374 11.534920683241594 16
1684383105442 11.947658549827707 17
1684383105514 12.221718287867862 18
1684383105586 12.413084216058301 19
1684383105662 12.566020085102984 20
1684383105734 12.704274660919376 21
1684383105806 12.833304165246528 22
1684383105878 12.950402754761734 23
1684383105954 13.04965169311288 24
1684383106026 13.128192231082174 25
1684383106102 13.188459598966912 26
1684383106178 13.237021992259363 27
1684383106254 13.28052289669609 28
1684383106326 13.32194527225243 29
1684383106402 13.360979916993434 30
1684383106474 13.39505248319163 31
1684383106542 13.417196886769297 32
1684383106614 13.415031906384046 33
1684383106686 13.379785313945048 34
1684383106758 13.308936633566383 35
1684383106834 13.2026965133267 36
1684383106906 13.06061638673792 37
1684383106978 12.879796252902487 38
1684383107046 12.654802706039758 39
1684383107118 12.380043438391606 40
1684383107194 12.053026378355195 41
1684383107266 11.676107932060477 42
1684383107338 11.257037845731853 43
1684383107410 10.808976282970097 44
1684383107482 10.349465024084058 45
1684383107554 9.897887723380041 46
1684383107626 9.473340142112194 47
1684383107698 9.094019187105976 48
1684383107771 8.776090682801858 49
1684383107843 8.530837330252965 50
1684383107915 8.361695892786097 51
1684383107987 8.263919554445756 52
1684383108059 8.225913801517873 53
1684383108131 8.230206940920828 54
1684383108203 8.25742721116009 55
1684383108275 8.291413502159749 56
1684383108347 8.32224362958643 57
1684383108419 8.346300215484895 58
1684383108491 8.36368069374318 59
1684383108563 8.374985904829702 60
1684383108631 8.379698987482044 61
1684383108703 8.376294392152849 62
1684383108775 8.362282038859746 63
1684383108847 8.334646134969805 64
1684383108918 8.290851337772338 65
1684383108990 8.22989368119521 66
1684383109062 8.153195267391853 67
1684383109133 8.06503247448269 68
1684383109204 7.97194322222495 69
1684383109276 7.881369623175041 70
1684383109344 7.79953637053422 71
1684383109416 7.729320336310501 72
1684383109484 7.669638334880261 73
1684383109552 7.616790438255022 74
1684383109628 7.566469108010914 75
1684383109700 7.515111229592579 76
1684383109772 7.4603228084443005 77
1684383109844 7.400838551326675 78
1684383109912 7.336624826164455 79
1684383109984 7.269027374500934 80
1684383110056 7.19996719482116 81
1684383110128 7.130618189327786 82
1684383110196 7.060747876506234 83
1684383110272 6.98906177808115 84
1684383110344 6.914272939143623 85
1684383110416 6.836433583741162 86
1684383110488 6.758022917389365 87
1684383110560 6.684203920869037 88
1684383110632 6.621868721074304 89
1684383110716 6.577623072417892 90
1684383110792 6.555509359920764 91
1684383110864 6.555576167061873 92
1684383110936 6.574041831995596 93
1684383111012 6.6049787916243545 94
1684383111084 6.642445619667451 95
1684383111160 6.6818737809288855 96
1684383111232 6.720318467574317 97
1684383111300 6.756271543103908 98
1684383111372 6.789848560560773 99
1684383111444 6.821456976596586 100
1684383111516 6.851415209653688 101
1684383111608 6.880079972021976 102
1684383111682 6.907625473473264 103
1684383111750 6.933979536772168 104
1684383111822 6.958976796124808 105
1684383111894 6.9824399773208485 106
1684383111966 7.00418925849429 107
1684383112146 7.024044202780733 108
1684383112306 7.041843319793186 109
1684383112382 7.057487158224764 110
1684383112458 7.0709417805411725 111
1684383112530 7.0822355397177414 112
1684383112602 7.0914374948929995 113
1684383112678 7.098658231432416 114
1684383112750 7.104071798773134 115
1684383112818 7.10795489059882 116
1684383112890 7.110692302721788 117
1684383112966 7.112720309247853 118
1684383113038 7.114455705518412 119
1684383113110 7.116227836748889 120
1684383113182 7.118253054754288 121
1684383113262 7.120629640475141 122
1684383113334 7.123366281377182 123
1684383113406 7.126402596079865 124
1684383113478 7.1296510807628755 125
1684383113546 7.133008818435148 126
1684383113618 7.136377655854638 127
1684383113694 7.139671996455447 128
1684383113766 7.142811297472669 129
1684383113834 7.1457277871131915 130
1684383113906 7.1483527639334925 131
1684383113978 7.150623655839791 132
1684383114050 7.15247643071651 133
1684383114118 7.15384700768907 134
1684383114194 7.154677046474753 135
1684383114266 7.154911956640848 136
1684383114334 7.154503641998286 137
1684383114406 7.1534076793816315 138
1684383114482 7.151580841881621 139
1684383114550 7.148977705021877 140
1684383114622 7.145544909471732 141
1684383114694 7.141211538897132 142
1684383114766 7.135890296346626 143
1684383114838 7.129465981722656 144
1684383114910 7.12179377247923 145
1684383114978 7.112690881547616 146
1684383115050 7.101934840063096 147
1684383115118 7.089255923788834 148
1684383115190 7.074326585441494 149
1684383115258 7.05675331434527 150
1684383115332 7.036058649267028 151
1684383115404 7.011665798594181 152
1684383115476 6.982870410144666 153
1684383115548 6.948810664835878 154
1684383115616 6.908426897790219 155
1684383115692 6.860413606861843 156
1684383115760 6.8031710519845925 157
1684383115836 6.734760399029339 158
1684383115904 6.652886624184245 159
1684383115976 6.554937974048535 160
1684383116048 6.438130015692356 161
1684383116120 6.299797761148134 162
1684383116192 6.137820637224844 163
1684383116264 5.951174380274358 164
1684383116332 5.740499592627913 165
1684383116404 5.508686202320088 166
1684383116476 5.261429794688766 167
1684383116548 5.007536730815204 168
1684383116620 4.758136203144646 169
1684383116696 4.524092078228209 170
1684383116764 4.3130401714207265 171
1684383116836 4.1282465096062 172
1684383116908 3.969205022176419 173
1684383116980 3.832869692914304 174
1684383117197 3.714795784028597 175
1684383117333 3.609909240953367 176
1684383117446 3.5129229059767035 177
1684383117530 3.418513326967951 178
1684383117606 3.321420297098864 179
1684383117678 3.2166145157568082 180
1684383117750 3.099655051785909 181
1684383117818 2.9672438718390985 182
1684383117890 2.817861690257447 183
1684383117962 2.6522940154585184 184
1684383118034 2.474037229681425 185
1684383118106 2.2897555484834964 186
1684383118174 2.1096080021494052 187
1684383118250 1.9464159893188664 188
1684383118322 1.8127479047344974 189
1684383118398 1.716790742113765 190
1684383118466 1.6595181488636161 191
1684383118542 1.6352037750498047 192
1684383118614 1.63441935259058 193
1684383118686 1.6466589708810182 194
1684383118762 1.6627949486408447 195
1684383118850 1.6772775998352603 196
1684383118934 1.6872769668801346 197
1684383119006 1.690991614249187 198
1684383119078 1.687277566101942 199
1684383119150 1.6757229100709192 200
1684383119222 1.6566551665037201 201
1684383119294 1.6310550446079801 202
1684383119366 1.600407058763535 203
1684383119442 1.5665226485177346 204
1684383119510 1.5313494263362588 205
1684383119586 1.4967661149269162 206
1684383119658 1.4643790648074935 207
1684383119730 1.435370919540194 208
1684383119802 1.4104408997174984 209
1684383119870 1.389838545741381 210
1684383119942 1.3734526273606207 211
1684383120018 1.3609239722016424 212
1684383120086 1.3517503573980376 213
1684383120158 1.345377049161338 214
1684383120230 1.3412647170912957 215
1684383120303 1.3389386648519948 216
1684383120377 1.3380186406220842 217
1684383120453 1.338234339354804 218
1684383120521 1.3394256714116435 219
1684383120593 1.3415325314876192 220
1684383120665 1.34457504088033 221
1684383120737 1.3486271968987757 222
1684383120809 1.353786115926841 223
1684383120881 1.360142812097097 224
1684383120953 1.367754070034754 225
1684383121029 1.3766254672349838 226
1684383121101 1.386701801401776 227
1684383121177 1.397863851001939 228
1684383121249 1.4099299274418073 229
1684383121321 1.4226559506199536 230
1684383121397 1.4357355346186262 231
1684383121473 1.448811600496231 232
1684383121541 1.461500301391503 233
1684383121613 1.473431399287917 234
1684383121685 1.4842961269064063 235
1684383121753 1.4938835777236668 236
1684383121825 1.5021048081026682 237
1684383121897 1.5089945645502696 238
1684383121969 1.514694966160688 239
1684383122041 1.5194269157600675 240
1684383122113 1.523455975643658 241
1684383122185 1.5270590022851467 242
1684383122265 1.5304947509746936 243
1684383122337 1.533985375887755 244
1684383122409 1.537704419845136 245
1684383122481 1.5417746512346142 246
1684383122553 1.5462707507521427 247
1684383122625 1.5512262283425209 248
1684383122697 1.5566407015956518 249
1684383122769 1.5624887935414635 250
