1684383274527 12.002867 1
1684383274607 12.763914 2
1684383274679 13.8307295 3
1684383274758 15.177967 4
1684383274826 16.729073 5
1684383274902 18.245277 6
1684383274974 19.352045 7
1684383275053 19.790564 8
1684383275125 19.461597 9
1684383275201 18.426983 10
1684383275273 16.949263 11
1684383275349 15.353021 12
1684383275421 13.863991 13
1684383275497 12.602246 14
1684383275565 11.608644 15
1684383275637 10.871751 16
1684383275709 10.354019 17
1684383275777 10.01075 18
1684383275853 9.8012705 19
1684383275925 9.69249 20
1684383275997 9.657596 21
1684383276065 9.671593 22
1684383276137 9.695535 23
1684383276209 9.673564 24
1684383276277 9.564283 25
1684383276349 9.34111 26
1684383276421 8.987722 27
1684383276493 8.496536 28
1684383276565 7.8702464 29
1684383276633 7.122487 30
1684383276705 6.2821307 31
1684383276777 5.3958893 32
1684383276845 4.519079 33
1684383276917 3.7072904 34
1684383276988 3.0078895 35
1684383277064 2.45183 36
1684383277136 2.046017 37
1684383277208 1.7692175 38
1684383277280 1.5839857 39
1684383277348 1.4517729 40
1684383277420 1.3429906 41
1684383277496 1.2409596 42
1684383277572 1.1408703 43
1684383277640 1.0460577 44
1684383277712 0.96285415 45
1684383277780 0.895888 46
1684383277852 0.8456984 47
1684383277928 0.80892044 48
1684383277996 0.7799901 49
1684383278068 0.7531037 50
1684383278140 0.7237573 51
1684383278208 0.6896918 52
1684383278280 0.65107775 53
1684383278352 0.6099668 54
1684383278420 0.5692463 55
1684383278492 0.53148896 56
1684383278560 0.49812913 57
1684383278632 0.46916863 58
1684383278704 0.44339883 59
1684383278772 0.41897833 60
1684383278844 0.39408958 61
1684383278916 0.36746407 62
1684383278988 0.33875263 63
1684383279056 0.30872723 64
1684383279128 0.2792268 65
1684383279196 0.25276315 66
1684383279264 0.23178005 67
1684383279336 0.21778418 68
1684383279408 0.21080194 69
1684383279483 0.20953803 70
1684383279555 0.21209991 71
1684383279625 0.21676129 72
1684383279697 0.22237937 73
1684383279772 0.22844167 74
1684383279840 0.2349056 75
1684383279920 0.24198598 76
1684383279992 0.24996829 77
1684383280064 0.25907642 78
1684383280136 0.26938716 79
1684383280204 0.2807814 80
1684383280275 0.29291382 81
1684383280347 0.30518693 82
1684383280419 0.31672525 83
1684383280491 0.32638526 84
1684383280565 0.33285555 85
1684383280637 0.33491027 86
1684383280709 0.33176392 87
1684383280781 0.32339412 88
1684383280853 0.3106578 89
1684383280921 0.29512805 90
1684383280993 0.2786933 91
1684383281065 0.26308513 92
1684383281137 0.24951774 93
1684383281213 0.23855558 94
1684383281285 0.23019175 95
1684383281357 0.22404045 96
1684383281425 0.21955456 97
1684383281501 0.21619909 98
1684383281573 0.21355678 99
1684383281645 0.21136448 100
1684383281769 0.20949884 101
1684383281844 0.20793015 102
1684383281916 0.20667616 103
1684383282016 0.20576413 104
1684383282088 0.2052052 105
1684383282160 0.20498474 106
1684383282232 0.20506206 107
1684383282304 0.20537665 108
1684383282376 0.20585679 109
1684383282448 0.20643076 110
1684383282524 0.20703371 111
1684383282596 0.20761222 112
1684383282668 0.2081265 113
1684383282736 0.20855026 114
1684383282808 0.20886846 115
1684383282880 0.20907634 116
1684383282952 0.20917685 117
1684383283024 0.20918082 118
1684383283096 0.20910434 119
1684383283168 0.20896834 120
1684383283240 0.20879687 121
1684383283312 0.20861427 122
1684383283380 0.20844404 123
1684383283452 0.20830558 124
1684383283524 0.20821474 125
1684383283592 0.20818152 126
1684383283660 0.20821026 127
1684383283732 0.20830022 128
1684383283804 0.20844692 129
1684383283873 0.20864226 130
1684383283945 0.20887606 131
1684383284021 0.20913729 132
1684383284089 0.20941462 133
1684383284161 0.20969675 134
1684383284237 0.20997393 135
1684383284305 0.2102372 136
1684383284377 0.2104793 137
1684383284449 0.21069433 138
1684383284521 0.21087848 139
1684383284593 0.2110289 140
1684383284669 0.21114476 141
1684383284745 0.21122602 142
1684383284813 0.21127507 143
1684383284885 0.21129405 144
1684383284961 0.21128698 145
1684383285029 0.2112574 146
1684383285101 0.21121022 147
1684383285173 0.21114938 148
1684383285241 0.21107955 149
1684383285313 0.21100472 150
1684383285381 0.21092848 151
1684383285453 0.21085425 152
1684383285521 0.21078438 153
1684383285593 0.21072121 154
1684383285661 0.21066627 155
1684383285733 0.2106207 156
1684383285805 0.21058531 157
1684383285873 0.21056089 158
1684383285945 0.2105469 159
1684383286013 0.21054375 160
1684383286085 0.21055092 161
1684383286158 0.2105685 162
1684383286230 0.21059616 163
1684383286302 0.21063401 164
1684383286374 0.21068193 165
1684383286446 0.21074061 166
1684383286518 0.21081021 167
1684383286586 0.21089108 168
1684383286662 0.21098498 169
1684383286730 0.21109138 170
1684383286802 0.21121073 171
1684383286874 0.21134222 172
1684383286946 0.21148328 173
1684383287018 0.21162902 174
1684383287090 0.2117723 175
1684383287162 0.21190482 176
1684383287230 0.21201847 177
1684383287362 0.21210614 178
1684383287474 0.21216522 179
1684383287545 0.21219498 180
1684383287617 0.2122 181
1684383287689 0.21218596 182
1684383287761 0.21216044 183
1684383287829 0.21213116 184
1684383287897 0.21210466 185
1684383287969 0.2120862 186
1684383288037 0.21207966 187
1684383288109 0.21208693 188
1684383288181 0.21210827 189
1684383288253 0.21214305 190
1684383288325 0.21218911 191
1684383288393 0.21224418 192
1684383288469 0.21230596 193
1684383288535 0.21237223 194
1684383288607 0.21244238 195
1684383288675 0.21251772 196
1684383288747 0.21260175 197
1684383289031 0.21269985 198
1684383289199 0.21282116 199
1684383289273 0.21297611 200
1684383289346 0.2131791 201
1684383289418 0.21344675 202
1684383289486 0.21380019 203
1684383289558 0.2142665 204
1684383289626 0.21488008 205
1684383289698 0.21568462 206
1684383289766 0.21673472 207
1684383289850 0.21809472 208
1684383289922 0.2198346 209
1684383289994 0.22202043 210
1684383290062 0.2246919 211
1684383290134 0.22779898 212
1684383290394 0.23104632 213
1684383290498 0.23383129 214
1684383290574 0.235581 215
1684383290642 0.23598757 216
1684383290714 0.23507065 217
1684383290786 0.23311004 218
1684383290874 0.2305051 219
1684383290946 0.22763887 220
1684383291018 0.22479883 221
1684383291090 0.22215295 222
1684383291158 0.21976802 223
1684383291234 0.2176468 224
1684383291302 0.21576436 225
1684383291370 0.21409121 226
1684383291442 0.21260498 227
1684383291538 0.21129188 228
1684383291610 0.21014409 229
1684383291682 0.20915708 230
1684383291754 0.2083262 231
1684383291826 0.20764615 232
1684383291906 0.20710959 233
1684383291974 0.20670713 234
1684383292046 0.2064289 235
1684383292118 0.20626286 236
1684383292186 0.20619677 237
1684383292258 0.20621668 238
1684383292326 0.20630784 239
1684383292398 0.20645419 240
1684383292470 0.20663969 241
1684383292542 0.20684768 242
1684383292614 0.20706242 243
1684383292682 0.20726997 244
1684383292754 0.20745786 245
1684383292830 0.2076174 246
1684383292898 0.20774235 247
1684383292970 0.20783038 248
1684383293042 0.20788255 249
1684383293116 0.2079026 250
