1684381429373 10.311193 1
1684381429456 11.778738 2
1684381429528 14.046875 3
1684381429600 16.91632 4
1684381429680 20.002222 5
1684381429748 22.80428 6
1684381429824 24.93718 7
1684381429900 26.198542 8
1684381429968 26.595018 9
1684381430040 26.236893 10
1684381430112 25.262804 11
1684381430184 23.821945 12
1684381430260 22.071417 13
1684381430336 20.16447 14
1684381430408 18.223976 15
1684381430482 16.309334 16
1684381430554 14.445237 17
1684381430626 12.674426 18
1684381430702 11.035219 19
1684381430937 9.550889 20
1684381431093 8.238333 21
1684381431165 7.107078 22
1684381431237 6.1569457 23
1684381431309 5.379512 24
1684381431381 4.759773 25
1684381431453 4.271991 26
1684381431525 3.8800344 27
1684381431597 3.547997 28
1684381431669 3.2540474 29
1684381431741 2.9910192 30
1684381431809 2.7502613 31
1684381431881 2.5274904 32
1684381431953 2.3221395 33
1684381432021 2.1358595 34
1684381432093 1.9710703 35
1684381432173 1.8294487 36
1684381432253 1.710694 37
1684381432325 1.6121671 38
1684381432397 1.5294678 39
1684381432469 1.4574817 40
1684381432537 1.3915348 41
1684381432609 1.3286381 42
1684381432681 1.2685051 43
1684381432749 1.2134304 44
1684381432817 1.1665283 45
1684381432889 1.1297882 46
1684381432961 1.1037029 47
1684381433033 1.0876269 48
1684381433101 1.080019 49
1684381433177 1.0784824 50
1684381433249 1.0787644 51
1684381433321 1.0727867 52
1684381433393 1.0510788 53
1684381433465 1.0098302 54
1684381433537 0.9501873 55
1684381433609 0.87779105 56
1684381433681 0.80087847 57
1684381433753 0.72797114 58
1684381433821 0.66591835 59
1684381433893 0.6186371 60
1684381433965 0.58670795 61
1684381434037 0.56793165 62
1684381434109 0.5586283 63
1684381434181 0.55504566 64
1684381434253 0.5541912 65
1684381434321 0.55394596 66
1684381434393 0.55291295 67
1684381434465 0.55043244 68
1684381434537 0.54668057 69
1684381434605 0.5424774 70
1684381434681 0.5387809 71
1684381434757 0.5361986 72
1684381434829 0.53479147 73
1684381434901 0.5341926 74
1684381434973 0.5338744 75
1684381435045 0.5334027 76
1684381435117 0.53258014 77
1684381435189 0.5314625 78
1684381435261 0.5302762 79
1684381435329 0.529292 80
1684381435401 0.5287054 81
1684381435477 0.5285624 82
1684381435545 0.5287541 83
1684381435617 0.5290672 84
1684381435693 0.5292692 85
1684381435765 0.5291861 86
1684381435833 0.5287509 87
1684381435909 0.52800816 88
1684381435977 0.52708244 89
1684381436053 0.5261306 90
1684381436126 0.5252906 91
1684381436198 0.5246525 92
1684381436274 0.5242466 93
1684381436378 0.5240523 94
1684381436450 0.52402157 95
1684381436526 0.5241008 96
1684381436595 0.52424717 97
1684381436663 0.5244361 98
1684381436735 0.5246576 99
1684381436803 0.5249074 100
1684381436875 0.5251777 101
1684381436950 0.52545196 102
1684381437019 0.52570313 103
1684381437091 0.5258997 104
1684381437163 0.5260132 105
1684381437235 0.52602327 106
1684381437307 0.52592653 107
1684381437379 0.52573365 108
1684381437455 0.5254698 109
1684381437543 0.5251664 110
1684381437629 0.5248569 111
1684381437701 0.5245697 112
1684381437773 0.52432626 113
1684381437845 0.5241388 114
1684381437917 0.524011 115
1684381437993 0.5239406 116
1684381438065 0.5239203 117
1684381438133 0.52394104 118
1684381438205 0.5239929 119
1684381438277 0.5240656 120
1684381438349 0.52415025 121
1684381438421 0.5242382 122
1684381438497 0.52432275 123
1684381438569 0.52439797 124
1684381438637 0.52445966 125
1684381438709 0.5245052 126
1684381438781 0.5245338 127
1684381438853 0.5245458 128
1684381438921 0.5245433 129
1684381438989 0.52452934 130
1684381439061 0.5245074 131
1684381439133 0.5244818 132
1684381439205 0.5244558 133
1684381439273 0.52443224 134
1684381439345 0.5244128 135
1684381439417 0.5243982 136
1684381439492 0.5243865 137
1684381439564 0.5243763 138
1684381439640 0.5243648 139
1684381439712 0.5243485 140
1684381439784 0.52432466 141
1684381439852 0.52429086 142
1684381439928 0.5242458 143
1684381440000 0.52418846 144
1684381440072 0.5241196 145
1684381440144 0.52404 146
1684381440216 0.5239518 147
1684381440300 0.5238577 148
1684381440376 0.52376044 149
1684381440452 0.52366316 150
1684381440524 0.5235687 151
1684381440596 0.5234796 152
1684381440668 0.5233989 153
1684381440740 0.5233277 154
1684381440812 0.5232681 155
1684381440884 0.52322024 156
1684381440956 0.5231847 157
1684381441024 0.523161 158
1684381441096 0.5231484 159
1684381441164 0.5231457 160
1684381441240 0.5231508 161
1684381441308 0.5231621 162
1684381441384 0.52317727 163
1684381441452 0.5231949 164
1684381441524 0.5232128 165
1684381441596 0.5232302 166
1684381441796 0.52324605 167
1684381441992 0.5232605 168
1684381442096 0.5232731 169
1684381442168 0.5232848 170
1684381442236 0.52329636 171
1684381442308 0.52330816 172
1684381442376 0.5233212 173
1684381442452 0.5233368 174
1684381442520 0.5233555 175
1684381442596 0.5233778 176
1684381442672 0.52340424 177
1684381442740 0.52343583 178
1684381442812 0.5234724 179
1684381442880 0.52351457 180
1684381442952 0.52356267 181
1684381443020 0.52361643 182
1684381443092 0.52367675 183
1684381443164 0.52374345 184
1684381443236 0.5238167 185
1684381443312 0.52389705 186
1684381443384 0.5239844 187
1684381443456 0.52407897 188
1684381443528 0.5241812 189
1684381443600 0.5242904 190
1684381443672 0.5244062 191
1684381443740 0.5245272 192
1684381443812 0.5246513 193
1684381443884 0.524775 194
1684381443956 0.5248937 195
1684381444032 0.52500063 196
1684381444104 0.5250884 197
1684381444176 0.5251478 198
1684381444248 0.5251703 199
1684381444320 0.52514863 200
1684381444396 0.52507764 201
1684381444464 0.52495724 202
1684381444540 0.52479196 203
1684381444608 0.5245919 204
1684381444684 0.5243697 205
1684381444752 0.5241409 206
1684381444824 0.52391946 207
1684381444896 0.52371806 208
1684381444968 0.5235458 209
1684381445040 0.5234093 210
1684381445112 0.52331233 211
1684381445180 0.52325666 212
1684381445252 0.52324265 213
1684381445320 0.5232693 214
1684381445392 0.5233338 215
1684381445464 0.5234321 216
1684381445532 0.5235584 217
1684381445604 0.5237049 218
1684381445676 0.5238635 219
1684381445748 0.52402496 220
1684381445820 0.5241813 221
1684381445892 0.52432543 222
1684381445960 0.52445287 223
1684381446032 0.5245608 224
1684381446104 0.5246491 225
1684381446172 0.52471966 226
1684381446244 0.52477586 227
1684381446316 0.524822 228
1684381446396 0.52486277 229
1684381446471 0.5249034 230
1684381446539 0.5249483 231
1684381446615 0.5250007 232
1684381446683 0.5250639 233
1684381446751 0.5251395 234
1684381446823 0.52522856 235
1684381446895 0.52533084 236
1684381446967 0.5254459 237
1684381447035 0.5255721 238
1684381447107 0.52570826 239
1684381447183 0.52585167 240
1684381447251 0.5260009 241
1684381447323 0.5261538 242
1684381447395 0.52630866 243
1684381447467 0.5264648 244
1684381447679 0.5266222 245
1684381447835 0.5267801 246
1684381447940 0.52693963 247
1684381448024 0.5271021 248
1684381448100 0.5272687 249
1684381448169 0.5274416 250
