1684381747698 11.54783752986363 1
1684381747781 12.56571102142334 2
1684381747858 14.255525861467634 3
1684381747931 16.53823103223528 4
1684381748006 19.12065533229283 5
1684381748080 21.617949077061244 6
1684381748154 23.712513514927455 7
1684381748232 25.252751214163645 8
1684381748306 26.225910459245956 9
1684381748379 26.693368911743164 10
1684381748454 26.744382313319615 11
1684381748533 26.473893574305944 12
1684381748606 25.967317853655135 13
1684381748679 25.295880726405553 14
1684381748753 24.519540241786412 15
1684381748826 23.690869876316615 16
1684381748897 22.85468292236328 17
1684381748966 22.041911397661483 18
1684381749036 21.270842143467494 19
1684381749109 20.542873791285924 20
1684381749195 19.839887414659774 21
1684381749266 19.14010524749756 22
1684381749338 18.430052961621964 23
1684381749411 17.70815372467041 24
1684381749481 16.986279147011892 25
1684381749563 16.285280432019913 26
1684381749645 15.625578812190465 27
1684381749718 15.01602840423584 28
1684381749791 14.443988118852888 29
1684381749865 13.887248618262154 30
1684381749936 13.331943239484515 31
1684381750009 12.778656584875923 32
1684381750081 12.233004467827934 33
1684381750158 11.700494681085859 34
1684381750229 11.186463526317052 35
1684381750301 10.694615347044808 36
1684381750372 10.22666106905256 37
1684381750447 9.783409697668892 38
1684381750517 9.365247666835785 39
1684381750588 8.970769788537707 40
1684381750659 8.595513182027 41
1684381750729 8.232418622289385 42
1684381750799 7.876430988311768 43
1684381750869 7.528691726071494 44
1684381750941 7.195855413164411 45
1684381751011 6.887451580592564 46
1684381751085 6.612677765744073 47
1684381751156 6.377664753368923 48
1684381751229 6.183659289564405 49
1684381751300 6.026592629296439 50
1684381751369 5.8984569651739935 51
1684381751443 5.7902471508298605 52
1684381751516 5.695090472698212 53
1684381751588 5.609830021858215 54
1684381751661 5.534112598214831 55
1684381751734 5.468625358172825 56
1684381751804 5.413495148931231 57
1684381751875 5.367298398699079 58
1684381751947 5.327283986977169 59
1684381752017 5.287610794816699 60
1684381752090 5.239469749586923 61
1684381752160 5.1752879193850925 62
1684381752233 5.090613484382629 63
1684381752306 4.9845763104302545 64
1684381752376 4.859949094908578 65
1684381752447 4.7225516353334696 66
1684381752517 4.579887926578522 67
1684381752589 4.4394960190568655 68
1684381752660 4.3076905991349905 69
1684381752733 4.188963272741863 70
1684381752805 4.085949080330985 71
1684381752878 3.9997294949633733 72
1684381752950 3.9302490183285306 73
1684381753023 3.8766594997474124 74
1684381753095 3.8375589102506638 75
1684381753166 3.8112002036401202 76
1684381753236 3.7956986874341965 77
1684381753310 3.7892335057258606 78
1684381753381 3.7901842338698253 79
1684381753451 3.797194397875241 80
1684381753525 3.8091582528182437 81
1684381753599 3.825157031416893 82
1684381753669 3.844376985515867 83
1684381753742 3.8660323279244557 84
1684381753812 3.8893047741481235 85
1684381753885 3.913312558616911 86
1684381753955 3.9370870696646825 87
1684381754029 3.959580896156175 88
1684381754100 3.979719172630991 89
1684381754172 3.996517939226968 90
1684381754243 4.009245993835585 91
1684381754315 4.01755926651614 92
1684381754386 4.021557631237166 93
1684381754459 4.021751970052719 94
1684381754532 4.018958098122051 95
1684381754605 4.014152488538197 96
1684381754675 4.008326854024615 97
1684381754747 4.002367153763771 98
1684381754818 3.9969660469463895 99
1684381754889 3.992582080619676 100
1684381754960 3.989436245390347 101
1684381755033 3.9875372435365404 102
1684381755104 3.9867217413016727 103
1684381755179 3.9867051414081027 104
1684381755294 3.9871226996183395 105
1684381755368 3.987574432577406 106
1684381755439 3.9876565826790675 107
1684381755511 3.9869943452732906 108
1684381755581 3.9852658105748042 109
1684381755654 3.982222876378468 110
1684381755725 3.9777122352804457 111
1684381755799 3.9716803367648805 112
1684381755870 3.96417798101902 113
1684381755941 3.9553498221295222 114
1684381756067 3.945418670773506 115
1684381756259 3.9346589339630946 116
1684381756332 3.9233725666999817 117
1684381756403 3.911859780550003 118
1684381756478 3.900395544511931 119
1684381756549 3.8892114141157696 120
1684381756622 3.878484843032701 121
1684381756692 3.868333073598998 122
1684381756767 3.8588130452803204 123
1684381756837 3.84992861534868 124
1684381756908 3.841635239975793 125
1684381756977 3.8338518802608763 126
1684381757047 3.8264691063335965 127
1684381757116 3.819358121071543 128
1684381757184 3.8123789174216136 129
1684381757254 3.805386496441705 130
1684381757323 3.7982359549828937 131
1684381757392 3.7907835096120834 132
1684381757463 3.782889174563544 133
1684381757532 3.7744152886526927 134
1684381757603 3.7652266898325513 135
1684381757683 3.755184231059892 136
1684381757763 3.7441452869347165 137
1684381757833 3.7319560519286563 138
1684381757905 3.7184488070862636 139
1684381757978 3.7034381351300647 140
1684381758050 3.6867148109844754 141
1684381758123 3.6680459656885693 142
1684381758198 3.647171152489526 143
1684381758269 3.6238024405070712 144
1684381758344 3.59762873181275 145
1684381758418 3.568318743790899 146
1684381758490 3.5355293176003864 147
1684381758561 3.4989197041307176 148
1684381758634 3.4581692112343654 149
1684381758710 3.413000245179449 150
1684381758783 3.3632108845881055 151
1684381758856 3.3087139661823 152
1684381758929 3.2495810240507126 153
1684381758999 3.186093802962984 154
1684381759071 3.1187890576464787 155
1684381759142 3.048488029411861 156
1684381759215 2.9762889551264897 157
1684381759285 2.9035026920693263 158
1684381759362 2.8315238314015523 159
1684381759434 2.761666048850332 160
1684381759506 2.6950045270579204 161
1684381759576 2.6322785317897797 162
1684381759646 2.57386657169887 163
1684381759719 2.519827678799629 164
1684381759789 2.4699759164026807 165
1684381759858 2.4239675402641296 166
1684381759930 2.381378467593874 167
1684381760002 2.341764916266714 168
1684381760074 2.3047060796192715 169
1684381760152 2.2698259545224055 170
1684381760223 2.236803908433233 171
1684381760294 2.2053727145705904 172
1684381760367 2.1753112503460477 173
1684381760439 2.146432731832777 174
1684381760512 2.1185740998813083 175
1684381760584 2.09158142549651 176
1684381760657 2.0653016162770137 177
1684381760843 2.03957299888134 178
1684381760925 2.014220397387232 179
1684381761003 1.9890525660344534 180
1684381761074 1.9638678963695253 181
1684381761144 1.938467413187027 182
1684381761215 1.9126764855214529 183
1684381761285 1.8863737881183624 184
1684381761355 1.8595120183059148 185
1684381761427 1.8321105220488139 186
1684381761498 1.8041996551411492 187
1684381761571 1.7757271357945033 188
1684381761641 1.7464946998017175 189
1684381761711 1.7162341347762518 190
1684381761783 1.6848587095737457 191
1684381761856 1.6527568421193533 192
1684381761928 1.6209385650498527 193
1684381761997 1.5909238585403986 194
1684381762069 1.5644049176148005 195
1684381762142 1.5428448958056313 196
1684381762215 1.5272218137979507 197
1684381762301 1.5180320973907198 198
1684381762393 1.515373163989612 199
1684381762464 1.518923310296876 200
1684381762533 1.5279318881886346 201
1684381762604 1.5412466078996658 202
1684381762675 1.5573757631438119 203
1684381762746 1.574523035969053 204
1684381762821 1.5904950627258845 205
1684381762890 1.6027893594333105 206
1684381762960 1.6091063278062003 207
1684381763031 1.6078834278242928 208
1684381763103 1.5986218026706152 209
1684381763174 1.5819322722298759 210
1684381763246 1.5593030921050481 211
1684381763316 1.5327120402029581 212
1684381763391 1.5042383990117483 213
1684381763463 1.4757728789533888 214
1684381763533 1.4488454290798731 215
1684381763603 1.4245537498167582 216
1684381763671 1.4035598933696747 217
1684381763742 1.386145687529019 218
1684381763811 1.3723003992012568 219
1684381763883 1.361817826117788 220
1684381763957 1.3543811185019357 221
1684381764027 1.3496205040386744 222
1684381764100 1.3471474604947227 223
1684381764169 1.3465715561594283 224
1684381764237 1.34751067842756 225
1684381764306 1.3496040041957582 226
1684381764377 1.3525314033031464 227
1684381764449 1.356037173952375 228
1684381764523 1.3599541591746467 229
1684381764582 1.3642218027796065 230
1684381764662 1.3688915308032716 231
1684381764734 1.374116497380393 232
1684381764806 1.3801256184067046 233
1684381764878 1.387182205915451 234
1684381764950 1.3955337767090117 235
1684381765022 1.4053618993077959 236
1684381765098 1.4167425909212656 237
1684381765170 1.4296272950513023 238
1684381765242 1.443852492741176 239
1684381765314 1.4591729215213232 240
1684381765386 1.4753092271941048 241
1684381765454 1.4919884268726622 242
1684381765526 1.5089594359908785 243
1684381765602 1.5259693222386497 244
1684381765674 1.5427080669573374 245
1684381765742 1.558746942452022 246
1684381765826 1.5735093291316713 247
1684381765905 1.5863073276621955 248
1684381765981 1.596452338354928 249
1684381766057 1.6033976141895567 250
