1684381267741 10.925893032250105 1
1684381267825 11.681672247621133 2
1684381267897 13.058362976753507 3
1684381267973 15.076373604994142 4
1684381268045 17.455746555245277 5
1684381268121 19.75942275832543 6
1684381268193 21.631126312497663 7
1684381268269 22.884118046294322 8
1684381268345 23.47123198117915 9
1684381268421 23.421300860559974 10
1684381268493 22.81212901853486 11
1684381268569 21.751822085778624 12
1684381268645 20.370286170706486 13
1684381268717 18.812954876615287 14
1684381268793 17.223602900630404 15
1684381268869 15.716395183169825 16
1684381268941 14.360932531640866 17
1684381269013 13.168509016048699 18
1684381269085 12.10301247719013 19
1684381269157 11.107511718113377 20
1684381269229 10.128775402815862 21
1684381269305 9.141213514963498 22
1684381269377 8.172642375445632 23
1684381269453 7.274559342450914 24
1684381269537 6.4977322644143705 25
1684381269621 5.865949320045081 26
1684381269697 5.363191579513332 27
1684381269777 4.962195169784314 28
1684381269849 4.630951013144919 29
1684381269925 4.339597261188441 30
1684381270001 4.066506829633859 31
1684381270069 3.801182361967477 32
1684381270145 3.5423633615694534 33
1684381270217 3.2944227532433494 34
1684381270289 3.0593847433116483 35
1684381270362 2.834337978114423 36
1684381270434 2.615510562057377 37
1684381270508 2.4009488336092772 38
1684381270580 2.189951120007934 39
1684381270648 1.9819847734076825 40
1684381270720 1.7773827717977362 41
1684381270792 1.5776456806876542 42
1684381270860 1.3853661136724238 43
1684381270932 1.2047233424652086 44
1684381271004 1.040326330161938 45
1684381271076 0.8947659484198605 46
1684381271151 0.7666998524972017 47
1684381271219 0.6515085823253806 48
1684381271295 0.5429997607731858 49
1684381271363 0.4356404512948737 50
1684381271435 0.32632425780266594 51
1684381271508 0.2152340096126668 52
1684381271584 0.10569003725643089 53
1684381271656 0.002837106530642508 54
1684381271728 -0.08859659459535241 55
1684381271800 -0.1664682462757252 56
1684381271872 -0.23184028048947258 57
1684381271944 -0.28779506989734305 58
1684381272016 -0.3381126428879515 59
1684381272088 -0.38650186309393675 60
1684381272160 -0.43586774525313743 61
1684381272232 -0.4877256402349053 62
1684381272304 -0.541918334828372 63
1684381272372 -0.5968890100570858 64
1684381272444 -0.6504281997404586 65
1684381272512 -0.7004642239573133 66
1684381272584 -0.7455111744905771 67
1684381272656 -0.7847210202968595 68
1684381272728 -0.8177895334849685 69
1684381272800 -0.8448745707266774 70
1684381272868 -0.8664443623927749 71
1684381272940 -0.8831017613005212 72
1684381273012 -0.8954622308503026 73
1684381273084 -0.9041483971402258 74
1684381273152 -0.909871981037897 75
1684381273224 -0.9135369667145294 76
1684381273296 -0.9162447843033075 77
1684381273368 -0.9191537244476802 78
1684381273440 -0.9232075236875943 79
1684381273512 -0.9288572426786814 80
1684381273584 -0.9359187815091188 81
1684381273656 -0.9436335490143968 82
1684381273728 -0.9509089457804576 83
1684381273800 -0.9566321943906448 84
1684381273872 -0.9599395969267697 85
1684381273948 -0.9603720963720077 86
1684381274024 -0.9578865272854005 87
1684381274096 -0.9527572874231636 88
1684381274168 -0.9454074929635379 89
1684381274236 -0.9362193173201838 90
1684381274308 -0.9253844619580747 91
1684381274380 -0.9128312602366977 92
1684381274456 -0.8983013883121433 93
1684381274528 -0.8815646851126617 94
1684381274600 -0.8626903906342527 95
1684381274672 -0.8421973760887411 96
1684381274744 -0.8209712896331851 97
1684381274823 -0.799995035709772 98
1684381274894 -0.7800769081515222 99
1684381274966 -0.7617072751165725 100
1684381275042 -0.7450484397675536 101
1684381275114 -0.7300076337335284 102
1684381275186 -0.7163387992853689 103
1684381275254 -0.7037460811218423 104
1684381275326 -0.6919621964440603 105
1684381275402 -0.6807994411927405 106
1684381275474 -0.6701630571623367 107
1684381275550 -0.6600404163135716 108
1684381275618 -0.6504724140699505 109
1684381275690 -0.6415262154444017 110
1684381275758 -0.6332727256067034 111
1684381275830 -0.6257726136540587 112
1684381275902 -0.6190683178869598 113
1684381275970 -0.6131802460088824 114
1684381276042 -0.6080989071604561 115
1684381276114 -0.6037751995634659 116
1684381276186 -0.6001098046071425 117
1684381276258 -0.5969430774496294 118
1684381276330 -0.5940513189516254 119
1684381276402 -0.5911497665054366 120
1684381276470 -0.5879109409002918 121
1684381276542 -0.5839836020398028 122
1684381276646 -0.5790185913871984 123
1684381276727 -0.572690010344286 124
1684381276803 -0.5647102241884685 125
1684381276875 -0.5548380565583724 126
1684381276947 -0.5428840350088686 127
1684381277019 -0.5287181303842337 128
1684381277087 -0.512282368772186 129
1684381277163 -0.49360281289492036 130
1684381277231 -0.4727950688049267 131
1684381277305 -0.45005793402215755 132
1684381277377 -0.4256529034008283 133
1684381277449 -0.3998750300894951 134
1684381277517 -0.37302492865996495 135
1684381277589 -0.34538430585480295 136
1684381277673 -0.31719935847176206 137
1684381277745 -0.28867226797506707 138
1684381277817 -0.25996028049033537 139
1684381277889 -0.2311807844460425 140
1684381277961 -0.20241800234315566 141
1684381278038 -0.1737316880790276 142
1684381278114 -0.14516779940075786 143
1684381278186 -0.1167689303388233 144
1684381278258 -0.08857975091861814 145
1684381278330 -0.060655779036579816 146
1684381278402 -0.03306461013773365 147
1684381278474 -0.005885215958269185 148
1684381278542 0.020797734330825435 149
1684381278614 0.046902806319535806 150
1684381278686 0.07236416001322521 151
1684381278754 0.09714248569580608 152
1684381278826 0.121236949970565 153
1684381278902 0.14469063745008626 154
1684381278970 0.16759572462477657 155
1684381279042 0.19008970932371527 156
1684381279114 0.21235090606804174 157
1684381279186 0.23458763380497372 158
1684381279258 0.2570231185142089 159
1684381279330 0.2798819290986416 160
1684381279402 0.3033701286302257 161
1684381279474 0.32765706454067844 162
1684381279546 0.3528568820497151 163
1684381279618 0.37900844805046097 164
1684381279690 0.40606011485304894 165
1684381279762 0.4338553034180488 166
1684381279834 0.46212997461329053 167
1684381279906 0.4905183667986135 168
1684381279974 0.5185725266438066 169
1684381280046 0.5457957544922603 170
1684381280114 0.5716848212858596 171
1684381280190 0.5957744962674978 172
1684381280262 0.6176778627727062 173
1684381280334 0.6371143638657437 174
1684381280406 0.6539248204165631 175
1684381280478 0.66807130279703 176
1684381280546 0.6796270901874508 177
1684381280618 0.6887583662305947 178
1684381280690 0.6957032324104238 179
1684381280762 0.7007499438578866 180
1684381280834 0.7042171904002106 181
1684381280906 0.7064354710718797 182
1684381280978 0.7077336112135277 183
1684381281046 0.7084261591480121 184
1684381281118 0.7088043263482082 185
1684381281190 0.7091294136084223 186
1684381281262 0.7096275708583122 187
1684381281334 0.7104865006119687 188
1684381281406 0.7118534691918736 189
1684381281478 0.7138341437880624 190
1684381281550 0.7164934366708302 191
1684381281622 0.7198563048238544 192
1684381281694 0.7239103485194096 193
1684381281762 0.7286087036212858 194
1684381281834 0.7338732862975688 195
1684381281906 0.7395983875329577 196
1684381281974 0.7456537275492265 197
1684381282046 0.7518879484612304 198
1684381282118 0.7581307485758488 199
1684381282338 0.7641972897638583 200
1684381282422 0.7698909728400707 201
1684381282506 0.7750086235924665 202
1684381282590 0.7793458498708761 203
1684381282674 0.7827030557498871 204
1684381282754 0.7848916296851611 205
1684381282826 0.7857386280436984 206
1684381282898 0.7850915373880365 207
1684381282970 0.7828206966453641 208
1684381283042 0.7788224519414435 209
1684381283114 0.7730223064809614 210
1684381283186 0.7653775314824364 211
1684381283258 0.7558794783409817 212
1684381283326 0.7445504449979706 213
1684381283398 0.7314367678811348 214
1684381283470 0.7165953300922576 215
1684381283654 0.7000784318193126 216
1684381283826 0.6819213823348708 217
1684381283939 0.6621446333085746 218
1684381284027 0.6407812207472844 219
1684381284111 0.6179357309630196 220
1684381284199 0.5938710272190562 221
1684381284279 0.5690988164543269 222
1684381284351 0.5444304638500265 223
1684381284423 0.5209426360300655 224
1684381284499 0.49983371290324663 225
1684381284571 0.4821879267408271 226
1684381284647 0.4687184933355595 227
1684381284719 0.45958773838878764 228
1684381284791 0.45438463716487176 229
1684381284863 0.45226770782791303 230
1684381285063 0.4522062740713704 231
1684381285162 0.4532205145937498 232
1684381285230 0.4545390721283119 233
1684381285306 0.4556565754428189 234
1684381285374 0.4563153090818195 235
1684381285446 0.456454877308868 236
1684381285514 0.4561551017351445 237
1684381285586 0.4555828013191665 238
1684381285658 0.4549416210942432 239
1684381285746 0.45442828794616197 240
1684381285822 0.45419675751774635 241
1684381285894 0.4543378360637107 242
1684381285966 0.4548720017018245 243
1684381286038 0.45575726573452735 244
1684381286110 0.45690853118333596 245
1684381286186 0.4582188177768559 246
1684381286258 0.4595813364617216 247
1684381286326 0.4609037707460373 248
1684381286398 0.46211567386550223 249
1684381286470 0.4631690199804376 250
