1684381984335 12.711098 1
1684381984416 12.977149 2
1684381984490 13.884561 3
1684381984565 15.462612 4
1684381984640 17.48571 5
1684381984714 19.609081 6
1684381984789 21.554966 7
1684381984859 23.214516 8
1684381984932 24.540277 9
1684381985003 25.512573 10
1684381985077 26.16082 11
1684381985154 26.537127 12
1684381985225 26.694475 13
1684381985299 26.6736 14
1684381985372 26.455992 15
1684381985447 25.894157 16
1684381985522 24.848415 17
1684381985613 23.261108 18
1684381985696 21.167181 19
1684381985772 18.67434 20
1684381985845 15.945755 21
1684381985919 13.173597 22
1684381985994 10.547155 23
1684381986069 8.226933 24
1684381986144 6.3474035 25
1684381986220 4.961227 26
1684381986460 4.0064034 27
1684381986534 3.3510492 28
1684381986605 2.876397 29
1684381986675 2.508172 30
1684381986746 2.2047882 31
1684381986818 1.9434743 32
1684381986893 1.7119461 33
1684381986966 1.5036962 34
1684381987036 1.3114107 35
1684381987106 1.1173062 36
1684381987178 0.92448723 37
1684381987250 0.74292344 38
1684381987321 0.5839236 39
1684381987395 0.45572984 40
1684381987466 0.36147755 41
1684381987541 0.2993085 42
1684381987616 0.26386172 43
1684381987694 0.2479276 44
1684381987770 0.24379219 45
1684381987843 0.24436104 46
1684381987916 0.24418229 47
1684381987987 0.24022765 48
1684381988057 0.23211126 49
1684381988129 0.22151783 50
1684381988206 0.21102458 51
1684381988279 0.20285727 52
1684381988353 0.19811276 53
1684381988424 0.19664548 54
1684381988495 0.1974431 55
1684381988565 0.1991687 56
1684381988637 0.2006275 57
1684381988709 0.20104828 58
1684381988779 0.20016673 59
1684381988850 0.19816118 60
1684381988921 0.19550115 61
1684381988993 0.1927633 62
1684381989065 0.19045414 63
1684381989135 0.18887828 64
1684381989207 0.1880778 65
1684381989278 0.18785991 66
1684381989350 0.18789925 67
1684381989423 0.18787481 68
1684381989495 0.18759024 69
1684381989567 0.18703982 70
1684381989638 0.1864002 71
1684381989713 0.18597226 72
1684381989785 0.18608254 73
1684381989853 0.18695058 74
1684381989925 0.18858528 75
1684381989997 0.19079529 76
1684381990065 0.19328168 77
1684381990137 0.1957878 78
1684381990213 0.19822034 79
1684381990285 0.20060128 80
1684381990357 0.20298636 81
1684381990429 0.20546429 82
1684381990501 0.20817171 83
1684381990573 0.21127781 84
1684381990645 0.21494792 85
1684381990721 0.21931271 86
1684381990793 0.22441831 87
1684381990865 0.23012888 88
1684381990937 0.23599504 89
1684381991009 0.24129428 90
1684381991081 0.24532172 91
1684381991149 0.24759945 92
1684381991221 0.24792589 93
1684381991289 0.24634501 94
1684381991357 0.2431012 95
1684381991429 0.23860948 96
1684381991501 0.23344924 97
1684381991573 0.228316 98
1684381991649 0.22388436 99
1684381991720 0.22064616 100
1684381991792 0.21885958 101
1684381991944 0.21860231 102
1684381992168 0.21984755 103
1684381992320 0.22249731 104
1684381992414 0.22636425 105
1684381992486 0.23112634 106
1684381992558 0.23629539 107
1684381992630 0.24123709 108
1684381992702 0.24526344 109
1684381992774 0.24777268 110
1684381992842 0.24838133 111
1684381992914 0.24699794 112
1684381992982 0.24381769 113
1684381993058 0.23924536 114
1684381993130 0.23378979 115
1684381993200 0.22795801 116
1684381993272 0.22218075 117
1684381993342 0.21677327 118
1684381993410 0.21192822 119
1684381993483 0.20773312 120
1684381993555 0.20419466 121
1684381993628 0.20127039 122
1684381993699 0.19889043 123
1684381993785 0.19697832 124
1684381993860 0.19546236 125
1684381993931 0.1942799 126
1684381994001 0.19337916 127
1684381994073 0.19271779 128
1684381994143 0.1922609 129
1684381994217 0.1919784 130
1684381994291 0.19184466 131
1684381994361 0.19183795 132
1684381994431 0.19194064 133
1684381994502 0.19213967 134
1684381994574 0.19242513 135
1684381994646 0.19279152 136
1684381994720 0.19323608 137
1684381994791 0.19375734 138
1684381994864 0.19435462 139
1684381994936 0.19502679 140
1684381995007 0.19577129 141
1684381995078 0.19658336 142
1684381995147 0.19745554 143
1684381995220 0.19837734 144
1684381995290 0.19933514 145
1684381995360 0.20031384 146
1684381995430 0.2012951 147
1684381995502 0.20226014 148
1684381995575 0.2031901 149
1684381995647 0.20406705 150
1684381995720 0.20487505 151
1684381995791 0.20560102 152
1684381995863 0.20623532 153
1684381995935 0.20677243 154
1684381996005 0.20721096 155
1684381996076 0.20755355 156
1684381996147 0.20780626 157
1684381996217 0.20797835 158
1684381996289 0.20808086 159
1684381996361 0.20812684 160
1684381996434 0.20812926 161
1684381996504 0.20810176 162
1684381996576 0.20805705 163
1684381996646 0.20800631 164
1684381996718 0.2079599 165
1684381996790 0.20792681 166
1684381996861 0.207913 167
1684381996933 0.20792378 168
1684381997005 0.20796266 169
1684381997077 0.20803107 170
1684381997149 0.20812994 171
1684381997220 0.20825832 172
1684381997290 0.20841481 173
1684381997359 0.20859735 174
1684381997428 0.20880368 175
1684381997514 0.20903108 176
1684381997587 0.20927732 177
1684381997661 0.20953971 178
1684381997733 0.20981652 179
1684381997803 0.21010605 180
1684381997875 0.21040739 181
1684381997945 0.21072082 182
1684381998015 0.21104582 183
1684381998086 0.21138425 184
1684381998157 0.21173736 185
1684381998230 0.21210815 186
1684381998301 0.21250054 187
1684381998371 0.21291877 188
1684381998443 0.21336831 189
1684381998512 0.21385534 190
1684381998584 0.21438679 191
1684381998656 0.21496987 192
1684381998727 0.21561213 193
1684381998798 0.2163208 194
1684381998873 0.21710299 195
1684381998942 0.21796563 196
1684381999013 0.21891618 197
1684381999085 0.21996154 198
1684381999155 0.22111109 199
1684381999229 0.22237465 200
1684381999303 0.22376578 201
1684381999376 0.2253011 202
1684381999448 0.22700301 203
1684381999517 0.22889848 204
1684381999590 0.23102134 205
1684381999662 0.23341142 206
1684381999735 0.2361138 207
1684381999809 0.2391768 208
1684381999881 0.24264735 209
1684381999953 0.24656795 210
1684382000024 0.2509718 211
1684382000094 0.25588065 212
1684382000167 0.26130182 213
1684382000242 0.2672295 214
1684382000318 0.27364352 215
1684382000389 0.2805105 216
1684382000462 0.28778422 217
1684382000533 0.2954048 218
1684382000607 0.30330172 219
1684382000678 0.31139702 220
1684382000750 0.31961462 221
1684382000821 0.3279007 222
1684382000892 0.33625376 223
1684382000962 0.3447599 224
1684382001033 0.3536086 225
1684382001104 0.36303234 226
1684382001174 0.373132 227
1684382001250 0.38365388 228
1684382001319 0.39405832 229
1684382001390 0.40387094 230
1684382001464 0.41280895 231
1684382001535 0.42075282 232
1684382001608 0.42770934 233
1684382001678 0.4337811 234
1684382001747 0.4391345 235
1684382001818 0.44397122 236
1684382001900 0.44850144 237
1684382001978 0.45292255 238
1684382002049 0.45740473 239
1684382002120 0.46207798 240
1684382002191 0.46702927 241
1684382002263 0.47229925 242
1684382002334 0.47788924 243
1684382002405 0.48377055 244
1684382002483 0.48989862 245
1684382002572 0.49622726 246
1684382002643 0.5027188 247
1684382002714 0.5093504 248
1684382002789 0.51611465 249
1684382002861 0.52301884 250
