1684380670563 13.802876 1
1684380670696 14.915951 2
1684380670772 16.555647 3
1684380670846 18.572014 4
1684380670919 20.701519 5
1684380670991 23.09164 6
1684380671064 25.974045 7
1684380671138 28.18663 8
1684380671211 29.643822 9
1684380671284 30.378616 10
1684380671357 30.419804 11
1684380671431 30.913143 12
1684380671502 31.200542 13
1684380671577 31.20248 14
1684380671650 30.961472 15
1684380671721 31.101067 16
1684380671792 31.238117 17
1684380671865 31.335493 18
1684380671937 31.403845 19
1684380672008 31.451065 20
1684380672082 31.483349 21
1684380672153 31.505276 22
1684380672225 31.519325 23
1684380672299 31.525658 24
1684380672372 31.522255 25
1684380672449 31.50531 26
1684380672524 31.46973 27
1684380672592 31.40945 28
1684380672665 31.317144 29
1684380672737 31.185219 30
1684380672809 31.012833 31
1684380672879 30.81945 32
1684380672952 30.62282 33
1684380673023 30.394136 34
1684380673095 30.077728 35
1684380673167 29.645182 36
1684380673237 29.087902 37
1684380673309 28.339727 38
1684380673391 27.291962 39
1684380673481 25.889 40
1684380673563 24.096468 41
1684380673640 21.906181 42
1684380673714 19.348251 43
1684380673790 16.506594 44
1684380673863 13.527828 45
1684380673937 10.902382 46
1684380674008 10.82415 47
1684380674081 10.709864 48
1684380674152 10.560103 49
1684380674253 10.378813 50
1684380674341 10.171951 51
1684380674416 9.945456 52
1684380674490 9.702483 53
1684380674560 9.439519 54
1684380674635 9.143388 55
1684380674711 8.7955675 56
1684380674785 8.383263 57
1684380674858 7.906385 58
1684380674932 7.377453 59
1684380675005 6.8171425 60
1684380675079 6.248806 61
1684380675151 5.694458 62
1684380675225 5.365961 63
1684380675297 5.103755 64
1684380675373 4.869555 65
1684380675448 4.6703215 66
1684380675538 4.5083556 67
1684380675613 4.382705 68
1684380675685 4.2905035 69
1684380675761 4.227993 70
1684380675835 4.1912003 71
1684380675909 4.176319 72
1684380675983 4.179899 73
1684380676056 4.1989017 74
1684380676129 4.230692 75
1684380676201 4.2730007 76
1684380676275 4.3238735 77
1684380676345 4.38162 78
1684380676418 4.4447546 79
1684380676493 4.511937 80
1684380676564 4.5819154 81
1684380676636 4.6534877 82
1684380676706 4.7255063 83
1684380676776 4.7969327 84
1684380676849 4.8669176 85
1684380676920 4.93488 86
1684380676993 5.000565 87
1684380677065 5.064071 88
1684380677139 5.125838 89
1684380677214 5.1865935 90
1684380677287 5.247237 91
1684380677360 5.308686 92
1684380677434 5.371724 93
1684380677506 5.4369006 94
1684380677577 5.504489 95
1684380677651 5.5744934 96
1684380677725 5.6466665 97
1684380677797 5.7204857 98
1684380677869 5.795066 99
1684380677943 5.934731 100
1684380678015 6.0776367 101
1684380678090 6.2198544 102
1684380678163 6.3595743 103
1684380678234 6.4947996 104
1684380678307 6.6237283 105
1684380678381 6.7450933 106
1684380678462 6.858368 107
1684380678538 6.963796 108
1684380678614 7.0622897 109
1684380678689 7.1552553 110
1684380678761 7.244377 111
1684380678834 7.3314233 112
1684380678905 7.4180737 113
1684380678976 7.505797 114
1684380679046 7.595783 115
1684380679118 7.6889105 116
1684380679192 7.785756 117
1684380679296 7.8866234 118
1684380679367 7.991577 119
1684380679438 8.100468 120
1684380679510 8.212938 121
1684380679581 8.328421 122
1684380679653 8.446127 123
1684380679725 8.565052 124
1684380679799 8.683996 125
1684380679871 8.801605 126
1684380679945 8.916425 127
1684380680021 9.026965 128
1684380680092 9.131759 129
1684380680165 9.229433 130
1684380680235 9.3187685 131
1684380680305 9.398783 132
1684380680377 9.4688 133
1684380680454 9.52853 134
1684380680526 9.578121 135
1684380680597 9.618173 136
1684380680667 9.649721 137
1684380680740 9.674158 138
1684380680816 9.693127 139
1684380680887 9.708389 140
1684380680963 9.721683 141
1684380681036 9.734585 142
1684380681107 9.748396 143
1684380681178 9.764057 144
1684380681251 9.782117 145
1684380681325 9.818658 146
1684380681398 9.884933 147
1684380681472 9.946368 148
1684380681543 10.002832 149
1684380681617 10.054224 150
1684380681688 10.100487 151
1684380681760 10.141599 152
1684380681832 10.177574 153
1684380681901 10.208468 154
1684380681975 10.234362 155
1684380682045 10.255364 156
1684380682116 10.271603 157
1684380682187 10.283216 158
1684380682259 10.290347 159
1684380682332 10.293131 160
1684380682403 10.291695 161
1684380682476 10.286158 162
1684380682545 10.276624 163
1684380682615 10.263189 164
1684380682688 10.245949 165
1684380682759 10.225004 166
1684380682831 10.200468 167
1684380682905 10.172477 168
1684380682978 10.1411915 169
1684380683052 10.106806 170
1684380683122 10.069542 171
1684380683195 10.029653 172
1684380683267 9.987409 173
1684380683340 9.94309 174
1684380683410 9.896983 175
1684380683484 9.849356 176
1684380683556 9.800464 177
1684380683642 9.750528 178
1684380683720 9.699741 179
1684380683792 9.6482525 180
1684380683864 9.596177 181
1684380683935 9.543598 182
1684380684009 9.490564 183
1684380684081 9.437105 184
1684380684151 9.383226 185
1684380684222 9.328931 186
1684380684293 9.274213 187
1684380684364 9.219067 188
1684380684436 9.163497 189
1684380684507 9.107515 190
1684380684583 9.051144 191
1684380684655 8.994416 192
1684380684727 8.93738 193
1684380684803 8.880089 194
1684380684875 8.822608 195
1684380684947 8.765007 196
1684380685019 8.707363 197
1684380685091 8.649755 198
1684380685267 8.592258 199
1684380685339 8.534948 200
1684380685411 8.477901 201
1684380685483 8.421183 202
1684380685555 8.364856 203
1684380685627 8.308973 204
1684380685699 8.253585 205
1684380685771 8.198729 206
1684380685843 8.144433 207
1684380685915 8.09072 208
1684380685991 8.037602 209
1684380686063 7.9850845 210
1684380686138 7.933163 211
1684380686208 7.881828 212
1684380686284 7.8310637 213
1684380686352 7.7808495 214
1684380686428 7.73116 215
1684380686504 7.6819706 216
1684380686576 7.633249 217
1684380686647 7.5849657 218
1684380686723 7.53709 219
1684380686791 7.4895897 220
1684380686867 7.4424353 221
1684380686939 7.395597 222
1684380687011 7.349045 223
1684380687083 7.302752 224
1684380687155 7.2566905 225
1684380687227 7.2108326 226
1684380687299 7.165154 227
1684380687371 7.1196294 228
1684380687439 7.074233 229
1684380687511 7.0289407 230
1684380687587 6.9837265 231
1684380687655 6.938567 232
1684380687731 6.8934383 233
1684380687807 6.8483143 234
1684380687879 6.803171 235
1684380687951 6.757986 236
1684380688023 6.712735 237
1684380688099 6.667397 238
1684380688171 6.621952 239
1684380688243 6.5763817 240
1684380688315 6.530672 241
1684380688387 6.484811 242
1684380688455 6.4387913 243
1684380688531 6.3926086 244
1684380688607 6.3462677 245
1684380688679 6.2997756 246
1684380688751 6.2531466 247
1684380688823 6.206401 248
1684380688891 6.1595664 249
1684380688963 6.112675 250
