1683582358532 51.774420875203035 1
1683582358550 37.39236667474147 2
1683582358567 25.04125270589249 3
1683582358580 21.41681013051804 4
1683582358593 20.4824797344164 5
1683582358607 19.457045842103224 6
1683582358621 17.628885347974517 7
1683582358634 17.24319600775663 8
1683582358648 17.13778670031451 9
1683582358662 16.718582538996845 10
1683582358675 16.593417347927982 11
1683582358688 16.53951594890931 12
1683582358701 16.490520123766856 13
1683582358714 16.08335956121185 14
1683582358727 15.988771046744752 15
1683582358740 15.887250658471284 16
1683582358754 15.836004259635912 17
1683582358767 15.99416895869782 18
1683582358781 16.23499646569895 19
1683582358794 16.62615242711488 20
1683582358807 17.168153005278967 21
1683582358820 17.8388296952682 22
1683582358833 18.587308168341195 23
1683582358846 19.385331931542538 24
1683582358859 20.193548180688424 25
1683582358872 20.94392191197504 26
1683582358886 21.42446955012766 27
1683582358899 21.52983398752498 28
1683582358912 21.44006675583394 29
1683582358925 21.762729121741017 30
1683582358938 22.44856774942039 31
1683582358951 20.988783416690204 32
1683582358964 16.910029763002978 33
1683582358977 13.534355398659173 34
1683582358990 12.379716250439055 35
1683582359003 11.81906164600078 36
1683582359016 10.904996520523081 37
1683582359029 9.911527906171276 38
1683582359042 9.463220892300683 39
1683582359055 9.373145364418694 40
1683582359068 9.329119216917196 41
1683582359081 9.318955057510664 42
1683582359094 9.34995771081102 43
1683582359107 9.426308186131306 44
1683582359120 9.543434856034413 45
1683582359133 9.689202615571165 46
1683582359146 9.850476848202481 47
1683582359159 10.019148707636132 48
1683582359172 10.192490670685586 49
1683582359185 10.369747013937385 50
1683582359198 10.549639191522617 51
1683582359211 10.730172245821052 52
1683582359224 10.90936257216272 53
1683582359237 11.085982384566371 54
1683582359250 11.260445690196185 55
1683582359263 11.435712571438383 56
1683582359276 11.61817908902116 57
1683582359289 11.81874153094109 58
1683582359302 12.05397936669598 59
1683582359315 12.346462328835303 60
1683582359329 12.721225976493923 61
1683582359342 13.19555260464127 62
1683582359355 13.768302497584262 63
1683582359368 14.41981665324577 64
1683582359381 15.118201299069558 65
1683582359394 15.817256320099515 66
1683582359407 16.433531985762368 67
1683582359420 16.8423607661277 68
1683582359433 16.98652423759097 69
1683582359446 16.914807676765182 70
1683582359458 16.700327907091733 71
1683582359471 16.398591526246936 72
1683582359484 16.04484468660965 73
1683582359497 15.660165502092582 74
1683582359510 15.256164459788724 75
1683582359523 14.839778275292414 76
1683582359536 14.421942309596188 77
1683582359549 14.027275407206456 78
1683582359562 13.695992597231298 79
1683582359575 13.475710316238146 80
1683582359588 13.399947922710423 81
1683582359601 13.463747635126582 82
1683582359614 13.630152250458657 83
1683582359628 13.833345242984244 84
1683582359641 13.883507264104056 85
1683582359654 13.416810871448911 86
1683582359667 12.532688107805365 87
1683582359681 11.640466045361473 88
1683582359694 10.980017283667491 89
1683582359707 10.475707272562218 90
1683582359720 10.186212587889194 91
1683582359734 10.08230518672042 92
1683582359747 10.090979744373982 93
1683582359760 10.178171231561297 94
1683582359773 10.326932207276222 95
1683582359786 10.527300814317892 96
1683582359799 10.774508936489156 97
1683582359812 11.067237999362817 98
1683582359825 11.405421680967773 99
1683582359838 11.787983513854595 100
1683582359851 12.210416078969718 101
1683582359864 12.662513399233868 102
1683582359877 13.126088092262966 103
1683582359890 13.571586684049397 104
1683582359903 13.953362904080704 105
1683582359916 14.209350567270175 106
1683582359930 14.281064014992015 107
1683582359943 14.156055408376982 108
1683582359956 13.886969427493117 109
1683582359969 13.558045142385483 110
1683582359982 13.241636311496498 111
1683582359995 12.984989067842088 112
1683582360008 12.824739717010388 113
1683582360021 12.805371018263216 114
1683582360035 12.964082367790386 115
1683582360048 13.262142684492343 116
1683582360061 13.60216555061603 117
1683582360074 13.8947527546059 118
1683582360087 14.085723125270636 119
1683582360100 14.165612584472408 120
1683582360114 14.151762736293943 121
1683582360127 14.065735181804271 122
1683582360140 13.92519936875252 123
1683582360153 13.745759275266597 124
1683582360165 13.543649453268063 125
1683582360178 13.334473482078652 126
1683582360192 13.13036006855799 127
1683582360205 12.939215364305966 128
1683582360218 12.766654131042884 129
1683582360232 12.61910355605454 130
1683582360245 12.50682435054882 131
1683582360258 12.44630322054711 132
1683582360271 12.459935908535252 133
1683582360285 12.569423369447339 134
1683582360298 12.786380415059657 135
1683582360311 13.11249456496672 136
1683582360324 13.544915398531405 137
1683582360338 14.072623257339128 138
1683582360351 14.672785211786774 139
1683582360365 15.316773664384556 140
1683582360378 15.975974255826799 141
1683582360391 16.623201664425828 142
1683582360404 17.23305026257935 143
1683582360417 17.78646885624977 144
1683582360430 18.279884828787736 145
1683582360443 18.728383415530473 146
1683582360457 19.153672418366085 147
1683582360470 19.550506787308734 148
1683582360483 19.685554476962732 149
1683582360496 18.68178910524023 150
1683582360509 16.56700287769617 151
1683582360522 13.454932089427299 152
1683582360535 10.411008052835284 153
1683582360548 10.255315580766307 154
1683582360561 10.709069901154812 155
1683582360574 11.94956514530292 156
1683582360587 11.88909657528567 157
1683582360600 11.381527720932267 158
1683582360614 10.964771054648892 159
1683582360627 10.776232201731993 160
1683582360640 10.68759551385054 161
1683582360653 10.627900366337292 162
1683582360666 10.600924180058534 163
1683582360680 10.613492309752449 164
1683582360692 10.676526209635217 165
1683582360705 10.808601987662062 166
1683582360718 11.018429061520203 167
1683582360731 11.301050562698935 168
1683582360744 11.642610248327319 169
1683582360757 12.023251077623698 170
1683582360771 12.41951962721135 171
1683582360784 12.808764182606826 172
1683582360797 13.174951257582284 173
1683582360810 13.512937191577173 174
1683582360823 13.828779587144675 175
1683582360836 14.137018111875323 176
1683582360849 14.458054060050815 177
1683582360862 14.816754164884934 178
1683582360876 15.23950810252173 179
1683582360889 15.744524278454598 180
1683582360902 16.32534430162954 181
1683582360915 16.941755481966588 182
1683582360928 17.520020019141953 183
1683582360941 17.95589937602616 184
1683582360954 18.16449751639051 185
1683582360967 18.146809453366 186
1683582360980 17.961646521096 187
1683582360993 17.67067698624775 188
1683582361006 17.31798003770593 189
1683582361020 16.93094477178291 190
1683582361032 16.52621212352325 191
1683582361046 16.114443089800112 192
1683582361059 15.703085567075227 193
1683582361072 15.297783325477491 194
1683582361085 14.903908916761061 195
1683582361098 14.528940775825362 196
1683582361111 14.18478339475729 197
1683582361124 13.887660054714397 198
1683582361137 13.658264818314906 199
1683582361150 13.52595548156733 200
1683582361163 13.521161565099215 201
1683582361176 13.648911151950372 202
1683582361189 13.87725993728797 203
1683582361203 14.134968500525854 204
1683582361216 14.312178648987157 205
1683582361229 14.358925439953227 206
1683582361242 14.348908952687246 207
1683582361255 14.36805896371048 208
1683582361269 14.450791799046025 209
1683582361282 14.591451625175727 210
1683582361295 14.76751077574605 211
1683582361308 14.952578766143358 212
1683582361322 15.120684755063355 213
1683582361335 15.24575089459449 214
1683582361348 15.297984006426287 215
1683582361361 15.241517853127075 216
1683582361374 15.051940014353793 217
1683582361387 14.769381442875524 218
1683582361401 14.500794848220135 219
1683582361414 14.309230820467958 220
1683582361427 14.181897388499326 221
1683582361441 14.084987124770008 222
1683582361455 13.995765030854574 223
1683582361468 13.906495137629244 224
1683582361481 13.818829702515512 225
1683582361494 13.737995183496722 226
1683582361508 13.669277561528093 227
1683582361521 13.615792646340898 228
1683582361534 13.577138552315507 229
1683582361548 13.549426873352333 230
1683582361561 13.526725890777382 231
1683582361574 13.503130986186408 232
1683582361587 13.474475288830389 233
1683582361600 13.43931815863766 234
1683582361617 13.398992911495817 235
1683582361631 13.356532147218076 236
1683582361645 13.314452676139744 237
1683582361658 13.272062642079288 238
1683582361671 13.224974279415655 239
1683582361684 13.168882882111097 240
1683582361697 13.105597055854767 241
1683582361711 13.04591797377778 242
1683582361724 13.006902679792713 243
1683582361737 13.005394788909618 244
1683582361749 13.05214176486252 245
1683582361763 13.151510756671488 246
1683582361776 13.307721723924647 247
1683582361789 13.53344078413644 248
1683582361802 13.849598501978768 249
1683582361815 14.261544588669363 250
