1683582321476 48.19062 1
1683582321489 24.94471 2
1683582321503 18.397799 3
1683582321516 19.310413 4
1683582321530 17.762802 5
1683582321543 15.863329 6
1683582321556 15.082592 7
1683582321570 14.756735 8
1683582321583 13.472028 9
1683582321597 11.642803 10
1683582321613 11.166479 11
1683582321627 11.04148 12
1683582321640 10.458123 13
1683582321654 9.827498 14
1683582321667 9.617966 15
1683582321680 9.549511 16
1683582321694 9.725886 17
1683582321707 9.727689 18
1683582321720 9.683265 19
1683582321733 9.649533 20
1683582321748 9.594261 21
1683582321761 9.550731 22
1683582321775 9.504292 23
1683582321788 9.482866 24
1683582321802 9.433294 25
1683582321815 9.431816 26
1683582321829 9.43035 27
1683582321843 9.43091 28
1683582321856 9.430287 29
1683582321869 9.42996 30
1683582321883 9.429993 31
1683582321896 9.429997 32
1683582321909 9.429998 33
1683582321922 9.429933 34
1683582321935 9.429942 35
1683582321949 9.429919 36
1683582321962 9.429899 37
1683582321975 9.429901 38
1683582321989 9.42988 39
1683582322002 9.429865 40
1683582322015 9.429853 41
1683582322028 9.429836 42
1683582322041 9.429823 43
1683582322054 9.429808 44
1683582322068 9.429792 45
1683582322081 9.429777 46
1683582322094 9.429761 47
1683582322107 9.429747 48
1683582322120 9.429733 49
1683582322133 9.429724 50
1683582322146 9.429725 51
1683582322160 9.429737 52
1683582322173 9.42976 53
1683582322186 9.429787 54
1683582322199 9.429807 55
1683582322212 9.429808 56
1683582322225 9.429779 57
1683582322238 9.429732 58
1683582322251 9.429691 59
1683582322264 9.429673 60
1683582322278 9.42967 61
1683582322291 9.429674 62
1683582322304 9.429677 63
1683582322317 9.429679 64
1683582322330 9.429677 65
1683582322343 9.429672 66
1683582322357 9.429667 67
1683582322370 9.429666 68
1683582322383 9.429665 69
1683582322396 9.429664 70
1683582322409 9.429661 71
1683582322422 9.429649 72
1683582322435 9.429622 73
1683582322448 9.429556 74
1683582322462 9.42941 75
1683582322475 9.429203 76
1683582322488 9.429085 77
1683582322501 9.429093 78
1683582322514 9.429163 79
1683582322527 9.429215 80
1683582322540 9.42925 81
1683582322553 9.429289 82
1683582322566 9.429329 83
1683582322579 9.429361 84
1683582322592 9.429394 85
1683582322605 9.429427 86
1683582322618 9.429459 87
1683582322631 9.429488 88
1683582322644 9.429516 89
1683582322657 9.429539 90
1683582322670 9.42956 91
1683582322683 9.429576 92
1683582322696 9.429588 93
1683582322709 9.429599 94
1683582322721 9.4296055 95
1683582322734 9.429608 96
1683582322747 9.429608 97
1683582322760 9.429606 98
1683582322773 9.429602 99
1683582322786 9.429594 100
1683582322799 9.429586 101
1683582322813 9.429578 102
1683582322826 9.429569 103
1683582322840 9.429561 104
1683582322854 9.429554 105
1683582322867 9.429548 106
1683582322880 9.429543 107
1683582322893 9.42954 108
1683582322906 9.429539 109
1683582322919 9.429537 110
1683582322933 9.429538 111
1683582322946 9.429539 112
1683582322959 9.429539 113
1683582322972 9.429541 114
1683582322985 9.429542 115
1683582322998 9.429543 116
1683582323012 9.4295435 117
1683582323025 9.429544 118
1683582323039 9.429544 119
1683582323052 9.4295435 120
1683582323065 9.429544 121
1683582323078 9.4295435 122
1683582323091 9.429543 123
1683582323104 9.429541 124
1683582323117 9.429541 125
1683582323130 9.429539 126
1683582323143 9.429539 127
1683582323157 9.429538 128
1683582323170 9.429537 129
1683582323183 9.429537 130
1683582323196 9.429537 131
1683582323209 9.429537 132
1683582323222 9.429537 133
1683582323235 9.429537 134
1683582323248 9.429537 135
1683582323261 9.429537 136
1683582323275 9.429537 137
1683582323288 9.429539 138
1683582323301 9.429539 139
1683582323314 9.429539 140
1683582323327 9.42954 141
1683582323341 9.429541 142
1683582323354 9.429541 143
1683582323368 9.429541 144
1683582323381 9.429541 145
1683582323394 9.429541 146
1683582323407 9.429541 147
1683582323420 9.429541 148
1683582323433 9.429541 149
1683582323446 9.429541 150
1683582323459 9.429541 151
1683582323472 9.429541 152
1683582323485 9.429541 153
1683582323498 9.42954 154
1683582323512 9.429541 155
1683582323525 9.42954 156
1683582323538 9.429541 157
1683582323551 9.42954 158
1683582323564 9.429539 159
1683582323578 9.429539 160
1683582323591 9.429539 161
1683582323604 9.429539 162
1683582323617 9.42954 163
1683582323630 9.429539 164
1683582323643 9.429539 165
1683582323656 9.429539 166
1683582323670 9.429539 167
1683582323683 9.429539 168
1683582323696 9.429541 169
1683582323709 9.429541 170
1683582323723 9.429539 171
1683582323736 9.429541 172
1683582323749 9.429539 173
1683582323762 9.429541 174
1683582323775 9.429539 175
1683582323788 9.429541 176
1683582323802 9.429541 177
1683582323816 9.429539 178
1683582323829 9.429541 179
1683582323842 9.429541 180
1683582323856 9.42954 181
1683582323870 9.42954 182
1683582323883 9.42954 183
1683582323896 9.42954 184
1683582323910 9.429541 185
1683582323924 9.429539 186
1683582323937 9.429541 187
1683582323950 9.429541 188
1683582323963 9.42954 189
1683582323977 9.429541 190
1683582323990 9.429541 191
1683582324003 9.429541 192
1683582324016 9.429541 193
1683582324030 9.429541 194
1683582324043 9.429539 195
1683582324056 9.429539 196
1683582324069 9.42954 197
1683582324083 9.429539 198
1683582324096 9.429539 199
1683582324109 9.429541 200
1683582324122 9.42954 201
1683582324136 9.429539 202
1683582324149 9.429541 203
1683582324162 9.429539 204
1683582324176 9.429539 205
1683582324189 9.429541 206
1683582324202 9.429539 207
1683582324215 9.429541 208
1683582324228 9.429541 209
1683582324241 9.42954 210
1683582324254 9.429539 211
1683582324268 9.429541 212
1683582324282 9.42954 213
1683582324295 9.429539 214
1683582324308 9.429541 215
1683582324322 9.429539 216
1683582324336 9.429539 217
1683582324351 9.42954 218
1683582324365 9.429539 219
1683582324379 9.429539 220
1683582324393 9.429539 221
1683582324406 9.429539 222
1683582324420 9.429539 223
1683582324433 9.429539 224
1683582324446 9.429539 225
1683582324459 9.429539 226
1683582324473 9.429539 227
1683582324486 9.429539 228
1683582324499 9.429539 229
1683582324512 9.429539 230
1683582324525 9.429539 231
1683582324539 9.429539 232
1683582324552 9.429539 233
1683582324565 9.429539 234
1683582324578 9.429539 235
1683582324591 9.429539 236
1683582324605 9.429539 237
1683582324618 9.429539 238
1683582324631 9.429539 239
1683582324644 9.429539 240
1683582324658 9.429539 241
1683582324672 9.429539 242
1683582324686 9.429539 243
1683582324699 9.429539 244
1683582324712 9.429539 245
1683582324725 9.429539 246
1683582324739 9.429539 247
1683582324752 9.429539 248
1683582324765 9.429539 249
1683582324778 9.429539 250
