1683581590624 45.466034 1
1683581590638 40.403816 2
1683581590651 39.51654 3
1683581590664 38.958424 4
1683581590678 33.31247 5
1683581590691 28.337904 6
1683581590704 24.397774 7
1683581590717 23.19685 8
1683581590730 15.466825 9
1683581590743 11.2050085 10
1683581590757 10.524438 11
1683581590770 10.470395 12
1683581590783 10.793772 13
1683581590796 12.118101 14
1683581590809 9.49074 15
1683581590823 9.169403 16
1683581590836 8.557871 17
1683581590849 8.431583 18
1683581590862 8.418184 19
1683581590875 8.438351 20
1683581590889 8.417824 21
1683581590902 8.394291 22
1683581590915 8.382239 23
1683581590928 8.385895 24
1683581590941 8.3895855 25
1683581590954 8.386812 26
1683581590967 8.386387 27
1683581590981 8.387373 28
1683581590994 8.387011 29
1683581591007 8.3857975 30
1683581591020 8.386736 31
1683581591033 8.386826 32
1683581591046 8.386501 33
1683581591060 8.386866 34
1683581591073 8.387063 35
1683581591086 8.386974 36
1683581591100 8.387053 37
1683581591114 8.387133 38
1683581591128 8.387123 39
1683581591141 8.387136 40
1683581591154 8.387153 41
1683581591168 8.387156 42
1683581591181 8.38716 43
1683581591195 8.387167 44
1683581591208 8.387167 45
1683581591222 8.387161 46
1683581591235 8.387153 47
1683581591249 8.387144 48
1683581591262 8.387136 49
1683581591275 8.387128 50
1683581591289 8.3871155 51
1683581591302 8.387102 52
1683581591315 8.387083 53
1683581591329 8.387053 54
1683581591342 8.386985 55
1683581591356 8.38686 56
1683581591370 8.386782 57
1683581591383 8.386808 58
1683581591396 8.3867855 59
1683581591409 8.386737 60
1683581591423 8.386749 61
1683581591436 8.386782 62
1683581591449 8.386795 63
1683581591462 8.38681 64
1683581591475 8.386832 65
1683581591488 8.386847 66
1683581591502 8.386845 67
1683581591515 8.386827 68
1683581591528 8.386799 69
1683581591541 8.386788 70
1683581591555 8.386805 71
1683581591568 8.386833 72
1683581591581 8.386872 73
1683581591594 8.386915 74
1683581591610 8.386957 75
1683581591626 8.3869915 76
1683581591639 8.387022 77
1683581591652 8.387045 78
1683581591665 8.387058 79
1683581591678 8.387064 80
1683581591691 8.387061 81
1683581591705 8.387047 82
1683581591718 8.387021 83
1683581591731 8.38699 84
1683581591744 8.386974 85
1683581591757 8.386993 86
1683581591771 8.387005 87
1683581591784 8.386988 88
1683581591798 8.3869705 89
1683581591811 8.386955 90
1683581591824 8.386932 91
1683581591837 8.386898 92
1683581591851 8.386858 93
1683581591864 8.386822 94
1683581591877 8.3868 95
1683581591890 8.386788 96
1683581591903 8.386772 97
1683581591916 8.386757 98
1683581591929 8.38675 99
1683581591942 8.386745 100
1683581591955 8.386741 101
1683581591968 8.386741 102
1683581591981 8.386744 103
1683581591994 8.386742 104
1683581592007 8.386732 105
1683581592020 8.386714 106
1683581592033 8.386691 107
1683581592046 8.386679 108
1683581592059 8.386694 109
1683581592072 8.386742 110
1683581592085 8.386782 111
1683581592098 8.386803 112
1683581592112 8.386806 113
1683581592126 8.386761 114
1683581592139 8.386627 115
1683581592152 8.386537 116
1683581592165 8.386633 117
1683581592178 8.386641 118
1683581592191 8.386578 119
1683581592203 8.386592 120
1683581592216 8.386633 121
1683581592229 8.386637 122
1683581592242 8.386638 123
1683581592255 8.386651 124
1683581592268 8.386665 125
1683581592281 8.386674 126
1683581592294 8.3866825 127
1683581592307 8.38669 128
1683581592320 8.386696 129
1683581592333 8.386699 130
1683581592346 8.3867 131
1683581592359 8.386698 132
1683581592372 8.386697 133
1683581592385 8.386692 134
1683581592398 8.386687 135
1683581592411 8.386681 136
1683581592424 8.386674 137
1683581592437 8.386667 138
1683581592450 8.38666 139
1683581592463 8.386653 140
1683581592476 8.386647 141
1683581592488 8.386642 142
1683581592502 8.386637 143
1683581592515 8.386632 144
1683581592528 8.386629 145
1683581592541 8.386625 146
1683581592554 8.386623 147
1683581592567 8.386623 148
1683581592580 8.386624 149
1683581592593 8.386624 150
1683581592606 8.386625 151
1683581592619 8.386628 152
1683581592632 8.386629 153
1683581592645 8.386631 154
1683581592658 8.386633 155
1683581592671 8.386637 156
1683581592684 8.386639 157
1683581592697 8.386641 158
1683581592710 8.386642 159
1683581592723 8.386643 160
1683581592736 8.386645 161
1683581592749 8.386646 162
1683581592762 8.386647 163
1683581592774 8.386649 164
1683581592787 8.386648 165
1683581592801 8.38665 166
1683581592815 8.38665 167
1683581592828 8.38665 168
1683581592842 8.38665 169
1683581592854 8.38665 170
1683581592868 8.38665 171
1683581592881 8.38665 172
1683581592894 8.38665 173
1683581592907 8.38665 174
1683581592920 8.38665 175
1683581592933 8.38665 176
1683581592946 8.38665 177
1683581592959 8.38665 178
1683581592972 8.38665 179
1683581592985 8.38665 180
1683581592998 8.38665 181
1683581593011 8.38665 182
1683581593023 8.386651 183
1683581593036 8.38665 184
1683581593051 8.38665 185
1683581593064 8.386651 186
1683581593077 8.386651 187
1683581593090 8.386652 188
1683581593103 8.386651 189
1683581593117 8.386652 190
1683581593129 8.386652 191
1683581593142 8.386652 192
1683581593155 8.386651 193
1683581593168 8.386652 194
1683581593181 8.386651 195
1683581593194 8.386651 196
1683581593207 8.386652 197
1683581593220 8.386651 198
1683581593233 8.386651 199
1683581593246 8.386652 200
1683581593260 8.386652 201
1683581593273 8.386652 202
1683581593286 8.386652 203
1683581593299 8.386652 204
1683581593312 8.386651 205
1683581593326 8.386652 206
1683581593339 8.386652 207
1683581593352 8.386652 208
1683581593366 8.386652 209
1683581593379 8.386652 210
1683581593392 8.38665 211
1683581593405 8.386652 212
1683581593418 8.386652 213
1683581593431 8.386652 214
1683581593444 8.386652 215
1683581593457 8.386652 216
1683581593470 8.386652 217
1683581593483 8.386652 218
1683581593496 8.386652 219
1683581593509 8.386652 220
1683581593522 8.386652 221
1683581593535 8.386652 222
1683581593548 8.386652 223
1683581593562 8.386651 224
1683581593575 8.386652 225
1683581593588 8.386652 226
1683581593601 8.386652 227
1683581593614 8.386652 228
1683581593627 8.386652 229
1683581593640 8.386652 230
1683581593653 8.386652 231
1683581593666 8.386652 232
1683581593679 8.386652 233
1683581593692 8.386652 234
1683581593705 8.386652 235
1683581593718 8.386652 236
1683581593731 8.386652 237
1683581593744 8.386652 238
1683581593757 8.386652 239
1683581593770 8.386652 240
1683581593782 8.386652 241
1683581593795 8.386652 242
1683581593808 8.386652 243
1683581593823 8.386652 244
1683581593838 8.386652 245
1683581593852 8.386652 246
1683581593865 8.386652 247
1683581593879 8.386652 248
1683581593892 8.386652 249
1683581593905 8.386652 250
