1683582488648 23.17683 1
1683582488662 20.513086 2
1683582488675 19.879887 3
1683582488689 11.413714 4
1683582488703 10.573135 5
1683582488716 10.49791 6
1683582488730 11.676041 7
1683582488743 12.160112 8
1683582488756 10.320415 9
1683582488770 10.282356 10
1683582488783 11.368938 11
1683582488797 12.133453 12
1683582488811 12.168709 13
1683582488825 12.24063 14
1683582488838 10.099325 15
1683582488852 10.370282 16
1683582488866 9.367628 17
1683582488879 9.214159 18
1683582488892 9.25572 19
1683582488905 9.296024 20
1683582488919 9.424687 21
1683582488932 9.214914 22
1683582488945 9.375367 23
1683582488959 10.857391 24
1683582488973 12.048183 25
1683582488986 9.759834 26
1683582488999 9.666217 27
1683582489012 10.481291 28
1683582489025 10.6576 29
1683582489039 10.806072 30
1683582489052 9.16061 31
1683582489065 9.172134 32
1683582489078 9.228706 33
1683582489091 9.306261 34
1683582489104 9.19812 35
1683582489117 9.126902 36
1683582489130 9.118489 37
1683582489143 9.124568 38
1683582489156 9.132359 39
1683582489169 9.124689 40
1683582489182 9.122713 41
1683582489195 9.124783 42
1683582489208 9.12558 43
1683582489221 9.124808 44
1683582489235 9.124685 45
1683582489248 9.125008 46
1683582489261 9.125103 47
1683582489274 9.125055 48
1683582489287 9.125067 49
1683582489300 9.125102 50
1683582489313 9.12511 51
1683582489326 9.1251 52
1683582489340 9.1250925 53
1683582489353 9.125083 54
1683582489366 9.1250725 55
1683582489379 9.125061 56
1683582489392 9.1250515 57
1683582489405 9.125044 58
1683582489418 9.125039 59
1683582489431 9.125036 60
1683582489444 9.125036 61
1683582489457 9.125037 62
1683582489470 9.12504 63
1683582489483 9.125042 64
1683582489496 9.125046 65
1683582489509 9.12505 66
1683582489521 9.125053 67
1683582489534 9.125056 68
1683582489547 9.125059 69
1683582489560 9.12506 70
1683582489573 9.125062 71
1683582489586 9.125063 72
1683582489599 9.125063 73
1683582489612 9.125063 74
1683582489625 9.125063 75
1683582489638 9.125064 76
1683582489651 9.125065 77
1683582489664 9.125065 78
1683582489677 9.125065 79
1683582489690 9.125066 80
1683582489703 9.125067 81
1683582489716 9.125067 82
1683582489729 9.125069 83
1683582489742 9.125071 84
1683582489755 9.125071 85
1683582489769 9.125073 86
1683582489783 9.125075 87
1683582489796 9.125078 88
1683582489809 9.125078 89
1683582489823 9.12508 90
1683582489836 9.125082 91
1683582489850 9.125083 92
1683582489863 9.125086 93
1683582489876 9.125086 94
1683582489889 9.125088 95
1683582489902 9.12509 96
1683582489915 9.12509 97
1683582489928 9.12509 98
1683582489942 9.125092 99
1683582489955 9.125092 100
1683582489968 9.125093 101
1683582489981 9.1250925 102
1683582489994 9.1250925 103
1683582490007 9.125093 104
1683582490020 9.125094 105
1683582490034 9.125093 106
1683582490047 9.125093 107
1683582490060 9.125093 108
1683582490073 9.125094 109
1683582490086 9.125094 110
1683582490099 9.125093 111
1683582490112 9.125094 112
1683582490125 9.125094 113
1683582490138 9.125094 114
1683582490151 9.125094 115
1683582490164 9.125094 116
1683582490177 9.125093 117
1683582490191 9.125094 118
1683582490204 9.125093 119
1683582490216 9.125094 120
1683582490229 9.125095 121
1683582490243 9.125095 122
1683582490256 9.125095 123
1683582490269 9.125095 124
1683582490282 9.125095 125
1683582490295 9.125095 126
1683582490308 9.125095 127
1683582490321 9.125095 128
1683582490334 9.125095 129
1683582490347 9.125095 130
1683582490360 9.125095 131
1683582490373 9.125095 132
1683582490385 9.125095 133
1683582490399 9.125095 134
1683582490411 9.125096 135
1683582490424 9.125096 136
1683582490437 9.125095 137
1683582490450 9.125095 138
1683582490463 9.125096 139
1683582490476 9.125095 140
1683582490489 9.125095 141
1683582490502 9.125096 142
1683582490515 9.125095 143
1683582490528 9.125095 144
1683582490542 9.125095 145
1683582490555 9.125097 146
1683582490568 9.125097 147
1683582490581 9.125095 148
1683582490594 9.125096 149
1683582490607 9.125095 150
1683582490620 9.125095 151
1683582490633 9.125096 152
1683582490646 9.125097 153
1683582490660 9.125096 154
1683582490673 9.125095 155
1683582490686 9.125095 156
1683582490699 9.125095 157
1683582490712 9.125095 158
1683582490725 9.125095 159
1683582490738 9.125096 160
1683582490752 9.125095 161
1683582490765 9.125095 162
1683582490778 9.125096 163
1683582490791 9.125096 164
1683582490804 9.125095 165
1683582490817 9.125096 166
1683582490830 9.125095 167
1683582490844 9.125096 168
1683582490858 9.125095 169
1683582490871 9.125095 170
1683582490885 9.125095 171
1683582490898 9.125096 172
1683582490911 9.125095 173
1683582490925 9.125097 174
1683582490938 9.125095 175
1683582490951 9.125096 176
1683582490965 9.125095 177
1683582490978 9.125095 178
1683582490991 9.125096 179
1683582491005 9.125095 180
1683582491018 9.125095 181
1683582491031 9.125095 182
1683582491044 9.125095 183
1683582491058 9.125095 184
1683582491071 9.125095 185
1683582491084 9.125095 186
1683582491097 9.125095 187
1683582491111 9.125095 188
1683582491124 9.125096 189
1683582491137 9.125095 190
1683582491150 9.125095 191
1683582491164 9.125095 192
1683582491178 9.125095 193
1683582491191 9.125095 194
1683582491204 9.125095 195
1683582491218 9.125096 196
1683582491231 9.125095 197
1683582491244 9.125095 198
1683582491257 9.125095 199
1683582491270 9.125096 200
1683582491283 9.125095 201
1683582491297 9.125096 202
1683582491310 9.125095 203
1683582491323 9.125095 204
1683582491336 9.125096 205
1683582491349 9.125095 206
1683582491363 9.125095 207
1683582491376 9.125095 208
1683582491390 9.125096 209
1683582491403 9.125095 210
1683582491416 9.125095 211
1683582491429 9.125095 212
1683582491442 9.125095 213
1683582491455 9.125095 214
1683582491469 9.125096 215
1683582491482 9.125095 216
1683582491495 9.125095 217
1683582491508 9.125095 218
1683582491522 9.125095 219
1683582491535 9.125095 220
1683582491548 9.125095 221
1683582491562 9.125095 222
1683582491575 9.125095 223
1683582491588 9.125096 224
1683582491601 9.125095 225
1683582491618 9.125095 226
1683582491632 9.125095 227
1683582491645 9.125095 228
1683582491658 9.125095 229
1683582491672 9.125095 230
1683582491686 9.125096 231
1683582491699 9.125095 232
1683582491712 9.125095 233
1683582491725 9.125097 234
1683582491738 9.125095 235
1683582491751 9.125095 236
1683582491764 9.125095 237
1683582491777 9.125095 238
1683582491790 9.125095 239
1683582491804 9.125095 240
1683582491817 9.125095 241
1683582491830 9.125095 242
1683582491844 9.125095 243
1683582491857 9.125095 244
1683582491870 9.125095 245
1683582491884 9.125095 246
1683582491897 9.125095 247
1683582491911 9.125095 248
1683582491925 9.125095 249
1683582491938 9.125095 250
