1683582377350 22.936853 1
1683582377363 15.896004 2
1683582377378 13.438446 3
1683582377391 10.7555065 4
1683582377404 10.037716 5
1683582377417 10.499156 6
1683582377431 12.132963 7
1683582377444 11.832601 8
1683582377457 11.064839 9
1683582377470 10.86245 10
1683582377483 10.8302765 11
1683582377497 10.812587 12
1683582377510 10.777304 13
1683582377524 10.831272 14
1683582377538 10.885687 15
1683582377552 10.934151 16
1683582377566 10.9012 17
1683582377579 10.905056 18
1683582377593 10.568031 19
1683582377606 10.237696 20
1683582377619 10.046852 21
1683582377632 9.867173 22
1683582377646 9.80213 23
1683582377659 9.1704445 24
1683582377672 8.907679 25
1683582377686 8.839605 26
1683582377699 8.668188 27
1683582377712 8.58112 28
1683582377725 8.581018 29
1683582377739 8.576945 30
1683582377752 8.579657 31
1683582377765 8.576267 32
1683582377778 8.575263 33
1683582377791 8.574657 34
1683582377804 8.574967 35
1683582377817 8.57432 36
1683582377831 8.575104 37
1683582377844 8.574124 38
1683582377857 8.574173 39
1683582377871 8.574184 40
1683582377884 8.574153 41
1683582377897 8.57413 42
1683582377910 8.574118 43
1683582377923 8.574165 44
1683582377937 8.574254 45
1683582377950 8.574297 46
1683582377963 8.57432 47
1683582377976 8.574377 48
1683582377989 8.57443 49
1683582378003 8.574462 50
1683582378016 8.5744915 51
1683582378029 8.574526 52
1683582378042 8.574554 53
1683582378055 8.574577 54
1683582378069 8.5746 55
1683582378082 8.57462 56
1683582378095 8.574638 57
1683582378109 8.574655 58
1683582378122 8.574671 59
1683582378135 8.574684 60
1683582378148 8.574697 61
1683582378161 8.574709 62
1683582378175 8.574721 63
1683582378188 8.574734 64
1683582378201 8.574747 65
1683582378215 8.574764 66
1683582378229 8.574784 67
1683582378243 8.574808 68
1683582378257 8.574835 69
1683582378270 8.57486 70
1683582378284 8.574881 71
1683582378297 8.574897 72
1683582378311 8.574905 73
1683582378324 8.574905 74
1683582378337 8.574899 75
1683582378351 8.574888 76
1683582378364 8.574875 77
1683582378377 8.57486 78
1683582378391 8.574844 79
1683582378404 8.574827 80
1683582378417 8.574808 81
1683582378430 8.574789 82
1683582378444 8.574769 83
1683582378457 8.574748 84
1683582378470 8.574726 85
1683582378484 8.574705 86
1683582378497 8.574691 87
1683582378510 8.574689 88
1683582378523 8.574707 89
1683582378536 8.574739 90
1683582378549 8.574772 91
1683582378563 8.574786 92
1683582378576 8.574774 93
1683582378589 8.574758 94
1683582378603 8.574744 95
1683582378616 8.574729 96
1683582378629 8.574711 97
1683582378642 8.574688 98
1683582378656 8.574656 99
1683582378669 8.57462 100
1683582378682 8.574596 101
1683582378696 8.574574 102
1683582378709 8.574533 103
1683582378722 8.574446 104
1683582378736 8.574293 105
1683582378749 8.574136 106
1683582378762 8.574064 107
1683582378775 8.574081 108
1683582378789 8.574133 109
1683582378803 8.574176 110
1683582378816 8.574213 111
1683582378829 8.574251 112
1683582378843 8.574287 113
1683582378857 8.57432 114
1683582378871 8.574354 115
1683582378884 8.574388 116
1683582378898 8.574419 117
1683582378911 8.57445 118
1683582378924 8.574477 119
1683582378938 8.5745 120
1683582378951 8.57452 121
1683582378964 8.574535 122
1683582378978 8.574543 123
1683582378992 8.574548 124
1683582379005 8.574547 125
1683582379019 8.574543 126
1683582379033 8.574534 127
1683582379046 8.574526 128
1683582379060 8.574514 129
1683582379073 8.574505 130
1683582379086 8.574496 131
1683582379099 8.57449 132
1683582379112 8.574486 133
1683582379126 8.574482 134
1683582379139 8.574481 135
1683582379152 8.574482 136
1683582379165 8.574484 137
1683582379179 8.574488 138
1683582379192 8.574491 139
1683582379205 8.574495 140
1683582379219 8.574499 141
1683582379232 8.574503 142
1683582379245 8.574506 143
1683582379259 8.574509 144
1683582379272 8.5745125 145
1683582379286 8.574514 146
1683582379300 8.574515 147
1683582379313 8.574516 148
1683582379326 8.574516 149
1683582379339 8.574516 150
1683582379353 8.574514 151
1683582379368 8.5745125 152
1683582379381 8.574511 153
1683582379394 8.574509 154
1683582379407 8.574507 155
1683582379420 8.574505 156
1683582379433 8.574503 157
1683582379446 8.574501 158
1683582379459 8.574501 159
1683582379472 8.574499 160
1683582379485 8.574499 161
1683582379499 8.574499 162
1683582379512 8.574498 163
1683582379525 8.574499 164
1683582379539 8.574499 165
1683582379553 8.574499 166
1683582379566 8.574499 167
1683582379579 8.574501 168
1683582379592 8.574501 169
1683582379606 8.574503 170
1683582379619 8.574503 171
1683582379632 8.574503 172
1683582379645 8.574504 173
1683582379658 8.574505 174
1683582379671 8.574505 175
1683582379684 8.574505 176
1683582379697 8.574506 177
1683582379710 8.574505 178
1683582379723 8.574506 179
1683582379736 8.574505 180
1683582379749 8.574505 181
1683582379762 8.574505 182
1683582379775 8.574505 183
1683582379788 8.574505 184
1683582379802 8.574504 185
1683582379815 8.574504 186
1683582379829 8.574504 187
1683582379842 8.574503 188
1683582379855 8.574503 189
1683582379869 8.574503 190
1683582379882 8.574503 191
1683582379895 8.574503 192
1683582379908 8.574503 193
1683582379921 8.574503 194
1683582379934 8.574503 195
1683582379947 8.574503 196
1683582379960 8.574503 197
1683582379973 8.574503 198
1683582379986 8.574503 199
1683582379999 8.574503 200
1683582380012 8.574503 201
1683582380025 8.574503 202
1683582380038 8.574503 203
1683582380051 8.574504 204
1683582380065 8.574503 205
1683582380078 8.574503 206
1683582380091 8.574504 207
1683582380105 8.574504 208
1683582380118 8.574503 209
1683582380132 8.574504 210
1683582380145 8.574503 211
1683582380159 8.574503 212
1683582380172 8.574503 213
1683582380185 8.574503 214
1683582380198 8.574503 215
1683582380212 8.574503 216
1683582380225 8.574503 217
1683582380239 8.574503 218
1683582380253 8.574503 219
1683582380266 8.574503 220
1683582380280 8.574503 221
1683582380293 8.574503 222
1683582380306 8.574503 223
1683582380319 8.574503 224
1683582380332 8.574503 225
1683582380345 8.574503 226
1683582380358 8.574503 227
1683582380371 8.574503 228
1683582380384 8.574503 229
1683582380398 8.574503 230
1683582380411 8.574503 231
1683582380425 8.574503 232
1683582380438 8.574503 233
1683582380451 8.574503 234
1683582380464 8.574503 235
1683582380477 8.574503 236
1683582380490 8.574503 237
1683582380503 8.574503 238
1683582380516 8.574503 239
1683582380529 8.574503 240
1683582380543 8.574503 241
1683582380556 8.574503 242
1683582380569 8.574503 243
1683582380582 8.574503 244
1683582380596 8.574503 245
1683582380609 8.574503 246
1683582380622 8.574503 247
1683582380635 8.574503 248
1683582380649 8.574503 249
1683582380663 8.574503 250
