1684384534459 0.5226188 1
1684384534689 0.45931414 2
1684384534764 0.39958614 3
1684384534837 0.34814143 4
1684384534910 0.30767787 5
1684384534982 0.2788314 6
1684384535056 0.26007885 7
1684384535126 0.24932712 8
1684384535199 0.24429317 9
1684384535271 0.24293984 10
1684384535347 0.24367884 11
1684384535420 0.24540226 12
1684384535493 0.24741696 13
1684384535566 0.24934146 14
1684384535638 0.2510041 15
1684384535709 0.25235993 16
1684384535781 0.25343162 17
1684384535855 0.25427124 18
1684384535927 0.25493807 19
1684384536023 0.2554872 20
1684384536287 0.25596485 21
1684384536459 0.25640723 22
1684384536532 0.25684142 23
1684384536603 0.25728667 24
1684384536676 0.25775623 25
1684384536753 0.25825858 26
1684384536825 0.2587988 27
1684384536901 0.2593795 28
1684384536975 0.26000163 29
1684384537045 0.2606648 30
1684384537118 0.26136804 31
1684384537189 0.26210988 32
1684384537260 0.2628886 33
1684384537333 0.26370242 34
1684384537407 0.26454955 35
1684384537480 0.26542836 36
1684384537552 0.26633728 37
1684384537624 0.26727492 38
1684384537696 0.26824 39
1684384537768 0.26923153 40
1684384537839 0.27024853 41
1684384537911 0.27129018 42
1684384537984 0.27235594 43
1684384538056 0.27344516 44
1684384538128 0.2745574 45
1684384538210 0.27569237 46
1684384538291 0.2768497 47
1684384538369 0.27802914 48
1684384538441 0.27923048 49
1684384538513 0.28045362 50
1684384538583 0.28169835 51
1684384538655 0.28296465 52
1684384538728 0.28425235 53
1684384538800 0.28556144 54
1684384538871 0.28689182 55
1684384538942 0.2882434 56
1684384539014 0.2896162 57
1684384539086 0.29101017 58
1684384539158 0.29242522 59
1684384539230 0.29386136 60
1684384539300 0.29531854 61
1684384539372 0.29679674 62
1684384539444 0.2982959 63
1684384539518 0.299816 64
1684384539589 0.30135706 65
1684384539660 0.302919 66
1684384539732 0.30450186 67
1684384539803 0.30610552 68
1684384539875 0.30773008 69
1684384539948 0.30937546 70
1684384540024 0.31104168 71
1684384540096 0.31272867 72
1684384540171 0.31443647 73
1684384540245 0.31616506 74
1684384540317 0.31791437 75
1684384540393 0.31968448 76
1684384540466 0.32147533 77
1684384540537 0.32328695 78
1684384540607 0.32511926 79
1684384540678 0.32697237 80
1684384540749 0.32884616 81
1684384540821 0.3307407 82
1684384540897 0.33265594 83
1684384540968 0.33459193 84
1684384541041 0.33654863 85
1684384541116 0.33852607 86
1684384541191 0.34052417 87
1684384541263 0.34254295 88
1684384541333 0.3445825 89
1684384541405 0.34664276 90
1684384541668 0.3487237 91
1684384541740 0.35082537 92
1684384541811 0.35294774 93
1684384541888 0.3550908 94
1684384541959 0.35725456 95
1684384542032 0.35943905 96
1684384542106 0.3616442 97
1684384542178 0.36387005 98
1684384542249 0.3661166 99
1684384542320 0.36838388 100
1684384542393 0.37067184 101
1684384542464 0.37298048 102
1684384542536 0.37530982 103
1684384542607 0.37765992 104
1684384542681 0.38003066 105
1684384542753 0.3824221 106
1684384542927 0.38483423 107
1684384543122 0.38726705 108
1684384543194 0.38972056 109
1684384543269 0.39219478 110
1684384543534 0.39468965 111
1684384543777 0.39720523 112
1684384543920 0.39974153 113
1684384544021 0.4022985 114
1684384544098 0.4048761 115
1684384544175 0.4074745 116
1684384544248 0.41009352 117
1684384544319 0.41273323 118
1684384544389 0.41539365 119
1684384544461 0.41807473 120
1684384544533 0.4207765 121
1684384544606 0.42349896 122
1684384544679 0.4262421 123
1684384544751 0.42900595 124
1684384544823 0.43179044 125
1684384544895 0.43459564 126
1684384544968 0.4374215 127
1684384545039 0.44026804 128
1684384545112 0.44313526 129
1684384545184 0.44602314 130
1684384545255 0.44893172 131
1684384545325 0.451861 132
1684384545398 0.45481098 133
1684384545468 0.45778155 134
1684384545545 0.46077287 135
1684384545617 0.46378484 136
1684384545690 0.46681744 137
1684384545760 0.46987078 138
1684384545831 0.47294477 139
1684384545904 0.47603944 140
1684384545977 0.47915477 141
1684384546048 0.48229077 142
1684384546116 0.48544747 143
1684384546187 0.4886248 144
1684384546259 0.49182278 145
1684384546338 0.4950415 146
1684384546418 0.49828088 147
1684384546491 0.5015409 148
1684384546565 0.50482154 149
1684384546642 0.5081229 150
1684384546715 0.5114449 151
1684384546788 0.5147877 152
1684384546866 0.5181509 153
1684384546940 0.521535 154
1684384547011 0.52493966 155
1684384547081 0.528365 156
1684384547153 0.531811 157
1684384547226 0.53527766 158
1684384547298 0.53876495 159
1684384547368 0.5422729 160
1684384547440 0.5458016 161
1684384547513 0.54935086 162
1684384547585 0.5529208 163
1684384547656 0.5565114 164
1684384547727 0.5601227 165
1684384547798 0.5637547 166
1684384547871 0.56740725 167
1684384547943 0.57108045 168
1684384548016 0.5747744 169
1684384548091 0.57848895 170
1684384548162 0.5822241 171
1684384548233 0.58598 172
1684384548496 0.5897564 173
1684384548690 0.5935536 174
1684384548809 0.5973714 175
1684384548881 0.6012098 176
1684384548952 0.6050689 177
1684384549022 0.6089487 178
1684384549093 0.6128491 179
1684384549167 0.61677015 180
1684384549239 0.6207118 181
1684384549310 0.62467414 182
1684384549383 0.62865716 183
1684384549456 0.63266075 184
1684384549529 0.636685 185
1684384549601 0.6407299 186
1684384549673 0.6447955 187
1684384549743 0.6488816 188
1684384549815 0.6529885 189
1684384549887 0.65711594 190
1684384549958 0.66126406 191
1684384550030 0.6654328 192
1684384550103 0.66962224 193
1684384550174 0.67383224 194
1684384550248 0.6780629 195
1684384550321 0.6823143 196
1684384550396 0.68658614 197
1684384550466 0.69087875 198
1684384550538 0.6951919 199
1684384550611 0.6995258 200
1684384550683 0.70388025 201
1684384550758 0.7082554 202
1684384550828 0.71265113 203
1684384550902 0.7170675 204
1684384550977 0.72150445 205
1684384551048 0.72596204 206
1684384551119 0.73044026 207
1684384551190 0.7349392 208
1684384551263 0.7394587 209
1684384551335 0.7439988 210
1684384551407 0.7485596 211
1684384551479 0.753141 212
1684384551549 0.757743 213
1684384551619 0.7623656 214
1684384551694 0.7670089 215
1684384551765 0.77167284 216
1684384551841 0.77635723 217
1684384551920 0.78106236 218
1684384551993 0.7857882 219
1684384552066 0.7905345 220
1684384552138 0.79530144 221
1684384552209 0.8000891 222
1684384552281 0.80489737 223
1684384552355 0.8097262 224
1684384552428 0.81457555 225
1684384552498 0.81944567 226
1684384552572 0.8243364 227
1684384552646 0.8292477 228
1684384552717 0.83417964 229
1684384552786 0.8391321 230
1684384552859 0.8441053 231
1684384552933 0.84909904 232
1684384553003 0.85411334 233
1684384553074 0.8591483 234
1684384553147 0.86420393 235
1684384553220 0.8692801 236
1684384553290 0.87437695 237
1684384553359 0.8794943 238
1684384553431 0.88463235 239
1684384553502 0.889791 240
1684384553574 0.8949703 241
1684384553645 0.90016997 242
1684384553718 0.9053905 243
1684384553789 0.91063154 244
1684384553859 0.91589314 245
1684384553931 0.92117536 246
1684384554002 0.9264782 247
1684384554071 0.9318016 248
1684384554144 0.9371457 249
1684384554214 0.9425103 250
