1684385337750 0.57453036 1
1684385337830 0.5016343 2
1684385337906 0.4327196 3
1684385337978 0.3734299 4
1684385338051 0.32645723 5
1684385338124 0.29234242 6
1684385338197 0.26974824 7
1684385338269 0.25634608 8
1684385338341 0.2495754 9
1684385338411 0.24713823 10
1684385338480 0.24723199 11
1684385338552 0.24858892 12
1684385338626 0.25040546 13
1684385338697 0.25222856 14
1684385338773 0.25384286 15
1684385338844 0.25517815 16
1684385338916 0.25624317 17
1684385338992 0.25708264 18
1684385339066 0.25775224 19
1684385339143 0.25830546 20
1684385339218 0.25878775 21
1684385339293 0.2592352 22
1684385339365 0.25967473 23
1684385339436 0.26012588 24
1684385339507 0.2606019 25
1684385339580 0.26111153 26
1684385339653 0.26165998 27
1684385339728 0.26225013 28
1684385339801 0.26288286 29
1684385339871 0.26355815 30
1684385339941 0.26427504 31
1684385340014 0.2650322 32
1684385340086 0.26582792 33
1684385340160 0.26666054 34
1684385340231 0.26752836 35
1684385340303 0.26842958 36
1684385340374 0.26936287 37
1684385340447 0.2703267 38
1684385340517 0.27131996 39
1684385340587 0.2723415 40
1684385340659 0.2733904 41
1684385340732 0.27446586 42
1684385340805 0.2755673 43
1684385340878 0.27669406 44
1684385340949 0.27784577 45
1684385341018 0.27902198 46
1684385341090 0.28022245 47
1684385341163 0.2814469 48
1684385341235 0.28269514 49
1684385341306 0.28396696 50
1684385341377 0.28526232 51
1684385341449 0.286581 52
1684385341521 0.28792298 53
1684385341593 0.2892882 54
1684385341666 0.29067653 55
1684385341738 0.29208794 56
1684385341809 0.29352242 57
1684385341881 0.29497987 58
1684385341953 0.29646027 59
1684385342023 0.29796356 60
1684385342097 0.29948977 61
1684385342168 0.3010388 62
1684385342240 0.30261067 63
1684385342311 0.3042053 64
1684385342385 0.30582273 65
1684385342456 0.3074629 66
1684385342529 0.30912578 67
1684385342600 0.31081134 68
1684385342672 0.3125196 69
1684385342744 0.31425053 70
1684385342816 0.3160041 71
1684385342889 0.3177803 72
1684385342961 0.31957912 73
1684385343033 0.32140052 74
1684385343105 0.32324454 75
1684385343178 0.32511115 76
1684385343249 0.32700035 77
1684385343324 0.32891208 78
1684385343394 0.3308464 79
1684385343466 0.33280328 80
1684385343538 0.33478272 81
1684385343608 0.33678472 82
1684385343679 0.33880925 83
1684385343749 0.3408563 84
1684385343823 0.34292594 85
1684385343894 0.34501812 86
1684385343964 0.34713277 87
1684385344037 0.34927 88
1684385344111 0.35142976 89
1684385344184 0.35361204 90
1684385344257 0.35581684 91
1684385344332 0.35804415 92
1684385344405 0.360294 93
1684385344478 0.3625664 94
1684385344566 0.3648613 95
1684385344643 0.36717874 96
1684385344718 0.36951867 97
1684385344791 0.37188113 98
1684385344862 0.37426612 99
1684385344935 0.37667358 100
1684385345008 0.3791036 101
1684385345079 0.38155612 102
1684385345151 0.38403115 103
1684385345223 0.38652867 104
1684385345295 0.38904878 105
1684385345370 0.39159134 106
1684385345442 0.39415643 107
1684385345513 0.396744 108
1684385345584 0.39935413 109
1684385345657 0.40198672 110
1684385345730 0.40464184 111
1684385345803 0.40731943 112
1684385345875 0.41001958 113
1684385345946 0.41274223 114
1684385346016 0.41548735 115
1684385346086 0.41825497 116
1684385346156 0.42104512 117
1684385346226 0.42385778 118
1684385346298 0.42669293 119
1684385346370 0.4295506 120
1684385346439 0.4324307 121
1684385346509 0.43533337 122
1684385346580 0.43825853 123
1684385346651 0.44120616 124
1684385346721 0.44417626 125
1684385346793 0.4471689 126
1684385346862 0.45018402 127
1684385346935 0.45322162 128
1684385347006 0.45628172 129
1684385348326 0.45936432 130
1684385348490 0.4624694 131
1684385348617 0.465597 132
1684385348752 0.46874705 133
1684385348886 0.4719196 134
1684385348963 0.47511464 135
1684385349034 0.47833216 136
1684385349106 0.48157218 137
1684385349177 0.48483464 138
1684385349248 0.48811966 139
1684385349321 0.4914271 140
1684385349394 0.49475706 141
1684385349466 0.4981095 142
1684385349537 0.5014844 143
1684385349611 0.50488174 144
1684385349684 0.5083016 145
1684385349757 0.51174396 146
1684385349829 0.5152088 147
1684385349901 0.51869607 148
1684385349971 0.5222058 149
1684385350043 0.5257381 150
1684385350117 0.52929276 151
1684385350188 0.53286994 152
1684385350260 0.5364696 153
1684385350330 0.5400917 154
1684385350401 0.5437363 155
1684385350471 0.54740334 156
1684385350588 0.55109286 157
1684385350661 0.5548049 158
1684385350731 0.5585394 159
1684385350800 0.5622963 160
1684385350879 0.5660757 161
1684385350966 0.56987756 162
1684385351036 0.57370186 163
1684385351107 0.5775486 164
1684385351182 0.5814179 165
1684385351253 0.58530957 166
1684385351322 0.58922374 167
1684385351393 0.5931604 168
1684385351464 0.59711945 169
1684385351535 0.6011009 170
1684385351610 0.6051049 171
1684385351683 0.6091314 172
1684385351755 0.6131803 173
1684385351825 0.61725163 174
1684385351895 0.6213454 175
1684385351969 0.6254617 176
1684385352040 0.62960035 177
1684385352110 0.6337615 178
1684385352183 0.6379451 179
1684385352253 0.6421511 180
1684385352325 0.64637965 181
1684385352395 0.6506306 182
1684385352471 0.654904 183
1684385352545 0.65919983 184
1684385352618 0.6635181 185
1684385352699 0.6678588 186
1684385352775 0.6722219 187
1684385352848 0.6766075 188
1684385352919 0.6810155 189
1684385352990 0.685446 190
1684385353064 0.6898989 191
1684385353136 0.69437426 192
1684385353206 0.698872 193
1684385353275 0.70339227 194
1684385353346 0.70793486 195
1684385353418 0.7125 196
1684385353489 0.7170875 197
1684385353561 0.72169745 198
1684385353634 0.7263298 199
1684385353705 0.73098457 200
1684385353775 0.73566186 201
1684385353844 0.7403615 202
1684385353916 0.74508363 203
1684385353986 0.7498281 204
1684385354057 0.75459504 205
1684385354127 0.7593844 206
1684385354199 0.76419616 207
1684385354270 0.76903033 208
1684385354342 0.77388704 209
1684385354415 0.778766 210
1684385354487 0.78366745 211
1684385354560 0.78859127 212
1684385354635 0.7935377 213
1684385354704 0.7985064 214
1684385354776 0.80349755 215
1684385354846 0.80851114 216
1684385354918 0.81354696 217
1684385354987 0.8186053 218
1684385355056 0.8236862 219
1684385355126 0.82878923 220
1684385355196 0.8339149 221
1684385355378 0.8390629 222
1684385355460 0.8442334 223
1684385355533 0.84942615 224
1684385355603 0.85464144 225
1684385355675 0.859879 226
1684385355747 0.8651391 227
1684385355817 0.8704215 228
1684385355893 0.87572634 229
1684385355965 0.8810536 230
1684385356035 0.88640326 231
1684385356104 0.89177525 232
1684385356176 0.89716977 233
1684385356246 0.9025865 234
1684385356318 0.90802574 235
1684385356386 0.9134874 236
1684385356458 0.9189714 237
1684385356530 0.9244778 238
1684385356602 0.9300066 239
1684385356678 0.93555784 240
1684385356746 0.9411314 241
1684385356818 0.94672745 242
1684385356890 0.9523458 243
1684385356962 0.95798653 244
1684385357034 0.96364963 245
1684385357102 0.9693352 246
1684385357174 0.9750432 247
1684385357246 0.9807734 248
1684385357318 0.986526 249
1684385357389 0.99230117 250
