1684386351281 0.5109931874007648 1
1684386351361 0.45190042726098884 2
1684386351435 0.39695072579977053 3
1684386351509 0.3506194680179755 4
1684386351582 0.31532698718252555 5
1684386351657 0.2912601551137386 6
1684386351732 0.27698365952399334 7
1684386351808 0.2702500479997094 8
1684386351882 0.26868436492379494 9
1684386351957 0.27021824806684347 10
1684386352028 0.2732791526091522 11
1684386352104 0.27680632190744775 12
1684386352176 0.2801714654379382 13
1684386352249 0.2830654321617148 14
1684386352324 0.2853885302893914 15
1684386352398 0.28716264686152615 16
1684386352473 0.28846917913137776 17
1684386352546 0.2894096207042515 18
1684386352620 0.29008325866070606 19
1684386352695 0.29057637102519623 20
1684386352771 0.290958709345761 21
1684386352842 0.2912836479294756 22
1684386352918 0.2915902150912186 23
1684386352992 0.2919057073705248 24
1684386353064 0.29224834954010115 25
1684386353142 0.2926295242153297 26
1684386353214 0.293055647387107 27
1684386353285 0.29352958454732275 28
1684386353360 0.2940518470508114 29
1684386353432 0.29462137410339706 30
1684386353506 0.29523609415148727 31
1684386353578 0.2958934389094434 32
1684386353653 0.2965906023709849 33
1684386353725 0.29732472812705674 34
1684386353800 0.2980930671238157 35
1684386353874 0.2988930754170461 36
1684386353946 0.29972245281863286 37
1684386354026 0.3005791637223873 38
1684386354103 0.30146136778679794 39
1684386354177 0.30236759132690844 40
1684386354248 0.30329648826296957 41
1684386354319 0.30424693661362395 42
1684386354390 0.3052180672979131 43
1684386354461 0.3062091449834493 44
1684386354532 0.3072195576520692 45
1684386354607 0.30824876314057476 46
1684386354680 0.30929633585453287 47
1684386354751 0.31036190473607905 48
1684386354822 0.31144519784452185 49
1684386354895 0.3125458868035079 50
1684386354967 0.31366377047606386 51
1684386355040 0.3147986799166606 52
1684386355112 0.3159504461316833 53
1684386355186 0.31711887719878074 54
1684386355260 0.31830391183581913 55
1684386355331 0.3195053722651794 56
1684386355403 0.32072315217742137 57
1684386355473 0.3219572334172482 58
1684386355544 0.3232074970283526 59
1684386355616 0.3244738780040296 60
1684386355689 0.32575630940106676 61
1684386355760 0.3270546800277994 62
1684386355833 0.32836889760676724 63
1684386355904 0.32969892161413217 64
1684386355976 0.3310446389413852 65
1684386356049 0.3324059643177846 66
1684386356125 0.3337827933215379 67
1684386356196 0.33517513301330754 68
1684386356268 0.33658282675801865 69
1684386356340 0.3380058114698012 70
1684386356412 0.33944406816251327 71
1684386356486 0.3408974541091458 72
1684386356558 0.34236598156305803 73
1684386356629 0.343849544275663 74
1684386356701 0.3453480958194215 75
1684386356774 0.34686153369749734 76
1684386356845 0.3483899018986888 77
1684386356917 0.3499330597658258 78
1684386356987 0.3514909587063002 79
1684386357056 0.35306357966213847 80
1684386357131 0.3546508419834152 81
1684386357203 0.3562527013241117 82
1684386357278 0.35786911563210744 83
1684386357351 0.35950001376073754 84
1684386357422 0.3611453739131194 85
1684386357494 0.3628051346131661 86
1684386357565 0.3644792183672174 87
1684386357638 0.36616760796254055 88
1684386357709 0.3678702389749722 89
1684386357780 0.3695870813146816 90
1684386357849 0.37131807417606083 91
1684386357919 0.37306316950972007 92
1684386357991 0.37482228565799125 93
1684386358061 0.37659543461763206 94
1684386358130 0.3783825600187961 95
1684386358203 0.3801835680581018 96
1684386358274 0.3819984238301464 97
1684386358347 0.38382708809867466 98
1684386358417 0.3856695125683865 99
1684386358487 0.38752566316510956 100
1684386358557 0.3893954695859762 101
1684386358629 0.3912788892212252 102
1684386358700 0.3931758846336861 103
1684386358772 0.3950863742467531 104
1684386358842 0.39701036918846183 105
1684386358913 0.39894777545130244 106
1684386358984 0.4008985205758238 107
1684386359057 0.40286261036208204 108
1684386359129 0.4048399590001268 109
1684386359476 0.40683056716496474 110
1684386359569 0.4088343171139783 111
1684386359642 0.4108511846678616 112
1684386359716 0.4128811468445271 113
1684386359788 0.4149241359288505 114
1684386359860 0.41698008442638546 115
1684386359930 0.4190489681147221 116
1684386360001 0.42113072409083563 117
1684386360078 0.4232252991035635 118
1684386360148 0.42533264946761645 119
1684386360217 0.4274527117358852 120
1684386360286 0.42958545689350774 121
1684386360359 0.4317308078685596 122
1684386360431 0.4338887817191977 123
1684386360502 0.43605918778757446 124
1684386360576 0.4382421465282198 125
1684386360649 0.44043747684280254 126
1684386360722 0.44264517771582984 127
1684386360793 0.44486520041242755 128
1684386360867 0.44709744629039905 129
1684386360939 0.4493419391145855 130
1684386361012 0.4515985796026794 131
1684386361087 0.4538673331618407 132
1684386361158 0.45614806853309336 133
1684386361232 0.4584408656853283 134
1684386361305 0.4607455606659472 135
1684386361376 0.4630621689277008 136
1684386361449 0.46539060831325474 137
1684386361521 0.46773081999448934 138
1684386361595 0.4700827195984902 139
1684386361669 0.47244633657381047 140
1684386361744 0.4748215438123373 141
1684386361816 0.47720832574124444 142
1684386361890 0.4796066050713412 143
1684386361963 0.4820163708162742 144
1684386362033 0.4844374742689362 145
1684386362111 0.48686997821814415 146
1684386362196 0.48931375722129455 147
1684386362272 0.4917687221510081 148
1684386362344 0.4942349047242041 149
1684386362415 0.4967121712990873 150
1684386362486 0.4992005153158702 151
1684386362561 0.5016998516144364 152
1684386362634 0.5042101537242694 153
1684386362703 0.5067313189681197 154
1684386362773 0.5092633059156549 155
1684386362844 0.5118060780365117 156
1684386362915 0.5143595603903214 157
1684386362986 0.5169236683444581 158
1684386363057 0.5194984051922715 159
1684386363130 0.522083638873659 160
1684386363201 0.5246793784055312 161
1684386363272 0.5272855623124257 162
1684386363342 0.5299020238583155 163
1684386363415 0.5325288273655344 164
1684386363487 0.5351658520676187 165
1684386363559 0.5378130473867879 166
1684386363631 0.5404703662383508 167
1684386363705 0.543137736812114 168
1684386363776 0.5458150914497376 169
1684386363851 0.54850237824687 170
1684386363920 0.5511995371505893 171
1684386363994 0.5539064918172725 172
1684386364064 0.5566231846815317 173
1684386364138 0.5593495766640846 174
1684386364212 0.5620855595561486 175
1684386364282 0.5648310972903243 176
1684386364352 0.5675861090789773 177
1684386364425 0.570350609211265 178
1684386364495 0.5731244155933536 179
1684386364573 0.575907532816288 180
1684386364646 0.5786999027347222 181
1684386364717 0.5815014722091538 182
1684386364788 0.5843120685502022 183
1684386364861 0.5871317385656819 184
1684386364933 0.5899604092246928 185
1684386365004 0.592797986909266 186
1684386365076 0.5956444323766674 187
1684386365149 0.5984996532666519 188
1684386365221 0.6013635133075677 189
1684386365290 0.6042360809117701 190
1684386365361 0.607117292805537 191
1684386365433 0.6100069287011352 192
1684386365503 0.6129050424229994 193
1684386365577 0.6158116072749354 194
1684386365654 0.6187264146478045 195
1684386365726 0.6216495454020744 196
1684386365796 0.6245808285002297 197
1684386365867 0.6275202794068783 198
1684386365941 0.6304677389591289 199
1684386366016 0.6334232036624854 200
1684386366091 0.6363866183913056 201
1684386366164 0.6393579200576196 202
1684386366235 0.6423369603741103 203
1684386366306 0.645323780013661 204
1684386366379 0.6483182434162641 205
1684386366450 0.6513202611121607 206
1684386366522 0.6543298678455614 207
1684386366593 0.657346923095801 208
1684386366668 0.6603714117784656 209
1684386366739 0.6634031993545021 210
1684386366813 0.6664422873663336 211
1684386366884 0.6694885260120185 212
1684386366957 0.6725419940430106 213
1684386367030 0.6756025122729568 214
1684386367102 0.6786700234491279 215
1684386367173 0.6817445452822644 216
1684386367247 0.6848259095335838 217
1684386367321 0.6879140577542324 218
1684386367396 0.6910090648397231 219
1684386367468 0.6941106788797738 220
1684386367542 0.6972189867878481 221
1684386367615 0.7003338738536831 222
1684386367689 0.7034552275029474 223
1684386367763 0.706583065468272 224
1684386367833 0.7097173159758621 225
1684386367905 0.7128578635834197 226
1684386367976 0.7160047087075643 227
1684386368050 0.7191577545026924 228
1684386368123 0.7223169695217739 229
1684386368198 0.7254822418294746 230
1684386368271 0.7286535749142632 231
1684386368343 0.7318308841407071 232
1684386368417 0.7350141156568454 233
1684386368490 0.7382032330279422 234
1684386368560 0.7413981410598188 235
1684386368631 0.744598801104877 236
1684386368703 0.747805196184 237
1684386368774 0.7510172349814165 238
1684386368847 0.7542348308669556 239
1684386368920 0.7574580206307843 240
1684386368990 0.7606866948165004 241
1684386369060 0.7639207966330545 242
1684386369133 0.7671602866632092 243
1684386369206 0.7704051475824008 244
1684386369277 0.7736552537849469 245
1684386369349 0.776910678088562 246
1684386369419 0.7801712495121983 247
1684386369490 0.7834370175504412 248
1684386369564 0.7867078400413454 249
1684386369637 0.7899837533965846 250
