1684388285207 0.53798854 1
1684388285283 0.47084752 2
1684388285359 0.40695179 3
1684388285431 0.3512339 4
1684388285507 0.3066001 5
1684388285579 0.2736603 6
1684388285655 0.251296 7
1684388285727 0.23745671 8
1684388285803 0.22984932 9
1684388285875 0.22639334 10
1684388285951 0.22543994 11
1684388286027 0.22581545 12
1684388286103 0.22676298 13
1684388286175 0.2278434 14
1684388286247 0.22883502 15
1684388286319 0.22965097 16
1684388286395 0.23027952 17
1684388286463 0.23074532 18
1684388286539 0.23108606 19
1684388286611 0.23134017 20
1684388286683 0.23154138 21
1684388286755 0.23171666 22
1684388286827 0.23188643 23
1684388286899 0.23206541 24
1684388286971 0.23226377 25
1684388287047 0.23248819 26
1684388287123 0.23274276 27
1684388287191 0.23302965 28
1684388287269 0.23334977 29
1684388287341 0.23370309 30
1684388287413 0.23408896 31
1684388287485 0.23450643 32
1684388287565 0.23495424 33
1684388287641 0.23543113 34
1684388287713 0.23593578 35
1684388287785 0.23646693 36
1684388287857 0.23702343 37
1684388287933 0.2376042 38
1684388288005 0.23820828 39
1684388288077 0.2388348 40
1684388288153 0.2394831 41
1684388288227 0.2401525 42
1684388288304 0.24084246 43
1684388288381 0.24155256 44
1684388288457 0.24228239 45
1684388288533 0.24303168 46
1684388288609 0.24380013 47
1684388288681 0.24458754 48
1684388288752 0.2453937 49
1684388288824 0.24621844 50
1684388288896 0.2470617 51
1684388288968 0.24792327 52
1684388289044 0.24880314 53
1684388289116 0.24970114 54
1684388289184 0.25061724 55
1684388289256 0.25155136 56
1684388289328 0.2525034 57
1684388289400 0.25347328 58
1684388289472 0.254461 59
1684388289544 0.25546643 60
1684388289616 0.25648955 61
1684388289684 0.25753027 62
1684388289756 0.25858855 63
1684388289828 0.25966436 64
1684388289900 0.26075763 65
1684388289972 0.2618683 66
1684388290048 0.26299635 67
1684388290116 0.2641417 68
1684388290188 0.2653044 69
1684388290260 0.26648426 70
1684388290332 0.2676813 71
1684388290404 0.26889548 72
1684388290476 0.27012676 73
1684388290548 0.27137506 74
1684388290624 0.27264035 75
1684388290700 0.2739226 76
1684388290780 0.27522174 77
1684388290852 0.27653778 78
1684388290924 0.2778706 79
1684388290992 0.27922025 80
1684388291068 0.28058666 81
1684388291140 0.28196973 82
1684388291216 0.28336948 83
1684388291284 0.28478587 84
1684388291364 0.28621885 85
1684388291436 0.28766835 86
1684388291512 0.28913438 87
1684388291580 0.2906169 88
1684388291984 0.29211584 89
1684388292080 0.29363117 90
1684388292156 0.29516283 91
1684388292232 0.29671085 92
1684388292304 0.29827514 93
1684388292376 0.2998557 94
1684388292448 0.30145252 95
1684388292524 0.30306554 96
1684388292600 0.30469477 97
1684388292672 0.3063402 98
1684388292744 0.3080017 99
1684388292816 0.30967933 100
1684388292888 0.31137305 101
1684388292960 0.3130828 102
1684388293028 0.31480858 103
1684388293100 0.3165503 104
1684388293172 0.318308 105
1684388293248 0.3200816 106
1684388293320 0.32187104 107
1684388293392 0.32367635 108
1684388293464 0.32549745 109
1684388293536 0.32733434 110
1684388293608 0.32918692 111
1684388293680 0.33105522 112
1684388293748 0.33293918 113
1684388294657 0.33483878 114
1684388294729 0.33675393 115
1684388294801 0.33868468 116
1684388294873 0.34063092 117
1684388294945 0.34259263 118
1684388295017 0.3445698 119
1684388295089 0.34656236 120
1684388295161 0.34857032 121
1684388295233 0.3505936 122
1684388295301 0.35263216 123
1684388295373 0.35468596 124
1684388295445 0.35675502 125
1684388295517 0.35883927 126
1684388295589 0.3609386 127
1684388295665 0.36305314 128
1684388295741 0.3651827 129
1684388295813 0.3673272 130
1684388295885 0.36948684 131
1684388295957 0.37166137 132
1684388296029 0.3738508 133
1684388296101 0.37605506 134
1684388296173 0.3782742 135
1684388296245 0.38050818 136
1684388296317 0.3827569 137
1684388296389 0.38502026 138
1684388296461 0.38729835 139
1684388296533 0.38959104 140
1684388296605 0.39189836 141
1684388296677 0.39422023 142
1684388296749 0.39655656 143
1684388296821 0.3989074 144
1684388296893 0.40127265 145
1684388296965 0.40365228 146
1684388297033 0.4060462 147
1684388297105 0.40845448 148
1684388297177 0.41087702 149
1684388297249 0.41331378 150
1684388297321 0.4157647 151
1684388297393 0.4182297 152
1684388297473 0.4207088 153
1684388297549 0.42320195 154
1684388297625 0.4257091 155
1684388297698 0.42823014 156
1684388297770 0.43076515 157
1684388297842 0.43331397 158
1684388297914 0.4358766 159
1684388297990 0.43845302 160
1684388298058 0.44104308 161
1684388298130 0.4436469 162
1684388298202 0.44626433 163
1684388298274 0.44889528 164
1684388298342 0.4515398 165
1684388298414 0.4541978 166
1684388298498 0.45686918 167
1684388298570 0.45955396 168
1684388298642 0.46225208 169
1684388298714 0.46496353 170
1684388298786 0.4676882 171
1684388298878 0.47042602 172
1684388298954 0.47317696 173
1684388299026 0.47594088 174
1684388299102 0.47871783 175
1684388299170 0.4815077 176
1684388299242 0.48431048 177
1684388299314 0.48712605 178
1684388299390 0.48995447 179
1684388299469 0.49279562 180
1684388299537 0.4956495 181
1684388299613 0.49851602 182
1684388299685 0.5013951 183
1684388299757 0.5042868 184
1684388300078 0.507191 185
1684388300310 0.51010764 186
1684388300386 0.51303667 187
1684388300462 0.51597804 188
1684388300534 0.51893175 189
1684388300606 0.5218976 190
1684388300678 0.52487576 191
1684388300754 0.52786595 192
1684388300822 0.5308682 193
1684388300894 0.5338825 194
1684388300966 0.53690875 195
1684388301034 0.5399469 196
1684388301102 0.5429969 197
1684388301174 0.5460586 198
1684388301388 0.549132 199
1684388301488 0.5522171 200
1684388301566 0.5553138 201
1684388301634 0.5584221 202
1684388301706 0.5615419 203
1684388301778 0.564673 204
1684388301850 0.56781554 205
1684388301922 0.5709694 206
1684388301994 0.57413447 207
1684388302066 0.57731074 208
1684388302138 0.58049816 209
1684388302210 0.5836966 210
1684388302282 0.5869061 211
1684388302353 0.59012645 212
1684388302425 0.59335774 213
1684388302497 0.5965998 214
1684388302569 0.5998527 215
1684388302641 0.6031162 216
1684388302717 0.6063904 217
1684388302785 0.6096751 218
1684388302861 0.6129705 219
1684388302933 0.61627614 220
1684388303009 0.61959225 221
1684388303077 0.6229187 222
1684388303149 0.6262554 223
1684388303221 0.62960225 224
1684388303293 0.6329593 225
1684388303365 0.6363264 226
1684388303437 0.6397036 227
1684388303505 0.6430906 228
1684388303577 0.6464876 229
1684388303649 0.6498944 230
1684388303721 0.65331095 231
1684388303793 0.6567372 232
1684388303865 0.6601732 233
1684388303933 0.6636186 234
1684388304005 0.6670737 235
1684388304077 0.6705382 236
1684388304153 0.67401206 237
1684388304221 0.6774953 238
1684388304297 0.6809878 239
1684388304369 0.6844895 240
1684388304441 0.6880004 241
1684388304513 0.6915204 242
1684388304597 0.6950494 243
1684388304669 0.6985874 244
1684388304741 0.7021343 245
1684388304813 0.70569015 246
1684388304885 0.7092547 247
1684388304957 0.7128281 248
1684388306382 0.71641016 249
1684388306454 0.72000074 250
