1684387893499 0.5152119491101421 1
1684387893583 0.45305251040386957 2
1684387893655 0.395049523088079 3
1684387893731 0.34589167924125513 4
1684387893807 0.3081481620262579 5
1684387893879 0.28207065571199685 6
1684387893955 0.266218189562896 7
1684387894027 0.258292236984779 8
1684387894103 0.2558468831070621 9
1684387894178 0.2567419353631155 10
1684387894255 0.25934236757666673 11
1684387894327 0.2625374107291862 12
1684387894399 0.2656609987840953 13
1684387894471 0.2683768279827741 14
1684387894543 0.2705663424718262 15
1684387894615 0.2722384640338685 16
1684387894687 0.2734655584323184 17
1684387894759 0.2743426281906209 18
1684387894887 0.2749641395863059 19
1684387894959 0.2754128806528514 20
1684387895031 0.2757559589828795 21
1684387895103 0.27604481984591234 22
1684387895426 0.2763171604935178 23
1684387895638 0.27659937167960214 24
1684387895792 0.2769090969191535 25
1684387895888 0.27725729359903667 26
1684387895959 0.2776502522261694 27
1684387896034 0.27809075450601534 28
1684387896110 0.27857936542091544 29
1684387896183 0.2791150994770766 30
1684387896259 0.27969599079665663 31
1684387896335 0.2803195404288966 32
1684387896407 0.2809830229621344 33
1684387896479 0.28168366872047396 34
1684387896559 0.28241881056420215 35
1684387896631 0.28318594330729085 36
1684387896699 0.28398282157756827 37
1684387896771 0.28480742423290417 38
1684387896839 0.2856579770492445 39
1684387896915 0.2865329666036959 40
1684387896987 0.28743112362995227 41
1684387897059 0.288351296970787 42
1684387897131 0.2892925902290456 43
1684387897207 0.29025424468483496 44
1684387897279 0.2912355957972948 45
1684387897351 0.2922361185998076 46
1684387897423 0.29325538247633276 47
1684387897495 0.29429302836800675 48
1684387897571 0.2953486950193289 49
1684387897643 0.29642214131137257 50
1684387897715 0.2975131740801507 51
1684387897786 0.29862156101793785 52
1684387897862 0.29974718932485783 53
1684387897938 0.3008898897414271 54
1684387898010 0.30204956416500683 55
1684387898082 0.3032260893871046 56
1684387898154 0.3044193450229383 57
1684387898230 0.3056292347837445 58
1684387898301 0.30685565981991675 59
1684387898373 0.3080985178595682 60
1684387898445 0.3093577422262695 61
1684387898517 0.3106332109723314 62
1684387898589 0.31192484324732905 63
1684387898661 0.3132325119140641 64
1684387898733 0.3145562081055745 65
1684387898801 0.3158958047863243 66
1684387898877 0.31725120036512733 67
1684387898949 0.31862234761496383 68
1684387899021 0.32000915372467764 69
1684387899117 0.3214115863112492 70
1684387899189 0.3228294769442158 71
1684387899261 0.32426287262408937 72
1684387899337 0.32571160179687647 73
1684387899409 0.3271756496999189 74
1684387899485 0.3286549545429343 75
1684387899561 0.3301494427731664 76
1684387899633 0.3316590276400084 77
1684387899705 0.33318367286150063 78
1684387899781 0.3347233269883659 79
1684387899853 0.3362779076466158 80
1684387899925 0.3378473539401044 81
1684387899993 0.33943163918371716 82
1684387900069 0.34103067348921406 83
1684387900157 0.34264441072946256 84
1684387900233 0.3442727961509251 85
1684387900305 0.34591577839890414 86
1684387900377 0.3475732818589482 87
1684387900449 0.34924527156151997 88
1684387900525 0.3509316850314097 89
1684387900601 0.3526324732314174 90
1684387900673 0.3543475683716713 91
1684387900745 0.3560769146948495 92
1684387900817 0.3578204795582271 93
1684387900893 0.35957819415975345 94
1684387900965 0.3613499977671538 95
1684387901041 0.3631358628305486 96
1684387901113 0.3649356950464133 97
1684387901185 0.36674947106418593 98
1684387901257 0.36857709501327923 99
1684387901329 0.370418576284076 100
1684387901401 0.3722738087981998 101
1684387901477 0.37414276539757224 102
1684387901549 0.3760253868218619 103
1684387901621 0.37792159558073 104
1684387901693 0.3798313612543411 105
1684387901769 0.381754614643172 106
1684387901841 0.38369133710631315 107
1684387901917 0.38564142809084634 108
1684387901985 0.387604846054404 109
1684387902061 0.38958155253526333 110
1684387902129 0.3915714568057577 111
1684387902205 0.39357452529179454 112
1684387902277 0.39559072339471657 113
1684387902353 0.3976199583292306 114
1684387902425 0.3996621944642872 115
1684387902497 0.40171736589397383 116
1684387902573 0.4037854323984855 117
1684387902645 0.4058663243338107 118
1684387902721 0.4079599879634576 119
1684387902797 0.41006633276218185 120
1684387902869 0.41218538154319406 121
1684387902937 0.4143170047978221 122
1684387903012 0.4164611814267208 123
1684387903088 0.4186178646172353 124
1684387903160 0.4207869228310755 125
1684387903236 0.4229683955883392 126
1684387903308 0.4251621661284907 127
1684387903380 0.4273681937289187 128
1684387903448 0.42958640784619956 129
1684387903520 0.4318167835367877 130
1684387903592 0.43405921360324107 131
1684387903668 0.43631366931252286 132
1684387903740 0.43858009943119314 133
1684387903816 0.4408583853515034 134
1684387903888 0.4431485528164815 135
1684387903960 0.4454505029788507 136
1684387904032 0.4477641467032375 137
1684387904104 0.45008947738491606 138
1684387904176 0.4524263957902828 139
1684387904248 0.4547748588813142 140
1684387904320 0.45713479943734714 141
1684387904392 0.4595061626093181 142
1684387904464 0.4618888558072668 143
1684387904541 0.464282874101275 144
1684387904613 0.46668810806951067 145
1684387904689 0.46910452955174703 146
1684387904761 0.4715320547673885 147
1684387904833 0.47397059801238817 148
1684387904905 0.4764201418440357 149
1684387904977 0.47888061716986036 150
1684387905049 0.48135193622399525 151
1684387905121 0.48383403632203065 152
1684387905193 0.48632686123437907 153
1684387905265 0.4888303739357969 154
1684387905337 0.4913445029033004 155
1684387905410 0.49386910263121114 156
1684387905482 0.49640422352928415 157
1684387905554 0.49894974458673974 158
1684387905627 0.5015055835545339 159
1684387905704 0.504071700501996 160
1684387905776 0.5066480281325666 161
1684387905852 0.5092345095255679 162
1684387905924 0.5118310604543546 163
1684387905995 0.5144376215120268 164
1684387906067 0.5170541082422916 165
1684387906139 0.5196804844036068 166
1684387906211 0.5223166689931745 167
1684387906287 0.5249625689688395 168
1684387906359 0.5276181843460411 169
1684387906435 0.5302833819511502 170
1684387906507 0.5329581123974172 171
1684387906579 0.5356423170195154 172
1684387906651 0.5383359529334527 173
1684387906723 0.5410388818864882 174
1684387906795 0.5437510635650729 175
1684387906867 0.5464724846952589 176
1684387906943 0.5492030262437434 177
1684387907015 0.5519426345737831 178
1684387907087 0.5546911714898731 179
1684387907159 0.5574486637111273 180
1684387907235 0.5602149899110147 181
1684387907307 0.5629901124365114 182
1684387907379 0.5657739251766499 183
1684387907451 0.5685664121088051 184
1684387907523 0.5713674649482334 185
1684387907599 0.5741770197201169 186
1684387907671 0.5769949729905653 187
1684387907743 0.5798213037041003 188
1684387907815 0.5826559163788313 189
1684387907887 0.5854987809479314 190
1684387907963 0.5883497655869897 191
1684387908031 0.5912088187313811 192
1684387908107 0.5940759136113928 193
1684387908179 0.596950953482787 194
1684387908267 0.5998338520614588 195
1684387908347 0.6027245505949764 196
1684387908419 0.6056229799204732 197
1684387908487 0.6085290707855807 198
1684387908563 0.6114427578663096 199
1684387908824 0.6143639710107629 200
1684387908992 0.6172926269386555 201
1684387909097 0.6202286608055837 202
1684387909177 0.6231720641777685 203
1684387909249 0.6261226892107115 204
1684387909321 0.6290805073654725 205
1684387909389 0.6320454020560403 206
1684387909461 0.6350173481152562 207
1684387909533 0.6379962976928999 208
1684387909605 0.6409821602925359 209
1684387909677 0.6439748352064617 210
1684387909749 0.6469743037009916 211
1684387909821 0.6499804692668664 212
1684387909893 0.6529932833983932 213
1684387909969 0.6560127419295955 214
1684387910045 0.659038619405804 215
1684387910117 0.6620710318266043 216
1684387910189 0.6651098049289956 217
1684387910257 0.6681548525217361 218
1684387910329 0.6712062371362822 219
1684387910401 0.674263774297208 220
1684387910473 0.6773274743416033 221
1684387910548 0.6803972773426348 222
1684387910624 0.6834730801891938 223
1684387910696 0.6865548380020936 224
1684387910768 0.6896424872629292 225
1684387910840 0.6927360163635693 226
1684387910908 0.695835255507208 227
1684387910980 0.698940270284972 228
1684387911052 0.7020509346424985 229
1684387911124 0.7051671886355579 230
1684387911196 0.7082890648340554 231
1684387911272 0.7114164213006724 232
1684387911447 0.7145492234272198 233
1684387911654 0.7176873947148914 234
1684387911802 0.720830958715972 235
1684387911874 0.7239797893290233 236
1684387912006 0.7271338544068421 237
1684387912238 0.730293104469466 238
1684387912375 0.7334575555516215 239
1684387912450 0.7366270764612308 240
1684387912525 0.7398016536345311 241
1684387912597 0.7429812223291259 242
1684387912665 0.7461657477244675 243
1684387912741 0.7493551995967389 244
1684387912813 0.7525495159677259 245
1684387912889 0.7557487240078654 246
1684387912961 0.7589526797361158 247
1684387913032 0.7621613586661108 248
1684387913104 0.765374754188085 249
1684387913176 0.7685928254103966 250
