1684385381332 0.46321446 1
1684385381412 0.40114644 2
1684385381484 0.3432567 3
1684385381556 0.29420698 4
1684385381628 0.25654757 5
1684385381704 0.23052566 6
1684385381776 0.21471058 7
1684385381848 0.20682266 8
1684385381920 0.20443283 9
1684385381992 0.2054103 10
1684385382068 0.20812398 11
1684385382140 0.2114645 12
1684385382212 0.21476573 13
1684385382288 0.21768962 14
1684385382360 0.22011437 15
1684385382432 0.22204466 16
1684385382500 0.22354826 17
1684385382572 0.22471586 18
1684385382648 0.22563827 19
1684385382720 0.2263954 20
1684385382788 0.22705232 21
1684385382860 0.22765914 22
1684385382936 0.22825271 23
1684385383008 0.2288591 24
1684385383084 0.22949578 25
1684385383156 0.23017386 26
1684385383228 0.23089974 27
1684385383300 0.23167647 28
1684385383372 0.2325048 29
1684385383444 0.23338392 30
1684385383516 0.23431213 31
1684385383588 0.23528713 32
1684385383660 0.23630637 33
1684385383736 0.23736721 34
1684385383804 0.23846719 35
1684385383884 0.23960388 36
1684385383952 0.24077515 37
1684385384024 0.24197908 38
1684385384100 0.24321395 39
1684385384172 0.24447832 40
1684385384244 0.24577096 41
1684385384316 0.24709077 42
1684385384388 0.2484369 43
1684385384460 0.24980865 44
1684385384536 0.25120535 45
1684385384609 0.25262657 46
1684385384681 0.2540719 47
1684385384753 0.25554097 48
1684385384825 0.2570336 49
1684385384901 0.2585495 50
1684385384969 0.26008853 51
1684385385037 0.26165056 52
1684385385109 0.26323548 53
1684385385181 0.26484314 54
1684385385253 0.26647347 55
1684385385337 0.2681265 56
1684385385417 0.26980197 57
1684385385489 0.27150002 58
1684385385561 0.27322048 59
1684385385633 0.27496338 60
1684385385705 0.27672857 61
1684385385773 0.2785161 62
1684385385845 0.28032595 63
1684385385913 0.282158 64
1684385385989 0.2840123 65
1684385386061 0.28588873 66
1684385386133 0.28778738 67
1684385386207 0.28970814 68
1684385386279 0.291651 69
1684385386351 0.29361597 70
1684385386423 0.29560304 71
1684385386496 0.29761213 72
1684385386568 0.2996433 73
1684385386640 0.30169648 74
1684385386712 0.30377167 75
1684385386780 0.30586886 76
1684385386852 0.30798808 77
1684385386924 0.31012928 78
1684385386996 0.31229246 79
1684385387064 0.31447762 80
1684385387136 0.31668478 81
1684385387208 0.31891388 82
1684385387280 0.32116494 83
1684385387352 0.32343796 84
1684385387424 0.32573295 85
1684385387496 0.3280499 86
1684385387568 0.33038878 87
1684385387692 0.33274963 88
1684385387769 0.33513242 89
1684385387841 0.3375371 90
1684385387913 0.33996385 91
1684385387989 0.3424124 92
1684385388065 0.34488302 93
1684385388137 0.3473755 94
1684385388207 0.34988993 95
1684385388283 0.35242635 96
1684385388351 0.35498467 97
1684385388423 0.35756493 98
1684385388495 0.36016715 99
1684385388571 0.3627913 100
1684385388643 0.36543736 101
1684385388715 0.36810535 102
1684385388787 0.37079528 103
1684385388859 0.37350717 104
1684385388927 0.37624097 105
1684385388999 0.3789967 106
1684385389071 0.3817744 107
1684385389143 0.384574 108
1684385389214 0.38739553 109
1684385389289 0.39023903 110
1684385389357 0.3931044 111
1684385389433 0.3959917 112
1684385389501 0.398901 113
1684385389577 0.40183216 114
1684385389649 0.40478525 115
1684385389717 0.40776026 116
1684385389789 0.41075724 117
1684385389861 0.41377616 118
1684385389933 0.41681695 119
1684385390005 0.41987967 120
1684385390075 0.42296433 121
1684385390147 0.42607087 122
1684385390215 0.4291994 123
1684385390287 0.43234983 124
1684385390359 0.43552217 125
1684385390431 0.4387164 126
1684385390503 0.44193262 127
1684385390571 0.44517073 128
1684385390643 0.44843075 129
1684385390715 0.45171267 130
1684385390787 0.4550165 131
1684385390859 0.4583423 132
1684385390931 0.46169 133
1684385391003 0.46505964 134
1684385391076 0.46845114 135
1684385391147 0.47186458 136
1684385391219 0.4752999 137
1684385391291 0.4787572 138
1684385391363 0.4822364 139
1684385391435 0.48573744 140
1684385391507 0.48926044 141
1684385391579 0.49280536 142
1684385391651 0.49637216 143
1684385391723 0.49996093 144
1684385391794 0.5035715 145
1684385391866 0.50720406 146
1684385391938 0.5108586 147
1684385392014 0.51453495 148
1684385392086 0.5182332 149
1684385392157 0.52195334 150
1684385392228 0.52569544 151
1684385392299 0.5294595 152
1684385392371 0.5332453 153
1684385392441 0.5370531 154
1684385392511 0.5408828 155
1684385392583 0.5447345 156
1684385392654 0.54860795 157
1684385392724 0.55250335 158
1684385392795 0.5564207 159
1684385392867 0.5603599 160
1684385392935 0.564321 161
1684385393007 0.56830406 162
1684385393081 0.5723089 163
1684385393153 0.5763357 164
1684385393225 0.58038443 165
1684385393298 0.584455 166
1684385393369 0.5885475 167
1684385393450 0.5926619 168
1684385393527 0.59679824 169
1684385393599 0.60095644 170
1684385393670 0.6051365 171
1684385393741 0.60933846 172
1684385393813 0.61356235 173
1684385393884 0.6178081 174
1684385393954 0.6220758 175
1684385394026 0.6263653 176
1684385394099 0.63067675 177
1684385394171 0.63501006 178
1684385394245 0.6393653 179
1684385394316 0.64374244 180
1684385394388 0.6481414 181
1684385394458 0.6525623 182
1684385394528 0.6570051 183
1684385394600 0.6614697 184
1684385394672 0.66595626 185
1684385394743 0.6704647 186
1684385394930 0.674995 187
1684385395002 0.6795472 188
1684385395072 0.68412125 189
1684385395147 0.68871725 190
1684385395222 0.6933352 191
1684385395291 0.69797486 192
1684385395365 0.7026365 193
1684385395439 0.70732 194
1684385395510 0.7120254 195
1684385395584 0.71675265 196
1684385395655 0.7215018 197
1684385395728 0.7262729 198
1684385395799 0.73106575 199
1684385395870 0.7358805 200
1684385395942 0.7407172 201
1684385396014 0.7455757 202
1684385396085 0.7504562 203
1684385396324 0.75535846 204
1684385396454 0.7602827 205
1684385396524 0.7652287 206
1684385396597 0.7701966 207
1684385396670 0.7751865 208
1684385396741 0.7801981 209
1684385396813 0.78523165 210
1684385396884 0.7902871 211
1684385396955 0.7953643 212
1684385397028 0.80046356 213
1684385397098 0.80558455 214
1684385397170 0.81072754 215
1684385397243 0.8158922 216
1684385397319 0.8210789 217
1684385397390 0.8262875 218
1684385397463 0.8315178 219
1684385397654 0.83677006 220
1684385397777 0.84204423 221
1684385397849 0.8473402 222
1684385397919 0.8526581 223
1684385397991 0.85799783 224
1684385398066 0.8633594 225
1684385398141 0.8687428 226
1684385398212 0.87414813 227
1684385398283 0.8795754 228
1684385398357 0.8850244 229
1684385398427 0.8904953 230
1684385398498 0.89598817 231
1684385398569 0.9015027 232
1684385398640 0.9070393 233
1684385398715 0.91259766 234
1684385398785 0.91817784 235
1684385399064 0.9237799 236
1684385399222 0.9294039 237
1684385399298 0.9350497 238
1684385399370 0.94071734 239
1684385399441 0.94640684 240
1684385399513 0.95211834 241
1684385399586 0.9578515 242
1684385399659 0.9636066 243
1684385399730 0.96938354 244
1684385399804 0.97518235 245
1684385399877 0.98100305 246
1684385399949 0.9868456 247
1684385400025 0.99271 248
1684385400094 0.99859625 249
1684385400164 1.0045043 250
