1684386483137 0.538584794316973 1
1684386483221 0.4718040185315268 2
1684386483293 0.40840689625058857 3
1684386483368 0.3533112108707428 4
1684386483438 0.30938795634678434 5
1684386483514 0.2772005924156734 6
1684386483586 0.25558403560093473 7
1684386483658 0.24244852364063263 8
1684386483734 0.23547349870204926 9
1684386483802 0.2325633657830102 10
1684386483874 0.23206516887460435 11
1684386483950 0.23280911999089376 12
1684386484022 0.23404726386070251 13
1684386484094 0.23535201379231044 14
1684386484170 0.23651391480650222 15
1684386484254 0.23745781183242798 16
1684386484330 0.23818242762769973 17
1684386484402 0.23872108331748418 18
1684386484474 0.2391185760498047 19
1684386484550 0.23941897281578609 20
1684386484642 0.23966019707066671 21
1684386484722 0.23987238321985518 22
1684386484794 0.24007822573184967 23
1684386484866 0.24029399028846196 24
1684386484938 0.24053086127553666 25
1684386485014 0.2407960763999394 26
1684386485090 0.24109405066285813 27
1684386485162 0.2414270724569048 28
1684386485234 0.24179600179195404 29
1684386485308 0.24220068752765656 30
1684386485380 0.24264033990246908 31
1684386485456 0.24311377108097076 32
1684386485528 0.2436195867402213 33
1684386485600 0.24415628612041473 34
1684386485676 0.24472240252154215 35
1684386485748 0.24531651394707815 36
1684386485821 0.24593729206493922 37
1684386485889 0.24658353626728058 38
1684386485961 0.2472541800567082 39
1684386486033 0.24794829530375345 40
1684386486105 0.24866504541465215 41
1684386486177 0.249403749193464 42
1684386486257 0.25016382123742786 43
1684386486329 0.250944727233478 44
1684386486401 0.2517460754939488 45
1684386486473 0.2525675083909716 46
1684386486545 0.2534087279013225 47
1684386486617 0.2542694934776851 48
1684386486689 0.25514959863254 49
1684386486757 0.2560488837105887 50
1684386486829 0.25696716564042227 51
1684386486901 0.2579043465001242 52
1684386486977 0.25886029430798124 53
1684386487045 0.25983492391450064 54
1684386487117 0.2608281373977661 55
1684386487189 0.26183984535081045 56
1684386487261 0.26286998816898893 57
1684386487333 0.2639184892177582 58
1684386487409 0.26498529740742277 59
1684386487481 0.266070340360914 60
1684386487553 0.2671735627310617 61
1684386487625 0.26829488362584797 62
1684386487697 0.26943428601537434 63
1684386487773 0.27059165494782583 64
1684386487845 0.2717669776507786 65
1684386487917 0.2729601689747402 66
1684386487989 0.2741711735725403 67
1684386488061 0.2753999488694327 68
1684386488133 0.27664644377572195 69
1684386488201 0.27791059017181396 70
1684386488277 0.2791923327105386 71
1684386488345 0.28049165436199736 72
1684386488421 0.2818084699766977 73
1684386488493 0.2831427540097918 74
1684386488565 0.2844944553715842 75
1684386488637 0.28586351445743013 76
1684386488709 0.28724992275238037 77
1684386488781 0.28865360787936617 78
1684386488853 0.2900745357785906 79
1684386488925 0.2915126809052059 80
1684386488997 0.29296797939709257 81
1684386489069 0.2944404057094029 82
1684386489141 0.29592990449496676 83
1684386489213 0.29743646723883493 84
1684386489285 0.29896003007888794 85
1684386489357 0.3005005717277527 86
1684386489430 0.30205804109573364 87
1684386489502 0.30363241689545767 88
1684386489574 0.3052236522947039 89
1684386489646 0.3068317004612514 90
1684386489718 0.30845654010772705 91
1684386489790 0.3100981371743338 92
1684386489858 0.3117564448288509 93
1684386489930 0.3134314460413797 94
1684386490002 0.31512308546475004 95
1684386490074 0.3168313332966396 96
1684386490146 0.31855617676462444 97
1684386490214 0.3202975605215345 98
1684386490286 0.3220554547650473 99
1684386490358 0.3238298339503152 100
1684386490426 0.3256206512451172 101
1684386490502 0.3274278811046055 102
1684386490570 0.32925146392413546 103
1684386490642 0.33109140396118164 104
1684386490714 0.33294763309615 105
1684386490790 0.3348201257841928 106
1684386491058 0.33670884370803833 107
1684386491186 0.3386137868676867 108
1684386491263 0.34053484882627216 109
1684386491339 0.34247205938611713 110
1684386491407 0.34442536320005146 111
1684386491479 0.3463947091783796 112
1684386491551 0.3483800675187792 113
1684386491623 0.35038141693387714 114
1684386491691 0.3523987020765032 115
1684386491763 0.35443191868918283 116
1684386491835 0.35648098587989807 117
1684386491907 0.35854592067854746 118
1684386491975 0.3606266336781638 119
1684386492047 0.3627231333936964 120
1684386492123 0.3648353559630258 121
1684386492355 0.3669632800987789 122
1684386492439 0.36910687599863323 123
1684386492519 0.37126607980046955 124
1684386492591 0.37344087447438923 125
1684386492663 0.3756312131881714 126
1684386492731 0.3778370831693922 127
1684386492803 0.38005844610077993 128
1684386492875 0.3822952253477914 129
1684386492947 0.38454741665295195 130
1684386493024 0.3868149902139391 131
1684386493096 0.3890978864261082 132
1684386493168 0.3913960797446115 133
1684386493244 0.39370955313955036 134
1684386493312 0.39603823849133085 135
1684386493384 0.39838211451257977 136
1684386493456 0.4007411173411778 137
1684386493528 0.4031152640070234 138
1684386493672 0.4055044651031494 139
1684386493744 0.40790870785713196 140
1684386493816 0.4103279539516994 141
1684386493888 0.4127621608121054 142
1684386493960 0.41521128160612925 143
1684386494032 0.4176752950463976 144
1684386494104 0.42015415855816435 145
1684386494180 0.4226478465965816 146
1684386494252 0.4251562867845808 147
1684386494324 0.4276794748646872 148
1684386494396 0.4302173512322562 149
1684386494468 0.43276988182749065 150
1684386494540 0.435337028333119 151
1684386494612 0.437918769461768 152
1684386494684 0.440515045608793 153
1684386494760 0.4431258184569223 154
1684386494832 0.4457510624613081 155
1684386494904 0.4483907222747803 156
1684386494984 0.45104476383754183 157
1684386495056 0.4537131530897958 158
1684386495128 0.45639583468437195 159
1684386495200 0.45909279584884644 160
1684386495268 0.4618039812360491 161
1684386495344 0.4645293482712337 162
1684386495412 0.46726885437965393 163
1684386495484 0.4700224867888859 164
1684386495556 0.472790139062064 165
1684386495632 0.475571870803833 166
1684386495704 0.4783675457750048 167
1684386495780 0.48117715971810476 168
1684386495848 0.48400068283081055 169
1684386495924 0.4868380810533251 170
1684386495996 0.4896892820085798 171
1684386496064 0.49255424312182833 172
1684386496136 0.4954329643930708 173
1684386496219 0.4983253649302891 174
1684386496291 0.5012314149311611 175
1684386496359 0.5041510888508388 176
1684386496431 0.5070843185697284 177
1684386496503 0.5100310444831848 178
1684386496579 0.5129913091659546 179
1684386496651 0.5159649976662227 180
1684386496723 0.5189520674092429 181
1684386496795 0.5219525013651166 182
1684386496867 0.5249662399291992 183
1684386496939 0.5279932618141174 184
1684386497007 0.5310335031577519 185
1684386497079 0.5340869341577802 186
1684386497151 0.5371534909520831 187
1684386497227 0.5402331352233887 188
1684386497299 0.5433258669716972 189
1684386497371 0.5464316010475159 190
1684386497439 0.5495502948760986 191
1684386497511 0.5526819143976484 192
1684386497579 0.5558264085224697 193
1684386497655 0.5589837687356132 194
1684386497727 0.5621539013726371 195
1684386497799 0.5653367127690997 196
1684386497871 0.5685322710445949 197
1684386497939 0.5717404229300362 198
1684386498011 0.5749612110001701 199
1684386498079 0.5781946097101484 200
1684386498151 0.5814405339104789 201
1684386498227 0.5846990517207554 202
1684386498295 0.5879700439316886 203
1684386498367 0.591253570147923 204
1684386498443 0.5945495537349156 205
1684386498515 0.5978580032076154 206
1684386498587 0.6011788163866315 207
1684386498663 0.6045120273317609 208
1684386498735 0.6078575934682574 209
1684386498807 0.6112154296466282 210
1684386498879 0.6145855528967721 211
1684386498947 0.6179678695542472 212
1684386500138 0.6213623625891549 213
1684386500302 0.6247690064566476 214
1684386500378 0.6281877500670296 215
1684386500458 0.6316185338156564 216
1684386500538 0.6350613491875785 217
1684386500609 0.6385161280632019 218
1684386500684 0.6419828193528312 219
1684386500756 0.6454614400863647 220
1684386500828 0.6489518455096653 221
1684386500896 0.6524541122572762 222
1684386500968 0.6559681636946542 223
1684386501040 0.6594938891274589 224
1684386501112 0.6630313311304364 225
1684386501184 0.6665804045540946 226
1684386501260 0.6701410668236869 227
1684386501332 0.6737133009093148 228
1684386501404 0.6772970727511815 229
1684386501476 0.6808923312595913 230
1684386501544 0.6844991104943412 231
1684386501616 0.6881173508507865 232
1684386501688 0.6917469927242824 233
1684386501760 0.6953880957194737 234
1684386501832 0.6990405065672738 235
1684386501904 0.7027042848723275 236
1684386501976 0.706379405089787 237
1684386502048 0.7100657991000584 238
1684386502120 0.7137633987835476 239
1684386502192 0.71747225522995 240
1684386502264 0.7211922492299762 241
1684386502336 0.7249233892985752 242
1684386502408 0.7286656243460519 243
1684386502484 0.7324189373425075 244
1684386502552 0.7361832686832973 245
1684386502624 0.7399585843086243 246
1684386502692 0.7437448757035392 247
1684386502764 0.7475420577185494 248
1684386502836 0.7513501303536552 249
1684386502908 0.7551690425191607 250
