1684387034124 0.52220404 1
1684387034200 0.4552003 2
1684387034276 0.39197123 3
1684387034349 0.33750847 4
1684387034422 0.29466444 5
1684387034497 0.2639057 6
1684387034571 0.24392667 7
1684387034645 0.23249069 8
1684387034718 0.22715166 9
1684387034792 0.22572428 10
1684387034864 0.2265047 11
1684387034944 0.22830586 12
1684387035015 0.23038729 13
1684387035091 0.23234431 14
1684387035166 0.23399779 15
1684387035237 0.23530461 16
1684387035310 0.23629354 17
1684387035386 0.23702407 18
1684387035462 0.23756257 19
1684387035535 0.23797017 20
1684387035612 0.23829776 21
1684387035685 0.23858495 22
1684387035757 0.23886119 23
1684387035832 0.23914728 24
1684387035911 0.23945732 25
1684387035987 0.2398003 26
1684387036060 0.24018145 27
1684387036134 0.24060328 28
1684387036207 0.24106655 29
1684387036281 0.24157068 30
1684387036356 0.2421144 31
1684387036427 0.24269584 32
1684387036499 0.2433131 33
1684387036574 0.2439641 34
1684387036650 0.24464677 35
1684387036722 0.24535924 36
1684387036796 0.24609974 37
1684387036871 0.24686673 38
1684387036946 0.24765877 39
1684387037020 0.24847469 40
1684387037090 0.24931341 41
1684387037163 0.25017405 42
1684387037245 0.25105584 43
1684387037324 0.25195816 44
1684387037397 0.2528805 45
1684387037472 0.2538224 46
1684387037550 0.25478345 47
1684387037621 0.25576338 48
1684387037694 0.25676197 49
1684387037764 0.25777888 50
1684387037836 0.25881404 51
1684387037907 0.25986722 52
1684387037982 0.2609383 53
1684387038053 0.26202708 54
1684387038124 0.26313356 55
1684387038195 0.26425755 56
1684387038266 0.26539892 57
1684387038337 0.26655766 58
1684387038410 0.26773363 59
1684387038481 0.2689267 60
1684387038554 0.27013683 61
1684387038626 0.2713639 62
1684387038698 0.27260786 63
1684387038768 0.27386865 64
1684387038841 0.27514613 65
1684387038912 0.27644026 66
1684387038985 0.27775094 67
1684387039057 0.27907813 68
1684387039128 0.28042173 69
1684387039201 0.28178164 70
1684387039272 0.28315789 71
1684387039343 0.2845503 72
1684387039414 0.28595892 73
1684387039486 0.28738362 74
1684387039559 0.2888243 75
1684387039631 0.29028094 76
1684387039704 0.29175353 77
1684387039777 0.29324198 78
1684387039851 0.29474622 79
1684387039923 0.2962662 80
1684387039997 0.29780185 81
1684387040072 0.29935312 82
1684387040143 0.30092 83
1684387040215 0.30250242 84
1684387040284 0.3041003 85
1684387040355 0.30571362 86
1684387040428 0.3073423 87
1684387040501 0.30898634 88
1684387040578 0.31064564 89
1684387040648 0.31232014 90
1684387040740 0.31400985 91
1684387040815 0.31571466 92
1684387040885 0.31743455 93
1684387040957 0.31916946 94
1684387041027 0.32091936 95
1684387041100 0.32268417 96
1684387041173 0.3244639 97
1684387041247 0.32625848 98
1684387041319 0.32806784 99
1684387041390 0.32989192 100
1684387041463 0.33173072 101
1684387041534 0.33358416 102
1684387041649 0.3354522 103
1684387041723 0.3373348 104
1684387041797 0.3392319 105
1684387041871 0.3411435 106
1684387041946 0.34306943 107
1684387042018 0.3450098 108
1684387042089 0.34696448 109
1684387042161 0.34893343 110
1684387042233 0.35091662 111
1684387042309 0.35291398 112
1684387042387 0.35492548 113
1684387042457 0.35695112 114
1684387042529 0.35899073 115
1684387042601 0.36104438 116
1684387042671 0.363112 117
1684387042746 0.36519352 118
1684387042840 0.36728892 119
1684387042912 0.36939815 120
1684387042988 0.37152115 121
1684387043061 0.37365788 122
1684387043133 0.3758083 123
1684387043203 0.3779724 124
1684387043275 0.38015005 125
1684387043346 0.38234127 126
1684387043416 0.38454604 127
1684387043489 0.3867643 128
1684387043559 0.388996 129
1684387043630 0.39124104 130
1684387043703 0.39349943 131
1684387043778 0.3957712 132
1684387043849 0.39805612 133
1684387043919 0.40035433 134
1684387043991 0.40266567 135
1684387044064 0.40499017 136
1684387044135 0.4073277 137
1684387044207 0.40967837 138
1684387044278 0.41204202 139
1684387044353 0.4144186 140
1684387044425 0.41680813 141
1684387044500 0.41921052 142
1684387044573 0.4216258 143
1684387044647 0.4240538 144
1684387044723 0.4264946 145
1684387044800 0.4289481 146
1684387044874 0.4314143 147
1684387044945 0.4338931 148
1684387045017 0.4363845 149
1684387045089 0.43888843 150
1684387045162 0.44140488 151
1684387045233 0.44393378 152
1684387045304 0.44647518 153
1684387045386 0.44902888 154
1684387045462 0.451595 155
1684387045537 0.4541734 156
1684387045612 0.45676404 157
1684387045689 0.45936692 158
1684387045762 0.46198195 159
1684387045836 0.46460915 160
1684387045908 0.46724847 161
1684387045979 0.46989986 162
1684387046049 0.47256327 163
1684387046120 0.47523865 164
1684387046190 0.47792596 165
1684387046263 0.48062518 166
1684387046333 0.48333627 167
1684387046404 0.48605922 168
1684387046473 0.48879394 169
1684387046547 0.4915404 170
1684387046621 0.4942986 171
1684387046694 0.49706846 172
1684387046766 0.49984992 173
1684387046837 0.502643 174
1684387046912 0.5054476 175
1684387046985 0.5082638 176
1684387047257 0.5110915 177
1684387047427 0.5139305 178
1684387047500 0.516781 179
1684387047571 0.5196428 180
1684387047644 0.522516 181
1684387047716 0.5254004 182
1684387047788 0.5282961 183
1684387047861 0.53120303 184
1684387047935 0.53412116 185
1684387048005 0.5370504 186
1684387048077 0.5399907 187
1684387048147 0.5429421 188
1684387048220 0.5459045 189
1684387048293 0.54887795 190
1684387048443 0.5518623 191
1684387048705 0.5548576 192
1684387048881 0.5578637 193
1684387048994 0.5608808 194
1684387049064 0.5639085 195
1684387049138 0.5669471 196
1684387049208 0.5699964 197
1684387049281 0.57305634 198
1684387049357 0.57612705 199
1684387049430 0.5792084 200
1684387049503 0.5823002 201
1684387049573 0.58540255 202
1684387049646 0.5885154 203
1684387049717 0.59163886 204
1684387049856 0.5947727 205
1684387049927 0.59791684 206
1684387049997 0.6010715 207
1684387050067 0.6042364 208
1684387050139 0.6074116 209
1684387050210 0.61059713 210
1684387050280 0.6137928 211
1684387050349 0.6169987 212
1684387050423 0.62021476 213
1684387050493 0.6234409 214
1684387050564 0.6266772 215
1684387050638 0.6299235 216
1684387050711 0.63317984 217
1684387050781 0.6364461 218
1684387050853 0.6397224 219
1684387050924 0.6430086 220
1684387050994 0.6463046 221
1684387051065 0.64961046 222
1684387051169 0.6529261 223
1684387051247 0.6562516 224
1684387051331 0.6595868 225
1684387051414 0.6629317 226
1684387051501 0.66628623 227
1684387051584 0.66965044 228
1684387051676 0.67302424 229
1684387051764 0.6764076 230
1684387051848 0.6798005 231
1684387051919 0.6832029 232
1684387051995 0.6866149 233
1684387052067 0.6900361 234
1684387052139 0.69346684 235
1684387052211 0.6969069 236
1684387052283 0.70035625 237
1684387052359 0.703815 238
1684387052431 0.70728296 239
1684387052507 0.7107601 240
1684387052579 0.7142466 241
1684387052651 0.7177422 242
1684387052723 0.72124684 243
1684387052791 0.72476065 244
1684387052867 0.7282835 245
1684387052935 0.73181546 246
1684387053011 0.7353564 247
1684387053083 0.73890626 248
1684387053155 0.74246514 249
1684387053227 0.7460329 250
