1684387120564 0.46201048490409985 1
1684387120646 0.4003591387349653 2
1684387120726 0.34353391014835516 3
1684387120798 0.2962781363788165 4
1684387120874 0.2610786817593406 5
1684387120946 0.23799915083087014 6
1684387121014 0.22536136078794167 7
1684387121090 0.2206353655072494 8
1684387121162 0.2211859265165598 9
1684387121234 0.2247428071661037 10
1684387121306 0.22960355060979065 11
1684387121382 0.2346435805091527 12
1684387121458 0.23922177225409802 13
1684387121530 0.24304933790082503 14
1684387121610 0.24606526217749328 15
1684387121684 0.24833688046764715 16
1684387121756 0.2499903351208762 17
1684387121828 0.25116694519762683 18
1684387121904 0.2519992626187894 19
1684387121978 0.25260000593622933 20
1684387122052 0.25305906613567064 21
1684387122128 0.2534446755744404 22
1684387122200 0.25380643279688475 23
1684387122272 0.2541788068035472 24
1684387122352 0.25458469321932686 25
1684387122432 0.2550382428565872 26
1684387122504 0.2555472551045033 27
1684387122580 0.25611510519479824 28
1684387122656 0.2567420967890802 29
1684387122732 0.2574266296406124 30
1684387122808 0.25816589916953725 31
1684387122884 0.25895640168039746 32
1684387122956 0.25979448903605123 33
1684387123032 0.2606764092592546 34
1684387123108 0.2615985920991598 35
1684387123180 0.2625577850229385 36
1684387123252 0.26355096310050197 37
1684387123324 0.26457550526705337 38
1684387123400 0.26562910637539433 39
1684387123472 0.266709783939058 40
1684387123544 0.2678158536613703 41
1684387123616 0.26894589819321396 42
1684387123688 0.270098730031815 43
1684387123760 0.27127336209169 44
1684387123832 0.27246894313978465 45
1684387123900 0.2736848694513172 46
1684387123976 0.2749205337932248 47
1684387124044 0.27617550479131553 48
1684387124116 0.2774494092901245 49
1684387124188 0.2787418741015132 50
1684387124260 0.2800527345413186 51
1684387124328 0.28138181625846853 52
1684387124400 0.282728876820521 53
1684387124476 0.28409377479482695 54
1684387124544 0.28547633886685764 55
1684387124616 0.28687642248322837 56
1684387124693 0.2882938594733322 57
1684387124768 0.28972855768869177 58
1684387124844 0.29118035137947174 59
1684387124916 0.292649104159745 60
1684387124992 0.2941347481098681 61
1684387125064 0.2956371347594599 62
1684387125132 0.2971561486061347 63
1684387125205 0.2986917068675211 64
1684387125276 0.3002437197384906 65
1684387125348 0.3018120602723268 66
1684387125420 0.3033966618836218 67
1684387125492 0.3049974496754235 68
1684387125560 0.30661431025813074 69
1684387125636 0.3082471649189351 70
1684387125708 0.3098959680888991 71
1684387125780 0.31156059085052945 72
1684387125856 0.31324102297008244 73
1684387125931 0.3149371196869496 74
1684387126003 0.3166488633203082 75
1684387126075 0.3183761692194994 76
1684387126143 0.3201189602785713 77
1684387126239 0.3218771733725571 78
1684387126307 0.3236507412759903 79
1684387126379 0.325439628800972 80
1684387126451 0.3272437279832978 81
1684387126526 0.32906303053110136 82
1684387126598 0.33089742053848414 83
1684387126674 0.3327468462331886 84
1684387126754 0.334611284480881 85
1684387126834 0.33649064421670066 86
1684387126910 0.3383848967929497 87
1684387126986 0.34029393290127974 88
1684387127058 0.34221772986327437 89
1684387127126 0.344156236592029 90
1684387127200 0.3461093678961748 91
1684387127276 0.34807708358369255 92
1684387127352 0.35005931945416113 93
1684387127424 0.3520560475967861 94
1684387127653 0.3540671718538334 95
1684387127831 0.35609263912584166 96
1684387127907 0.35813242242571375 97
1684387127979 0.36018641650857214 98
1684387128051 0.362254616833957 99
1684387128122 0.36433693089694397 100
1684387128194 0.36643331121714173 101
1684387128266 0.36854369917692575 102
1684387128462 0.37066804518037566 103
1684387128530 0.37280628249708037 104
1684387128602 0.37495836731310206 105
1684387128676 0.3771242092674229 106
1684387128748 0.3793038112308174 107
1684387128816 0.38149704550178687 108
1684387128892 0.3837038847364065 109
1684387128964 0.38592430389429255 110
1684387129036 0.3881581934493637 111
1684387129106 0.3904055093045755 112
1684387129178 0.39266622273094537 113
1684387129250 0.39494026002918237 114
1684387129318 0.3972275300759066 115
1684387129390 0.3995280036921924 116
1684387129462 0.4018416436039822 117
1684387129530 0.4041683479613821 118
1684387129602 0.4065080830455613 119
1684387129670 0.4088607853633171 120
1684387129742 0.4112263775850078 121
1684387129810 0.41360484081429993 122
1684387129882 0.41599607369857644 123
1684387129954 0.4184000516070467 124
1684387130026 0.4208166886943472 125
1684387130094 0.42324592005515377 126
1684387130166 0.42568771035298475 127
1684387130238 0.42814198856530145 128
1684387130310 0.43060869763725 129
1684387130378 0.4330877476110473 130
1684387130454 0.43557913730470366 131
1684387130522 0.43808275512254496 132
1684387130594 0.44059855760050437 133
1684387130666 0.4431265072964926 134
1684387130738 0.44566646869350834 135
1684387130814 0.4482184518467959 136
1684387130886 0.45078238235726587 137
1684387130958 0.453358171527159 138
1684387131030 0.4559457585066248 139
1684387131098 0.45854510657263087 140
1684387131170 0.46115614769858204 141
1684387131238 0.46377882025006995 142
1684387131310 0.4664130179794624 143
1684387131382 0.4690587474355302 144
1684387131454 0.47171589712904954 145
1684387131522 0.47438439757801404 146
1684387131594 0.47706424456678337 147
1684387131670 0.47975531503872315 148
1684387131742 0.48245756535893924 149
1684387131810 0.4851709172583971 150
1684387131882 0.48789532681357395 151
1684387131958 0.4906307170062604 152
1684387132030 0.49337703111565906 153
1684387132102 0.4961341913974121 154
1684387132174 0.49890214329146104 155
1684387132246 0.5016808149894756 156
1684387132318 0.5044701207284065 157
1684387132390 0.5072700373828205 158
1684387132466 0.5100804825787846 159
1684387132538 0.5129013608476095 160
1684387132610 0.5157326548375565 161
1684387132682 0.5185742762807778 162
1684387132754 0.521426150130949 163
1684387132826 0.5242881993794943 164
1684387132901 0.5271603828546632 165
1684387132969 0.5300426528836506 166
1684387133041 0.5329348654221686 167
1684387133113 0.5358370413465547 168
1684387133185 0.5387490204142441 169
1684387133253 0.5416708635871171 170
1684387133325 0.5446023365648426 171
1684387133397 0.5475434947413016 172
1684387133473 0.55049425939793 173
1684387133545 0.5534545433373705 174
1684387133621 0.5564242229123587 175
1684387133693 0.5594033071083844 176
1684387133765 0.56239171335849 177
1684387133833 0.5653893815623725 178
1684387133901 0.5683961985854312 179
1684387133973 0.571412096358857 180
1684387134048 0.5744370284442617 181
1684387134123 0.5774709690044637 182
1684387134196 0.5805138177946486 183
1684387134268 0.5835654298026013 184
1684387134340 0.5866258664432353 185
1684387134412 0.5896949503380127 186
1684387134488 0.5927727231191012 187
1684387134560 0.5958590316880259 188
1684387134628 0.5989538143252282 189
1684387134700 0.6020570213248249 190
1684387134772 0.6051686056761887 191
1684387134844 0.6082884206859013 192
1684387134932 0.6114164963456612 193
1684387135008 0.6145527297832107 194
1684387135080 0.6176970231449426 195
1684387135152 0.6208493457672409 196
1684387135224 0.624009615513922 197
1684387135292 0.6271777679208874 198
1684387135368 0.6303537207455369 199
1684387135444 0.6335374211599467 200
1684387135512 0.6367288282951883 201
1684387135584 0.6399278374820843 202
1684387135652 0.6431343706692781 203
1684387135828 0.6463484163359156 204
1684387135904 0.6495698801216996 205
1684387135982 0.6527987113112292 206
1684387136054 0.6560348357431229 207
1684387136130 0.6592781624822719 208
1684387136198 0.6625286550730067 209
1684387136270 0.6657862681250151 210
1684387136342 0.6690509041427194 211
1684387136414 0.672322537103192 212
1684387136482 0.6756010694753648 213
1684387136554 0.6788864098133176 214
1684387136626 0.6821786241629776 215
1684387136700 0.6854775110561371 216
1684387136772 0.6887830988189299 217
1684387136851 0.6920952459690547 218
1684387136923 0.6954139948541329 219
1684387136999 0.6987392039059476 220
1684387137199 0.7020708504315707 221
1684387137331 0.7054088892791629 222
1684387137406 0.7087532889723958 223
1684387137478 0.7121039173750576 224
1684387137550 0.7154607201262339 225
1684387137618 0.7188237007687047 226
1684387137690 0.7221928447139698 227
1684387137758 0.7255679778260418 228
1684387137830 0.7289490960279181 229
1684387137902 0.7323361776268521 230
1684387137974 0.7357291201961377 231
1684387138046 0.7391279658918255 232
1684387138118 0.7425325604692818 233
1684387138190 0.7459428975937276 234
1684387138266 0.7493589815352282 235
1684387138335 0.7527806238417704 236
1684387138435 0.756207935100981 237
1684387138511 0.7596407636571957 238
1684387138583 0.7630791162022524 239
1684387138655 0.7665229137672309 240
1684387138731 0.7699721154645853 241
1684387138803 0.7734267239024436 242
1684387138875 0.776886651586663 243
1684387138947 0.7803518528686225 244
1684387139015 0.7838223727757482 245
1684387139087 0.7872980413946002 246
1684387139159 0.7907788844666344 247
1684387139231 0.7942649142105304 248
1684387139299 0.7977559874856209 249
1684387139371 0.8012521515745326 250
