1684510026265 29.041561 1
1684510026341 21.87627 2
1684510026417 20.652311 3
1684510026488 15.342123 4
1684510026563 12.773497 5
1684510026635 10.086289 6
1684510026706 9.588309 7
1684510026777 9.740587 8
1684510026847 9.88832 9
1684510026917 10.062477 10
1684510026985 10.331884 11
1684510027061 10.052782 12
1684510027132 10.15525 13
1684510027204 9.787907 14
1684510027276 9.779284 15
1684510027347 9.083117 16
1684510027418 8.988585 17
1684510027486 8.985237 18
1684510027553 8.909834 19
1684510027624 8.896254 20
1684510027693 8.89897 21
1684510027762 8.917586 22
1684510027832 8.924116 23
1684510027904 8.907669 24
1684510027974 8.906035 25
1684510028045 8.911163 26
1684510028119 8.909049 27
1684510028186 8.904885 28
1684510028256 8.901605 29
1684510028325 8.899172 30
1684510028391 8.897046 31
1684510028459 8.896119 32
1684510028526 8.896887 33
1684510028596 8.898932 34
1684510028663 8.901209 35
1684510028733 8.902632 36
1684510028800 8.90288 37
1684510028872 8.902386 38
1684510028942 8.901643 39
1684510029010 8.900899 40
1684510029079 8.900272 41
1684510029146 8.899843 42
1684510029212 8.899561 43
1684510029278 8.899248 44
1684510029348 8.898774 45
1684510029414 8.8981285 46
1684510029482 8.897396 47
1684510029554 8.896671 48
1684510029622 8.896031 49
1684510029689 8.89551 50
1684510029758 8.895109 51
1684510029826 8.894821 52
1684510029896 8.894627 53
1684510029967 8.894512 54
1684510030033 8.894461 55
1684510030103 8.894462 56
1684510030169 8.894503 57
1684510030234 8.894571 58
1684510030302 8.894659 59
1684510030370 8.894758 60
1684510030439 8.894861 61
1684510030506 8.894963 62
1684510030573 8.89506 63
1684510030643 8.895147 64
1684510030713 8.895224 65
1684510030780 8.895289 66
1684510030851 8.895343 67
1684510030918 8.895386 68
1684510030990 8.895417 69
1684510031059 8.895437 70
1684510031128 8.895451 71
1684510031199 8.895456 72
1684510031270 8.895456 73
1684510031340 8.895452 74
1684510031411 8.895444 75
1684510031481 8.895433 76
1684510031551 8.895421 77
1684510031626 8.895408 78
1684510031697 8.895395 79
1684510031768 8.895384 80
1684510031840 8.895371 81
1684510031912 8.895361 82
1684510031981 8.895351 83
1684510032051 8.895344 84
1684510032121 8.895336 85
1684510032190 8.89533 86
1684510032261 8.895326 87
1684510032331 8.895322 88
1684510032400 8.895319 89
1684510032467 8.895317 90
1684510032536 8.895316 91
1684510032607 8.895314 92
1684510032675 8.895314 93
1684510032747 8.895315 94
1684510032818 8.895314 95
1684510032887 8.895315 96
1684510032955 8.895315 97
1684510033023 8.895315 98
1684510033095 8.895317 99
1684510033167 8.895317 100
1684510033234 8.895317 101
1684510033301 8.895317 102
1684510033371 8.895318 103
1684510033440 8.895318 104
1684510033507 8.895318 105
1684510033577 8.895318 106
1684510033646 8.895318 107
1684510033717 8.895317 108
1684510033785 8.895318 109
1684510033855 8.895317 110
1684510033925 8.895317 111
1684510034009 8.895317 112
1684510034083 8.895316 113
1684510034156 8.895317 114
1684510034225 8.895316 115
1684510034295 8.895315 116
1684510034365 8.895316 117
1684510034433 8.895315 118
1684510034503 8.895315 119
1684510034572 8.895315 120
1684510034643 8.895315 121
1684510034713 8.895315 122
1684510034783 8.895315 123
1684510034854 8.895315 124
1684510034923 8.895315 125
1684510034993 8.895314 126
1684510035063 8.895315 127
1684510035134 8.895315 128
1684510035205 8.895315 129
1684510035275 8.895314 130
1684510035344 8.895315 131
1684510035415 8.895315 132
1684510035485 8.895315 133
1684510035554 8.895315 134
1684510035625 8.895315 135
1684510035696 8.895315 136
1684510035767 8.895315 137
1684510035837 8.895315 138
1684510035908 8.895315 139
1684510035977 8.895315 140
1684510036046 8.895315 141
1684510036117 8.895315 142
1684510036189 8.895314 143
1684510036260 8.895314 144
1684510036332 8.895314 145
1684510036403 8.895314 146
1684510036470 8.895314 147
1684510036539 8.895315 148
1684510036613 8.895315 149
1684510036684 8.895315 150
1684510036850 8.895315 151
1684510036961 8.895315 152
1684510037033 8.895315 153
1684510037104 8.895315 154
1684510037173 8.895314 155
1684510037241 8.895314 156
1684510037309 8.895314 157
1684510037382 8.895315 158
1684510037454 8.895314 159
1684510037524 8.895314 160
1684510037595 8.895315 161
1684510037666 8.895315 162
1684510037736 8.895314 163
1684510037806 8.895314 164
1684510037876 8.895314 165
1684510037944 8.895314 166
1684510038012 8.895314 167
1684510038080 8.895314 168
1684510038151 8.895314 169
1684510038219 8.895314 170
1684510038289 8.895314 171
1684510038357 8.895314 172
1684510038426 8.895314 173
1684510038495 8.895314 174
1684510038564 8.895314 175
1684510038635 8.895314 176
1684510038705 8.895314 177
1684510038774 8.895314 178
1684510038840 8.895314 179
1684510038910 8.895314 180
1684510038980 8.895314 181
1684510039047 8.895314 182
1684510039117 8.895314 183
1684510039186 8.895314 184
1684510039254 8.895315 185
1684510039321 8.895315 186
1684510039391 8.895314 187
1684510039583 8.895314 188
1684510039772 8.895314 189
1684510039915 8.895314 190
1684510039990 8.895314 191
1684510040063 8.895314 192
1684510040160 8.895314 193
1684510040230 8.895314 194
1684510040300 8.895314 195
1684510040373 8.895314 196
1684510040441 8.895314 197
1684510040513 8.895314 198
1684510040583 8.895314 199
1684510040656 8.895314 200
1684510040727 8.895314 201
1684510040797 8.895315 202
1684510040869 8.895315 203
1684510040938 8.895315 204
1684510041008 8.895315 205
1684510041076 8.895315 206
1684510041146 8.895315 207
1684510041215 8.895315 208
1684510041281 8.895315 209
1684510041350 8.895315 210
1684510041419 8.895315 211
1684510041487 8.895315 212
1684510041556 8.895315 213
1684510041628 8.895315 214
1684510041699 8.895315 215
1684510041772 8.895315 216
1684510041843 8.895315 217
1684510041919 8.895315 218
1684510041990 8.895315 219
1684510042069 8.895315 220
1684510042146 8.895315 221
1684510042216 8.895315 222
1684510042287 8.895315 223
1684510042358 8.895315 224
1684510042429 8.895315 225
1684510042500 8.895315 226
1684510042571 8.895315 227
1684510042643 8.895315 228
1684510042714 8.895315 229
1684510042784 8.895315 230
1684510042851 8.895314 231
1684510042925 8.895314 232
1684510042993 8.895314 233
1684510043061 8.895314 234
1684510043130 8.895315 235
1684510043200 8.895315 236
1684510043270 8.895315 237
1684510043341 8.895315 238
1684510043413 8.895315 239
1684510043483 8.895315 240
1684510043553 8.895315 241
1684510043624 8.895314 242
1684510043695 8.895314 243
1684510043767 8.895314 244
1684510043835 8.895315 245
1684510043905 8.895315 246
1684510043976 8.895315 247
1684510044049 8.895314 248
1684510044119 8.895314 249
1684510044188 8.895314 250
