1684507329280 53.30636 1
1684507329359 49.876366 2
1684507329431 38.424026 3
1684507329506 23.82391 4
1684507329576 14.913151 5
1684507329648 12.4390135 6
1684507329719 11.707539 7
1684507329790 8.908825 8
1684507329862 8.020894 9
1684507329935 7.865059 10
1684507330007 7.7364163 11
1684507330082 7.8148136 12
1684507330153 8.004597 13
1684507330229 7.8667164 14
1684507330300 7.754421 15
1684507330373 7.7159977 16
1684507330444 7.722086 17
1684507330517 7.7422104 18
1684507330589 7.7458615 19
1684507330662 7.7134633 20
1684507330735 7.7006774 21
1684507330809 7.705399 22
1684507330893 7.735155 23
1684507330966 7.7446976 24
1684507331040 7.7442594 25
1684507331115 7.750082 26
1684507331189 7.7586746 27
1684507331261 7.768305 28
1684507331332 7.765511 29
1684507331403 7.7557297 30
1684507331473 7.7442865 31
1684507331543 7.7335343 32
1684507331613 7.7243505 33
1684507331684 7.718055 34
1684507331754 7.715318 35
1684507331826 7.7149234 36
1684507331895 7.714825 37
1684507331965 7.714648 38
1684507332037 7.7153187 39
1684507332107 7.7167177 40
1684507332177 7.7180643 41
1684507332248 7.7188215 42
1684507332317 7.71894 43
1684507332387 7.7186594 44
1684507332458 7.718459 45
1684507332528 7.718532 46
1684507332599 7.7187386 47
1684507332668 7.718871 48
1684507332739 7.718829 49
1684507332811 7.718642 50
1684507332881 7.7184057 51
1684507332951 7.7182007 52
1684507333021 7.7180586 53
1684507333095 7.717972 54
1684507333168 7.717922 55
1684507333239 7.7178907 56
1684507333310 7.7178645 57
1684507333381 7.7178392 58
1684507333452 7.7178125 59
1684507333525 7.7177844 60
1684507333607 7.7177553 61
1684507333684 7.7177343 62
1684507333754 7.7177277 63
1684507333826 7.717736 64
1684507333898 7.717757 65
1684507333968 7.71778 66
1684507334041 7.717796 67
1684507334113 7.717801 68
1684507334183 7.7177954 69
1684507334254 7.717783 70
1684507334326 7.717766 71
1684507334397 7.7177486 72
1684507334465 7.717733 73
1684507334536 7.717717 74
1684507334606 7.717704 75
1684507334677 7.7176924 76
1684507334748 7.717683 77
1684507334818 7.7176743 78
1684507334890 7.7176685 79
1684507334960 7.7176647 80
1684507335031 7.717662 81
1684507335104 7.7176604 82
1684507335174 7.71766 83
1684507335245 7.7176604 84
1684507335316 7.717662 85
1684507335386 7.717663 86
1684507335456 7.7176647 87
1684507335527 7.717667 88
1684507335599 7.7176685 89
1684507335669 7.7176695 90
1684507335741 7.7176714 91
1684507335812 7.7176723 92
1684507335884 7.717674 93
1684507335954 7.7176743 94
1684507336025 7.717674 95
1684507336102 7.7176743 96
1684507336173 7.7176743 97
1684507336245 7.7176747 98
1684507336317 7.7176747 99
1684507336389 7.717674 100
1684507336461 7.7176743 101
1684507336532 7.717673 102
1684507336604 7.717673 103
1684507336674 7.7176723 104
1684507336744 7.7176723 105
1684507336816 7.7176714 106
1684507336887 7.7176714 107
1684507336957 7.7176714 108
1684507337026 7.7176704 109
1684507337097 7.7176704 110
1684507337169 7.7176704 111
1684507337241 7.7176704 112
1684507337311 7.7176704 113
1684507337382 7.7176704 114
1684507337453 7.7176704 115
1684507337525 7.7176695 116
1684507337595 7.7176695 117
1684507337667 7.717669 118
1684507337740 7.7176704 119
1684507337810 7.7176704 120
1684507337882 7.71767 121
1684507337954 7.71767 122
1684507338027 7.7176695 123
1684507338098 7.7176704 124
1684507338171 7.7176704 125
1684507338241 7.7176704 126
1684507338312 7.7176704 127
1684507338384 7.71767 128
1684507338454 7.71767 129
1684507338523 7.7176704 130
1684507338594 7.7176704 131
1684507338668 7.7176704 132
1684507338739 7.7176704 133
1684507338810 7.7176704 134
1684507338882 7.7176704 135
1684507338953 7.7176704 136
1684507339023 7.7176704 137
1684507339096 7.7176704 138
1684507339171 7.7176704 139
1684507339244 7.7176704 140
1684507339316 7.717671 141
1684507339387 7.7176704 142
1684507339456 7.7176704 143
1684507339527 7.7176704 144
1684507339597 7.7176704 145
1684507339673 7.7176704 146
1684507339745 7.71767 147
1684507339817 7.71767 148
1684507339889 7.7176704 149
1684507339959 7.7176704 150
1684507340030 7.717671 151
1684507340100 7.7176704 152
1684507340173 7.7176704 153
1684507340243 7.7176704 154
1684507340313 7.7176704 155
1684507340384 7.7176704 156
1684507340457 7.7176704 157
1684507340525 7.71767 158
1684507340595 7.7176704 159
1684507340666 7.7176704 160
1684507340737 7.7176704 161
1684507340808 7.7176704 162
1684507340880 7.7176704 163
1684507340950 7.7176704 164
1684507341023 7.7176704 165
1684507341093 7.71767 166
1684507341167 7.71767 167
1684507341237 7.7176704 168
1684507341307 7.7176704 169
1684507341376 7.7176704 170
1684507341449 7.7176704 171
1684507341519 7.7176704 172
1684507341849 7.7176704 173
1684507341943 7.7176704 174
1684507342016 7.7176704 175
1684507342130 7.7176704 176
1684507342220 7.7176704 177
1684507342297 7.7176704 178
1684507342369 7.7176704 179
1684507342440 7.7176714 180
1684507342513 7.7176704 181
1684507342585 7.7176704 182
1684507342654 7.7176704 183
1684507342727 7.71767 184
1684507342797 7.71767 185
1684507342867 7.7176704 186
1684507342938 7.7176704 187
1684507343010 7.7176704 188
1684507343082 7.7176704 189
1684507343153 7.7176704 190
1684507343224 7.7176704 191
1684507343297 7.717671 192
1684507343368 7.7176704 193
1684507343438 7.7176704 194
1684507343509 7.7176704 195
1684507343580 7.7176704 196
1684507343651 7.7176704 197
1684507343723 7.7176704 198
1684507343795 7.7176704 199
1684507343864 7.7176704 200
1684507343935 7.7176704 201
1684507344008 7.71767 202
1684507344077 7.71767 203
1684507344147 7.7176704 204
1684507344219 7.7176704 205
1684507344291 7.717671 206
1684507344362 7.7176704 207
1684507344432 7.7176704 208
1684507344503 7.7176704 209
1684507344576 7.7176704 210
1684507344646 7.7176704 211
1684507344718 7.7176704 212
1684507344789 7.7176704 213
1684507344859 7.7176704 214
1684507344929 7.7176704 215
1684507345000 7.7176704 216
1684507345071 7.71767 217
1684507345143 7.717671 218
1684507345216 7.717671 219
1684507345286 7.7176704 220
1684507345358 7.7176704 221
1684507345430 7.7176704 222
1684507345502 7.71767 223
1684507345572 7.7176704 224
1684507345648 7.7176704 225
1684507345720 7.7176704 226
1684507345792 7.717671 227
1684507345864 7.7176704 228
1684507345937 7.7176704 229
1684507346010 7.7176704 230
1684507346081 7.7176704 231
1684507346152 7.7176704 232
1684507346223 7.7176704 233
1684507346293 7.7176704 234
1684507346363 7.7176704 235
1684507346433 7.7176704 236
1684507346505 7.7176704 237
1684507346577 7.717671 238
1684507346648 7.7176704 239
1684507346719 7.7176704 240
1684507346791 7.7176704 241
1684507346863 7.7176704 242
1684507346933 7.7176704 243
1684507347008 7.7176704 244
1684507347079 7.7176704 245
1684507347149 7.7176704 246
1684507347223 7.7176704 247
1684507347293 7.717671 248
1684507347366 7.7176704 249
1684507347437 7.7176704 250
