1684509679067 12.699438199660502 1
1684509679152 14.256859900001762 2
1684509679226 16.342445198241748 3
1684509679304 17.697646800430366 4
1684509679376 17.47728875609017 5
1684509679449 17.34771471355972 6
1684509679523 16.58112888776709 7
1684509679596 16.318742809693518 8
1684509679669 16.069305331404397 9
1684509679739 15.895257896468893 10
1684509679809 15.505238499052375 11
1684509679881 15.140366864362198 12
1684509679952 14.712083965057827 13
1684509680023 13.753666568632362 14
1684509680097 12.323684061443531 15
1684509680170 9.978130844359729 16
1684509680241 7.46908042266046 17
1684509680313 3.764675982573116 18
1684509680384 2.098756658826579 19
1684509680457 0.7877511447548147 20
1684509680528 0.6244766893073842 21
1684509680600 0.4387782158381226 22
1684509680672 0.4597102717295516 23
1684509680740 0.435162802194827 24
1684509680808 0.4638494475675025 25
1684509680875 0.5455686086433459 26
1684509680953 0.6220901838326208 27
1684509681024 0.6725710087796236 28
1684509681093 0.6724579275329038 29
1684509681169 0.606481673235506 30
1684509681239 0.5102138996804497 31
1684509681308 0.45078245579969983 32
1684509681378 0.4477878086565005 33
1684509681452 0.4614239447809946 34
1684509681524 0.477120826521266 35
1684509681596 0.4951851507533123 36
1684509681673 0.5112168527721548 37
1684509681747 0.5195570438196223 38
1684509681819 0.5221077787109041 39
1684509681889 0.5229904491865061 40
1684509681961 0.5239335674705989 41
1684509682029 0.5246844751566314 42
1684509682097 0.5242136270357937 43
1684509682168 0.5219311389307092 44
1684509682239 0.5189614580489935 45
1684509682314 0.5167025871338247 46
1684509682383 0.5146959784176769 47
1684509682458 0.5125822687410625 48
1684509682527 0.5106610189817099 49
1684509682596 0.5091901624140408 50
1684509682669 0.5082097991977644 51
1684509682740 0.5076398773927082 52
1684509682811 0.507381485300693 53
1684509682881 0.5073532244648591 54
1684509682953 0.5074890424032508 55
1684509683023 0.50773333531818 56
1684509683094 0.5080384031108623 57
1684509683164 0.5083646183508609 58
1684509683235 0.5086837160581249 59
1684509683304 0.5089773970494843 60
1684509683374 0.5092364115742919 61
1684509683446 0.5094581880062219 62
1684509683517 0.5096430177902032 63
1684509683587 0.5097925045384482 64
1684509683657 0.5099100415123742 65
1684509683727 0.5099988959897118 66
1684509683796 0.5100623165861247 67
1684509683863 0.5101028495243777 68
1684509683931 0.5101245711600584 69
1684509684003 0.5101306410995624 70
1684509684072 0.5101246470734088 71
1684509684154 0.5101091996722783 72
1684509684227 0.5100872676648098 73
1684509684296 0.5100616878674299 74
1684509684367 0.5100335004873521 75
1684509684438 0.5100056613586179 76
1684509684505 0.5099784666455278 77
1684509684572 0.5099524792993733 78
1684509684641 0.5099293825547131 79
1684509684710 0.5099092346605354 80
1684509684780 0.5098922987694753 81
1684509684850 0.5098784322303826 82
1684509684920 0.5098668484158035 83
1684509684990 0.5098587415724877 84
1684509685059 0.5098526507255233 85
1684509685129 0.5098492021119735 86
1684509685199 0.5098474145479063 87
1684509685266 0.5098471795839423 88
1684509685333 0.5098483011788723 89
1684509685402 0.5098499288038889 90
1684509685472 0.5098521851734674 91
1684509685539 0.5098551517263952 92
1684509685606 0.5098587948230089 93
1684509685678 0.5098614347022536 94
1684509685747 0.5098643032752564 95
1684509685816 0.5098668336888806 96
1684509685885 0.5098694591780727 97
1684509685956 0.5098721284931395 98
1684509686025 0.5098738171466726 99
1684509686092 0.5098754525795465 100
1684509686162 0.5098764451062174 101
1684509686233 0.5098771095283434 102
1684509686301 0.5098780276626399 103
1684509686369 0.5098784380696731 104
1684509686439 0.509878601452565 105
1684509686510 0.5098781341285145 106
1684509686578 0.5098779549008149 107
1684509686648 0.5098777194628688 108
1684509686718 0.5098772585389137 109
1684509686787 0.5098767118690504 110
1684509686855 0.5098766261695215 111
1684509686921 0.5098761247283777 112
1684509686989 0.5098757049900202 113
1684509687058 0.5098756418946486 114
1684509687128 0.5098751747832837 115
1684509687198 0.5098751706050272 116
1684509687268 0.5098748624129301 117
1684509687337 0.5098743852145491 118
1684509687411 0.5098741232409223 119
1684509687484 0.5098740885840037 120
1684509687554 0.5098741204419338 121
1684509687625 0.50987413417813 122
1684509687694 0.5098741489022393 123
1684509687766 0.5098742854600721 124
1684509687836 0.5098742233356928 125
1684509687906 0.5098739918010007 126
1684509687977 0.5098743158983061 127
1684509688047 0.5098743274047393 128
1684509688116 0.5098743568580791 129
1684509688186 0.5098740779284203 130
1684509688254 0.5098742923293875 131
1684509688321 0.5098743848973579 132
1684509688393 0.5098743293922147 133
1684509688469 0.5098745030152164 134
1684509688538 0.5098745177418451 135
1684509688607 0.5098746871580184 136
1684509688677 0.5098747279374288 137
1684509688746 0.5098748352369996 138
1684509688817 0.5098748352369996 139
1684509688887 0.5098746071038637 140
1684509688957 0.5098745449835642 141
1684509689025 0.5098744239560808 142
1684509689093 0.5098744092282845 143
1684509689162 0.5098744713465254 144
1684509689231 0.5098743355925731 145
1684509689298 0.5098744418920638 146
1684509689364 0.5098744271652145 147
1684509689433 0.5098745637255029 148
1684509689503 0.5098747918586402 149
1684509689573 0.5098747918586402 150
1684509689645 0.5098747771319829 151
1684509689717 0.5098748213121715 152
1684509689787 0.5098746587008738 153
1684509689858 0.5098745187382034 154
1684509689928 0.5098745923737793 155
1684509689996 0.5098747436607729 156
1684509690063 0.5098748983533301 157
1684509690139 0.5098745889725009 158
1684509690208 0.5098745923757086 159
1684509690277 0.5098746184262078 160
1684509690345 0.5098748654941037 161
1684509690413 0.5098748213121715 162
1684509690487 0.5098748834316363 163
1684509690558 0.5098748539786182 164
1684509690627 0.5098747581960499 165
1684509690697 0.5098744261686011 166
1684509690767 0.5098746250381657 167
1684509690837 0.5098746250381657 168
1684509690907 0.5098746544925076 169
1684509690979 0.5098746397662469 170
1684509691049 0.5098746544939273 171
1684509691119 0.509874437685443 172
1684509691191 0.5098749391317771 173
1684509691261 0.509874894949815 174
1684509691329 0.5098746994795584 175
1684509691396 0.5098745334652686 176
1684509691464 0.5098746587008738 177
1684509691530 0.5098746587008738 178
1684509691597 0.5098746734278985 179
1684509691669 0.5098745187382034 180
1684509691740 0.5098745334652686 181
1684509691811 0.5098745334652686 182
1684509691883 0.5098745776462427 183
1684509691953 0.5098747176102801 184
1684509692024 0.5098750201843122 185
1684509692090 0.5098748802218502 186
1684509692157 0.5098747176102801 187
1684509692235 0.5098750201843122 188
1684509692310 0.5098750054566059 189
1684509692420 0.5098749907291178 190
1684509692487 0.5098749612747951 191
1684509692555 0.5098749318214175 192
1684509692621 0.5098749318213447 193
1684509692692 0.5098749612747951 194
1684509692761 0.5098749760018475 195
1684509692831 0.5098748802202121 196
1684509692899 0.5098749096755586 197
1684509692975 0.5098748802218502 198
1684509693042 0.509874894949815 199
1684509693109 0.5098750349122364 200
1684509693217 0.5098750349122364 201
1684509693358 0.5098750496380489 202
1684509693467 0.5098750201843122 203
1684509693541 0.5098749760031215 204
1684509693609 0.5098750054566059 205
1684509693677 0.5098749907291178 206
1684509693749 0.5098749907291178 207
1684509693818 0.5098750054554775 208
1684509693888 0.5098749907291178 209
1684509693956 0.5098749465484342 210
1684509694024 0.5098749760018475 211
1684509694091 0.5098749612747951 212
1684509694158 0.5098749612747951 213
1684509694226 0.509874946547961 214
1684509694295 0.509874946547961 215
1684509694361 0.509874946547961 216
1684509694430 0.5098749907283896 217
1684509694497 0.5098750054554775 218
1684509694565 0.5098749907291178 219
1684509694631 0.5098750201827833 220
1684509694701 0.5098750054566059 221
1684509694769 0.5098750201843122 222
1684509694836 0.5098747176102801 223
1684509694905 0.5098746881551409 224
1684509694975 0.5098747176088605 225
1684509695042 0.5098748247148681 226
1684509695109 0.5098748099878296 227
1684509695177 0.5098749612747951 228
1684509695245 0.509874946547961 229
1684509695312 0.509874946547961 230
1684509695379 0.5098749760015198 231
1684509695448 0.5098749760015198 232
1684509695517 0.5098749907283896 233
1684509695584 0.5098750054554775 234
1684509695652 0.5098749760018475 235
1684509695721 0.5098749612747951 236
1684509695793 0.5098749907283896 237
1684509695862 0.509874946547961 238
1684509695935 0.5098749318213447 239
1684509696007 0.509874946547961 240
1684509696078 0.509874946547961 241
1684509696148 0.509874946547961 242
1684509696222 0.5098748065856609 243
1684509696293 0.5098749318213447 244
1684509696363 0.5098749760015198 245
1684509696433 0.5098749612747951 246
1684509696505 0.5098749907291178 247
1684509696575 0.5098750201843122 248
1684509696645 0.5098750054566059 249
1684509696717 0.5098750349103071 250
