1684508537922 25.254549 1
1684508537999 15.132833 2
1684508538073 10.396661 3
1684508538145 8.898641 4
1684508538219 8.267686 5
1684508538293 8.048178 6
1684508538361 7.9607563 7
1684508538429 7.950916 8
1684508538496 7.951235 9
1684508538568 7.947008 10
1684508538639 7.975091 11
1684508538713 7.9426785 12
1684508538787 7.952259 13
1684508538862 7.957674 14
1684508538935 7.997278 15
1684508539007 7.934528 16
1684508539077 7.932948 17
1684508539148 7.93305 18
1684508539215 7.9403753 19
1684508539285 7.9476366 20
1684508539357 7.9424715 21
1684508539432 7.9368477 22
1684508539506 7.934939 23
1684508539575 7.934267 24
1684508539643 7.9338913 25
1684508539711 7.935193 26
1684508539784 7.941518 27
1684508539853 7.9518175 28
1684508539925 7.9329643 29
1684508539997 7.931408 30
1684508540069 7.931525 31
1684508540140 7.9305916 32
1684508540210 7.9303236 33
1684508540281 7.9302864 34
1684508540351 7.9302883 35
1684508540421 7.930213 36
1684508540491 7.9301353 37
1684508540560 7.9301343 38
1684508540630 7.9302197 39
1684508540702 7.930374 40
1684508540776 7.9306498 41
1684508540848 7.931038 42
1684508540917 7.931182 43
1684508540987 7.9310484 44
1684508541057 7.9311647 45
1684508541128 7.931676 46
1684508541199 7.9319906 47
1684508541400 7.931673 48
1684508541550 7.931104 49
1684508541650 7.930702 50
1684508541723 7.9305234 51
1684508541794 7.9304523 52
1684508541867 7.9303937 53
1684508541939 7.9303193 54
1684508542009 7.9302435 55
1684508542082 7.9301844 56
1684508542155 7.9301457 57
1684508542226 7.9301243 58
1684508542295 7.930112 59
1684508542365 7.930107 60
1684508542435 7.930106 61
1684508542507 7.93011 62
1684508542579 7.9301176 63
1684508542765 7.9301276 64
1684508542939 7.9301386 65
1684508543023 7.9301496 66
1684508543096 7.9301605 67
1684508543174 7.9301715 68
1684508543245 7.9301805 69
1684508543317 7.9301896 70
1684508543390 7.9301972 71
1684508543459 7.9302034 72
1684508543529 7.930208 73
1684508543600 7.930212 74
1684508543670 7.9302144 75
1684508543742 7.9302154 76
1684508543814 7.930216 77
1684508543885 7.930216 78
1684508543955 7.9302154 79
1684508544026 7.9302144 80
1684508544094 7.930213 81
1684508544164 7.930211 82
1684508544233 7.930209 83
1684508544305 7.9302073 84
1684508544376 7.9302053 85
1684508544450 7.930204 86
1684508544521 7.930202 87
1684508544589 7.9302006 88
1684508544657 7.9301996 89
1684508544728 7.9301977 90
1684508544798 7.930197 91
1684508544867 7.930196 92
1684508544937 7.930196 93
1684508545009 7.930195 94
1684508545082 7.930194 95
1684508545154 7.930194 96
1684508545224 7.930193 97
1684508545295 7.930193 98
1684508545365 7.930193 99
1684508545434 7.930193 100
1684508545505 7.930193 101
1684508545576 7.930193 102
1684508545646 7.930193 103
1684508545725 7.9301925 104
1684508545800 7.930193 105
1684508545869 7.930193 106
1684508545944 7.930193 107
1684508546022 7.930193 108
1684508546094 7.930193 109
1684508546169 7.930193 110
1684508546243 7.930193 111
1684508546314 7.930193 112
1684508546386 7.930193 113
1684508546456 7.930193 114
1684508546524 7.930193 115
1684508546594 7.930193 116
1684508546664 7.930193 117
1684508546735 7.930193 118
1684508546810 7.930193 119
1684508546881 7.930193 120
1684508546954 7.930193 121
1684508547026 7.930193 122
1684508547097 7.9301925 123
1684508547166 7.930193 124
1684508547237 7.930193 125
1684508547309 7.9301925 126
1684508547382 7.9301925 127
1684508547456 7.9301925 128
1684508547528 7.9301925 129
1684508547601 7.9301925 130
1684508547674 7.9301925 131
1684508547746 7.930192 132
1684508547818 7.9301925 133
1684508547890 7.9301925 134
1684508547962 7.9301925 135
1684508548036 7.9301925 136
1684508548109 7.9301925 137
1684508548181 7.9301925 138
1684508548251 7.9301925 139
1684508548321 7.9301925 140
1684508548393 7.9301925 141
1684508548463 7.9301925 142
1684508548536 7.9301925 143
1684508548607 7.9301925 144
1684508548680 7.9301925 145
1684508548749 7.9301925 146
1684508548821 7.9301925 147
1684508548890 7.9301925 148
1684508548963 7.9301925 149
1684508549042 7.9301925 150
1684508549116 7.9301925 151
1684508549193 7.9301925 152
1684508549269 7.9301925 153
1684508549346 7.9301925 154
1684508549455 7.9301925 155
1684508549580 7.9301925 156
1684508549651 7.930192 157
1684508549729 7.930193 158
1684508549809 7.9301925 159
1684508549880 7.9301925 160
1684508549954 7.930192 161
1684508550028 7.9301925 162
1684508550101 7.9301925 163
1684508550175 7.9301925 164
1684508550247 7.9301925 165
1684508550319 7.9301925 166
1684508550390 7.9301925 167
1684508550461 7.930192 168
1684508550532 7.9301925 169
1684508550605 7.9301925 170
1684508550677 7.9301925 171
1684508550749 7.9301925 172
1684508550823 7.9301925 173
1684508550895 7.9301925 174
1684508550969 7.9301925 175
1684508551042 7.9301925 176
1684508551134 7.9301925 177
1684508551217 7.9301925 178
1684508551287 7.9301925 179
1684508551356 7.9301925 180
1684508551434 7.9301925 181
1684508551526 7.9301925 182
1684508551613 7.9301925 183
1684508551684 7.9301925 184
1684508551756 7.9301925 185
1684508551828 7.9301925 186
1684508551899 7.9301925 187
1684508551970 7.9301925 188
1684508552039 7.9301925 189
1684508552109 7.9301925 190
1684508552179 7.9301925 191
1684508552252 7.9301925 192
1684508552323 7.9301925 193
1684508552397 7.9301925 194
1684508552467 7.9301925 195
1684508552538 7.9301925 196
1684508552608 7.9301925 197
1684508552680 7.9301925 198
1684508552750 7.9301925 199
1684508552820 7.9301925 200
1684508552893 7.930192 201
1684508552965 7.9301925 202
1684508553034 7.9301925 203
1684508553103 7.9301925 204
1684508553173 7.9301925 205
1684508553244 7.9301925 206
1684508553314 7.9301925 207
1684508553386 7.9301925 208
1684508553467 7.9301925 209
1684508553542 7.9301925 210
1684508553616 7.9301925 211
1684508553696 7.9301925 212
1684508553773 7.9301925 213
1684508553868 7.930192 214
1684508553947 7.9301925 215
1684508554019 7.9301925 216
1684508554093 7.930192 217
1684508554167 7.9301925 218
1684508554238 7.930192 219
1684508554312 7.9301925 220
1684508554389 7.9301925 221
1684508554479 7.9301925 222
1684508554565 7.9301925 223
1684508554676 7.930192 224
1684508554763 7.9301925 225
1684508554840 7.9301925 226
1684508554915 7.9301925 227
1684508554985 7.930193 228
1684508555058 7.9301925 229
1684508555134 7.930192 230
1684508555212 7.9301925 231
1684508555290 7.9301925 232
1684508555372 7.9301925 233
1684508555445 7.9301925 234
1684508555517 7.930192 235
1684508555591 7.9301925 236
1684508555665 7.9301925 237
1684508555736 7.9301925 238
1684508555808 7.9301925 239
1684508555879 7.9301925 240
1684508555951 7.9301925 241
1684508556021 7.9301925 242
1684508556094 7.9301925 243
1684508556166 7.9301925 244
1684508556237 7.9301925 245
1684508556561 7.9301925 246
1684508556706 7.9301925 247
1684508556783 7.9301925 248
1684508556858 7.930192 249
1684508556929 7.9301925 250
