1684510754647 56.474396 1
1684510754725 37.298546 2
1684510754798 21.028557 3
1684510754868 13.090199 4
1684510754941 10.221325 5
1684510755014 9.603827 6
1684510755086 9.580235 7
1684510755157 9.860946 8
1684510755228 8.946563 9
1684510755298 8.992214 10
1684510755367 8.999441 11
1684510755440 8.9628525 12
1684510755510 9.002863 13
1684510755581 9.016117 14
1684510755651 8.939654 15
1684510755721 8.936823 16
1684510755790 8.939752 17
1684510755861 8.942856 18
1684510755933 8.934168 19
1684510756008 8.925276 20
1684510756079 8.915075 21
1684510756148 8.915932 22
1684510756218 8.919082 23
1684510756284 8.920799 24
1684510756353 8.923691 25
1684510756424 8.927066 26
1684510756497 8.931352 27
1684510756567 8.940142 28
1684510756637 8.953146 29
1684510756707 8.969191 30
1684510756775 8.987388 31
1684510756842 9.007353 32
1684510756912 9.028447 33
1684510756982 9.046913 34
1684510757056 9.047238 35
1684510757126 8.998091 36
1684510757196 8.937972 37
1684510757265 8.914921 38
1684510757336 8.909164 39
1684510757405 8.908007 40
1684510757475 8.907848 41
1684510757545 8.908209 42
1684510757616 8.9088 43
1684510757686 8.909398 44
1684510757758 8.90992 45
1684510757827 8.910358 46
1684510757903 8.910702 47
1684510757976 8.910939 48
1684510758046 8.911077 49
1684510758118 8.911142 50
1684510758187 8.911174 51
1684510758257 8.911194 52
1684510758327 8.911212 53
1684510758396 8.911228 54
1684510758468 8.911238 55
1684510758539 8.911237 56
1684510758611 8.911224 57
1684510758683 8.911203 58
1684510758758 8.911173 59
1684510758827 8.911137 60
1684510758896 8.911095 61
1684510758985 8.911051 62
1684510759061 8.911007 63
1684510759135 8.910967 64
1684510759207 8.910931 65
1684510759285 8.910901 66
1684510759357 8.910875 67
1684510759427 8.910856 68
1684510759498 8.910842 69
1684510759569 8.910831 70
1684510759638 8.910826 71
1684510759709 8.910823 72
1684510759778 8.910822 73
1684510759848 8.910824 74
1684510759918 8.910826 75
1684510759988 8.9108305 76
1684510760059 8.910835 77
1684510760130 8.910839 78
1684510760200 8.910843 79
1684510760269 8.910849 80
1684510760341 8.9108515 81
1684510760412 8.910854 82
1684510760481 8.910858 83
1684510760554 8.91086 84
1684510760626 8.910862 85
1684510760697 8.910864 86
1684510760766 8.910865 87
1684510760835 8.910865 88
1684510760904 8.910865 89
1684510760975 8.910864 90
1684510761046 8.910864 91
1684510761117 8.910864 92
1684510761186 8.910864 93
1684510761256 8.910863 94
1684510761326 8.910862 95
1684510761395 8.910862 96
1684510761465 8.910861 97
1684510761534 8.910861 98
1684510761603 8.91086 99
1684510761673 8.91086 100
1684510761741 8.91086 101
1684510761810 8.91086 102
1684510761879 8.910858 103
1684510761951 8.910858 104
1684510762021 8.910859 105
1684510762090 8.910858 106
1684510762161 8.910858 107
1684510762233 8.910858 108
1684510762302 8.910858 109
1684510762374 8.910858 110
1684510762442 8.910858 111
1684510762517 8.910858 112
1684510762591 8.910858 113
1684510762666 8.910858 114
1684510762736 8.910858 115
1684510762805 8.910859 116
1684510762875 8.910859 117
1684510762952 8.91086 118
1684510763021 8.91086 119
1684510763090 8.91086 120
1684510763159 8.91086 121
1684510763231 8.91086 122
1684510763299 8.910859 123
1684510763370 8.910858 124
1684510763440 8.910858 125
1684510763511 8.910858 126
1684510763580 8.910858 127
1684510763648 8.910858 128
1684510763716 8.910858 129
1684510763784 8.910858 130
1684510763853 8.910858 131
1684510763922 8.910858 132
1684510763991 8.910859 133
1684510764060 8.910859 134
1684510764127 8.910859 135
1684510764197 8.910859 136
1684510764269 8.910858 137
1684510764339 8.910859 138
1684510764408 8.910859 139
1684510764480 8.910859 140
1684510764550 8.910859 141
1684510764621 8.910858 142
1684510764842 8.910859 143
1684510764985 8.910859 144
1684510765055 8.910858 145
1684510765127 8.910858 146
1684510765199 8.910858 147
1684510765269 8.910858 148
1684510765339 8.910858 149
1684510765409 8.910858 150
1684510765481 8.910858 151
1684510765553 8.910858 152
1684510765624 8.910859 153
1684510765692 8.910859 154
1684510765761 8.910859 155
1684510765833 8.910859 156
1684510765901 8.910859 157
1684510765970 8.910858 158
1684510766150 8.910859 159
1684510766291 8.910858 160
1684510766362 8.910858 161
1684510766431 8.910858 162
1684510766505 8.910858 163
1684510766575 8.910858 164
1684510766646 8.910859 165
1684510766715 8.910859 166
1684510766794 8.910859 167
1684510766864 8.910859 168
1684510766933 8.910858 169
1684510767004 8.910859 170
1684510767082 8.910858 171
1684510767157 8.910858 172
1684510767227 8.910859 173
1684510767297 8.910858 174
1684510767368 8.910858 175
1684510767577 8.910859 176
1684510767754 8.910859 177
1684510767831 8.910859 178
1684510767904 8.910859 179
1684510767974 8.910859 180
1684510768044 8.910858 181
1684510768166 8.910859 182
1684510768238 8.910859 183
1684510768309 8.910859 184
1684510768382 8.910858 185
1684510768452 8.910858 186
1684510768523 8.910858 187
1684510768595 8.910858 188
1684510768665 8.910858 189
1684510768736 8.910858 190
1684510768807 8.910859 191
1684510768879 8.910859 192
1684510768953 8.910859 193
1684510769022 8.910859 194
1684510769091 8.910858 195
1684510769160 8.910859 196
1684510769233 8.910859 197
1684510769301 8.910859 198
1684510769368 8.910858 199
1684510769436 8.910859 200
1684510769506 8.910858 201
1684510769576 8.910858 202
1684510769647 8.910859 203
1684510769715 8.910859 204
1684510769786 8.910859 205
1684510769854 8.910859 206
1684510769922 8.910858 207
1684510769991 8.910859 208
1684510770060 8.910859 209
1684510770129 8.910858 210
1684510770197 8.910858 211
1684510770269 8.910859 212
1684510770338 8.910859 213
1684510770410 8.910859 214
1684510770479 8.910859 215
1684510770551 8.910859 216
1684510770620 8.910859 217
1684510770692 8.910859 218
1684510770762 8.910859 219
1684510770832 8.910859 220
1684510770901 8.910859 221
1684510770970 8.910859 222
1684510771040 8.910858 223
1684510771110 8.910858 224
1684510771179 8.910858 225
1684510771249 8.910858 226
1684510771319 8.910858 227
1684510771391 8.910858 228
1684510771460 8.910858 229
1684510771532 8.910858 230
1684510771602 8.910858 231
1684510771670 8.910858 232
1684510771738 8.910858 233
1684510771807 8.910858 234
1684510771874 8.910858 235
1684510771943 8.910858 236
1684510772012 8.910859 237
1684510772082 8.91086 238
1684510772151 8.910859 239
1684510772223 8.910859 240
1684510772294 8.910859 241
1684510772365 8.910859 242
1684510772439 8.910858 243
1684510772513 8.910858 244
1684510772584 8.910858 245
1684510772653 8.910858 246
1684510772721 8.910858 247
1684510772791 8.910858 248
1684510772999 8.910859 249
1684510773169 8.910859 250
