1684509421948 39.007133 1
1684509422022 21.285866 2
1684509422093 13.514841 3
1684509422162 10.8217125 4
1684509422230 11.39139 5
1684509422297 9.38463 6
1684509422364 9.488329 7
1684509422433 9.669031 8
1684509422503 9.966352 9
1684509422574 9.674441 10
1684509422647 8.947409 11
1684509422722 8.918646 12
1684509422791 8.90947 13
1684509422859 8.927724 14
1684509422930 8.939676 15
1684509423001 8.952076 16
1684509423072 8.949665 17
1684509423140 8.9423485 18
1684509423210 8.946572 19
1684509423548 8.957997 20
1684509423721 8.973705 21
1684509423798 8.990838 22
1684509423869 9.007596 23
1684509423952 9.018747 24
1684509424026 9.019618 25
1684509424101 9.0049305 26
1684509424174 8.9745 27
1684509424244 8.935791 28
1684509424315 8.9054365 29
1684509424385 8.893178 30
1684509424455 8.891985 31
1684509424526 8.894814 32
1684509424598 8.897899 33
1684509424670 8.899773 34
1684509424740 8.901101 35
1684509424810 8.903122 36
1684509424880 8.905847 37
1684509424952 8.907505 38
1684509425025 8.906536 39
1684509425095 8.907175 40
1684509425169 8.909618 41
1684509425239 8.91198 42
1684509425307 8.912695 43
1684509425378 8.911812 44
1684509425448 8.910645 45
1684509425518 8.909721 46
1684509425589 8.909033 47
1684509425659 8.908507 48
1684509425734 8.908157 49
1684509425806 8.907959 50
1684509425877 8.907841 51
1684509425946 8.907742 52
1684509426015 8.907623 53
1684509426085 8.907478 54
1684509426154 8.907304 55
1684509426224 8.907106 56
1684509426294 8.906893 57
1684509426364 8.906658 58
1684509426432 8.906367 59
1684509426502 8.905954 60
1684509426571 8.905399 61
1684509426642 8.904799 62
1684509426715 8.904486 63
1684509426788 8.905205 64
1684509426858 8.906492 65
1684509426927 8.907622 66
1684509426995 8.908203 67
1684509427064 8.908266 68
1684509427132 8.908047 69
1684509427201 8.907761 70
1684509427270 8.907501 71
1684509427339 8.907271 72
1684509427409 8.907056 73
1684509427478 8.906872 74
1684509427551 8.906756 75
1684509427621 8.906727 76
1684509427693 8.906765 77
1684509427762 8.906836 78
1684509427831 8.906902 79
1684509427901 8.906948 80
1684509427973 8.906967 81
1684509428041 8.906971 82
1684509428109 8.906971 83
1684509428177 8.90697 84
1684509428246 8.906971 85
1684509428314 8.906973 86
1684509428385 8.906975 87
1684509428457 8.906978 88
1684509428528 8.906979 89
1684509428599 8.906977 90
1684509428669 8.906977 91
1684509428833 8.906975 92
1684509428905 8.906971 93
1684509428973 8.906969 94
1684509429041 8.906968 95
1684509429113 8.906967 96
1684509429183 8.906965 97
1684509429253 8.906965 98
1684509429324 8.906963 99
1684509429394 8.906963 100
1684509429466 8.906962 101
1684509429539 8.906962 102
1684509429607 8.906962 103
1684509429677 8.906962 104
1684509429748 8.9069605 105
1684509429817 8.9069605 106
1684509429887 8.90696 107
1684509429958 8.90696 108
1684509430030 8.90696 109
1684509430100 8.90696 110
1684509430171 8.906959 111
1684509430239 8.90696 112
1684509430305 8.90696 113
1684509430374 8.906959 114
1684509430444 8.906959 115
1684509430514 8.90696 116
1684509430584 8.90696 117
1684509430654 8.90696 118
1684509430724 8.90696 119
1684509430797 8.90696 120
1684509430868 8.90696 121
1684509430939 8.906959 122
1684509431011 8.90696 123
1684509431084 8.9069605 124
1684509431154 8.9069605 125
1684509431226 8.90696 126
1684509431299 8.906959 127
1684509431369 8.906959 128
1684509431442 8.90696 129
1684509431515 8.90696 130
1684509431587 8.90696 131
1684509431657 8.90696 132
1684509431729 8.90696 133
1684509431804 8.90696 134
1684509431874 8.9069605 135
1684509431947 8.90696 136
1684509432024 8.90696 137
1684509432100 8.90696 138
1684509432176 8.90696 139
1684509432247 8.90696 140
1684509432315 8.90696 141
1684509432386 8.906959 142
1684509432456 8.906959 143
1684509432523 8.906959 144
1684509432593 8.90696 145
1684509432663 8.90696 146
1684509432731 8.906959 147
1684509432802 8.906959 148
1684509432873 8.906959 149
1684509432943 8.90696 150
1684509433012 8.906959 151
1684509433082 8.906959 152
1684509433153 8.906959 153
1684509433223 8.906959 154
1684509433293 8.90696 155
1684509433362 8.90696 156
1684509433430 8.906959 157
1684509433497 8.906959 158
1684509433565 8.906959 159
1684509433636 8.906959 160
1684509433706 8.90696 161
1684509433776 8.90696 162
1684509433843 8.906959 163
1684509433913 8.906959 164
1684509433983 8.906959 165
1684509434050 8.906959 166
1684509434117 8.906959 167
1684509434188 8.906959 168
1684509434257 8.906959 169
1684509434324 8.90696 170
1684509434394 8.90696 171
1684509434463 8.906959 172
1684509434532 8.906959 173
1684509434603 8.906959 174
1684509434676 8.90696 175
1684509434749 8.90696 176
1684509434817 8.90696 177
1684509434887 8.906959 178
1684509434958 8.906959 179
1684509435027 8.906959 180
1684509435096 8.906959 181
1684509435165 8.90696 182
1684509435235 8.906959 183
1684509435304 8.906959 184
1684509435375 8.906959 185
1684509435444 8.90696 186
1684509435514 8.90696 187
1684509435607 8.906959 188
1684509435679 8.906959 189
1684509435751 8.906959 190
1684509435825 8.90696 191
1684509435896 8.906959 192
1684509435966 8.906959 193
1684509436034 8.90696 194
1684509436105 8.90696 195
1684509436175 8.906959 196
1684509436247 8.906959 197
1684509436318 8.906959 198
1684509436388 8.90696 199
1684509436460 8.906959 200
1684509436531 8.906959 201
1684509436602 8.906959 202
1684509436671 8.90696 203
1684509436743 8.90696 204
1684509436822 8.90696 205
1684509436894 8.906959 206
1684509436963 8.90696 207
1684509437033 8.90696 208
1684509437101 8.906959 209
1684509437171 8.906959 210
1684509437242 8.906959 211
1684509437312 8.90696 212
1684509437383 8.906959 213
1684509437453 8.906959 214
1684509437522 8.906959 215
1684509437592 8.906959 216
1684509437663 8.906959 217
1684509437734 8.906959 218
1684509437805 8.906959 219
1684509437876 8.906959 220
1684509437946 8.906959 221
1684509438017 8.90696 222
1684509438086 8.90696 223
1684509438156 8.90696 224
1684509438230 8.906959 225
1684509438300 8.906959 226
1684509438373 8.906959 227
1684509438444 8.90696 228
1684509438514 8.90696 229
1684509438583 8.90696 230
1684509438655 8.906959 231
1684509438727 8.906959 232
1684509438795 8.906959 233
1684509438863 8.906959 234
1684509438933 8.906959 235
1684509439003 8.906959 236
1684509439071 8.90696 237
1684509439140 8.90696 238
1684509439210 8.906959 239
1684509439279 8.906959 240
1684509439348 8.906959 241
1684509439417 8.906959 242
1684509439487 8.906959 243
1684509439554 8.90696 244
1684509439624 8.90696 245
1684509439695 8.906959 246
1684509439764 8.906959 247
1684509439834 8.906959 248
1684509439902 8.906959 249
1684509439972 8.906959 250
