1684509636396 60.572716 1
1684509636473 60.617584 2
1684509636550 60.64852 3
1684509636624 60.67447 4
1684509636695 60.664455 5
1684509636766 60.674118 6
1684509636835 60.66358 7
1684509636905 60.361572 8
1684509636976 59.568756 9
1684509637048 58.446472 10
1684509637118 57.953644 11
1684509637194 57.577286 12
1684509637264 57.174316 13
1684509637338 56.846104 14
1684509637411 56.553444 15
1684509637481 56.219437 16
1684509637552 55.798622 17
1684509637623 55.49202 18
1684509637699 54.822884 19
1684509637774 54.37734 20
1684509637846 53.809837 21
1684509637917 53.361977 22
1684509637992 52.750282 23
1684509638068 52.27332 24
1684509638139 51.82882 25
1684509638214 51.465797 26
1684509638290 51.106113 27
1684509638362 50.811028 28
1684509638433 50.54406 29
1684509638503 50.32794 30
1684509638573 50.140312 31
1684509638645 49.989887 32
1684509638718 49.85916 33
1684509638786 49.749336 34
1684509638853 49.636753 35
1684509638920 49.518585 36
1684509638989 49.30432 37
1684509639059 48.941246 38
1684509639129 47.87293 39
1684509639199 46.370033 40
1684509639270 43.46875 41
1684509639342 41.11054 42
1684509639412 37.499763 43
1684509639482 34.22126 44
1684509639552 26.06149 45
1684509639623 15.511186 46
1684509639696 13.806797 47
1684509639768 14.586107 48
1684509639842 13.980841 49
1684509639915 11.333428 50
1684509639985 9.219665 51
1684509640055 9.405987 52
1684509640124 9.123811 53
1684509640194 9.010105 54
1684509640262 8.986627 55
1684509640329 8.997544 56
1684509640400 9.020247 57
1684509640470 9.03891 58
1684509640536 9.045603 59
1684509640603 9.04339 60
1684509640669 9.038927 61
1684509640738 9.03569 62
1684509640805 9.0339775 63
1684509640874 9.032823 64
1684509640943 9.031209 65
1684509641011 9.028494 66
1684509641081 9.02445 67
1684509641155 9.019183 68
1684509641224 9.013031 69
1684509641293 9.006472 70
1684509641360 8.999981 71
1684509641476 8.993943 72
1684509641546 8.9886465 73
1684509641617 8.984304 74
1684509641689 8.981058 75
1684509641758 8.978937 76
1684509641826 8.977825 77
1684509641892 8.977451 78
1684509641961 8.977449 79
1684509642031 8.97745 80
1684509642100 8.977167 81
1684509642168 8.976445 82
1684509642238 8.975275 83
1684509642307 8.973748 84
1684509642381 8.972021 85
1684509642451 8.970255 86
1684509642523 8.968586 87
1684509642593 8.967104 88
1684509642663 8.965858 89
1684509642735 8.964862 90
1684509642805 8.964104 91
1684509642876 8.963559 92
1684509642946 8.9632 93
1684509643016 8.962995 94
1684509643086 8.962913 95
1684509643155 8.962928 96
1684509643225 8.9630165 97
1684509643294 8.963162 98
1684509643364 8.963346 99
1684509643444 8.963556 100
1684509643519 8.963783 101
1684509643589 8.964018 102
1684509643666 8.9642515 103
1684509643741 8.9644785 104
1684509643811 8.964693 105
1684509643882 8.964893 106
1684509643952 8.9650755 107
1684509644023 8.965237 108
1684509644093 8.965377 109
1684509644164 8.965496 110
1684509644237 8.965595 111
1684509644308 8.965675 112
1684509644379 8.965738 113
1684509644451 8.965784 114
1684509644521 8.965818 115
1684509644591 8.965839 116
1684509644662 8.965853 117
1684509644733 8.965856 118
1684509644800 8.965855 119
1684509644868 8.965848 120
1684509644934 8.9658375 121
1684509645004 8.965828 122
1684509645073 8.965816 123
1684509645143 8.965803 124
1684509645213 8.965792 125
1684509645287 8.965781 126
1684509645359 8.965772 127
1684509645430 8.965762 128
1684509645504 8.9657545 129
1684509645574 8.96575 130
1684509645647 8.965746 131
1684509645722 8.965742 132
1684509645794 8.965742 133
1684509645863 8.965742 134
1684509645931 8.965742 135
1684509646002 8.965742 136
1684509646071 8.965744 137
1684509646143 8.965746 138
1684509646216 8.965748 139
1684509646286 8.965752 140
1684509646355 8.965754 141
1684509646426 8.965755 142
1684509646498 8.965757 143
1684509646567 8.96576 144
1684509646636 8.965761 145
1684509646707 8.965763 146
1684509646777 8.965765 147
1684509646960 8.965767 148
1684509647031 8.965767 149
1684509647102 8.965767 150
1684509647170 8.965768 151
1684509647242 8.965769 152
1684509647312 8.965769 153
1684509647380 8.965768 154
1684509647447 8.965767 155
1684509647517 8.965766 156
1684509647586 8.965766 157
1684509647657 8.965767 158
1684509647726 8.965765 159
1684509647798 8.965765 160
1684509647867 8.965765 161
1684509647935 8.965765 162
1684509648003 8.965765 163
1684509648072 8.965765 164
1684509648139 8.965764 165
1684509648246 8.965765 166
1684509648318 8.965764 167
1684509648388 8.965764 168
1684509648457 8.965764 169
1684509648526 8.965764 170
1684509648596 8.965763 171
1684509648663 8.965764 172
1684509648732 8.965764 173
1684509648804 8.965764 174
1684509648874 8.965763 175
1684509648977 8.965763 176
1684509649048 8.965763 177
1684509649119 8.965763 178
1684509649188 8.965763 179
1684509649256 8.965763 180
1684509649326 8.965763 181
1684509649396 8.965763 182
1684509649466 8.965763 183
1684509649537 8.965763 184
1684509649609 8.965763 185
1684509649680 8.965763 186
1684509649750 8.965763 187
1684509649820 8.965763 188
1684509649891 8.965763 189
1684509649961 8.965763 190
1684509650031 8.965763 191
1684509650102 8.965763 192
1684509650167 8.965763 193
1684509650233 8.965763 194
1684509650302 8.965763 195
1684509650370 8.965764 196
1684509650440 8.965764 197
1684509650510 8.965764 198
1684509650580 8.965764 199
1684509650648 8.965764 200
1684509650717 8.965763 201
1684509650787 8.965763 202
1684509650854 8.965763 203
1684509650921 8.965763 204
1684509650989 8.965763 205
1684509651058 8.965763 206
1684509651130 8.965763 207
1684509651198 8.965763 208
1684509651266 8.965763 209
1684509651334 8.965763 210
1684509651401 8.965763 211
1684509651472 8.965763 212
1684509651553 8.965763 213
1684509651629 8.965763 214
1684509651698 8.965763 215
1684509651765 8.965763 216
1684509651835 8.965763 217
1684509651902 8.965763 218
1684509651970 8.965763 219
1684509652039 8.965763 220
1684509652110 8.965763 221
1684509652177 8.965763 222
1684509652244 8.965763 223
1684509652312 8.965763 224
1684509652381 8.965763 225
1684509652450 8.965763 226
1684509652516 8.965763 227
1684509652586 8.965763 228
1684509652655 8.965763 229
1684509652726 8.965763 230
1684509652794 8.965763 231
1684509652864 8.965763 232
1684509652933 8.965763 233
1684509653001 8.965763 234
1684509653068 8.965763 235
1684509653137 8.965763 236
1684509653203 8.965763 237
1684509653273 8.965763 238
1684509653345 8.965763 239
1684509653413 8.965763 240
1684509653481 8.965763 241
1684509653550 8.965763 242
1684509653620 8.965763 243
1684509653814 8.965763 244
1684509653921 8.965763 245
1684509653993 8.965763 246
1684509654066 8.965763 247
1684509654136 8.965763 248
1684509654205 8.965763 249
1684509654283 8.965763 250
