1683421554238 24.599544009454636 1
1683421554370 15.079360758450115 2
1683421554472 8.23215466794452 3
1683421554576 5.350186122343658 4
1683421554675 4.627607715968496 5
1683421554774 5.281948590243239 6
1683421554873 5.850863747739481 7
1683421554973 7.49132812436654 8
1683421555076 8.225736652680784 9
1683421555176 8.260416707592103 10
1683421555276 8.263984863892311 11
1683421555404 8.221826311707126 12
1683421555508 8.089614152350352 13
1683421555608 8.092378068378887 14
1683421555708 8.140709568874525 15
1683421555800 8.215372320609909 16
1683421555888 8.215162885212898 17
1683421555980 8.117497677028528 18
1683421556076 7.926015915970482 19
1683421556176 7.701489261401145 20
1683421556268 7.447489163321899 21
1683421556364 7.1736021073056495 22
1683421556464 6.89020786020297 23
1683421556576 6.620038382294612 24
1683421556680 6.355595859734746 25
1683421556764 6.087416717752817 26
1683421556848 5.823335546385103 27
1683421556936 5.602271954247194 28
1683421557020 5.4883940067442785 29
1683421557104 5.526814570338688 30
1683421557188 5.6926767569618955 31
1683421557272 5.914758708647193 32
1683421557352 6.148386090561145 33
1683421557436 6.375555759096871 34
1683421557520 6.588948773756113 35
1683421557604 6.780224447109624 36
1683421557684 6.9403610208263595 37
1683421557772 7.048167438924196 38
1683421557852 7.057390045309695 39
1683421557932 6.989535894817314 40
1683421558012 6.883182005655053 41
1683421558092 6.752030047680885 42
1683421558172 6.598763212951219 43
1683421558260 6.421462635058621 44
1683421558340 6.215422021745569 45
1683421558428 5.980626822194041 46
1683421558520 5.718771969610705 47
1683421558608 5.431922376644806 48
1683421558700 5.1238223783595815 49
1683421558788 4.802704985069048 50
1683421558868 4.483437135341057 51
1683421558948 4.172431229233788 52
1683421559080 3.8605049492684618 53
1683421559192 3.543646119281618 54
1683421559296 3.3025307011804284 55
1683421559392 3.5276187162094956 56
1683421559482 4.243566364573316 57
1683421559562 5.529838357036041 58
1683421559650 6.107002573504702 59
1683421559730 6.439976369595032 60
1683421559806 6.690013974417526 61
1683421559886 6.896887391092237 62
1683421559974 7.062935271704651 63
1683421560078 7.1820677222410865 64
1683421560182 7.252921955175207 65
1683421560266 7.2829760094482126 66
1683421560350 7.271343544921796 67
1683421560426 7.214070636064903 68
1683421560502 7.138440594072769 69
1683421560582 7.064559730210885 70
1683421560658 7.001323631295515 71
1683421560734 6.957142530404241 72
1683421560810 6.936669240176693 73
1683421560886 6.916472240761826 74
1683421560962 6.850424796668184 75
1683421561038 6.739582941162964 76
1683421561118 6.604481299711971 77
1683421561194 6.452150197461423 78
1683421561274 6.280547750736138 79
1683421561350 6.086923814134698 80
1683421561434 5.869762373260085 81
1683421561514 5.628415974896322 82
1683421561594 5.362636916298868 83
1683421561678 5.072753423722088 84
1683421561754 4.7601058871045705 85
1683421561834 4.427992609841654 86
1683421561914 4.0820723920982545 87
1683421561994 3.7298264837799024 88
1683421562074 3.3786381899921807 89
1683421562154 3.0349647901078534 90
1683421562234 2.705986389189327 91
1683421562314 2.4168959855177263 92
1683421562394 2.2902555121387387 93
1683421562474 2.4575808936898937 94
1683421562550 2.8161931245064036 95
1683421562638 3.3035054197958384 96
1683421562722 4.05520131574726 97
1683421562802 6.729724236616498 98
1683421562878 7.585377518574711 99
1683421562958 8.112598654162149 100
1683421563034 8.290221555567896 101
1683421563110 8.30191695136991 102
1683421563186 8.310015194158298 103
1683421563262 8.381085269965002 104
1683421563334 8.391531115308789 105
1683421563414 8.38663048611307 106
1683421563490 8.373938008792814 107
1683421563566 8.355738972082305 108
1683421563650 8.334352750154283 109
1683421563742 8.307444788390939 110
1683421563834 8.263942411339023 111
1683421563918 8.178045865735228 112
1683421563994 8.043256697557851 113
1683421564074 7.856803337413824 114
1683421564154 7.614517608942935 115
1683421564234 7.317147831174349 116
1683421564314 6.982387553367538 117
1683421564394 6.669615824454445 118
1683421564470 6.456748109331122 119
1683421564554 6.341145891455404 120
1683421564642 6.292842356260958 121
1683421564726 6.2910996085026785 122
1683421564810 6.323324328747853 123
1683421564890 6.380074067775581 124
1683421564966 6.451697719953388 125
1683421565038 6.526229525734611 126
1683421565118 6.587246137193143 127
1683421565194 6.616947227223313 128
1683421565270 6.605299698449693 129
1683421565346 6.555596416358403 130
1683421565422 6.4781460940897375 131
1683421565502 6.384030199454793 132
1683421565578 6.283110134132428 133
1683421565654 6.184954009682359 134
1683421565738 6.0988161392048115 135
1683421565814 6.032713572544916 136
1683421565890 5.989934529978468 137
1683421565962 5.966774498233437 138
1683421566038 5.951227163089184 139
1683421566110 5.929037923327858 140
1683421566186 5.895607068070848 141
1683421566262 5.863427012275653 142
1683421566342 5.852829652747782 143
1683421566418 5.882641456618729 144
1683421566494 5.961593183982326 145
1683421566566 6.084736106182993 146
1683421566646 6.235875128916078 147
1683421566722 6.399747780216794 148
1683421566798 6.566131558287791 149
1683421566874 6.731087362640322 150
1683421566950 6.89452997126563 151
1683421567022 7.06192964883646 152
1683421567102 7.247340389922898 153
1683421567178 7.479078132755535 154
1683421567254 7.774500842941228 155
1683421567330 7.997288281216404 156
1683421567410 8.051969663435294 157
1683421567486 8.041709596128724 158
1683421567562 8.001225003009168 159
1683421567642 7.940815642147151 160
1683421567718 7.862011782428699 161
1683421567798 7.763469659480767 162
1683421567882 7.6438137213458655 163
1683421567958 7.502675093857185 164
1683421568038 7.341166208490819 165
1683421568118 7.162491253678684 166
1683421568202 6.973893350711112 167
1683421568322 6.790477526265214 168
1683421568446 6.635698525778249 169
1683421568534 6.5249413553547 170
1683421568618 6.449130789870878 171
1683421568698 6.383978873475676 172
1683421568778 6.301538299665863 173
1683421568858 6.17415947953191 174
1683421568938 5.985877890587425 175
1683421569014 5.745395430082961 176
1683421569094 5.472150126331176 177
1683421569170 5.180685914410889 178
1683421569250 4.879961082708302 179
1683421569450 4.576034970777353 180
1683421569538 4.273355225514651 181
1683421569622 3.974894806126933 182
1683421569710 3.682459142936624 183
1683421569810 3.3968291512621995 184
1683421569894 3.118221787883254 185
1683421569978 2.8462401871039837 186
1683421570062 2.580668832567543 187
1683421570142 2.3216530889528944 188
1683421570218 2.079944998019439 189
1683421570306 2.154688198342095 190
1683421570382 2.4317674781650656 191
1683421570462 2.79859969566429 192
1683421570542 3.728834897866662 193
1683421570622 5.58594244167865 194
1683421570698 6.897228290431714 195
1683421570786 7.4232449188497895 196
1683421570862 7.630011348655482 197
1683421570938 7.781034518467604 198
1683421571022 7.940818718734868 199
1683421571106 7.985372275843716 200
1683421571186 7.9526353812492845 201
1683421571266 7.894586186940058 202
1683421571342 7.82002590730507 203
1683421571418 7.729298942116697 204
1683421571498 7.621086160732929 205
1683421571574 7.49360183589828 206
1683421571662 7.3449503105341245 207
1683421571738 7.173269653465922 208
1683421571818 6.977132638228374 209
1683421571898 6.7558851032208 210
1683421571974 6.508169888084764 211
1683421572054 6.227247546603087 212
1683421572130 5.915114490700314 213
1683421572206 5.584520072272971 214
1683421572286 5.255354474332046 215
1683421572362 4.955839148046601 216
1683421572446 4.723392881753093 217
1683421572522 4.577381266116145 218
1683421572602 4.507582884740591 219
1683421572682 4.491376310787414 220
1683421572798 4.5073755084015845 221
1683421572910 4.538366001290916 222
1683421573030 4.573563635368135 223
1683421573114 4.609432717926247 224
1683421573194 4.650256033391651 225
1683421573282 4.704415723469744 226
1683421573362 4.782597218880368 227
1683421573446 4.895575403888038 228
1683421573522 5.0541762889900035 229
1683421573598 5.266398119979544 230
1683421573686 5.531856198663085 231
1683421573766 5.832291860426828 232
1683421573854 6.167514410107353 233
1683421573934 6.708934052604533 234
1683421574014 6.963429626166249 235
1683421574102 7.043593282545038 236
1683421574182 7.062408641417679 237
1683421574266 7.052090283651278 238
1683421574346 7.019540193054974 239
1683421574422 6.969402537908641 240
1683421574502 6.904062549751433 241
1683421574578 6.8228367466826825 242
1683421574670 6.723528690952179 243
1683421574746 6.604153479211803 244
1683421574830 6.463738871866912 245
1683421574906 6.302571978129342 246
1683421574986 6.1224676884893166 247
1683421575066 5.928186097908566 248
1683421575146 5.7327570910427506 249
1683421575226 5.568400366139661 250
