1684255252489 0.5585658 1
1684255252565 0.48870432 2
1684255252635 0.42284083 3
1684255252704 0.3662433 4
1684255252775 0.32192364 5
1684255252845 0.29039046 6
1684255252916 0.2702899 7
1684255252986 0.25928208 8
1684255253056 0.2547944 9
1684255253139 0.2545159 10
1684255253212 0.2566327 11
1684255253285 0.25987074 12
1684255253355 0.26342705 13
1684255253428 0.26685697 14
1684255253500 0.26996 15
1684255253571 0.2726859 16
1684255253640 0.27506632 17
1684255253710 0.27717006 18
1684255253780 0.2790764 19
1684255253854 0.2808606 20
1684255253926 0.28258747 21
1684255253996 0.28430963 22
1684255254065 0.28606766 23
1684255254135 0.2878918 24
1684255254203 0.28980345 25
1684255254279 0.29181734 26
1684255254348 0.29394278 27
1684255254417 0.29618502 28
1684255254486 0.29854646 29
1684255254556 0.30102733 30
1684255254625 0.30362654 31
1684255254694 0.30634183 32
1684255254761 0.3091707 33
1684255254832 0.31211013 34
1684255254902 0.31515718 35
1684255254972 0.31830886 36
1684255255041 0.32156247 37
1684255255113 0.32491547 38
1684255255184 0.32836556 39
1684255255253 0.33191067 40
1684255255323 0.335549 41
1684255255393 0.33927906 42
1684255255465 0.34309945 43
1684255255536 0.34700906 44
1684255255606 0.35100687 45
1684255255677 0.35509202 46
1684255255746 0.35926387 47
1684255255815 0.36352175 48
1684255255885 0.3678653 49
1684255255954 0.3722941 50
1684255256023 0.37680784 51
1684255256093 0.38140607 52
1684255256163 0.3860885 53
1684255256232 0.39085478 54
1684255256304 0.39570457 55
1684255256374 0.40063754 56
1684255256444 0.40565348 57
1684255256515 0.41075206 58
1684255256584 0.41593307 59
1684255256651 0.4211961 60
1684255256722 0.42654097 61
1684255256793 0.43196744 62
1684255256864 0.43747523 63
1684255256934 0.44306403 64
1684255257004 0.4487337 65
1684255257073 0.45448393 66
1684255257141 0.46031445 67
1684255257208 0.4662251 68
1684255257276 0.47221556 69
1684255257346 0.4782856 70
1684255257416 0.48443502 71
1684255257486 0.49066362 72
1684255257557 0.49697104 73
1684255257628 0.5033572 74
1684255257699 0.5098218 75
1684255257770 0.5163646 76
1684255257839 0.52298534 77
1684255257909 0.5296838 78
1684255257979 0.53645986 79
1684255258050 0.54331326 80
1684255258122 0.5502436 81
1684255258230 0.5572509 82
1684255258312 0.5643348 83
1684255258388 0.5714951 84
1684255258457 0.57873154 85
1684255258526 0.58604395 86
1684255258598 0.59343207 87
1684255258665 0.6008966 88
1684255258734 0.6084377 89
1684255258803 0.6160553 90
1684255258872 0.62374926 91
1684255258944 0.63151914 92
1684255259014 0.6393648 93
1684255259085 0.6472856 94
1684255259154 0.65528125 95
1684255259224 0.66335154 96
1684255259293 0.6714959 97
1684255259363 0.6797142 98
1684255259433 0.68800604 99
1684255259501 0.6963712 100
1684255259572 0.7048095 101
1684255259645 0.7133204 102
1684255259714 0.7219039 103
1684255259783 0.7305598 104
1684255259855 0.7392877 105
1684255259926 0.7480873 106
1684255259996 0.7569586 107
1684255260071 0.76590115 108
1684255260140 0.77491474 109
1684255260211 0.7839992 110
1684255260282 0.79315424 111
1684255260352 0.8023796 112
1684255260421 0.8116751 113
1684255260491 0.8210403 114
1684255260560 0.83047515 115
1684255260630 0.83997923 116
1684255260701 0.84955245 117
1684255260769 0.8591944 118
1684255260839 0.8689049 119
1684255260909 0.8786837 120
1684255260979 0.8885305 121
1684255261047 0.8984449 122
1684255261118 0.90842694 123
1684255261189 0.9184761 124
1684255261258 0.92859226 125
1684255261330 0.93877494 126
1684255261401 0.9490242 127
1684255261472 0.9593395 128
1684255261540 0.9697206 129
1684255261610 0.9801673 130
1684255261682 0.9906794 131
1684255261753 1.0012565 132
1684255261822 1.0118982 133
1684255261890 1.0226045 134
1684255261959 1.033375 135
1684255262028 1.0442095 136
1684255262096 1.0551076 137
1684255262163 1.0660691 138
1684255262234 1.0770937 139
1684255262306 1.0881813 140
1684255262376 1.0993313 141
1684255262445 1.1105436 142
1684255262514 1.1218181 143
1684255262585 1.1331542 144
1684255262654 1.1445519 145
1684255262725 1.1560106 146
1684255262795 1.1675305 147
1684255262865 1.179111 148
1684255262937 1.1907519 149
1684255263006 1.2024531 150
1684255263073 1.2142141 151
1684255263143 1.2260348 152
1684255263216 1.2379148 153
1684255263284 1.2498538 154
1684255263351 1.2618519 155
1684255263418 1.2739086 156
1684255263486 1.2860236 157
1684255263554 1.2981968 158
1684255263623 1.3104278 159
1684255263803 1.3227165 160
1684255263874 1.3350625 161
1684255263942 1.3474658 162
1684255264011 1.3599259 163
1684255264081 1.3724427 164
1684255264150 1.3850161 165
1684255264219 1.3976457 166
1684255264288 1.4103312 167
1684255264356 1.4230728 168
1684255264425 1.4358698 169
1684255264495 1.4487224 170
1684255264564 1.4616299 171
1684255264632 1.4745924 172
1684255264701 1.4876097 173
1684255264770 1.5006818 174
1684255264839 1.513808 175
1684255264907 1.5269885 176
1684255264977 1.5402231 177
1684255265101 1.5535115 178
1684255265171 1.5668535 179
1684255265240 1.5802491 180
1684255265309 1.5936978 181
1684255265379 1.6071997 182
1684255265450 1.6207547 183
1684255265927 1.6343625 184
1684255266067 1.6480229 185
1684255266141 1.6617355 186
1684255266210 1.6755009 187
1684255266278 1.6893184 188
1684255266347 1.7031878 189
1684255266431 1.7171093 190
1684255266508 1.7310824 191
1684255266577 1.7451073 192
1684255266645 1.7591836 193
1684255266714 1.7733114 194
1684255266781 1.7874904 195
1684255266849 1.8017206 196
1684255266920 1.8160017 197
1684255266988 1.8303337 198
1684255267055 1.8447167 199
1684255267127 1.859149 200
1684255267195 1.8736308 201
1684255267265 1.8881614 202
1684255267334 1.9027411 203
1684255267401 1.91737 204
1684255267472 1.9320483 205
1684255267542 1.9467762 206
1684255267610 1.9615536 207
1684255267681 1.9763808 208
1684255267753 1.9912581 209
1684255267822 2.006185 210
1684255267891 2.0211618 211
1684255267961 2.0361884 212
1684255268030 2.0512645 213
1684255268099 2.0663903 214
1684255268170 2.0815654 215
1684255268240 2.09679 216
1684255268309 2.1120641 217
1684255268379 2.1273873 218
1684255268447 2.1427596 219
1684255268515 2.1581812 220
1684255268583 2.1736512 221
1684255268652 2.1891706 222
1684255268721 2.2047386 223
1684255268790 2.220355 224
1684255268858 2.2360206 225
1684255268931 2.2517345 226
1684255269002 2.2674968 227
1684255269071 2.2833076 228
1684255269142 2.2991662 229
1684255269211 2.3150733 230
1684255269280 2.3310285 231
1684255269348 2.3470316 232
1684255269420 2.363083 233
1684255269491 2.3791819 234
1684255269561 2.3953283 235
1684255269631 2.4115224 236
1684255269702 2.4277644 237
1684255269772 2.4440536 238
1684255269841 2.46039 239
1684255269914 2.476774 240
1684255269986 2.493205 241
1684255270055 2.5096831 242
1684255270125 2.5262082 243
1684255270198 2.5427802 244
1684255270266 2.559399 245
1684255270335 2.5760643 246
1684255270403 2.5927763 247
1684255270473 2.6095347 248
1684255270541 2.6263397 249
1684255270613 2.6431909 250
