1684254064377 0.5435249720300946 1
1684254064457 0.47566222293036325 2
1684254064532 0.41136682459286283 3
1684254064601 0.3557076837335314 4
1684254064670 0.3116323692458017 5
1684254064739 0.2797148483140128 6
1684254064810 0.25875095810209003 7
1684254064879 0.2465814415897642 8
1684254064952 0.24080341841493333 9
1684254065024 0.2392400758607047 10
1684254065093 0.24016760289669037 11
1684254065162 0.24236079624720983 12
1684254065235 0.2450330959899085 13
1684254065305 0.24773412942886353 14
1684254065378 0.2502450112785612 15
1684254065449 0.2524914698941367 16
1684254065520 0.2544802597590855 17
1684254065591 0.25625717639923096 18
1684254065662 0.25788165841783794 19
1684254065733 0.2594128932271685 20
1684254065805 0.2609033329146249 21
1684254065872 0.2623961014407022 22
1684254065942 0.2639251521655491 23
1684254066011 0.2655160256794521 24
1684254066082 0.2671871951648167 25
1684254066158 0.2689514585903713 26
1684254066229 0.2708172244685037 27
1684254066297 0.2727894399847303 28
1684254066365 0.27487057873180937 29
1684254066435 0.27706125378608704 30
1684254066504 0.2793607882090977 31
1684254066574 0.28176767911229816 32
1684254066642 0.28427989568029133 33
1684254066713 0.2868951218468802 34
1684254066783 0.2896109734262739 35
1684254066851 0.2924250662326813 36
1684254066920 0.2953351012298039 37
1684254066989 0.2983390050274985 38
1684254067056 0.30143483195986065 39
1684254067127 0.30462091309683664 40
1684254067198 0.3078957200050354 41
1684254067267 0.31125793712479727 42
1684254067336 0.31470647880009245 43
1684254067403 0.3182403360094343 44
1684254067470 0.3218587040901184 45
1684254067539 0.32556088055883137 46
1684254067610 0.3293462523392269 47
1684254067680 0.3332143085343497 48
1684254067751 0.33716462765421185 49
1684254067819 0.341196779693876 50
1684254067887 0.3453104794025421 51
1684254067955 0.34950536489486694 52
1684254068025 0.3537811892373221 53
1684254068092 0.3581376884664808 54
1684254068160 0.3625745815890176 55
1684254068231 0.36709169830594746 56
1684254068300 0.3716887746538435 57
1684254068370 0.3763656062739236 58
1684254068438 0.38112197177750723 59
1684254068507 0.38595767532076153 60
1684254068576 0.39087249977248056 61
1684254068645 0.3958662620612553 62
1684254068713 0.4009387365409306 63
1684254068785 0.4060897486550467 64
1684254068855 0.41131909830229624 65
1684254068926 0.41662658963884625 66
1684254068998 0.4220120183059147 67
1684254069069 0.42747523529188974 68
1684254069138 0.4330160064356668 69
1684254069208 0.4386341742106846 70
1684254069279 0.44432957257543293 71
1684254069349 0.4501019929136549 72
1684254069421 0.4559512734413147 73
1684254069494 0.46187726088932585 74
1684254069564 0.46787973812648226 75
1684254069634 0.473958568913596 76
1684254069705 0.48011356592178345 77
1684254069774 0.48634457162448336 78
1684254069841 0.49265139017786297 79
1684254069910 0.4990338853427342 80
1684254069978 0.5054918868201119 81
1684254070055 0.5120252030236381 82
1684254070129 0.5186337147440229 83
1684254070199 0.5253172176224845 84
1684254070269 0.5320755583899361 85
1684254070337 0.5389085922922406 86
1684254070409 0.545816149030413 87
1684254070479 0.5527980412755694 88
1684254070549 0.5598541242735726 89
1684254070618 0.5669842192104885 90
1684254070689 0.5741881898471287 91
1684254070761 0.58146584885461 92
1684254070830 0.5888170514787946 93
1684254070899 0.5962416018758502 94
1684254070970 0.6037393467766898 95
1684254071040 0.6113101499421256 96
1684254071112 0.6189538070133754 97
1684254071182 0.6266701647213527 98
1684254071249 0.6344590697969709 99
1684254071319 0.6423203349113464 100
1684254071387 0.6502537982804435 101
1684254071460 0.6582593066351754 102
1684254071529 0.666336681161608 103
1684254071596 0.6744857345308576 104
1684254071665 0.6827063134738377 105
1684254071733 0.6909982476915631 106
1684254071801 0.6993613924298968 107
1684254071870 0.7077955263001579 108
1684254071938 0.7163004790033612 109
1684254072007 0.7248761228152684 110
1684254072075 0.7335222789219448 111
1684254072146 0.7422387174197606 112
1684254072216 0.751025310584477 113
1684254072287 0.7598818710872105 114
1684254072358 0.7688082882336208 115
1684254072472 0.7778042384556362 116
1684254072543 0.7868696536336627 117
1684254072612 0.7960043549537659 118
1684254072685 0.8052081210272652 119
1684254072756 0.8144807730402265 120
1684254072826 0.8238222684179034 121
1684254072895 0.8332324198314122 122
1684254072962 0.8427110058920724 123
1684254073029 0.8522579840251377 124
1684254073097 0.8618731243269784 125
1684254073165 0.8715561883790153 126
1684254073234 0.8813070995467049 127
1684254073304 0.8911256194114685 128
1684254073372 0.90101158618927 129
1684254073442 0.9109647784914289 130
1684254073575 0.9209850856236049 131
1684254073679 0.9310722776821682 132
1684254073754 0.9412261758531842 133
1684254073824 0.9514466268675668 134
1684254073894 0.9617334093366351 135
1684254073964 0.972086387021201 136
1684254074035 0.982505372592381 137
1684254074104 0.9929902894156319 138
1684254074174 1.0035410267966134 139
1684254074243 1.014157431466239 140
1684254074311 1.0248393501554216 141
1684254074378 1.0355864933558874 142
1684254074447 1.0463988270078386 143
1684254074517 1.0572760786328996 144
1684254074586 1.0682180268423898 145
1684254074655 1.0792244502476283 146
1684254074724 1.0902952636991228 147
1684254074794 1.1014301947184972 148
1684254074969 1.1126290730067663 149
1684254075080 1.1238917452948434 150
1684254075148 1.1352179901940482 151
1684254075215 1.146607654435294 152
1684254075283 1.1580604996000017 153
1684254075350 1.1695764235087804 154
1684254075418 1.1811552899224418 155
1684254075485 1.1927967923028129 156
1684254075555 1.2045008284705025 157
1684254075622 1.216267160006932 158
1684254075692 1.2280956847327096 159
1684254075761 1.2399862153189523 160
1684254075830 1.2519384963171822 161
1684254075898 1.2639524936676025 162
1684254075970 1.276027934891837 163
1684254076043 1.2881646156311035 164
1684254076117 1.3003623996462141 165
1684254076187 1.3126211506979806 166
1684254076256 1.3249406473977225 167
1684254076327 1.3373207875660487 168
1684254076395 1.3497612816946847 169
1684254076464 1.3622620786939348 170
1684254076533 1.374822974205017 171
1684254076604 1.3874438149588448 172
1684254076674 1.4001243114471436 173
1684254076742 1.4128644636699133 174
1684254076814 1.4256639991487776 175
1684254076884 1.4385228667940413 176
1684254076955 1.451440794127328 177
1684254077026 1.464417678969247 178
1684254077096 1.477453282901219 179
1684254077166 1.4905475888933455 180
1684254077235 1.5037003414971488 181
1684254077308 1.5169113874435425 182
1684254077377 1.53018057346344 183
1684254077446 1.5435078314372472 184
1684254077515 1.556892922946385 185
1684254077587 1.5703356947217668 186
1684254077657 1.5838360275541032 187
1684254077725 1.5973938022341048 188
1684254077794 1.611008882522583 189
1684254077861 1.6246809789112635 190
1684254077929 1.6384100743702479 191
1684254078003 1.6521961007799422 192
1684254078073 1.6660387345722742 193
1684254078142 1.6799379927771432 194
1684254078219 1.6938937221254622 195
1684254078294 1.707905650138855 196
1684254078362 1.7219738449369157 197
1684254078431 1.73609801701137 198
1684254078500 1.750278081212725 199
1684254078569 1.7645139183316911 200
1684254078638 1.7788054261888777 201
1684254078707 1.7931524515151978 202
1684254078779 1.8075548921312605 203
1684254078850 1.8220125947679793 204
1684254078919 1.836525525365557 205
1684254078991 1.8510933433260237 206
1684254079061 1.8657162189483643 207
1684254079130 1.8803938627243042 208
1684254079203 1.895126121384757 209
1684254079271 1.9099130460194178 210
1684254079343 1.9247543471200126 211
1684254079413 1.9396501438958305 212
1684254079482 1.9546000105994088 213
1684254079551 1.9696041175297327 214
1684254079620 1.9846621922084264 215
1684254079692 1.9997741324560983 216
1684254079760 2.014939989362444 217
1684254079830 2.0301594393593922 218
1684254079898 2.045432550566537 219
1684254079965 2.0607590845652988 220
1684254080037 2.0761390583855763 221
1684254080108 2.0915722336087907 222
1684254080175 2.10705874647413 223
1684254080242 2.122598307473319 224
1684254080485 2.138190678187779 225
1684254080683 2.1538361481257846 226
1684254080757 2.169534342629569 227
1684254080827 2.1852851254599437 228
1684254080896 2.2010885306767056 229
1684254080965 2.216944490160261 230
1684254081034 2.2328526633126393 231
1684254081104 2.248812743595668 232
1684254081176 2.264825003487723 233
1684254081246 2.280889102390834 234
1684254081317 2.2970049381256104 235
1684254081385 2.3131725447518483 236
1684254081454 2.329391990389143 237
1684254081527 2.345662934439523 238
1684254081596 2.361985649381365 239
1684254081666 2.3783597264971053 240
1684254081735 2.3947852679661343 241
1684254081804 2.4112623078482494 242
1684254081871 2.427790437425886 243
1684254081940 2.4443699291774204 244
1684254082008 2.461000374385289 245
1684254082075 2.4776818411690846 246
1684254082143 2.4944141592298235 247
1684254082213 2.511197464806693 248
1684254082284 2.528031383241926 249
1684254082351 2.5449159485953197 250
