1684253778064 0.5262126 1
1684253778147 0.45995513 2
1684253778220 0.39762446 3
1684253778292 0.34424144 4
1684253778364 0.30265588 5
1684253778433 0.27331656 6
1684253778503 0.254891 7
1684253778574 0.24480057 8
1684253778644 0.24090788 9
1684253778715 0.24099937 10
1684253778788 0.24333833 11
1684253778859 0.24670748 12
1684253778933 0.25034243 13
1684253779004 0.25382254 14
1684253779078 0.25696132 15
1684253779151 0.25971597 16
1684253779222 0.26212168 17
1684253779290 0.2642486 18
1684253779360 0.2661761 19
1684253779434 0.2679791 20
1684253779504 0.26972198 21
1684253779573 0.27145696 22
1684253779643 0.2732241 23
1684253779712 0.2750533 24
1684253779783 0.27696583 25
1684253779856 0.27897608 26
1684253779928 0.28109327 27
1684253779999 0.2833225 28
1684253780068 0.28566614 29
1684253780137 0.28812438 30
1684253780206 0.29069605 31
1684253780278 0.29334655 32
1684253780346 0.29603553 33
1684253780417 0.29882777 34
1684253780488 0.30172026 35
1684253780559 0.3047101 36
1684253780632 0.3077944 37
1684253780702 0.31097063 38
1684253780771 0.31423652 39
1684253780841 0.31758994 40
1684253780911 0.3210291 41
1684253780981 0.32455242 42
1684253781051 0.32815853 43
1684253781120 0.33184624 44
1684253781191 0.3356146 45
1684253781260 0.33946264 46
1684253781328 0.3433897 47
1684253781395 0.347395 48
1684253781466 0.35147804 49
1684253781533 0.3556383 50
1684253781601 0.35987526 51
1684253781671 0.36418855 52
1684253781740 0.36857778 53
1684253781808 0.37304252 54
1684253781879 0.37758246 55
1684253781950 0.38219726 56
1684253782020 0.38688654 57
1684253782089 0.39165005 58
1684253782158 0.3964874 59
1684253782243 0.4013983 60
1684253782315 0.4063825 61
1684253782383 0.4114397 62
1684253782452 0.41656947 63
1684253782520 0.42177162 64
1684253782587 0.42704582 65
1684253782656 0.43239185 66
1684253782726 0.43780935 67
1684253782794 0.44329804 68
1684253782866 0.44885764 69
1684253782938 0.45448792 70
1684253783007 0.4601886 71
1684253783077 0.46595937 72
1684253783147 0.47179997 73
1684253783214 0.4777102 74
1684253783284 0.4836897 75
1684253783355 0.48973823 76
1684253783424 0.4958557 77
1684253783496 0.5020416 78
1684253783564 0.50829583 79
1684253783631 0.5146181 80
1684253783700 0.52100813 81
1684253783768 0.52746576 82
1684253783838 0.53399074 83
1684253783907 0.5405827 84
1684253783976 0.5472415 85
1684253784044 0.5539669 86
1684253784117 0.5607586 87
1684253784189 0.5676164 88
1684253784257 0.57454 89
1684253784327 0.5815294 90
1684253784395 0.58858407 91
1684253784465 0.59570384 92
1684253784536 0.6028885 93
1684253784605 0.61013794 94
1684253784673 0.6174518 95
1684253784742 0.6248298 96
1684253784809 0.6322718 97
1684253784875 0.63977754 98
1684253784943 0.64734685 99
1684253785010 0.6549794 100
1684253785078 0.6626749 101
1684253785145 0.6704334 102
1684253785215 0.67825437 103
1684253785284 0.68613774 104
1684253785352 0.6940833 105
1684253785424 0.7020907 106
1684253785494 0.7101597 107
1684253785563 0.7182903 108
1684253785636 0.72648203 109
1684253785706 0.7347348 110
1684253785775 0.74304837 111
1684253785842 0.7514224 112
1684253786042 0.7598568 113
1684253786227 0.7683513 114
1684253786305 0.7769058 115
1684253786375 0.7855198 116
1684253786443 0.7941932 117
1684253786513 0.80292594 118
1684253786580 0.8117176 119
1684253786650 0.8205681 120
1684253786718 0.82947713 121
1684253786786 0.8384444 122
1684253786854 0.8474699 123
1684253786922 0.85655326 124
1684253786990 0.8656943 125
1684253787061 0.87489283 126
1684253787131 0.8841485 127
1684253787200 0.89346135 128
1684253787272 0.90283096 129
1684253787341 0.91225713 130
1684253787410 0.92173976 131
1684253787480 0.93127847 132
1684253787549 0.9408732 133
1684253787618 0.9505237 134
1684253787687 0.96022964 135
1684253787758 0.96999097 136
1684253787826 0.9798074 137
1684253787895 0.98967874 138
1684253787965 0.9996047 139
1684253788036 1.0095853 140
1684253788104 1.01962 141
1684253788173 1.0297089 142
1684253788240 1.0398514 143
1684253788311 1.0500476 144
1684253788380 1.0602974 145
1684253788449 1.0706003 146
1684253788520 1.0809562 147
1684253788590 1.0913651 148
1684253788658 1.1018264 149
1684253788727 1.1123402 150
1684253788798 1.1229061 151
1684253788868 1.1335242 152
1684253788938 1.1441938 153
1684253789009 1.1549151 154
1684253789078 1.1656878 155
1684253789146 1.1765116 156
1684253789214 1.1873864 157
1684253789281 1.198312 158
1684253789349 1.2092881 159
1684253789419 1.2203145 160
1684253789490 1.2313912 161
1684253789556 1.242518 162
1684253789624 1.2536942 163
1684253789692 1.2649202 164
1684253789762 1.2761955 165
1684253789834 1.2875199 166
1684253789903 1.2988935 167
1684253789976 1.3103156 168
1684253790046 1.3217864 169
1684253790115 1.3333056 170
1684253790184 1.3448728 171
1684253790254 1.3564881 172
1684253790325 1.3681512 173
1684253790409 1.3798618 174
1684253790482 1.3916199 175
1684253790549 1.403425 176
1684253790624 1.4152774 177
1684253790695 1.4271765 178
1684253790764 1.4391222 179
1684253790833 1.4511144 180
1684253790902 1.4631526 181
1684253790970 1.475237 182
1684253791039 1.4873672 183
1684253791107 1.4995432 184
1684253791176 1.5117645 185
1684253791245 1.524031 186
1684253791458 1.5363426 187
1684253791655 1.5486994 188
1684253791794 1.5611006 189
1684253791863 1.5735464 190
1684253791932 1.5860366 191
1684253792001 1.5985708 192
1684253792069 1.6111491 193
1684253792137 1.6237711 194
1684253792209 1.6364365 195
1684253792276 1.6491455 196
1684253792344 1.6618977 197
1684253792413 1.6746929 198
1684253792484 1.6875308 199
1684253792551 1.7004113 200
1684253792619 1.7133343 201
1684253792691 1.7262996 202
1684253792760 1.739307 203
1684253792828 1.7523563 204
1684253792897 1.7654474 205
1684253792965 1.7785798 206
1684253793034 1.7917538 207
1684253793101 1.8049688 208
1684253793170 1.818225 209
1684253793239 1.8315219 210
1684253793308 1.8448591 211
1684253793376 1.8582371 212
1684253793445 1.8716555 213
1684253793513 1.8851137 214
1684253793581 1.8986119 215
1684253793697 1.9121497 216
1684253793765 1.9257271 217
1684253793836 1.9393438 218
1684253793905 1.9529996 219
1684253793975 1.9666946 220
1684253794042 1.9804282 221
1684253794109 1.9942006 222
1684253794176 2.0080113 223
1684253794246 2.0218604 224
1684253794313 2.0357475 225
1684253794383 2.0496726 226
1684253794451 2.0636356 227
1684253794522 2.0776358 228
1684253794589 2.0916739 229
1684253794657 2.105749 230
1684253794726 2.119861 231
1684253794796 2.1340098 232
1684253794865 2.1481955 233
1684253794934 2.1624177 234
1684253795003 2.176676 235
1684253795072 2.190971 236
1684253795141 2.2053013 237
1684253795211 2.219668 238
1684253795280 2.23407 239
1684253795350 2.248508 240
1684253795420 2.2629807 241
1684253795489 2.277489 242
1684253795558 2.2920318 243
1684253795628 2.3066099 244
1684253795696 2.3212225 245
1684253795766 2.3358693 246
1684253795833 2.3505507 247
1684253795900 2.3652658 248
1684253795969 2.3800154 249
1684253796036 2.3947985 250
