1684252103877 0.4774554 1
1684252103952 0.41464514 2
1684252104022 0.356055 3
1684252104092 0.30649772 4
1684252104161 0.26862544 5
1684252104233 0.242735 6
1684252104301 0.22739665 7
1684252104371 0.22029337 8
1684252104441 0.21893565 9
1684252104510 0.2211237 10
1684252104583 0.22516066 11
1684252104654 0.22988203 12
1684252104727 0.23458046 13
1684252104796 0.2388913 14
1684252104868 0.2426791 15
1684252104939 0.24594519 16
1684252105008 0.24876153 17
1684252105079 0.25122795 18
1684252105148 0.25344703 19
1684252105220 0.2555115 20
1684252105289 0.25749886 21
1684252105358 0.25947055 22
1684252105428 0.26147336 23
1684252105497 0.26354125 24
1684252105568 0.26569825 25
1684252105641 0.2679602 26
1684252105710 0.27033684 27
1684252105780 0.2728334 28
1684252105850 0.27545196 29
1684252105921 0.2781921 30
1684252105992 0.28105205 31
1684252106063 0.284029 32
1684252106132 0.28711966 33
1684252106203 0.29032046 34
1684252106270 0.29362786 35
1684252106340 0.29703856 36
1684252106407 0.30054927 37
1684252106476 0.3041572 38
1684252106545 0.30785966 39
1684252106620 0.31165442 40
1684252106698 0.31553945 41
1684252106771 0.31951284 42
1684252106841 0.32357323 43
1684252106910 0.3277192 44
1684252106980 0.33194974 45
1684252107051 0.3362639 46
1684252107120 0.3406609 47
1684252107194 0.3451401 48
1684252107262 0.34970096 49
1684252107334 0.35434294 50
1684252107403 0.35906565 51
1684252107476 0.36386862 52
1684252107547 0.3687516 53
1684252107618 0.37371415 54
1684252107689 0.37875605 55
1684252107760 0.38387758 56
1684252107832 0.38907877 57
1684252107902 0.3943595 58
1684252107977 0.39971972 59
1684252108045 0.40515918 60
1684252108115 0.4106775 61
1684252108185 0.4162745 62
1684252108254 0.42194992 63
1684252108323 0.42770368 64
1684252108391 0.43353564 65
1684252108461 0.43944535 66
1684252108530 0.44543272 67
1684252108600 0.45149735 68
1684252108669 0.4576391 69
1684252108739 0.46385765 70
1684252108807 0.47015283 71
1684252108875 0.4765243 72
1684252108944 0.48297194 73
1684252109013 0.48949543 74
1684252109086 0.4960946 75
1684252109157 0.50276923 76
1684252109227 0.5095191 77
1684252109294 0.51634395 78
1684252109364 0.52324367 79
1684252109436 0.53021795 80
1684252109508 0.5372666 81
1684252109580 0.54438955 82
1684252109651 0.5515864 83
1684252109723 0.5588571 84
1684252109793 0.5662013 85
1684252109863 0.57361895 86
1684252109933 0.58110976 87
1684252110001 0.5886735 88
1684252110070 0.5963099 89
1684252110139 0.60401905 90
1684252110209 0.6118004 91
1684252110279 0.6196538 92
1684252110348 0.6275792 93
1684252110420 0.63557625 94
1684252110490 0.6436448 95
1684252110675 0.65178454 96
1684252110777 0.6599954 97
1684252110849 0.668277 98
1684252110918 0.6766292 99
1684252110988 0.68505174 100
1684252111059 0.69354445 101
1684252111129 0.7021071 102
1684252111199 0.71073943 103
1684252111268 0.7194412 104
1684252111337 0.7282121 105
1684252111409 0.7370522 106
1684252111481 0.74596095 107
1684252111549 0.75493824 108
1684252111618 0.76398385 109
1684252111687 0.77309746 110
1684252111763 0.782279 111
1684252111831 0.79152805 112
1684252111899 0.8008445 113
1684252111968 0.810228 114
1684252112036 0.8196783 115
1684252112106 0.82919526 116
1684252112177 0.8387786 117
1684252112251 0.84842813 118
1684252112324 0.8581434 119
1684252112395 0.86792433 120
1684252112468 0.87777066 121
1684252112536 0.887682 122
1684252112605 0.8976583 123
1684252112677 0.9076992 124
1684252112747 0.9178045 125
1684252112815 0.92797387 126
1684252112883 0.93820703 127
1684252112954 0.9485038 128
1684252113025 0.9588639 129
1684252113096 0.969287 130
1684252113165 0.97977304 131
1684252113235 0.9903215 132
1684252113304 1.0009325 133
1684252113374 1.0116053 134
1684252113442 1.0223398 135
1684252113511 1.033136 136
1684252113586 1.0439935 137
1684252113656 1.0549119 138
1684252113726 1.0658909 139
1684252113795 1.0769305 140
1684252113864 1.0880302 141
1684252113933 1.09919 142
1684252114006 1.1104094 143
1684252114078 1.1216884 144
1684252114147 1.1330264 145
1684252114218 1.1444234 146
1684252114288 1.1558789 147
1684252114359 1.167393 148
1684252114429 1.1789652 149
1684252114501 1.1905953 150
1684252114571 1.202283 151
1684252114641 1.2140281 152
1684252114714 1.2258303 153
1684252114800 1.2376896 154
1684252114872 1.2496055 155
1684252114943 1.2615778 156
1684252115014 1.2736063 157
1684252115084 1.2856905 158
1684252115154 1.2978308 159
1684252115224 1.3100262 160
1684252115293 1.3222771 161
1684252115361 1.3345828 162
1684252115429 1.3469435 163
1684252115500 1.3593585 164
1684252115570 1.3718281 165
1684252115639 1.3843515 166
1684252115707 1.3969289 167
1684252115776 1.40956 168
1684252115846 1.4222445 169
1684252115917 1.4349823 170
1684252115989 1.447773 171
1684252116059 1.4606167 172
1684252116132 1.4735129 173
1684252116219 1.4864616 174
1684252116290 1.4994624 175
1684252116359 1.5125153 176
1684252116428 1.5256202 177
1684252116498 1.5387768 178
1684252116568 1.5519848 179
1684252116636 1.565244 180
1684252116704 1.5785544 181
1684252116773 1.5919157 182
1684252116843 1.6053278 183
1684252116913 1.6187906 184
1684252116982 1.6323037 185
1684252117053 1.6458671 186
1684252117123 1.6594808 187
1684252117195 1.6731445 188
1684252117264 1.6868578 189
1684252117332 1.7006208 190
1684252117403 1.7144334 191
1684252117473 1.7282953 192
1684252117542 1.7422066 193
1684252117611 1.7561668 194
1684252117681 1.7701759 195
1684252117752 1.7842339 196
1684252117822 1.7983407 197
1684252117891 1.8124958 198
1684252117960 1.8266996 199
1684252118033 1.8409514 200
1684252118104 1.8552517 201
1684252118176 1.8695999 202
1684252118245 1.883996 203
1684252118315 1.8984399 204
1684252118382 1.9129314 205
1684252118450 1.9274707 206
1684252118518 1.9420574 207
1684252118587 1.9566914 208
1684252118656 1.9713725 209
1684252118726 1.9861009 210
1684252118797 2.0008762 211
1684252118866 2.0156984 212
1684252118936 2.0305674 213
1684252119007 2.0454834 214
1684252119077 2.0604455 215
1684252119146 2.0754542 216
1684252119215 2.0905097 217
1684252119286 2.1056108 218
1684252119356 2.1207585 219
1684252119428 2.135952 220
1684252119496 2.1511915 221
1684252119564 2.166477 222
1684252119634 2.181808 223
1684252119704 2.197185 224
1684252119774 2.2126071 225
1684252119841 2.228075 226
1684252119911 2.2435877 227
1684252119980 2.2591462 228
1684252120049 2.2747493 229
1684252120122 2.2903976 230
1684252120192 2.3060908 231
1684252120263 2.3218293 232
1684252120331 2.337612 233
1684252120402 2.3534393 234
1684252120471 2.3693113 235
1684252120540 2.3852272 236
1684252120610 2.401188 237
1684252120679 2.4171925 238
1684252120750 2.4332411 239
1684252120819 2.4493337 240
1684252120889 2.4654698 241
1684252120958 2.48165 242
1684252121027 2.4978738 243
1684252121097 2.514141 244
1684252121166 2.5304518 245
1684252121236 2.5468054 246
1684252121309 2.5632024 247
1684252121380 2.5796425 248
1684252121451 2.5961256 249
1684252121521 2.6126513 250
