1684255504279 0.5376324064980157 1
1684255504542 0.46853758906638476 2
1684255504637 0.40357591429379924 3
1684255504707 0.3479798880440125 4
1684255504777 0.3047155744256127 5
1684255504848 0.2742427238445654 6
1684255504920 0.25516113142689195 7
1684255504992 0.24509177205092345 8
1684255505062 0.24143476684247797 9
1684255505135 0.24186553381814108 10
1684255505206 0.24456913321779244 11
1684255505279 0.24827984829446342 12
1684255505351 0.25220868785657463 13
1684255505421 0.25592715231124796 14
1684255505491 0.25925086363168004 15
1684255505562 0.26214429957731405 16
1684255505633 0.264651876276604 17
1684255505704 0.2668529519727197 18
1684255505774 0.2688352719077993 19
1684255505847 0.27068067954324976 20
1684255505916 0.27245912965051566 21
1684255505987 0.2742267632927755 22
1684255506057 0.2760268630544954 23
1684255506127 0.27789134003700944 24
1684255506198 0.2798427645790366 25
1684255506274 0.2818964156166797 26
1684255506344 0.2840618944256911 27
1684255506414 0.2863445334029424 28
1684255506487 0.28874660344148567 29
1684255506561 0.2912681331887344 30
1684255506636 0.29390774217645665 31
1684255506709 0.29666301758774494 32
1684255506779 0.2995310382311139 33
1684255506850 0.3025086246190408 34
1684255506922 0.30559255889772574 35
1684255506991 0.30877965603617286 36
1684255507062 0.31206700346841587 37
1684255507131 0.3154518403502122 38
1684255507202 0.31893172081962773 39
1684255507274 0.32250446812918065 40
1684255507345 0.32616819109829576 41
1684255507415 0.32992120969351924 42
1684255507485 0.3337620880005113 43
1684255507556 0.33768959187753156 44
1684255507626 0.341702664286229 45
1684255507697 0.3458003842635445 46
1684255507766 0.3499819524711307 47
1684255507835 0.35424673449381205 48
1684255507904 0.35859407259531373 49
1684255507974 0.3630234846157415 50
1684255508042 0.36753446700570425 51
1684255508110 0.3721266097329059 52
1684255508182 0.3767994974699959 53
1684255508253 0.38155277950127564 54
1684255508322 0.3863860438251094 55
1684255508389 0.39129900467403006 56
1684255508458 0.39629129242151995 57
1684255508527 0.4013625753814811 58
1684255508600 0.4065126177112607 59
1684255508669 0.41174102725067563 60
1684255508737 0.41704756249755615 61
1684255508805 0.42243192909392324 62
1684255508875 0.4278937858980951 63
1684255508943 0.43343287801981084 64
1684255509015 0.4390489147496641 65
1684255509084 0.44474156009835103 66
1684255509155 0.4505105493620239 67
1684255509223 0.4563556230376151 68
1684255509293 0.4622764732144861 69
1684255509362 0.468272865953497 70
1684255509431 0.4743444629530181 71
1684255509501 0.4804910368239728 72
1684255509571 0.48671230045339786 73
1684255509639 0.4930080192413408 74
1684255509709 0.49937789637988905 75
1684255509780 0.5058216423806147 76
1684255509849 0.5123390544703339 77
1684255509919 0.5189298548131294 78
1684255509989 0.5255937700969301 79
1684255510061 0.5323305528997176 80
1684255510131 0.5391399679255613 81
1684255510201 0.5460217258825244 82
1684255510275 0.5529755528939448 83
1684255510345 0.5600011941243048 84
1684255510426 0.5670984812564579 85
1684255510502 0.5742670800764563 86
1684255510574 0.5815068034255092 87
1684255510646 0.5888173219516669 88
1684255510716 0.59619844094918 89
1684255510790 0.6036498490399663 90
1684255510869 0.611171380505382 91
1684255510941 0.6187626927386316 92
1684255511011 0.6264235939538054 93
1684255511082 0.6341538155687434 94
1684255511151 0.6419530327336365 95
1684255511222 0.649821150041567 96
1684255511293 0.6577577714817469 97
1684255511362 0.6657626919944725 98
1684255511433 0.67383566972759 99
1684255511501 0.6819764577225754 100
1684255511574 0.6901847253394575 101
1684255511644 0.698460314202672 102
1684255511716 0.7068028750656545 103
1684255511891 0.7152122509738542 104
1684255511960 0.723688162916948 105
1684255512028 0.7322302350616475 106
1684255512101 0.7408383445609652 107
1684255512172 0.749512168934965 108
1684255512243 0.7582514590921309 109
1684255512313 0.7670559575006416 110
1684255512384 0.7759254322236351 111
1684255512454 0.7848595332309256 112
1684255512522 0.7938581101020433 113
1684255512591 0.8029208362498444 114
1684255512660 0.8120474680386656 115
1684255512729 0.8212376831794598 116
1684255512797 0.8304912949283126 117
1684255512868 0.8398080015765229 118
1684255512938 0.8491874850364489 119
1684255513008 0.8586295715180364 120
1684255513079 0.8681340224000502 121
1684255513151 0.8777005006026626 122
1684255513220 0.8873287859643914 123
1684255513289 0.8970186892852446 124
1684255513357 0.9067699297479669 125
1684255513426 0.9165822136964366 126
1684255513494 0.9264553340999387 127
1684255513565 0.9363889367694048 128
1684255513635 0.9463827585341499 129
1684255513704 0.9564366558428957 130
1684255513772 0.9665502293231621 131
1684255513840 0.976723253728803 132
1684255513910 0.9869554313632611 133
1684255513979 0.9972465151874345 134
1684255514047 1.0075961991141587 135
1684255514117 1.0180041815354381 136
1684255514190 1.028470276890092 137
1684255514260 1.038994222168173 138
1684255514328 1.0495756419552227 139
1684255514398 1.0602144699951177 140
1684255514471 1.070910356835088 141
1684255514541 1.0816630663691185 142
1684255514614 1.0924722912380072 143
1684255514685 1.1033378744104394 144
1684255514754 1.1142594678996547 145
1684255514823 1.1252368826391532 146
1684255514891 1.1362696914086279 147
1684255514962 1.1473577810944287 148
1684255515030 1.1585008325126294 149
1684255515099 1.1696984711760245 150
1684255515167 1.1809505723386589 151
1684255515235 1.1922568237615634 152
1684255515305 1.203616890323392 153
1684255515374 1.2150305526719194 154
1684255515445 1.2264974363425494 155
1684255515515 1.2380173808958914 156
1684255515587 1.249590164657488 157
1684255515661 1.2612154307390182 158
1684255515730 1.2728929141359622 159
1684255515802 1.2846223553909364 160
1684255515870 1.2964034337142125 161
1684255515940 1.3082360457797317 162
1684255516010 1.3201197179924387 163
1684255516079 1.3320543184423275 164
1684255516150 1.3440395701082188 165
1684255516221 1.3560752442646313 166
1684255516292 1.3681609609138956 167
1684255516359 1.380296488743479 168
1684255516428 1.3924816072209545 169
1684255516495 1.4047160883641754 170
1684255516564 1.4169997037169257 171
1684255516636 1.4293320305023807 172
1684255516706 1.4417129423849426 173
1684255516775 1.454142237029366 174
1684255516844 1.4666194815023208 175
1684255516914 1.4791445393281102 176
1684255516983 1.4917171981965014 177
1684255517053 1.504337101688951 178
1684255517123 1.5170041898705207 179
1684255517192 1.5297181149075727 180
1684255517263 1.5424784866440517 181
1684255517331 1.555285342080832 182
1684255517400 1.5681382041405811 183
1684255517470 1.5810370365726583 184
1684255517538 1.5939814264430607 185
1684255517606 1.6069712871308677 186
1684255517675 1.6200063111670235 187
1684255517743 1.6330862922185028 188
1684255517814 1.6462110520201536 189
1684255517883 1.6593802348684668 190
1684255517952 1.6725937922457323 191
1684255518019 1.6858514150893238 192
1684255518090 1.6991528851889457 193
1684255518160 1.7124982542248492 194
1684255518228 1.725886939956737 195
1684255518297 1.739319053189859 196
1684255518368 1.7527941120536032 197
1684255518436 1.7663122673339615 198
1684255518506 1.7798731187430767 199
1684255518758 1.7934765705555182 200
1684255518878 1.807122329522933 201
1684255518951 1.8208102932121135 202
1684255519020 1.8345401419627527 203
1684255519088 1.848311899862074 204
1684255519155 1.8621251726868293 205
1684255519223 1.8759799003258704 206
1684255519292 1.8898757865793065 207
1684255519360 1.903812905369512 208
1684255519430 1.9177908030503237 209
1684255519501 1.9318095649062124 210
1684255519571 1.9458687528146814 211
1684255519639 1.9599682894631707 212
1684255519707 1.9741082176361218 213
1684255519776 1.9882880935087008 214
1684255519844 2.002507810704092 215
1684255520015 2.016767356443029 216
1684255520218 2.0310663910398143 217
1684255520295 2.045404844110515 218
1684255520368 2.0597827321708038 219
1684255520437 2.0741995248529537 220
1684255520504 2.0886553022715106 221
1684255520573 2.103149810930969 222
1684255520641 2.117683066161511 223
1684255520709 2.1322548133118104 224
1684255520779 2.146864940890518 225
1684255520850 2.1615130589531883 226
1684255520917 2.1761993598850053 227
1684255520987 2.190923578119279 228
1684255521057 2.2056853492996984 229
1684255521125 2.220484891140817 230
1684255521193 2.235321848061979 231
1684255521262 2.2501961604761656 232
1684255521332 2.2651075400465817 233
1684255521401 2.280055930560895 234
1684255521471 2.295041201841477 235
1684255521539 2.3100633117763807 236
1684255521610 2.3251218463218497 237
1684255521678 2.3402170311609196 238
1684255521748 2.3553484338176287 239
1684255521819 2.37051583719236 240
1684255521890 2.385719336678011 241
1684255521959 2.400958842010679 242
1684255522028 2.416233875557919 243
1684255522097 2.431544737111052 244
1684255522167 2.446890816754287 245
1684255522235 2.4622721629652524 246
1684255522305 2.4776888961204304 247
1684255522373 2.493140449149619 248
1684255522443 2.5086270019622914 249
1684255522509 2.524148303484006 250
