1684252143128 0.523966504672129 1
1684252143206 0.4548268568292165 2
1684252143275 0.3901364077647466 3
1684252143346 0.33515242822420327 4
1684252143419 0.29279956438946697 5
1684252143490 0.26345251884253373 6
1684252143560 0.24561251040865 7
1684252143630 0.23681121281670184 8
1684252143701 0.23437958485573943 9
1684252143769 0.23594627992431103 10
1684252143839 0.2396695275109161 11
1684252143907 0.24427326449512632 12
1684252143979 0.248971632980212 13
1684252144048 0.25334926917187167 14
1684252144121 0.25724071076887733 15
1684252144191 0.26063094633325723 16
1684252144262 0.263583854419565 17
1684252144332 0.2661954520697853 18
1684252144401 0.2685668240067579 19
1684252144476 0.27079021776803913 20
1684252144548 0.27294320953764 21
1684252144619 0.27508771275499333 22
1684252144688 0.27727089026001517 23
1684252144758 0.27952742019767096 24
1684252144828 0.28188175830484374 25
1684252144901 0.2843503372543321 26
1684252144971 0.286943410718648 27
1684252145039 0.28966663928818387 28
1684252145110 0.29252238021578764 29
1684252145180 0.2955106718899782 30
1684252145251 0.29862995224600547 31
1684252145319 0.301877665032192 32
1684252145387 0.3052506517106479 33
1684252145458 0.3087455489124436 34
1684252145530 0.3123589134632032 35
1684252145601 0.31608743678759615 36
1684252145677 0.3199280117728883 37
1684252145748 0.3238778246684628 38
1684252145818 0.3279343595764135 39
1684252145888 0.33209539446136327 40
1684252145957 0.3363589844858423 41
1684252146028 0.34072349290604537 42
1684252146099 0.3451875376249529 43
1684252146167 0.3497499392449125 44
1684252146237 0.3544097527755003 45
1684252146307 0.35916612953564037 46
1684252146377 0.36401842123420175 47
1684252146447 0.368966032262781 48
1684252146517 0.37400855491498725 49
1684252146587 0.3791455050503474 50
1684252146656 0.38437657837171507 51
1684252146727 0.38970147998688914 52
1684252146797 0.39511989503341804 53
1684252146868 0.40063163856528167 54
1684252146937 0.40623646211896924 55
1684252147007 0.4119341815003606 56
1684252147075 0.41772460526847416 57
1684252147145 0.42360756028144453 58
1684252147218 0.4295828259839078 59
1684252147298 0.4356503095045079 60
1684252147371 0.44180983589264605 61
1684252147449 0.4480612733233783 62
1684252147529 0.45440444669075936 63
1684252147599 0.4608392411287127 64
1684252147669 0.46736552844159496 65
1684252147748 0.47398317119591576 66
1684252147825 0.4806920805434283 67
1684252147904 0.487492056166888 68
1684252147990 0.4943830063640952 69
1684252148071 0.5013648634219318 70
1684252148141 0.5084374279976968 71
1684252148214 0.5156006171658496 72
1684252148290 0.5228543100270007 73
1684252148366 0.5301984157133481 74
1684252148448 0.5376327780291479 75
1684252148531 0.5451573313214607 76
1684252148609 0.5527719449302614 77
1684252148678 0.560476466255235 78
1684252148748 0.5682708826436824 79
1684252148817 0.5761550645079682 80
1684252148888 0.5841288415359726 81
1684252148958 0.5921921579209566 82
1684252149030 0.6003449111807436 83
1684252149101 0.6085870233052957 84
1684252149174 0.616918363100295 85
1684252149247 0.6253388436653531 86
1684252149316 0.6338483291251904 87
1684252149386 0.6424467358162365 88
1684252149455 0.6511339985876332 89
1684252149525 0.6599099579386645 90
1684252149595 0.6687746039899516 91
1684252149663 0.6777277215229465 92
1684252149733 0.6867692763718658 93
1684252149800 0.6958991674869368 94
1684252149869 0.70511728332621 95
1684252150182 0.7144235098864548 96
1684252150280 0.7238177124218053 97
1684252150348 0.7332998514765843 98
1684252150416 0.742869800194435 99
1684252150486 0.7525274630480402 100
1684252150555 0.7622727007997313 101
1684252150625 0.7721054576983919 102
1684252150694 0.7820255600192298 103
1684252150765 0.7920329436080887 104
1684252150834 0.8021275294279844 105
1684252150903 0.812309111314215 106
1684252150972 0.8225776848594283 107
1684252151041 0.8329331286430436 108
1684252151112 0.8433752042930649 109
1684252151184 0.8539039151489727 110
1684252151254 0.8645191530004737 111
1684252151328 0.8752207705851334 112
1684252151396 0.8860086806268596 113
1684252151465 0.8968827268337469 114
1684252151536 0.9078428336226896 115
1684252151604 0.9188888295012092 116
1684252151672 0.9300206671394622 117
1684252151742 0.94123814933983 118
1684252151812 0.9525412824435409 119
1684252151880 0.9639298087867082 120
1684252151950 0.9754037036598291 121
1684252152020 0.9869628429962578 122
1684252152088 0.9986069790010894 123
1684252152156 1.010336119679232 124
1684252152226 1.0221501708777696 125
1684252152296 1.0340489104859376 126
1684252152364 1.0460322620381308 127
1684252152433 1.0581000042896513 128
1684252152502 1.0702521938349214 129
1684252152570 1.0824886456841545 130
1684252152639 1.094809105510182 131
1684252152710 1.1072136011202665 132
1684252152782 1.1197019393437524 133
1684252152852 1.132274013126743 134
1684252152921 1.1449296483925042 135
1684252152990 1.1576688400048014 136
1684252153062 1.1704912065558875 137
1684252153136 1.1833968640585735 138
1684252153204 1.1963857365046384 139
1684252153273 1.2094574445646047 140
1684252153344 1.222611996652548 141
1684252153412 1.2358492230985212 142
1684252153480 1.249169084827987 143
1684252153551 1.2625713750052123 144
1684252153621 1.2760559506482234 145
1684252153690 1.2896227210497422 146
1684252153761 1.3032715395090695 147
1684252153830 1.3170023433679101 148
1684252153900 1.3308149326578584 149
1684252153972 1.3447092078805547 150
1684252154042 1.3586849979618156 151
1684252154111 1.3727422392219515 152
1684252154179 1.38688072859275 153
1684252154249 1.4011004892595424 154
1684252154321 1.415401170721646 155
1684252154389 1.429782960784147 156
1684252154458 1.4442453253490004 157
1684252154528 1.4587884905380795 158
1684252154597 1.473412213773876 159
1684252154664 1.4881164007515688 160
1684252154732 1.5029008363299936 161
1684252154802 1.5177653783784681 162
1684252154870 1.532710136642246 163
1684252154938 1.5477348260024184 164
1684252155008 1.5628392420561668 165
1684252155080 1.5780234934015023 166
1684252155150 1.593287366196492 167
1684252155219 1.6086307658674521 168
1684252155288 1.6240534758388252 169
1684252155362 1.6395554240940458 170
1684252155445 1.6551365995621004 171
1684252155517 1.6707968007337612 172
1684252155586 1.6865359758129734 173
1684252155655 1.7023539423131175 174
1684252155724 1.718250727517742 175
1684252155793 1.7342262914899023 176
1684252155863 1.750280424695695 177
1684252155930 1.7664129567744131 178
1684252156000 1.7826239831597441 179
1684252156070 1.798913305567641 180
1684252156138 1.8152807874667523 181
1684252156207 1.8317265502390856 182
1684252156275 1.8482502989566842 183
1684252156346 1.864852057264714 184
1684252156415 1.8815315331330473 185
1684252156483 1.8982890061249993 186
1684252156553 1.9151241990777055 187
1684252156621 1.932036862037686 188
1684252156690 1.94902710873553 189
1684252156989 1.966095111042817 190
1684252157069 1.9832403273916235 191
1684252157141 2.0004629619000243 192
1684252157212 2.0177626457555604 193
1684252157285 2.0351396839558378 194
1684252157356 2.0525939100411446 195
1684252157428 2.0701251450107567 196
1684252157499 2.0877334619512253 197
1684252157570 2.10541850229003 198
1684252157640 2.1231805058819275 199
1684252157707 2.141019458393042 200
1684252157774 2.158935114739856 201
1684252157841 2.176927378478246 202
1684252157908 2.194996447530566 203
1684252157976 2.2131417820821127 204
1684252158044 2.2313639953647986 205
1684252158151 2.249662543132177 206
1684252158219 2.268037486792251 207
1684252158291 2.286488967093039 208
1684252158359 2.3050166357865898 209
1684252158431 2.323620571742392 210
1684252158501 2.342300742734185 211
1684252158571 2.361057143496859 212
1684252158641 2.379889686472905 213
1684252158710 2.3987983412061253 214
1684252158784 2.4177830994083815 215
1684252158854 2.4368437651399604 216
1684252158924 2.455980354357651 217
1684252158994 2.475193000672051 218
1684252159063 2.4944812485676082 219
1684252159134 2.5138455973191807 220
1684252159207 2.5332857194493488 221
1684252159279 2.5528016268668035 222
1684252159350 2.572393130872195 223
1684252159419 2.592060392599764 224
1684252159492 2.6118033635207425 225
1684252159564 2.6316215574039967 226
1684252159635 2.6515156059560683 227
1684252159704 2.6714852056291534 228
1684252159776 2.6915302652188857 229
1684252159845 2.7116505954708408 230
1684252159916 2.7318466250423694 231
1684252159987 2.7521176372045066 232
1684252160057 2.7724642861597024 233
1684252160128 2.7928860126595247 234
1684252160196 2.813383035851388 235
1684252160264 2.8339552901509526 236
1684252160333 2.8546028136002604 237
1684252160405 2.875325418485339 238
1684252160475 2.896123006975492 239
1684252160546 2.9169955597432535 240
1684252160616 2.937943401875167 241
1684252160687 2.958966062561224 242
1684252160756 2.9800634196041185 243
1684252160826 3.0012360993283633 244
1684252160893 3.022483176292029 245
1684252160961 3.043805302655379 246
1684252161033 3.0652022503349725 247
1684252161100 3.0866736946329287 248
1684252161170 3.108220063402086 249
1684252161238 3.12984090143065 250
