1684252223172 0.5312775903184785 1
1684252223255 0.46163046055421675 2
1684252223327 0.396101875084538 3
1684252223398 0.3399465127061809 4
1684252223469 0.29614238362657946 5
1684252223543 0.26515768046843746 6
1684252223617 0.24560476728355252 7
1684252223687 0.23512218673065707 8
1684252223760 0.23112719158330813 9
1684252223830 0.23130453865343045 10
1684252223901 0.2338358357851069 11
1684252223972 0.23744154315732025 12
1684252224042 0.24131603828759618 13
1684252224112 0.24501687246829054 14
1684252224186 0.24835003646265033 15
1684252224258 0.25127393789351843 16
1684252224328 0.25382934320867173 17
1684252224399 0.25609336670777433 18
1684252224470 0.2581521475198555 19
1684252224543 0.2600862185663496 20
1684252224612 0.2619642009611492 21
1684252224681 0.2638410820380028 22
1684252224750 0.2657589240647268 23
1684252224819 0.2677487600562578 24
1684252224891 0.26983251427680127 25
1684252224963 0.2720249347975237 26
1684252225032 0.27433529273724855 27
1684252225100 0.27676878839997093 28
1684252225168 0.2793276791836824 29
1684252225237 0.2820120806564441 30
1684252225306 0.28482069989422537 31
1684252225376 0.28775131479800115 32
1684252225445 0.29080122125087093 33
1684252225512 0.29396745173428557 34
1684252225579 0.29724692557239496 35
1684252225647 0.30063672779731687 36
1684252225715 0.3041340604343354 37
1684252225783 0.30773640617878006 38
1684252225851 0.31144149321089604 39
1684252225920 0.31524730145500207 40
1684252225988 0.3191520851898391 41
1684252226056 0.32315434416936006 42
1684252226124 0.3272527829061456 43
1684252226192 0.33144627340320654 44
1684252226264 0.3357339305524154 45
1684252226334 0.34011495548238685 46
1684252226403 0.3445887231677171 47
1684252226469 0.3491546403353147 48
1684252226540 0.35381226759970513 49
1684252226608 0.35856122047445205 50
1684252226676 0.3634011582284117 51
1684252226745 0.3683317915071022 52
1684252226813 0.37335282054333346 53
1684252226882 0.37846407608015525 54
1684252226953 0.3836652686800038 55
1684252227025 0.38895626520267573 56
1684252227095 0.3943368608754953 57
1684252227164 0.3998068457844664 58
1684252227233 0.40536607841806477 59
1684252227301 0.4110144278623088 60
1684252227375 0.4167517429108601 61
1684252227443 0.42257784032041423 62
1684252227516 0.4284926294643489 63
1684252227585 0.43449592394347897 64
1684252227653 0.4405875408009599 65
1684252227720 0.4467673970391346 66
1684252227788 0.45303530166864486 67
1684252227855 0.45939111709121894 68
1684252227923 0.46583476401140117 69
1684252227990 0.4723660458506036 70
1684252228060 0.47898487040826143 71
1684252228129 0.48569106719330984 72
1684252228203 0.4924845327138078 73
1684252228273 0.4993651879164288 74
1684252228341 0.5063329161997266 75
1684252228408 0.5133876274182533 76
1684252228477 0.5205292661609471 77
1684252228547 0.5277577061206788 78
1684252228616 0.5350728396194069 79
1684252228693 0.5424745648799929 80
1684252228769 0.5499627754789522 81
1684252228839 0.5575373770915821 82
1684252228908 0.5651981791833254 83
1684252228982 0.5729451545812747 84
1684252229054 0.5807781787493601 85
1684252229125 0.5886970749541265 86
1684252229200 0.5967017502637971 87
1684252229271 0.6047921506848828 88
1684252229342 0.6129681734609089 89
1684252229413 0.6212296365143328 90
1684252229483 0.6295765530862063 91
1684252229555 0.6380087569706244 92
1684252229625 0.6465261147029651 93
1684252229695 0.6551286129775372 94
1684252229768 0.6638161064123796 95
1684252229839 0.6725884760751879 96
1684252229909 0.6814456569809443 97
1684252229976 0.6903874875375544 98
1684252230045 0.6994139666794573 99
1684252230116 0.7085248566631898 100
1684252230185 0.7177201476623705 101
1684252230252 0.7269997451134855 102
1684252230322 0.7363635035061733 103
1684252230391 0.745811283937097 104
1684252230458 0.7553430493778411 105
1684252230526 0.7649586392426775 106
1684252230593 0.7746579731338414 107
1684252230661 0.7844409070304168 108
1684252230732 0.794307454190241 109
1684252230803 0.8042573587324295 110
1684252230870 0.8142905481922423 111
1684252230939 0.8244069523615254 112
1684252231007 0.8346064226430526 113
1684252231077 0.844888863180131 114
1684252231145 0.855254209841923 115
1684252231217 0.8657022864882985 116
1684252231287 0.8762329822242029 117
1684252231356 0.8868462260271173 118
1684252231425 0.8975418963264296 119
1684252231494 0.9083198322545037 120
1684252231564 0.9191800059684366 121
1684252231635 0.9301222810317779 122
1684252231705 0.9411465317227248 123
1684252231774 0.9522526228385806 124
1684252231842 0.9634404212455742 125
1684252231910 0.9747098589714527 126
1684252231980 0.9860607598830277 127
1684252232049 0.9974930843603285 128
1684252232118 1.0090066551364216 129
1684252232186 1.0206012910330307 130
1684252232255 1.032277021607031 131
1684252232327 1.0440335612737912 132
1684252232397 1.0558709762239522 133
1684252232466 1.0677890029408332 134
1684252232537 1.079787559608588 135
1684252232606 1.0918665092418653 136
1684252232676 1.1040257895147216 137
1684252232746 1.1162652242545814 138
1684252232814 1.1285846604671126 139
1684252232882 1.1409840720414253 140
1684252232954 1.1534633056678378 141
1684252233022 1.1660222426505689 142
1684252233094 1.1786607015174917 143
1684252233163 1.1913785198611533 144
1684252233237 1.204175746823451 145
1684252233306 1.2170521046082503 146
1684252233378 1.2300076019319215 147
1684252233447 1.2430419883788413 148
1684252233518 1.2561552681507913 149
1684252233588 1.269347132613906 150
1684252233656 1.282617638515845 151
1684252233725 1.2959666194886024 152
1684252233795 1.309393960468408 153
1684252233863 1.3228994738808564 154
1684252233933 1.336483027169268 155
1684252234001 1.3501446088233686 156
1684252234072 1.363883903099025 157
1684252234143 1.3777010025530518 158
1684252234214 1.391595725267848 159
1684252234285 1.405567848259247 160
1684252234354 1.4196172764940893 161
1684252234424 1.4337440928332443 162
1684252234496 1.447947935884298 163
1684252234567 1.462228865680757 164
1684252234637 1.4765866705799668 165
1684252234706 1.4910212766662188 166
1684252234773 1.505532682957038 167
1684252234844 1.5201204363862604 168
1684252234912 1.534784715448726 169
1684252234980 1.5495253708242482 170
1684252235049 1.5643422465726924 171
1684252235117 1.5792352763606168 172
1684252235184 1.5942042376091488 173
1684252235252 1.6092492239523124 174
1684252235323 1.6243698817021528 175
1684252235392 1.639566318951069 176
1684252235460 1.6548382962898585 177
1684252235529 1.6701857978744612 178
1684252235599 1.6856087123088594 179
1684252235668 1.7011069087181787 180
1684252235735 1.716680260092029 181
1684252235978 1.732328614800542 182
1684252236108 1.748052085064566 183
1684252236179 1.7638504669766737 184
1684252236248 1.7797236281295399 185
1684252236317 1.795671418612387 186
1684252236387 1.8116939482005474 187
1684252236456 1.8277909618981694 188
1684252236526 1.8439624694641215 189
1684252236595 1.86020818756807 190
1684252236665 1.8765281620048038 191
1684252236734 1.8929224723124864 192
1684252236812 1.9093908573752385 193
1684252236886 1.9259332663839575 194
1684252236957 1.9425495700215067 195
1684252237027 1.9592399228059199 196
1684252237096 1.976003775077015 197
1684252237170 1.9928414404832064 198
1684252237238 2.0097528488661855 199
1684252237306 2.026737637493228 200
1684252237375 2.0437960579458507 201
1684252237445 2.0609278454773765 202
1684252237513 2.0781330176702033 203
1684252237585 2.095411415934314 204
1684252237653 2.112763036312052 205
1684252237721 2.1301877569847125 206
1684252237790 2.14768550177932 207
1684252237858 2.165256430266831 208
1684252237927 2.182900167726359 209
1684252237996 2.2006169790665564 210
1684252238065 2.218406368589475 211
1684252238134 2.236268673412719 212
1684252238205 2.2542036700253787 213
1684252238276 2.272211258626563 214
1684252238345 2.290291450678518 215
1684252238413 2.308444140020141 216
1684252238483 2.3266694939696313 217
1684252238552 2.3449671312221545 218
1684252238623 2.363337087383963 219
1684252238693 2.3817792021386497 220
1684252238760 2.4002938699154925 221
1684252238828 2.4188805038632855 222
1684252238896 2.4375393879439886 223
1684252238965 2.4562702426862657 224
1684252239033 2.4750733511825205 225
1684252239148 2.4939484090889232 226
1684252239218 2.5128952737688657 227
1684252239288 2.5319139761847023 228
1684252239359 2.55100466938165 229
1684252239429 2.57016705481954 230
1684252239496 2.5894012684272782 231
1684252239563 2.608707146840526 232
1684252239631 2.6280845227527676 233
1684252239700 2.6475336207230398 234
1684252239769 2.667054272130119 235
1684252239836 2.6866462305690453 236
1684252239907 2.706309784287391 237
1684252239979 2.726044525725099 238
1684252240050 2.745850686650435 239
1684252240123 2.7657282081941847 240
1684252240195 2.785676777786904 241
1684252240263 2.8056968017793293 242
1684252240332 2.8257877117982884 243
1684252240402 2.845949880977493 244
1684252240471 2.8661828861181347 245
1684252240541 2.886487224231422 246
1684252240611 2.9068620612161316 247
1684252240681 2.9273079584072708 248
1684252240749 2.9478247174897234 249
1684252240821 2.968412289017223 250
