1684254189623 0.54633486 1
1684254189697 0.4789707 2
1684254189773 0.41591194 3
1684254189844 0.36230192 4
1684254189914 0.32101133 5
1684254189984 0.2924176 6
1684254190054 0.27505985 7
1684254190126 0.2665224 8
1684254190199 0.26419005 9
1684254190270 0.2657395 10
1684254190340 0.26936868 11
1684254190415 0.27383196 12
1684254190485 0.27836484 13
1684254190556 0.28256434 14
1684254190629 0.286271 15
1684254190704 0.28947192 16
1684254190776 0.29223096 17
1684254190847 0.2946435 18
1684254190920 0.29681003 19
1684254190994 0.29882228 20
1684254191064 0.3007574 21
1684254191136 0.30267692 22
1684254191207 0.30462766 23
1684254191279 0.30664402 24
1684254191352 0.30875012 25
1684254191422 0.31096208 26
1684254191492 0.31328982 27
1684254191565 0.31573877 28
1684254191637 0.31831107 29
1684254191706 0.32100648 30
1684254191775 0.32382324 31
1684254191846 0.3267587 32
1684254191918 0.3298095 33
1684254191987 0.33297205 34
1684254192056 0.33624274 35
1684254192130 0.33961824 36
1684254192210 0.34309524 37
1684254192285 0.34667096 38
1684254192355 0.35034278 39
1684254192424 0.35410842 40
1684254192490 0.35796595 41
1684254192557 0.36191365 42
1684254192625 0.36595005 43
1684254192694 0.37007394 44
1684254192762 0.3742842 45
1684254192829 0.37858006 46
1684254192897 0.38296068 47
1684254192964 0.38742536 48
1684254193031 0.3919736 49
1684254193100 0.3966049 50
1684254193169 0.40131873 51
1684254193240 0.40611482 52
1684254193310 0.4109928 53
1684254193377 0.4159522 54
1684254193448 0.4209928 55
1684254193516 0.42611426 56
1684254193585 0.43131632 57
1684254193654 0.43659866 58
1684254193724 0.44196105 59
1684254193793 0.4474033 60
1684254193862 0.45292512 61
1684254193931 0.45852625 62
1684254194000 0.46420652 63
1684254194069 0.4699656 64
1684254194139 0.47580323 65
1684254194210 0.4817192 66
1684254194280 0.48771325 67
1684254194351 0.4937852 68
1684254194423 0.4999347 69
1684254194491 0.5061616 70
1684254194561 0.5124656 71
1684254194631 0.5188465 72
1684254194701 0.5253041 73
1684254194771 0.53183806 74
1684254194839 0.53844833 75
1684254194909 0.5451344 76
1684254194977 0.55189633 77
1684254195047 0.5587337 78
1684254195116 0.5656464 79
1684254195185 0.57263404 80
1684254195256 0.5796966 81
1684254195326 0.58683366 82
1684254195394 0.59404504 83
1684254195464 0.6013306 84
1684254195531 0.6086899 85
1684254195600 0.61612296 86
1684254195669 0.62362945 87
1684254195737 0.631209 88
1684254195806 0.63886154 89
1684254195875 0.64658684 90
1684254195947 0.6543845 91
1684254196017 0.66225445 92
1684254196085 0.67019635 93
1684254196154 0.67820996 94
1684254196223 0.68629515 95
1684254196298 0.6944516 96
1684254196368 0.7026789 97
1684254196436 0.71097714 98
1684254196504 0.7193458 99
1684254196571 0.72778475 100
1684254196638 0.7362937 101
1684254196707 0.7448724 102
1684254196775 0.75352067 103
1684254196843 0.76223814 104
1684254196915 0.77102464 105
1684254196985 0.77987987 106
1684254197051 0.7888036 107
1684254197119 0.79779553 108
1684254197186 0.8068553 109
1684254197254 0.81598294 110
1684254197323 0.8251779 111
1684254197395 0.83444 112
1684254197466 0.8437691 113
1684254197536 0.8531648 114
1684254197607 0.86262685 115
1684254197677 0.87215495 116
1684254197747 0.8817489 117
1684254197817 0.89140844 118
1684254197889 0.90113324 119
1684254197962 0.91092306 120
1684254198030 0.92077756 121
1684254198100 0.93069667 122
1684254198170 0.94067985 123
1684254198239 0.95072687 124
1684254198311 0.96083766 125
1684254198379 0.97101176 126
1684254198450 0.981249 127
1684254198520 0.991549 128
1684254198591 1.0019116 129
1684254198660 1.0123364 130
1684254198731 1.0228232 131
1684254198799 1.0333717 132
1684254198866 1.0439818 133
1684254199156 1.0546528 134
1684254199294 1.0653849 135
1684254199453 1.0761776 136
1684254199628 1.0870305 137
1684254199703 1.0979435 138
1684254199773 1.1089165 139
1684254199843 1.119949 140
1684254199913 1.1310407 141
1684254199982 1.1421914 142
1684254200051 1.1534009 143
1684254200121 1.1646689 144
1684254200191 1.1759951 145
1684254200263 1.1873792 146
1684254200341 1.1988211 147
1684254200421 1.2103204 148
1684254200493 1.2218769 149
1684254200562 1.2334905 150
1684254200632 1.2451607 151
1684254200702 1.2568873 152
1684254200772 1.2686701 153
1684254200843 1.280509 154
1684254200913 1.2924037 155
1684254200982 1.3043537 156
1684254201052 1.3163592 157
1684254201122 1.3284194 158
1684254201191 1.3405348 159
1684254201258 1.3527046 160
1684254201331 1.3649288 161
1684254201400 1.3772072 162
1684254201470 1.3895395 163
1684254201539 1.4019256 164
1684254201608 1.414365 165
1684254201678 1.426858 166
1684254201748 1.4394038 167
1684254201819 1.4520028 168
1684254201884 1.4646575 169
1684254201952 1.4773688 170
1684254202018 1.4901369 171
1684254202085 1.5029615 172
1684254202150 1.5158417 173
1684254202217 1.5287768 174
1684254202286 1.5417657 175
1684254202355 1.5548074 176
1684254202425 1.5679013 177
1684254202494 1.5810466 178
1684254202563 1.594243 179
1684254202634 1.6074898 180
1684254202703 1.6207867 181
1684254202773 1.6341331 182
1684254202845 1.6475295 183
1684254202915 1.660975 184
1684254202987 1.6744698 185
1684254203057 1.6880138 186
1684254203125 1.7016064 187
1684254203195 1.7152479 188
1684254203264 1.7289381 189
1684254203335 1.742677 190
1684254203403 1.7564642 191
1684254203471 1.7702999 192
1684254203541 1.7841839 193
1684254203609 1.7981162 194
1684254203678 1.8120964 195
1684254203748 1.8261247 196
1684254203818 1.8402008 197
1684254203885 1.8543247 198
1684254203954 1.8684964 199
1684254204025 1.8827161 200
1684254204092 1.8969829 201
1684254204160 1.9112973 202
1684254204229 1.9256591 203
1684254204298 1.9400682 204
1684254204369 1.9545243 205
1684254204438 1.9690278 206
1684254204505 1.983578 207
1684254204575 1.9981751 208
1684254204643 2.0128193 209
1684254204710 2.0275102 210
1684254204778 2.0422475 211
1684254204849 2.0570314 212
1684254204919 2.071862 213
1684254204989 2.0867386 214
1684254205059 2.1016617 215
1684254205129 2.116631 216
1684254205198 2.1316466 217
1684254205266 2.146708 218
1684254205338 2.1618152 219
1684254205407 2.1769683 220
1684254205476 2.192167 221
1684254205544 2.2074118 222
1684254205612 2.2227058 223
1684254205680 2.2380514 224
1684254205779 2.2534485 225
1684254205848 2.2688982 226
1684254205918 2.2843993 227
1684254205987 2.299951 228
1684254206053 2.315553 229
1684254206121 2.3312035 230
1684254206186 2.3469026 231
1684254206252 2.3626492 232
1684254206325 2.378443 233
1684254206394 2.3942833 234
1684254206463 2.4101696 235
1684254206532 2.426102 236
1684254206602 2.4420798 237
1684254206671 2.458103 238
1684254206740 2.4741716 239
1684254206809 2.490285 240
1684254206877 2.5064435 241
1684254206944 2.5226464 242
1684254207015 2.538894 243
1684254207083 2.555186 244
1684254207151 2.5715222 245
1684254207218 2.5879025 246
1684254207286 2.6043272 247
1684254207357 2.6207952 248
1684254207427 2.6373072 249
1684254207496 2.6538625 250
