1684534217980 1.9754508 1
1684534218048 1.7992287 2
1684534218130 1.6772218 3
1684534218193 1.6520808 4
1684534218277 1.6758546 5
1684534218346 1.711745 6
1684534218415 1.7426018 7
1684534218494 1.7614701 8
1684534218563 1.7664835 9
1684534218632 1.7587084 10
1684534218710 1.7407243 11
1684534218779 1.7155924 12
1684534218848 1.6862164 13
1684534218917 1.6550276 14
1684534218995 1.6240077 15
1684534219064 1.5943894 16
1684534219133 1.5669494 17
1684534219218 1.5420974 18
1684534219281 1.5199636 19
1684534219350 1.5004797 20
1684534219419 1.4834461 21
1684534219497 1.4685826 22
1684534219566 1.4555695 23
1684534219635 1.4440746 24
1684534219713 1.4337666 25
1684534219782 1.4243551 26
1684534219851 1.4155784 27
1684534219920 1.4072099 28
1684534219977 1.3990618 29
1684534220051 1.3909853 30
1684534220120 1.3828675 31
1684534220199 1.3746281 32
1684534220252 1.3662151 33
1684534220321 1.3576002 34
1684534220399 1.3487749 35
1684534220468 1.3397456 36
1684534220537 1.3305303 37
1684534220622 1.3211546 38
1684534220685 1.3116493 39
1684534220754 1.3020482 40
1684534220823 1.2923851 41
1684534220901 1.2826935 42
1684534220970 1.2730049 43
1684534221039 1.2633479 44
1684534221102 1.2537484 45
1684534221172 1.2442288 46
1684534221239 1.234808 47
1684534221318 1.2255018 48
1684534221387 1.2163225 49
1684534221456 1.2072802 50
1684534221525 1.1983815 51
1684534221587 1.1896317 52
1684534221656 1.1810331 53
1684534221725 1.1725584 54
1684534221788 1.1642293 55
1684534221857 1.1560516 56
1684534221926 1.1480238 57
1684534222004 1.1401429 58
1684534222073 1.1324056 59
1684534222142 1.1248083 60
1684534222205 1.1173472 61
1684534222274 1.1100186 62
1684534222343 1.1028181 63
1684534222421 1.0957419 64
1684534222474 1.0887859 65
1684534222543 1.081946 66
1684534222628 1.0752184 67
1684534222691 1.0685998 68
1684534222760 1.0620865 69
1684534222829 1.055675 70
1684534222891 1.0493627 71
1684534222976 1.0431461 72
1684534223045 1.0370232 73
1684534223123 1.0309908 74
1684534223192 1.0250468 75
1684534223261 1.0191891 76
1684534223346 1.0134153 77
1684534223431 1.0077237 78
1684534223493 1.0021122 79
1684534223562 0.996579 80
1684534223631 0.99112266 81
1684534223709 0.9857414 82
1684534223879 0.9804337 83
1684534223963 0.9751981 84
1684534224048 0.97003317 85
1684534224111 0.96493757 86
1684534224180 0.9599099 87
1684534224249 0.9552767 88
1684534224327 0.9507879 89
1684534224396 0.9463577 90
1684534224465 0.9419769 91
1684534224534 0.9376451 92
1684534224612 0.9333594 93
1684534224681 0.92911536 94
1684534224750 0.9249092 95
1684534224828 0.92073727 96
1684534224897 0.91659725 97
1684534224967 0.91248786 98
1684534225036 0.90840834 99
1684534225098 0.9043585 100
1684534225167 0.9003387 101
1684534225236 0.8963495 102
1684534225314 0.8923916 103
1684534225383 0.8884658 104
1684534225452 0.8845728 105
1684534225515 0.8807133 106
1684534225584 0.8768879 107
1684534225669 0.8730972 108
1684534225738 0.8693415 109
1684534225800 0.86562127 110
1684534225869 0.86193657 111
1684534225938 0.8582877 112
1684534226001 0.8546746 113
1684534226086 0.8510973 114
1684534226139 0.8475558 115
1684534226217 0.8440501 116
1684534226286 0.8405799 117
1684534226355 0.83714503 118
1684534226433 0.8337454 119
1684534226487 0.8303806 120
1684534226571 0.8270505 121
1684534226641 0.8237547 122
1684534226703 0.8204929 123
1684534226772 0.81726485 124
1684534226841 0.81407005 125
1684534226919 0.8109082 126
1684534226988 0.807779 127
1684534227057 0.804682 128
1684534227120 0.8016168 129
1684534227189 0.7985829 130
1684534227258 0.79558015 131
1684534227336 0.792608 132
1684534227405 0.789666 133
1684534227474 0.7867538 134
1684534227543 0.78387105 135
1684534227622 0.7810171 136
1684534227691 0.7781919 137
1684534227760 0.77539474 138
1684534227822 0.77262545 139
1684534227891 0.7698834 140
1684534227960 0.76716834 141
1684534228038 0.7644798 142
1684534228108 0.76181746 143
1684534228177 0.7591809 144
1684534228246 0.75656956 145
1684534228324 0.7539834 146
1684534228393 0.7514218 147
1684534228462 0.74888444 148
1684534228524 0.74637103 149
1684534228609 0.743881 150
1684534228678 0.74141425 151
1684534228747 0.7389703 152
1684534228810 0.73654884 153
1684534228879 0.73414946 154
1684534228948 0.73177195 155
1684534229026 0.72941583 156
1684534229095 0.72708094 157
1684534229164 0.72476685 158
1684534229227 0.72247326 159
1684534229296 0.72019994 160
1684534229365 0.7179465 161
1684534229443 0.71571267 162
1684534229512 0.71349835 163
1684534229581 0.711303 164
1684534229650 0.70912635 165
1684534229728 0.7069683 166
1684534229797 0.7048285 167
1684534229866 0.7027067 168
1684534229929 0.7006027 169
1684534230014 0.69851613 170
1684534230083 0.6964469 171
1684534230152 0.6943946 172
1684534230214 0.69235915 173
1684534230283 0.6903402 174
1684534230352 0.6883377 175
1684534230431 0.6863512 176
1684534230500 0.68438065 177
1684534230569 0.68242586 178
1684534230631 0.68048656 179
1684534230700 0.67856246 180
1684534230769 0.6766536 181
1684534230854 0.67475957 182
1684534230917 0.67288035 183
1684534230986 0.6710156 184
1684534231055 0.66916525 185
1684534231117 0.66732913 186
1684534231188 0.665507 187
1684534231256 0.66369873 188
1684534231503 0.66190416 189
1684534231572 0.6601231 190
1684534231657 0.6583555 191
1684534231720 0.656601 192
1684534231789 0.65485966 193
1684534231858 0.6531312 194
1684534231936 0.65141547 195
1684534232005 0.64971244 196
1684534232074 0.6480219 197
1684534232152 0.64634377 198
1684534232221 0.64467776 199
1684534232290 0.6430239 200
1684534232359 0.64138204 201
1684534232422 0.63975203 202
1684534232491 0.6381337 203
1684534232560 0.63652694 204
1684534232676 0.6349318 205
1684534232738 0.63334787 206
1684534232808 0.6317753 207
1684534232877 0.63021386 208
1684534232955 0.6286634 209
1684534233024 0.62712395 210
1684534233093 0.6255953 211
1684534233162 0.6240773 212
1684534233240 0.62257004 213
1684534233309 0.6210732 214
1684534233378 0.6195868 215
1684534233441 0.61811084 216
1684534233510 0.61664504 217
1684534233579 0.6151894 218
1684534233641 0.6137437 219
1684534233710 0.61230814 220
1684534233780 0.6108824 221
1684534233858 0.60946643 222
1684534233927 0.6080601 223
1684534233996 0.6066636 224
1684534234065 0.60527647 225
1684534234143 0.6038989 226
1684534234212 0.60253066 227
1684534234281 0.6011718 228
1684534234343 0.5998221 229
1684534234413 0.5984816 230
1684534234482 0.59715015 231
1684534234544 0.5958278 232
1684534234613 0.59451437 233
1684534234682 0.59320974 234
1684534234760 0.59191406 235
1684534234830 0.59062696 236
1684534234899 0.5893487 237
1684534235030 0.58807886 238
1684534235215 0.5868177 239
1684534235316 0.585565 240
1684534235385 0.58432066 241
1684534235447 0.5830847 242
1684534235532 0.5818571 243
1684534235601 0.58063763 244
1684534235670 0.5794264 245
1684534235732 0.5782232 246
1684534235801 0.5770282 247
1684534235886 0.57584107 248
1684534235949 0.5746619 249
1684534236018 0.5734906 250
