1684533889696 1.9357045082938877 1
1684533889782 1.657652254675406 2
1684533889842 1.4744074145051793 3
1684533889909 1.4023722342715723 4
1684533889993 1.3796503419822472 5
1684533890063 1.3671067098919516 6
1684533890125 1.3486250464734486 7
1684533890210 1.318674264178317 8
1684533890279 1.2765570263339354 9
1684533890341 1.2241873802496892 10
1684533890426 1.1647236497524194 11
1684533890495 1.101598748535109 12
1684533890564 1.037930440932801 13
1684533890642 0.9762340622398284 14
1684533890711 0.9183281116340704 15
1684533890796 0.8653446364866928 16
1684533890865 0.8178061536360258 17
1684533890927 0.7757532518820981 18
1684533890996 0.7388956695103301 19
1684533891065 0.7067185834001675 20
1684533891143 0.6786935194473741 21
1684533891213 0.6542510162513471 22
1684533891282 0.6328424094771568 23
1684533891360 0.6139710734476502 24
1684533891429 0.597202352663665 25
1684533891498 0.5821638241066422 26
1684533891582 0.5685417069852027 27
1684533891645 0.5560745243255851 28
1684533891724 0.5445466023539349 29
1684533891798 0.5337808979949759 30
1684533891867 0.5236330167946577 31
1684533891945 0.5139973309984716 32
1684533892014 0.504766338171402 33
1684533892083 0.4958569023290292 34
1684533892162 0.48720254259018614 35
1684533892231 0.47874748926496635 36
1684533892300 0.4704441603433831 37
1684533892369 0.46225133129662216 38
1684533892431 0.45413285304452056 39
1684533892516 0.44605673876769564 40
1684533892585 0.43799446112639373 41
1684533892647 0.4299202777667189 42
1684533892716 0.4218112419816475 43
1684533892785 0.41364657251781445 44
1684533892864 0.40540765286627783 45
1684533892933 0.3970780314214269 46
1684533893002 0.3886429925275744 47
1684533893071 0.38008979691601763 48
1684533893133 0.37140722585287944 49
1684533893202 0.3625857728273857 50
1684533893271 0.3536173206837121 51
1684533893349 0.3444951049120647 52
1684533893418 0.3352136012722935 53
1684533893487 0.3257682948534316 54
1684533893550 0.31615566302867504 55
1684533893619 0.30637184631576597 56
1684533893688 0.2964172886976876 57
1684533893766 0.2862911881066105 58
1684533893835 0.27599260172628437 59
1684533893904 0.2655208127747555 60
1684533893973 0.2548754658346567 61
1684533894051 0.2440566314269359 62
1684533894120 0.2330643874683851 63
1684533894189 0.22189905100117213 64
1684533894252 0.2105610263093265 65
1684533894321 0.19905084028242515 66
1684533894390 0.18736923747930356 67
1684533894452 0.17551690703257372 68
1684533894521 0.16349455400480162 69
1684533894606 0.15130310664528868 70
1684533894675 0.138943365826235 71
1684533894738 0.12641621680887694 72
1684533894807 0.11372262840408598 73
1684533894876 0.10086346324712181 74
1684533894954 0.08783959435765443 75
1684533895023 0.07465202655810721 76
1684533895092 0.0613014410040813 77
1684533895154 0.04778873144446494 78
1684533895223 0.03411476707388006 79
1684533895292 0.02028032736067298 80
1684533895355 0.006286088054030636 81
1684533895424 -0.007867243368318344 82
1684533895509 -0.02217890683727175 83
1684533895578 -0.03664826406499433 84
1684533895640 -0.051274869455122385 85
1684533895709 -0.06605793421037354 86
1684533895794 -0.08099713994395208 87
1684533895856 -0.09609182271047967 88
1684533895925 -0.11131774428277375 89
1684533895994 -0.12669268702818215 90
1684533896079 -0.14222258595858817 91
1684533896146 -0.15790767331519584 92
1684533896210 -0.17374760900154396 93
1684533896279 -0.18974230079392118 94
1684533896358 -0.2058918885565526 95
1684533896411 -0.2221961149737428 96
1684533896480 -0.23865524364568302 97
1684533896558 -0.2552691219421661 98
1684533896627 -0.2720378306535498 99
1684533896696 -0.2889609486413902 100
1684533896759 -0.3060387058457652 101
1684533896843 -0.3232708258712296 102
1684533896912 -0.34065714210535236 103
1684533896975 -0.3581975724737463 104
1684533897044 -0.37589218173623173 105
1684533897113 -0.39374064451067015 106
1684533897182 -0.4117430728185385 107
1684533897245 -0.4298995428967942 108
1684533897483 -0.44820986101343463 109
1684533897645 -0.4666745152820566 110
1684533897730 -0.4852931722159268 111
1684533897799 -0.5040661476762018 112
1684533897884 -0.5229934430179533 113
1684533897962 -0.5420753576085124 114
1684533898031 -0.5613121424689529 115
1684533898100 -0.5807037630932463 116
1684533898178 -0.6002505607397157 117
1684533898363 -0.6199528788104605 118
1684533898464 -0.6398107351654028 119
1684533898533 -0.6598245644829839 120
1684533898602 -0.6799946075837486 121
1684533898664 -0.7003209579262528 122
1684533898749 -0.7208041991591674 123
1684533898818 -0.7414445484483596 124
1684533898887 -0.7622421146392506 125
1684533898949 -0.7831972161192158 126
1684533899018 -0.8043104250152489 127
1684533899087 -0.8255818960075094 128
1684533899165 -0.8470118272150378 129
1684533899235 -0.8686008281834725 130
1684533899304 -0.890348791008875 131
1684533899366 -0.9122563193470636 132
1684533899435 -0.9343236474987762 133
1684533899504 -0.9565511062702854 134
1684533899582 -0.9789389580026029 135
1684533899651 -1.0014875870713214 136
1684533899720 -1.0241972895283817 137
1684533899789 -1.0470680696382306 138
1684533899852 -1.070100560356742 139
1684533899921 -1.0932950943835138 140
1684533900006 -1.1166519223880755 141
1684533900068 -1.140171014325303 142
1684533900137 -1.163852587561834 143
1684533900206 -1.1876977333957546 144
1684533900284 -1.2117057887634888 145
1684533900353 -1.2358775819839845 146
1684533900422 -1.2602131297303536 147
1684533900491 -1.2847128076794836 148
1684533900569 -1.309376638984935 149
1684533900623 -1.3342050594367194 150
1684533900692 -1.3591985417875958 151
1684533900770 -1.3843569430540443 152
1684533900839 -1.40968053694843 153
1684533900908 -1.4351697226940627 154
1684533900971 -1.4608245720764135 155
1684533901040 -1.4866454723477915 156
1684533901109 -1.5126327426319621 157
1684533901187 -1.538785968462596 158
1684533901256 -1.5651063453402703 159
1684533901325 -1.591592952795472 160
1684533901394 -1.6182467922025598 161
1684533901472 -1.6450681083260112 162
1684533901541 -1.672056275672297 163
1684533901610 -1.6992125206063173 164
1684533901673 -1.7265364292376484 165
1684533901742 -1.7540282865946697 166
1684533901811 -1.781687813236191 167
1684533901889 -1.8095164372138006 168
1684533901958 -1.837513356373023 169
1684533902027 -1.8656784193045173 170
1684533902096 -1.8940129195181474 171
1684533902158 -1.922516363350823 172
1684533902243 -1.951188479284626 173
1684533902312 -1.980030217662335 174
1684533902375 -2.0090414686845572 175
1684533902444 -2.038222542290044 176
1684533902513 -2.0675730397741567 177
1684533902575 -2.0970935456100763 178
1684533902644 -2.1267842600338356 179
1684533902713 -2.1566451003703793 180
1684533902791 -2.1866765271085673 181
1684533902845 -2.2168782257040136 182
1684533902929 -2.247250858925126 183
1684533902998 -2.2777943191215027 184
1684533903061 -2.308508620159501 185
1684533903130 -2.3393941209645166 186
1684533903199 -2.3704504448063437 187
1684533903277 -2.4016780498454184 188
1684533903346 -2.4330775684566093 189
1684533903415 -2.4646485827915208 190
1684533903478 -2.496391384137334 191
1684533903547 -2.528305622630717 192
1684533903616 -2.560392406648896 193
1684533903678 -2.5926509065873544 194
1684533903747 -2.6250815008427093 195
1684533903816 -2.65768466035368 196
1684533903879 -2.6904602365917247 197
1684533903948 -2.72340816966072 198
1684533904017 -2.7565292196152806 199
1684533904101 -2.7898226893383513 200
1684533904249 -2.8232895230158896 201
1684533904318 -2.856928735492437 202
1684533904396 -2.8907416731504685 203
1684533904465 -2.9247272107263695 204
1684533904534 -2.9588863831263015 205
1684533904603 -2.993218888537005 206
1684533904681 -3.027724870811834 207
1684533904735 -3.062404522589201 208
1684533904804 -3.097258301316038 209
1684533904882 -3.1322852028530863 210
1684533904951 -3.167486954994844 211
1684533905020 -3.202862122573936 212
1684533905082 -3.23841162066906 213
1684533905151 -3.274134777198589 214
1684533905220 -3.3100329580785486 215
1684533905298 -3.346105470700392 216
1684533905367 -3.382352469715161 217
1684533905437 -3.418773676279849 218
1684533905506 -3.455370044380736 219
1684533905568 -3.4921404692499967 220
1684533905637 -3.52908628845383 221
1684533905706 -3.5662068471593895 222
1684533905784 -3.603502648420526 223
1684533905838 -3.6409734149790123 224
1684533905922 -3.6786192854295865 225
1684533906007 -3.7164404035792917 226
1684533906069 -3.7544372857722954 227
1684533906138 -3.7926092309264594 228
1684533906207 -3.8309567596933904 229
1684533906286 -3.869479578999795 230
1684533906355 -3.9081782692437548 231
1684533906424 -3.947052463004653 232
1684533906502 -3.986102652458496 233
1684533906571 -4.025329111195228 234
1684533906640 -4.064730975925222 235
1684533906709 -4.104308842929269 236
1684533906771 -4.144063237111045 237
1684533906841 -4.183993368067666 238
1684533906910 -4.224099455410331 239
1684533906988 -4.264382335915215 240
1684533907057 -4.30484135259219 241
1684533907126 -4.345476581215799 242
1684533907204 -4.386288491130435 243
1684533907273 -4.427276428121412 244
1684533907342 -4.468441283005611 245
1684533907411 -4.509783138348657 246
1684533907473 -4.551301265681795 247
1684533907542 -4.592996239485901 248
1684533907612 -4.634868035599665 249
1684533907674 -4.676916011072878 250
