1684534427985 1.869606114912271 1
1684534428067 1.599682344697171 2
1684534428134 1.4243421549774888 3
1684534428203 1.3549419057678682 4
1684534428281 1.3315424108687481 5
1684534428350 1.317176701811381 6
1684534428419 1.2968530246113192 7
1684534428497 1.2655617774609715 8
1684534428566 1.2228246304793153 9
1684534428635 1.1706000183526026 10
1684534428720 1.1120265156555524 11
1684534428782 1.0505545730560468 12
1684534428867 0.9893803613259903 13
1684534428936 0.9310681511854951 14
1684534429005 0.8773396070519878 15
1684534429083 0.8290728482721876 16
1684534429152 0.7864725224006217 17
1684534429221 0.7493051689953683 18
1684534429300 0.7170791572510276 19
1684534429369 0.6891956960451737 20
1684534429438 0.665036910200447 21
1684534429507 0.6440152586096647 22
1684534429585 0.6255994349565501 23
1684534429654 0.609324968172881 24
1684534429723 0.5947956789540445 25
1684534429801 0.5816799461861702 26
1684534429870 0.5697037610312752 27
1684534429939 0.5586431573389434 28
1684534430008 0.5483160239434154 29
1684534430086 0.5385747624872766 30
1684534430155 0.5292995666110392 31
1684534430224 0.5203925715311153 32
1684534430286 0.5117740216580509 33
1684534430371 0.5033761437362916 34
1684534430440 0.4951414879296556 35
1684534430509 0.48702035338617045 36
1684534430572 0.4789689690801355 37
1684534430641 0.4709482623511269 38
1684534430710 0.46292304044918714 39
1684534430788 0.45486934839628196 40
1684534430857 0.4467519273933075 41
1684534430926 0.4385426559643012 42
1684534431004 0.4302204871384121 43
1684534431073 0.42176660801728844 44
1684534431142 0.4131647974683802 45
1684534431211 0.4044018688587994 46
1684534431289 0.3954677460610995 47
1684534431358 0.3863551639191895 48
1684534431427 0.37705924523749845 49
1684534431490 0.36757758842061583 50
1684534431559 0.3579095795614885 51
1684534431628 0.34805631381475727 52
1684534431713 0.3380197999716 53
1684534431775 0.32780755166170095 54
1684534431844 0.31742517598027503 55
1684534431913 0.3068778475054668 56
1684534431991 0.29617077201870945 57
1684534432060 0.28530919256571063 58
1684534432129 0.27429811088668227 59
1684534432208 0.26314232038303875 60
1684534432277 0.2518461623948738 61
1684534432346 0.2404135361739541 62
1684534432415 0.22884799087336816 63
1684534432477 0.21715259100206952 64
1684534432546 0.20532989006842373 65
1684534432615 0.1933821227210173 66
1684534432693 0.18131101997878818 67
1684534432747 0.16911800564299517 68
1684534432816 0.1568042453566999 69
1684534432894 0.1443704066907533 70
1684534432963 0.1318170982419612 71
1684534433032 0.11914917460102181 72
1684534433094 0.10636351708503711 73
1684534433164 0.09345868134108437 74
1684534433233 0.08043423974894659 75
1684534433311 0.06728965309108681 76
1684534433380 0.054024144263676965 77
1684534433449 0.040636894164117754 78
1684534433518 0.027127022694404923 79
1684534433580 0.013493372819016525 80
1684534433649 -0.000264994231272464 81
1684534433719 -0.014149371989538473 82
1684534433797 -0.02816086030080145 83
1684534433866 -0.04230056352120115 84
1684534433935 -0.05656979552815267 85
1684534434013 -0.07096974940778611 86
1684534434082 -0.0855015806523417 87
1684534434151 -0.10016663826157945 88
1684534434220 -0.11496604740635308 89
1684534434282 -0.12990096993411737 90
1684534434351 -0.14497269957019465 91
1684534434468 -0.16018245042241464 92
1684534434536 -0.17553127665263057 93
1684534434621 -0.19102043118673984 94
1684534434699 -0.2066510166313722 95
1684534434768 -0.22242423803908495 96
1684534434837 -0.23834109007446125 97
1684534434900 -0.2544025728250906 98
1684534434969 -0.2706098571451624 99
1684534435038 -0.2869638773533978 100
1684534435123 -0.3034656143737746 101
1684534435201 -0.3201161456537365 102
1684534435270 -0.3369164012981718 103
1684534435339 -0.35386713853949003 104
1684534435401 -0.3709694019300198 105
1684534435470 -0.3882238481721194 106
1684534435539 -0.40563143750050856 107
1684534435602 -0.42319316736718915 108
1684534435671 -0.44090933360101436 109
1684534435787 -0.4587811282261971 110
1684534435872 -0.4768091361067388 111
1684534435972 -0.4949939460319073 112
1684534436041 -0.5133365310108327 113
1684534436119 -0.5318372983231976 114
1684534436188 -0.5504968605130633 115
1684534436257 -0.5693161019754267 116
1684534436326 -0.5882951906567218 117
1684534436389 -0.6074352907598102 118
1684534436458 -0.6267364802149598 119
1684534436527 -0.6461995132885203 120
1684534436605 -0.6658247796128645 121
1684534436674 -0.6856130377373533 122
1684534436743 -0.7055644491494084 123
1684534436806 -0.725679656468101 124
1684534436890 -0.7459592035049567 125
1684534436959 -0.7664035705032717 126
1684534437028 -0.7870128622134895 127
1684534437091 -0.8077877367877992 128
1684534437160 -0.8287286088629484 129
1684534437229 -0.8498357103545167 130
1684534437307 -0.8711095882411712 131
1684534437376 -0.8925506333147459 132
1684534437445 -0.9141591818280694 133
1684534437523 -0.9359354773431843 134
1684534437592 -0.957879873207031 135
1684534437661 -0.9799927021681423 136
1684534437730 -1.002274400721466 137
1684534437793 -1.0247250888001653 138
1684534437878 -1.0473452785559891 139
1684534437947 -1.0701351664071572 140
1684534438009 -1.0930949925672002 141
1684534438078 -1.1162250871677315 142
1684534438147 -1.1395259336951205 143
1684534438232 -1.1629974449597682 144
1684534438294 -1.1866397280047818 145
1684534438363 -1.2104536894613707 146
1684534438432 -1.2344389645188438 147
1684534438511 -1.2585964205374394 148
1684534438580 -1.2829255745397812 149
1684534438649 -1.3074270656548665 150
1684534438727 -1.3321011297765986 151
1684534438796 -1.3569480597329464 152
1684534438865 -1.381967854409079 153
1684534438934 -1.4071605927933613 154
1684534438996 -1.432526847981533 155
1684534439066 -1.4580667444752806 156
1684534439135 -1.4837803932548617 157
1684534439213 -1.5096680559600215 158
1684534439282 -1.5357298066685097 159
1684534439351 -1.5619659921437214 160
1684534439429 -1.5883766209612196 161
1684534439498 -1.61496208468359 162
1684534439567 -1.6417224372867587 163
1684534439636 -1.66865780753612 164
1684534439698 -1.6957684426444282 165
1684534439768 -1.7230544700211845 166
1684534439952 -1.7505161361733101 167
1684534440137 -1.77815358296359 168
1684534440200 -1.8059671635719172 169
1684534440269 -1.833956328098418 170
1684534440338 -1.862122386337837 171
1684534440416 -1.8904647220645132 172
1684534440485 -1.918983289417496 173
1684534440554 -1.947678479183121 174
1684534440616 -1.9765512174052375 175
1684534440685 -2.005600494938139 176
1684534440755 -2.034827050933003 177
1684534440833 -2.0642308301548193 178
1684534440902 -2.093812182296875 179
1684534440955 -2.123570886305207 180
1684534441033 -2.1535074073802143 181
1684534441102 -2.1836221893531005 182
1684534441173 -2.213914495710328 183
1684534441403 -2.2443851367932637 184
1684534441488 -2.2750343316131314 185
1684534441557 -2.3058615636814186 186
1684534441619 -2.336867478256792 187
1684534441688 -2.3680519565888347 188
1684534441757 -2.399415438566011 189
1684534441836 -2.430957405691194 190
1684534441905 -2.4626787467007603 191
1684534441974 -2.4945794061684072 192
1684534442043 -2.526658914642089 193
1684534442105 -2.5589180225746015 194
1684534442174 -2.591356602173679 195
1684534442243 -2.623974735192595 196
1684534442321 -2.6567727882842966 197
1684534442391 -2.6897503136934637 198
1684534442460 -2.7229080923873954 199
1684534442522 -2.7562459741220557 200
1684534442607 -2.7897641679370095 201
1684534442660 -2.823462224386522 202
1684534442738 -2.857341033954962 203
1684534442807 -2.8913999321598047 204
1684534442876 -2.925639758221488 205
1684534442945 -2.96006061955035 206
1684534443008 -2.9946615256816136 207
1684534443077 -3.02944359073878 208
1684534443146 -3.0644070475914216 209
1684534443224 -3.0995511592128717 210
1684534443309 -3.134876786907394 211
1684534443378 -3.1703836455650474 212
1684534443447 -3.2060718184591663 213
1684534443525 -3.2419413837085043 214
1684534443594 -3.2779928615181957 215
1684534443663 -3.3142255184715994 216
1684534443741 -3.350640231886253 217
1684534443810 -3.3872367320684247 218
1684534443879 -3.4240153963206716 219
1684534443948 -3.46097602541866 220
1684534444011 -3.498118227408985 221
1684534444095 -3.5354428931632413 222
1684534444165 -3.572950112915198 223
1684534444227 -3.6106395626785672 224
1684534444296 -3.6485117025729896 225
1684534444365 -3.686566251300064 226
1684534444450 -3.7248028085428633 227
1684534444512 -3.7632223353904823 228
1684534444581 -3.801825178645658 229
1684534444650 -3.8406103622394463 230
1684534444713 -3.8795790512962145 231
1684534444782 -3.918730134852196 232
1684534444851 -3.9580640821568993 233
1684534444929 -3.9975814252072404 234
1684534444998 -4.037282095553627 235
1684534445067 -4.077165865086544 236
1684534445130 -4.117233548406206 237
1684534445199 -4.157484431316259 238
1684534445268 -4.197918209412755 239
1684534445346 -4.238536062827841 240
1684534445415 -4.279337274387187 241
1684534445484 -4.320322737079833 242
1684534445553 -4.361491736200337 243
1684534445616 -4.4028438466566655 244
1684534445685 -4.444380789103228 245
1684534445754 -4.486101390428312 246
1684534445832 -4.528006109248289 247
1684534445901 -4.570094575797902 248
1684534445954 -4.6123672952748285 249
1684534446032 -4.654824301546463 250
