1684534174130 1.8020878 1
1684534174198 1.6495109 2
1684534174277 1.5437078 3
1684534174341 1.5238761 4
1684534174426 1.547996 5
1684534174495 1.583393 6
1684534174573 1.6145724 7
1684534174642 1.6350813 8
1684534174727 1.6430084 9
1684534174796 1.6391014 10
1684534174874 1.6255231 11
1684534174943 1.6049263 12
1684534175012 1.5798724 13
1684534175090 1.5525337 14
1684534175159 1.5245886 15
1684534175228 1.4972292 16
1684534175297 1.4712257 17
1684534175376 1.4470091 18
1684534175445 1.424752 19
1684534175614 1.4044425 20
1684534175777 1.3859446 21
1684534175861 1.3690504 22
1684534175930 1.3535694 23
1684534175999 1.3392599 24
1684534176078 1.3258729 25
1684534176151 1.3131772 26
1684534176216 1.3009695 27
1684534176300 1.2890773 28
1684534176363 1.2773603 29
1684534176432 1.26571 30
1684534176501 1.2540469 31
1684534176563 1.2423174 32
1684534176632 1.2306018 33
1684534176701 1.2188135 34
1684534176780 1.2069302 35
1684534176849 1.1949627 36
1684534176918 1.1829324 37
1684534176996 1.1708674 38
1684534177065 1.1587987 39
1684534177134 1.1467566 40
1684534177203 1.1347728 41
1684534177281 1.1228762 42
1684534177350 1.1110942 43
1684534177404 1.0994518 44
1684534177482 1.0879704 45
1684534177551 1.0766684 46
1684534177620 1.0655608 47
1684534177682 1.0546598 48
1684534177751 1.0439744 49
1684534177820 1.0335107 50
1684534177883 1.0232726 51
1684534177967 1.013262 52
1684534178036 1.0034789 53
1684534178105 0.9939213 54
1684534178168 0.9845866 55
1684534178237 0.9754708 56
1684534178306 0.9665591 57
1684534178384 0.9578546 58
1684534178438 0.94935477 59
1684534178507 0.94105345 60
1684534178585 0.93294466 61
1684534178654 0.9250219 62
1684534178723 0.917279 63
1684534178785 0.90971005 64
1684534178854 0.9023088 65
1684534178923 0.89506984 66
1684534179008 0.88798714 67
1684534179071 0.88105524 68
1684534179140 0.8742692 69
1684534179209 0.8676238 70
1684534179287 0.8611144 71
1684534179356 0.85473627 72
1684534179425 0.84848523 73
1684534179525 0.8423572 74
1684534179603 0.8363483 75
1684534179672 0.8304547 76
1684534179741 0.824673 77
1684534179810 0.8189999 78
1684534179873 0.813432 79
1684534179942 0.80815315 80
1684534180011 0.8030178 81
1684534180089 0.79797494 82
1684534180158 0.7930176 83
1684534180227 0.7881435 84
1684534180312 0.7833494 85
1684534180374 0.778631 86
1684534180443 0.7739843 87
1684534180512 0.7694062 88
1684534180590 0.7648938 89
1684534180659 0.76044476 90
1684534180729 0.7560576 91
1684534180791 0.75173086 92
1684534180860 0.7474636 93
1684534180929 0.74325484 94
1684534181007 0.73910403 95
1684534181172 0.7350105 96
1684534181246 0.7309736 97
1684534181315 0.72699285 98
1684534181393 0.7230675 99
1684534181462 0.7191971 100
1684534181531 0.7153809 101
1684534181593 0.7116183 102
1684534181662 0.70790863 103
1684534181731 0.70425117 104
1684534181810 0.7006453 105
1684534181879 0.6970902 106
1684534181948 0.6935852 107
1684534182017 0.69012964 108
1684534182095 0.6867228 109
1684534182164 0.6833639 110
1684534182233 0.6800522 111
1684534182295 0.6767871 112
1684534182364 0.67356783 113
1684534182433 0.67039376 114
1684534182512 0.66726404 115
1684534182581 0.66417813 116
1684534182650 0.6611353 117
1684534182734 0.65813494 118
1684534182797 0.65517634 119
1684534182866 0.6522588 120
1684534182935 0.64938176 121
1684534183019 0.64654464 122
1684534183082 0.6437466 123
1684534183151 0.6409873 124
1684534183220 0.63826585 125
1684534183298 0.635582 126
1684534183367 0.6329348 127
1684534183436 0.63032395 128
1684534183499 0.6277487 129
1684534183568 0.6252087 130
1684534183637 0.6227032 131
1684534183715 0.62023175 132
1684534183784 0.61779374 133
1684534183853 0.6153888 134
1684534183922 0.61301625 135
1684534184000 0.6106757 136
1684534184069 0.60836667 137
1684534184138 0.6060885 138
1684534184216 0.6038409 139
1684534184285 0.6016233 140
1684534184354 0.5994352 141
1684534184423 0.5972762 142
1684534184502 0.5951458 143
1684534184571 0.5930437 144
1684534184640 0.59096926 145
1684534184702 0.58892214 146
1684534184771 0.5869019 147
1684534184840 0.5849081 148
1684534184903 0.5829404 149
1684534185141 0.58099836 150
1684534185241 0.57908154 151
1684534185341 0.57718956 152
1684534185419 0.57532203 153
1684534185488 0.5734786 154
1684534185558 0.57165885 155
1684534185627 0.5698625 156
1684534185689 0.568089 157
1684534185758 0.5663382 158
1684534185827 0.56460965 159
1684534185905 0.5629029 160
1684534185974 0.56121784 161
1684534186043 0.559554 162
1684534186106 0.557911 163
1684534186190 0.55628854 164
1684534186259 0.5546863 165
1684534186360 0.5531041 166
1684534186429 0.55154145 167
1684534186507 0.54999804 168
1684534186576 0.5484737 169
1684534186645 0.5469681 170
1684534186707 0.54548085 171
1684534186777 0.54401165 172
1684534186846 0.54256034 173
1684534186908 0.5411266 174
1684534186977 0.5397101 175
1684534187046 0.53831065 176
1684534187124 0.53692794 177
1684534187193 0.5355617 178
1684534187262 0.53421164 179
1684534187331 0.53287756 180
1684534187394 0.5315592 181
1684534187478 0.5302563 182
1684534187532 0.52896863 183
1684534187610 0.527696 184
1684534187679 0.52643806 185
1684534187748 0.52519464 186
1684534187811 0.52396554 187
1684534187880 0.52275056 188
1684534187949 0.52154934 189
1684534188011 0.5203619 190
1684534188096 0.51918775 191
1684534188165 0.5180269 192
1684534188234 0.516879 193
1684534188296 0.51574403 194
1684534188365 0.5146217 195
1684534188434 0.5135117 196
1684534188513 0.512414 197
1684534188582 0.51132834 198
1684534188635 0.51025456 199
1684534188713 0.5091925 200
1684534188782 0.508142 201
1684534188851 0.5071028 202
1684534188914 0.5060748 203
1684534188983 0.50505775 204
1684534189052 0.5040516 205
1684534189136 0.50305617 206
1684534189199 0.5020712 207
1684534189268 0.50109667 208
1684534189337 0.5001323 209
1684534189415 0.49917805 210
1684534189484 0.49823374 211
1684534189553 0.4972992 212
1684534189616 0.49637434 213
1684534189685 0.49545896 214
1684534189754 0.49455297 215
1684534189832 0.49365628 216
1684534189901 0.4927686 217
1684534189970 0.49188995 218
1684534190039 0.4910202 219
1684534190102 0.49015915 220
1684534190171 0.48930675 221
1684534190240 0.48846287 222
1684534190302 0.48762733 223
1684534190371 0.48680007 224
1684534190440 0.48598096 225
1684534190518 0.48516995 226
1684534190587 0.48436683 227
1684534190672 0.4835716 228
1684534190741 0.4827841 229
1684534190819 0.4820042 230
1684534190904 0.48123187 231
1684534190973 0.48046696 232
1684534191042 0.47970945 233
1684534191104 0.47895914 234
1684534191174 0.478216 235
1684534191242 0.47747993 236
1684534191320 0.47675082 237
1684534191389 0.47602865 238
1684534191458 0.4753133 239
1684534191520 0.47460467 240
1684534191589 0.47390264 241
1684534191658 0.47320727 242
1684534191844 0.4725183 243
1684534192044 0.47183576 244
1684534192122 0.47115955 245
1684534192191 0.47048962 246
1684534192339 0.46982586 247
1684534192461 0.46916825 248
1684534192524 0.46851665 249
1684534192593 0.46787098 250
