1684536176564 1.8901995 1
1684536176653 1.7307836 2
1684536176727 1.62035 3
1684536176796 1.6004231 4
1684536176867 1.6269099 5
1684536176943 1.665391 6
1684536177012 1.699549 7
1684536177081 1.7225523 8
1684536177144 1.7323549 9
1684536177228 1.7297103 10
1684536177282 1.7168572 11
1684536177360 1.6965499 12
1684536177429 1.6714525 13
1684536177498 1.6438297 14
1684536177576 1.6154364 15
1684536177645 1.5875264 16
1684536177714 1.5609124 17
1684536177783 1.5360504 18
1684536177861 1.5131228 19
1684536177999 1.4921153 20
1684536178146 1.4728807 21
1684536178231 1.45519 22
1684536178300 1.4387729 23
1684536178378 1.4233463 24
1684536178447 1.4086359 25
1684536178516 1.3943894 26
1684536178585 1.3803864 27
1684536178663 1.3664424 28
1684536178732 1.3524158 29
1684536178801 1.3382716 30
1684536178864 1.3239548 31
1684536178933 1.3094193 32
1684536179002 1.2946432 33
1684536179080 1.2796264 34
1684536179149 1.264384 35
1684536179218 1.2489437 36
1684536179287 1.2333412 37
1684536179365 1.2176173 38
1684536179434 1.2018154 39
1684536179503 1.1859794 40
1684536179581 1.1701522 41
1684536179650 1.1543746 42
1684536179719 1.1386843 43
1684536179788 1.1231153 44
1684536179866 1.1076978 45
1684536179935 1.092458 46
1684536180004 1.0774179 47
1684536180083 1.062596 48
1684536180152 1.048007 49
1684536180221 1.0336623 50
1684536180290 1.0195707 51
1684536180352 1.005738 52
1684536180421 0.9921682 53
1684536180490 0.97886294 54
1684536180568 0.9658225 55
1684536180637 0.95304596 56
1684536180706 0.940531 57
1684536180769 0.92827487 58
1684536180854 0.9162738 59
1684536180923 0.90452373 60
1684536180992 0.8930206 61
1684536181054 0.88175935 62
1684536181139 0.87073547 63
1684536181208 0.8599441 64
1684536181270 0.8493756 65
1684536181339 0.8390284 66
1684536181424 0.82889867 67
1684536181493 0.8189817 68
1684536181555 0.80927306 69
1684536181624 0.79976845 70
1684536181693 0.7904637 71
1684536181772 0.7813546 72
1684536181841 0.77243733 73
1684536181910 0.7637078 74
1684536181972 0.7551625 75
1684536182057 0.74679756 76
1684536182126 0.7386095 77
1684536182311 0.73059475 78
1684536182395 0.7227497 79
1684536182458 0.7150713 80
1684536182527 0.7075559 81
1684536182596 0.7002003 82
1684536182674 0.69309145 83
1684536182743 0.68615675 84
1684536182812 0.6793698 85
1684536182875 0.6727253 86
1684536182944 0.6662206 87
1684536183013 0.65985215 88
1684536183091 0.6536162 89
1684536183160 0.64750916 90
1684536183229 0.64152765 91
1684536183298 0.63566846 92
1684536183376 0.62992895 93
1684536183445 0.62430644 94
1684536183530 0.61879855 95
1684536183599 0.6134032 96
1684536183661 0.6081182 97
1684536183730 0.6029415 98
1684536183799 0.5978712 99
1684536183877 0.5929053 100
1684536183946 0.5880419 101
1684536184015 0.58327913 102
1684536184094 0.57861495 103
1684536184163 0.5740477 104
1684536184232 0.5695753 105
1684536184301 0.5651959 106
1684536184379 0.56090784 107
1684536184448 0.5567091 108
1684536184517 0.5525979 109
1684536184595 0.54857236 110
1684536184664 0.5446309 111
1684536184749 0.5407715 112
1684536184818 0.53699267 113
1684536184896 0.5332925 114
1684536184949 0.52966934 115
1684536185018 0.52612156 116
1684536185096 0.5226475 117
1684536185165 0.5192456 118
1684536185234 0.5159143 119
1684536185303 0.5126519 120
1684536185381 0.509457 121
1684536185451 0.5063281 122
1684536185520 0.5032636 123
1684536185582 0.5002622 124
1684536185651 0.49732244 125
1684536185720 0.49444288 126
1684536185783 0.4916223 127
1684536185852 0.48885924 128
1684536185921 0.4861525 129
1684536185999 0.48350075 130
1684536186068 0.48090276 131
1684536186137 0.47835734 132
1684536186206 0.47586334 133
1684536186268 0.47341955 134
1684536186353 0.4710248 135
1684536186422 0.46867803 136
1684536186484 0.4663782 137
1684536186554 0.46412423 138
1684536186623 0.46191502 139
1684536186685 0.45974964 140
1684536186754 0.45762712 141
1684536186823 0.45554647 142
1684536186899 0.45350674 143
1684536186970 0.451507 144
1684536187039 0.44954646 145
1684536187108 0.44762415 146
1684536187171 0.44573927 147
1684536187240 0.44389093 148
1684536187309 0.4420784 149
1684536187387 0.44030094 150
1684536187456 0.43855762 151
1684536187525 0.43684784 152
1684536187772 0.43517077 153
1684536187841 0.43352574 154
1684536187926 0.43191206 155
1684536187988 0.43032902 156
1684536188058 0.428776 157
1684536188127 0.42725232 158
1684536188205 0.42575735 159
1684536188258 0.42429054 160
1684536188327 0.42285118 161
1684536188412 0.42143878 162
1684536188474 0.42005268 163
1684536188543 0.4186924 164
1684536188612 0.4173574 165
1684536188690 0.41604704 166
1684536188759 0.41476095 167
1684536188828 0.4134985 168
1684536188907 0.41225928 169
1684536188976 0.41104278 170
1684536189045 0.4098485 171
1684536189114 0.40867606 172
1684536189192 0.40752494 173
1684536189261 0.40639472 174
1684536189330 0.405285 175
1684536189408 0.4041953 176
1684536189477 0.40312532 177
1684536189546 0.40207452 178
1684536189615 0.40104267 179
1684536189693 0.40002927 180
1684536189762 0.39903402 181
1684536189831 0.3980565 182
1684536189894 0.3970964 183
1684536189963 0.3961534 184
1684536190032 0.39522707 185
1684536190110 0.39431715 186
1684536190179 0.39342335 187
1684536190248 0.39254528 188
1684536190317 0.39168274 189
1684536190379 0.3908353 190
1684536190464 0.39000276 191
1684536190533 0.38918477 192
1684536190596 0.3883811 193
1684536190665 0.38759142 194
1684536190734 0.3868156 195
1684536190812 0.3860532 196
1684536190865 0.3853041 197
1684536190934 0.38456804 198
1684536191012 0.38384467 199
1684536191081 0.38313383 200
1684536191150 0.38243532 201
1684536191219 0.38174883 202
1684536191282 0.3810742 203
1684536191351 0.38041118 204
1684536191436 0.37975958 205
1684536191498 0.37911916 206
1684536191567 0.3784898 207
1684536191636 0.3778712 208
1684536191721 0.37726322 209
1684536191783 0.37666568 210
1684536191852 0.3760783 211
1684536191921 0.3755011 212
1684536191999 0.37493366 213
1684536192068 0.37437597 214
1684536192137 0.37382782 215
1684536192200 0.37328902 216
1684536192269 0.37275943 217
1684536192354 0.37223887 218
1684536192423 0.37172726 219
1684536192501 0.37122434 220
1684536192570 0.37073004 221
1684536192639 0.37024415 222
1684536192701 0.3697666 223
1684536192786 0.36929718 224
1684536192855 0.3688358 225
1684536192924 0.36838233 226
1684536193002 0.36793658 227
1684536193071 0.36749852 228
1684536193140 0.36706793 229
1684536193218 0.36664477 230
1684536193287 0.36622885 231
1684536193425 0.3658201 232
1684536193541 0.36541837 233
1684536193619 0.36502358 234
1684536193688 0.3646356 235
1684536193757 0.36425436 236
1684536193826 0.36387968 237
1684536193905 0.3635115 238
1684536193974 0.36314976 239
1684536194043 0.3627943 240
1684536194121 0.36244503 241
1684536194190 0.36210188 242
1684536194259 0.36176476 243
1684536194328 0.36143357 244
1684536194506 0.36110818 245
1684536194575 0.36078855 246
1684536194644 0.3604746 247
1684536194729 0.36016622 248
1684536194791 0.35986334 249
1684536194861 0.35956588 250
