1684535964600 1.9214538 1
1684535964668 1.7640767 2
1684535964750 1.6551565 3
1684535964819 1.6356122 4
1684535964888 1.6617799 5
1684535964951 1.6995906 6
1684535965035 1.7329262 7
1684535965105 1.755075 8
1684535965188 1.7640587 9
1684535965251 1.760661 10
1684535965320 1.7471204 11
1684535965389 1.7261696 12
1684535965467 1.7004362 13
1684535965536 1.6721411 14
1684535965621 1.6429965 15
1684535965690 1.6142193 16
1684535965752 1.5865974 17
1684535965837 1.5605738 18
1684535965906 1.5363281 19
1684535966007 1.5138518 20
1684535966069 1.4930096 21
1684535966138 1.4735906 22
1684535966207 1.4553455 23
1684535966292 1.4380152 24
1684535966354 1.4213504 25
1684535966439 1.4051253 26
1684535966508 1.3891447 27
1684535966581 1.3732481 28
1684535966655 1.3573115 29
1684535966724 1.3412448 30
1684535966793 1.3249892 31
1684535966855 1.3085135 32
1684535966924 1.2918103 33
1684535967009 1.2748911 34
1684535967072 1.2577821 35
1684535967141 1.2405207 36
1684535967210 1.2231507 37
1684535967272 1.2057214 38
1684535967341 1.1882824 39
1684535967410 1.1708835 40
1684535967488 1.1535727 41
1684535967557 1.1363943 42
1684535967627 1.1193888 43
1684535967696 1.1025926 44
1684535967758 1.0860369 45
1684535967827 1.0697488 46
1684535967896 1.0537504 47
1684535967974 1.0380595 48
1684535968043 1.02269 49
1684535968112 1.0076526 50
1684535968197 0.9929539 51
1684535968260 0.97859824 52
1684535968344 0.96458757 53
1684535968413 0.95092136 54
1684535968476 0.9375977 55
1684535968560 0.924613 56
1684535968629 0.9119625 57
1684535968698 0.89964056 58
1684535968761 0.8876409 59
1684535968846 0.8759565 60
1684535968915 0.86458015 61
1684535968977 0.8535043 62
1684535969046 0.8427213 63
1684535969115 0.8322234 64
1684535969194 0.8220029 65
1684535969263 0.81205213 66
1684535969332 0.8023636 67
1684535969401 0.7929299 68
1684535969463 0.7837436 69
1684535969532 0.77479804 70
1684535969601 0.7660859 71
1684535969679 0.7576008 72
1684535969748 0.7493361 73
1684535969818 0.74128556 74
1684535969896 0.733443 75
1684535969965 0.72580254 76
1684535970034 0.7183583 77
1684535970103 0.71110487 78
1684535970181 0.7040367 79
1684535970250 0.6971487 80
1684535970319 0.6904355 81
1684535970382 0.68389225 82
1684535970451 0.6775142 83
1684535970535 0.6712966 84
1684535970604 0.66523486 85
1684535970667 0.6593246 86
1684535970752 0.65356153 87
1684535970821 0.64794147 88
1684535970883 0.64246035 89
1684535970952 0.63711417 90
1684535971021 0.6318991 91
1684535971099 0.62681156 92
1684535971168 0.62184775 93
1684535971237 0.6170043 94
1684535971306 0.6122776 95
1684535971369 0.60766447 96
1684535971438 0.60316163 97
1684535971569 0.59876597 98
1684535971638 0.59447443 99
1684535971708 0.5902841 100
1684535971786 0.58619213 101
1684535971855 0.58219564 102
1684535971924 0.578292 103
1684535972002 0.57447857 104
1684535972055 0.57075286 105
1684535972140 0.56711245 106
1684535972209 0.56355476 107
1684535972271 0.5600777 108
1684535972341 0.55667895 109
1684535972410 0.5533563 110
1684535972488 0.5501077 111
1684535972557 0.54693115 112
1684535972626 0.54382455 113
1684535972710 0.5407861 114
1684535972773 0.5378139 115
1684535972842 0.53490615 116
1684535972911 0.5320611 117
1684535972989 0.5292771 118
1684535973058 0.52655256 119
1684535973127 0.5238858 120
1684535973212 0.5212753 121
1684535973290 0.5187197 122
1684535973359 0.51621735 123
1684535973428 0.513767 124
1684535973491 0.5113673 125
1684535973591 0.50901693 126
1684535973660 0.5067146 127
1684535973729 0.5044591 128
1684535973807 0.5022491 129
1684535973876 0.5000837 130
1684535973945 0.49796158 131
1684535974014 0.4958817 132
1684535974077 0.49384308 133
1684535974146 0.4918446 134
1684535974215 0.48988533 135
1684535974293 0.4879643 136
1684535974362 0.48608053 137
1684535974431 0.48423314 138
1684535974494 0.48242134 139
1684535974578 0.48064414 140
1684535974647 0.47890076 141
1684535974717 0.4771904 142
1684535974795 0.4755123 143
1684535974864 0.4738657 144
1684535974933 0.4722498 145
1684535975017 0.47066396 146
1684535975092 0.4691075 147
1684535975149 0.46757966 148
1684535975234 0.46607986 149
1684535975296 0.46460742 150
1684535975365 0.4631617 151
1684535975434 0.46174216 152
1684535975497 0.4603482 153
1684535975581 0.45897916 154
1684535975651 0.4576346 155
1684535975719 0.45631397 156
1684535975782 0.45501667 157
1684535975851 0.45374227 158
1684535975920 0.4524902 159
1684535975998 0.45126003 160
1684535976067 0.45005125 161
1684535976136 0.4488635 162
1684535976199 0.4476962 163
1684535976268 0.44654897 164
1684535976337 0.44542143 165
1684535976415 0.44431305 166
1684535976468 0.4432236 167
1684535976538 0.44215253 168
1684535976622 0.44109958 169
1684535976685 0.44006425 170
1684535976754 0.43904632 171
1684535976823 0.43804538 172
1684535976901 0.437061 173
1684535976970 0.43609297 174
1684535977039 0.4351409 175
1684535977124 0.43420446 176
1684535977186 0.43328342 177
1684535977271 0.4323774 178
1684535977340 0.4314861 179
1684535977402 0.43060923 180
1684535977471 0.42974657 181
1684535977540 0.4288978 182
1684535977625 0.42806262 183
1684535977703 0.42724088 184
1684535977788 0.42643222 185
1684535977857 0.42563635 186
1684535977926 0.4248532 187
1684535977989 0.42408234 188
1684535978058 0.42332366 189
1684535978142 0.42257684 190
1684535978205 0.42184183 191
1684535978274 0.42111823 192
1684535978343 0.42040592 193
1684535978421 0.41970462 194
1684535978474 0.4190142 195
1684535978543 0.41833442 196
1684535978622 0.41766512 197
1684535978691 0.4170061 198
1684535978760 0.41635716 199
1684535978829 0.41571814 200
1684535978907 0.41508883 201
1684535978976 0.41446912 202
1684535979045 0.41385877 203
1684535979108 0.41325766 204
1684535979177 0.4126656 205
1684535979246 0.41208243 206
1684535979324 0.41150802 207
1684535979393 0.41094226 208
1684535979462 0.41038492 209
1684535979531 0.40983585 210
1684535979593 0.40929502 211
1684535979662 0.4087622 212
1684535979731 0.40823722 213
1684535979810 0.40772003 214
1684535979879 0.40721047 215
1684535979948 0.40670845 216
1684535980026 0.4062137 217
1684535980079 0.4057263 218
1684535980148 0.40524602 219
1684535980226 0.40477276 220
1684535980295 0.4043064 221
1684535980365 0.40384683 222
1684535980434 0.40339392 223
1684535980496 0.40294763 224
1684535980565 0.40250778 225
1684535980634 0.40207434 226
1684535980712 0.40164712 227
1684535980781 0.4012261 228
1684535980850 0.4008111 229
1684535980928 0.40040213 230
1684535980997 0.39999902 231
1684535981067 0.39960167 232
1684535981136 0.39921007 233
1684535981198 0.39882407 234
1684535981283 0.39844358 235
1684535981367 0.39806858 236
1684535981436 0.39769888 237
1684535981499 0.39733452 238
1684535981568 0.39697534 239
1684535981637 0.39662126 240
1684535981715 0.39627224 241
1684535981784 0.3959282 242
1684535981853 0.39558902 243
1684535981931 0.39525473 244
1684535982000 0.39492518 245
1684535982069 0.3946003 246
1684535982139 0.39428008 247
1684535982201 0.39396432 248
1684535982270 0.39365312 249
1684535982339 0.39334634 250
