1684536133711 1.8372503519916723 1
1684536133792 1.563622416262276 2
1684536133855 1.3859660974625088 3
1684536133923 1.316620830692503 4
1684536133992 1.294793303854036 5
1684536134077 1.2823722705517304 6
1684536134139 1.2640645380086328 7
1684536134224 1.2346806185826729 8
1684536134293 1.1936697013206077 9
1684536134356 1.142974099147497 10
1684536134440 1.0856800109379767 11
1684536134509 1.0251192573843066 12
1684536134578 0.9643932918693312 13
1684536134656 0.9060711723072633 14
1684536134725 0.8521366851932156 15
1684536134794 0.8036697453050846 16
1684536134873 0.7609897381010124 17
1684536134942 0.7238989946385859 18
1684536135011 0.6919114259241003 19
1684536135080 0.6644169111460483 20
1684536135142 0.6407810371029139 21
1684536135227 0.620399570829135 22
1684536135296 0.6027255712651682 23
1684536135358 0.5872800909706714 24
1684536135427 0.5736540597495949 25
1684536135512 0.5615044737596568 26
1684536135581 0.5505484437988877 27
1684536135659 0.5405552843513142 28
1684536135728 0.5313679956536237 29
1684536135797 0.5228142190285544 30
1684536135881 0.5147672717988594 31
1684536135960 0.5071316178114471 32
1684536136029 0.4998313486641607 33
1684536136098 0.49280466588587485 34
1684536136160 0.48600067052828627 35
1684536136229 0.4793764909670695 36
1684536136298 0.4728982710404389 37
1684536136376 0.4665323092018047 38
1684536136445 0.4602486157041969 39
1684536136514 0.4540199780429399 40
1684536136583 0.44782108021220934 41
1684536136661 0.44162796827040907 42
1684536136731 0.4354180096368727 43
1684536136800 0.42916999808270156 44
1684536136867 0.4228640614738929 45
1684536136946 0.41648194714941306 46
1684536137015 0.41000707495015887 47
1684536137084 0.4034246186431552 48
1684536137147 0.39672160104592497 49
1684536137216 0.38988682884429077 50
1684536137300 0.3829111288850515 51
1684536137363 0.3757868185620369 52
1684536137432 0.36850807289257165 53
1684536137501 0.361069365133146 54
1684536137579 0.35347133681584647 55
1684536137648 0.3457137200237401 56
1684536137717 0.3377958721851185 57
1684536137786 0.3297179928454493 58
1684536137864 0.32148101145430735 59
1684536137933 0.3130863872025398 60
1684536138002 0.30453607518981396 61
1684536138065 0.29583230148219114 62
1684536138134 0.28697752810185145 63
1684536138203 0.27797443103584674 64
1684536138288 0.2688257537565526 65
1684536138350 0.2595342811357766 66
1684536138419 0.25010292503455056 67
1684536138488 0.24053439337400362 68
1684536138566 0.2308314741633325 69
1684536138635 0.22099675823428844 70
1684536138704 0.2110329271404413 71
1684536138789 0.20094230463441676 72
1684536138851 0.19072734163728478 73
1684536138920 0.1803900823821466 74
1684536138989 0.16993265097530286 75
1684536139068 0.15937103390566487 76
1684536139137 0.1486960365250738 77
1684536139206 0.137905441218085 78
1684536139268 0.12700021453507726 79
1684536139353 0.1159819045094449 80
1684536139422 0.10485150724780812 81
1684536139491 0.0936101051157614 82
1684536139553 0.0822584367033915 83
1684536139622 0.07079746271315457 84
1684536139691 0.05922783550548749 85
1684536139769 0.047550345903065505 86
1684536139839 0.0357656714557123 87
1684536139908 0.023874494598903895 88
1684536139970 0.011877340979530082 89
1684536140055 -0.00022523231690529943 90
1684536140124 -0.012432766757406344 91
1684536140193 -0.024744834764739876 92
1684536140255 -0.03716100861255067 93
1684536140340 -0.049681151137749735 94
1684536140409 -0.0623047204856203 95
1684536140471 -0.07503177516372328 96
1684536140540 -0.08786198674430179 97
1684536140625 -0.10079520894086824 98
1684536140694 -0.11383145788211468 99
1684536140841 -0.12697047460247435 100
1684536141026 -0.14021228061956825 101
1684536141095 -0.1535569781114945 102
1684536141195 -0.16700432683928612 103
1684536141289 -0.18055453882379913 104
1684536141358 -0.194207508868256 105
1684536141427 -0.20796338344591925 106
1684536141496 -0.22182217209501476 107
1684536141574 -0.2357839755693919 108
1684536141643 -0.24984881242977053 109
1684536141712 -0.26401670331496063 110
1684536141790 -0.2782879015608217 111
1684536141891 -0.29266240025389667 112
1684536141981 -0.3071401933902127 113
1684536142051 -0.3217215908313913 114
1684536142121 -0.3364065373736138 115
1684536142193 -0.3511952267368479 116
1684536142263 -0.36608775890445133 117
1684536142338 -0.38108416811733403 118
1684536142414 -0.3961846482495859 119
1684536142491 -0.4113893522902303 120
1684536142569 -0.42669815275460254 121
1684536142645 -0.442111334741389 122
1684536142717 -0.45762904420676254 123
1684536142787 -0.4732512671976581 124
1684536142870 -0.48897824724748373 125
1684536142971 -0.5048101240598273 126
1684536143072 -0.520746676094719 127
1684536143156 -0.5367884398045395 128
1684536143234 -0.552935172437067 129
1684536143321 -0.5691871916253597 130
1684536143410 -0.5855445544368019 131
1684536143484 -0.6020070656608345 132
1684536143569 -0.6185753224100516 133
1684536143660 -0.6352491712442645 134
1684536143734 -0.6520285305331885 135
1684536143807 -0.6689139063305212 136
1684536143879 -0.6859048144841389 137
1684536143957 -0.7030017836444904 138
1684536144048 -0.7202046692848227 139
1684536144125 -0.7375135922195128 140
1684536144200 -0.7549287717139768 141
1684536144274 -0.772449793799048 142
1684536144345 -0.7900773463718027 143
1684536144432 -0.80781097488332 144
1684536144506 -0.8256509688635338 145
1684536144579 -0.843597257594684 146
1684536144655 -0.8616500344554516 147
1684536144734 -0.8798090401251926 148
1684536144805 -0.8980745387787215 149
1684536144882 -0.916446519226807 150
1684536144972 -0.9349249736974397 151
1684536145043 -0.953509802413252 152
1684536145118 -0.9722011806570301 153
1684536145189 -0.9909988837053019 154
1684536145276 -1.009903126473949 155
1684536145360 -1.0289138287181123 156
1684536145442 -1.0480307975808878 157
1684536145522 -1.0672543426500851 158
1684536145608 -1.0865839149858363 159
1684536145692 -1.1060199714239414 160
1684536145763 -1.125562396520534 161
1684536145837 -1.1452111213386458 162
1684536145923 -1.164965842033388 163
1684536145998 -1.1848267589437718 164
1684536146069 -1.2047938473895121 165
1684536146141 -1.224866920512599 166
1684536146215 -1.2450458397178743 167
1684536146287 -1.2653305545920261 168
1684536146359 -1.2857211787283769 169
1684536146429 -1.3062176519487474 170
1684536146500 -1.3268194390302022 171
1684536146569 -1.3475269488724753 172
1684536146642 -1.3683398396411532 173
1684536146717 -1.3892581293195203 174
1684536146788 -1.4102818566309356 175
1684536146859 -1.4314104814072361 176
1684536146933 -1.4526445691946472 177
1684536147005 -1.4739832303018192 178
1684536147076 -1.495426956470676 179
1684536147145 -1.5169754255036514 180
1684536147214 -1.5386284672424517 181
1684536147282 -1.5603860438130766 182
1684536147350 -1.582248204862642 183
1684536147421 -1.6042145199879068 184
1684536147491 -1.6262851776833367 185
1684536147562 -1.6484597570305823 186
1684536147635 -1.6707382798603747 187
1684536147705 -1.693120515874731 188
1684536147779 -1.7156066572786473 189
1684536147850 -1.7381964817200828 190
1684536147920 -1.7608896978309452 191
1684536147991 -1.7836857997920745 192
1684536148239 -1.8065856515831769 193
1684536148314 -1.8295884509596778 194
1684536148393 -1.852694213000785 195
1684536148460 -1.8759026146604567 196
1684536148529 -1.8992138858435426 197
1684536148598 -1.9226277516373997 198
1684536148676 -1.9461439522497161 199
1684536148761 -1.9697624744743103 200
1684536148830 -1.993483235003613 201
1684536148915 -2.017305962703727 202
1684536148999 -2.0412308723040278 203
1684536149077 -2.06525726222915 204
1684536149162 -2.089385643819789 205
1684536149231 -2.1136156092057314 206
1684536149300 -2.1379466296764233 207
1684536149378 -2.1623791420500713 208
1684536149447 -2.186912956704193 209
1684536149516 -2.2115478732904625 210
1684536149579 -2.2362834129603493 211
1684536149648 -2.261120082938902 212
1684536149717 -2.2860572135141433 213
1684536149801 -2.311095136028844 214
1684536149880 -2.3362331200091293 215
1684536149949 -2.3614717944077332 216
1684536150018 -2.3868107262893568 217
1684536150096 -2.4122495622694493 218
1684536150165 -2.4377883459018435 219
1684536150234 -2.463427401522478 220
1684536150303 -2.489165643105131 221
1684536150365 -2.5150036066446133 222
1684536150434 -2.54094151921506 223
1684536150503 -2.5669789769244513 224
1684536150581 -2.593115037367857 225
1684536150651 -2.6193507875646893 226
1684536150720 -2.645685782144043 227
1684536150798 -2.672119448182752 228
1684536150867 -2.698651955078416 229
1684536150936 -2.7252837357441657 230
1684536151005 -2.7520137232908293 231
1684536151067 -2.7788424117590123 232
1684536151136 -2.8057698826345177 233
1684536151205 -2.832795428272407 234
1684536151283 -2.859919588946965 235
1684536151352 -2.887141591762723 236
1684536151421 -2.91446229838169 237
1684536151484 -2.9418806804686075 238
1684536151569 -2.9693963542211104 239
1684536151622 -2.9970106397823812 240
1684536151707 -3.024722813018579 241
1684536151769 -3.0525321709247293 242
1684536151838 -3.0804391676590392 243
1684536151907 -3.108440665358057 244
1684536151985 -3.136538749776308 245
1684536152054 -3.1647343066568223 246
1684536152139 -3.1930270634355806 247
1684536152208 -3.221417558935176 248
1684536152286 -3.2499046694675466 249
1684536152355 -3.27848923045233 250
