1684533165052 1.9599007 1
1684533165120 1.7961752 2
1684533165201 1.682749 3
1684533165279 1.662043 4
1684533165348 1.6887784 5
1684533165417 1.7276292 6
1684533165494 1.7619082 7
1684533165573 1.7846866 8
1684533165649 1.7939403 9
1684533165718 1.7905006 10
1684533165787 1.7767024 11
1684533165865 1.7553946 12
1684533165934 1.7293209 13
1684533166003 1.7008079 14
1684533166065 1.671653 15
1684533166135 1.6431359 16
1684533166204 1.6160836 17
1684533166282 1.5909585 18
1684533166351 1.5679433 19
1684533166420 1.5470214 20
1684533166489 1.5280406 21
1684533166551 1.5107661 22
1684533166620 1.4949207 23
1684533166705 1.4802146 24
1684533166768 1.4663665 25
1684533166890 1.4531176 26
1684533166968 1.4402411 27
1684533167047 1.4275457 28
1684533167106 1.4148782 29
1684533167185 1.4021226 30
1684533167254 1.3891957 31
1684533167323 1.3760886 32
1684533167392 1.3628242 33
1684533167454 1.349409 34
1684533167523 1.3358542 35
1684533167592 1.3221822 36
1684533167670 1.3084248 37
1684533167739 1.2946186 38
1684533167809 1.280802 39
1684533167887 1.2670138 40
1684533167956 1.2532916 41
1684533168025 1.2396698 42
1684533168094 1.2261803 43
1684533168156 1.212851 44
1684533168225 1.199706 45
1684533168294 1.1867653 46
1684533168373 1.1740453 47
1684533168442 1.1615589 48
1684533168495 1.1493149 49
1684533168573 1.13732 50
1684533168642 1.1255777 51
1684533168711 1.1140893 52
1684533168789 1.1028541 53
1684533168858 1.0918695 54
1684533168927 1.0811318 55
1684533168996 1.0706363 56
1684533169075 1.060377 57
1684533169144 1.0503476 58
1684533169213 1.0405416 59
1684533169275 1.0309517 60
1684533169344 1.021571 61
1684533169413 1.0123923 62
1684533169491 1.0034084 63
1684533169545 0.9946126 64
1684533169629 0.985998 65
1684533169698 0.97755814 66
1684533169777 0.969287 67
1684533169846 0.96117854 68
1684533169915 0.9532272 69
1684533169977 0.94542766 70
1684533170046 0.93777484 71
1684533170115 0.9302639 72
1684533170178 0.9228904 73
1684533170247 0.91565007 74
1684533170316 0.90853894 75
1684533170401 0.9015531 76
1684533170463 0.894689 77
1684533170548 0.8879434 78
1684533170617 0.88131285 79
1684533170833 0.8747945 80
1684533171002 0.8683852 81
1684533171080 0.8620824 82
1684533171149 0.8558836 83
1684533171218 0.8497859 84
1684533171296 0.8437873 85
1684533171365 0.8378855 86
1684533171434 0.83207804 87
1684533171504 0.826363 88
1684533171566 0.82073843 89
1684533171635 0.8152024 90
1684533171704 0.80975306 91
1684533171782 0.80438846 92
1684533171851 0.7991071 93
1684533171920 0.7939073 94
1684533171983 0.7887874 95
1684533172099 0.78374594 96
1684533172168 0.77878135 97
1684533172237 0.7738923 98
1684533172306 0.7690773 99
1684533172368 0.76433516 100
1684533172437 0.75966436 101
1684533172507 0.7550638 102
1684533172585 0.7505323 103
1684533172654 0.7460685 104
1684533172723 0.74179673 105
1684533172785 0.7376206 106
1684533172854 0.73350674 107
1684533172939 0.72945106 108
1684533173008 0.7254527 109
1684533173086 0.72151005 110
1684533173155 0.7176207 111
1684533173224 0.71378267 112
1684533173287 0.7099941 113
1684533173356 0.7062535 114
1684533173425 0.70255995 115
1684533173503 0.69891244 116
1684533173572 0.6953105 117
1684533173641 0.69175375 118
1684533173710 0.68824196 119
1684533173773 0.68477476 120
1684533173842 0.6813522 121
1684533173926 0.67797387 122
1684533173989 0.67463964 123
1684533174058 0.6713494 124
1684533174127 0.6681027 125
1684533174205 0.66489935 126
1684533174274 0.661739 127
1684533174343 0.6586212 128
1684533174412 0.6555458 129
1684533174475 0.6525122 130
1684533174544 0.64952 131
1684533174613 0.64656883 132
1684533174675 0.64365816 133
1684533174744 0.6407876 134
1684533174829 0.6379566 135
1684533174891 0.6351646 136
1684533174960 0.63241136 137
1684533175029 0.6296961 138
1684533175108 0.62701845 139
1684533175177 0.6243779 140
1684533175246 0.62177384 141
1684533175315 0.61920595 142
1684533175377 0.6166734 143
1684533175446 0.61417603 144
1684533175515 0.61171305 145
1684533175593 0.60928416 146
1684533175662 0.60688865 147
1684533175731 0.6045262 148
1684533175794 0.6021962 149
1684533175878 0.5998983 150
1684533175947 0.5976318 151
1684533176016 0.59539634 152
1684533176079 0.59319144 153
1684533176148 0.59101653 154
1684533176233 0.58887136 155
1684533176295 0.58675516 156
1684533176364 0.5846678 157
1684533176433 0.58260846 158
1684533176496 0.580577 159
1684533176565 0.578573 160
1684533176634 0.57659566 161
1684533176718 0.57464504 162
1684533176781 0.5727204 163
1684533176850 0.5708214 164
1684533176919 0.5689476 165
1684533176997 0.56709874 166
1684533177066 0.56527436 167
1684533177135 0.563474 168
1684533177198 0.56169736 169
1684533177267 0.55994403 170
1684533177336 0.5582137 171
1684533177398 0.5565059 172
1684533177467 0.5548205 173
1684533177752 0.55315685 174
1684533177868 0.55151486 175
1684533177937 0.5498941 176
1684533178015 0.54829425 177
1684533178085 0.546715 178
1684533178154 0.545156 179
1684533178223 0.543617 180
1684533178285 0.5420977 181
1684533178354 0.54059774 182
1684533178423 0.53911686 183
1684533178486 0.5376548 184
1684533178686 0.5362113 185
1684533178787 0.534786 186
1684533178856 0.53337866 187
1684533178925 0.5319891 188
1684533178987 0.530617 189
1684533179056 0.52926207 190
1684533179125 0.52792406 191
1684533179203 0.52660286 192
1684533179272 0.5252981 193
1684533179342 0.5240096 194
1684533179404 0.52273715 195
1684533179489 0.52148044 196
1684533179558 0.52023935 197
1684533179627 0.5190135 198
1684533179689 0.51780295 199
1684533179758 0.5166073 200
1684533179827 0.51542634 201
1684533179890 0.51425993 202
1684533179975 0.5131079 203
1684533180044 0.5119699 204
1684533180106 0.510846 205
1684533180175 0.50973576 206
1684533180244 0.5086392 207
1684533180322 0.507556 208
1684533180391 0.50648606 209
1684533180460 0.5054292 210
1684533180523 0.5043852 211
1684533180592 0.50335395 212
1684533180661 0.50233525 213
1684533180730 0.50132895 214
1684533180808 0.50033486 215
1684533180877 0.49935293 216
1684533180946 0.49838293 217
1684533181024 0.49742472 218
1684533181093 0.49647814 219
1684533181162 0.49554306 220
1684533181232 0.49461937 221
1684533181310 0.49370682 222
1684533181379 0.49280542 223
1684533181432 0.491915 224
1684533181510 0.4910353 225
1684533181579 0.49016637 226
1684533181648 0.48930797 227
1684533181726 0.48846 228
1684533181780 0.48762238 229
1684533181849 0.4867949 230
1684533181927 0.48597747 231
1684533181996 0.48517 232
1684533182065 0.4843724 233
1684533182134 0.4835845 234
1684533182212 0.48280618 235
1684533182266 0.48203737 236
1684533182335 0.48127797 237
1684533182413 0.48052782 238
1684533182482 0.47978687 239
1684533182535 0.479055 240
1684533182613 0.47833204 241
1684533182682 0.47761798 242
1684533182752 0.4769127 243
1684533182814 0.4762161 244
1684533182883 0.4755281 245
1684533182968 0.4748485 246
1684533183037 0.47417736 247
1684533183099 0.47351453 248
1684533183168 0.4728599 249
1684533183237 0.47221333 250
