1684533123031 1.9013569 1
1684533123111 1.732928 2
1684533123179 1.6151311 3
1684533123241 1.5888534 4
1684533123310 1.6088983 5
1684533123379 1.6404546 6
1684533123457 1.6671755 7
1684533123526 1.682325 8
1684533123611 1.6839947 9
1684533123680 1.6730735 10
1684533123743 1.6519059 11
1684533123827 1.6233113 12
1684533123896 1.5899804 13
1684533123974 1.5541716 14
1684533124043 1.5176146 15
1684533124128 1.4815297 16
1684533124197 1.4466996 17
1684533124275 1.4135582 18
1684533124344 1.3822763 19
1684533124429 1.3528385 20
1684533124498 1.3251073 21
1684533124560 1.2988721 22
1684533124630 1.2738882 23
1684533124699 1.2499042 24
1684533124777 1.2266796 25
1684533124846 1.2039992 26
1684533124915 1.1816788 27
1684533124984 1.1596752 28
1684533125046 1.1377957 29
1684533125115 1.1159328 30
1684533125184 1.0940335 31
1684533125262 1.0720736 32
1684533125316 1.0500511 33
1684533125400 1.027982 34
1684533125479 1.005897 35
1684533125540 0.9838373 36
1684533125616 0.9618515 37
1684533125685 0.93999255 38
1684533125763 0.91831505 39
1684533125832 0.89696014 40
1684533125901 0.8759068 41
1684533125964 0.8551822 42
1684533126043 0.8348296 43
1684533126102 0.81489027 44
1684533126180 0.79539955 45
1684533126249 0.77638716 46
1684533126318 0.75787795 47
1684533126387 0.7398921 48
1684533126465 0.7224456 49
1684533126534 0.70554984 50
1684533126603 0.68921256 51
1684533126665 0.67343825 52
1684533126734 0.6582276 53
1684533126803 0.64357746 54
1684533126866 0.6294826 55
1684533126935 0.61593723 56
1684533127004 0.6029333 57
1684533127089 0.5904615 58
1684533127151 0.57851064 59
1684533127220 0.5670688 60
1684533127289 0.5561234 61
1684533127352 0.5456612 62
1684533127421 0.53566873 63
1684533127505 0.52613187 64
1684533127568 0.5170365 65
1684533127637 0.5083682 66
1684533127706 0.50011265 67
1684533127768 0.4922553 68
1684533127837 0.4847819 69
1684533127922 0.47767812 70
1684533127992 0.47092986 71
1684533128051 0.46452323 72
1684533128122 0.45844448 73
1684533128191 0.45268017 74
1684533128269 0.44721708 75
1684533128354 0.4420423 76
1684533128439 0.43714318 77
1684533128523 0.43250743 78
1684533128592 0.4281231 79
1684533128670 0.42397848 80
1684533128739 0.4200623 81
1684533128808 0.4163637 82
1684533128871 0.41287193 83
1684533128956 0.40957683 84
1684533129025 0.40646857 85
1684533129094 0.40353757 86
1684533129172 0.40077475 87
1684533129241 0.39817128 88
1684533129310 0.3957188 89
1684533129388 0.3934093 90
1684533129457 0.391235 91
1684533129526 0.3891885 92
1684533129595 0.38726282 93
1684533129673 0.38545126 94
1684533129742 0.3837473 95
1684533129958 0.38214505 96
1684533130143 0.38063854 97
1684533130228 0.37922236 98
1684533130297 0.37789127 99
1684533130359 0.37664032 100
1684533130444 0.37546486 101
1684533130513 0.37436038 102
1684533130575 0.37332278 103
1684533130645 0.37234807 104
1684533130714 0.37143242 105
1684533130798 0.37057248 106
1684533130861 0.3697648 107
1684533130930 0.36900628 108
1684533130999 0.36829394 109
1684533131061 0.36762506 110
1684533131130 0.3669971 111
1684533131231 0.36640745 112
1684533131315 0.3658539 113
1684533131378 0.36533427 114
1684533131447 0.36484662 115
1684533131516 0.364389 116
1684533131716 0.3639596 117
1684533131879 0.3635568 118
1684533131948 0.36317903 119
1684533132017 0.3628249 120
1684533132080 0.36249298 121
1684533132149 0.362182 122
1684533132233 0.36189073 123
1684533132318 0.3616182 124
1684533132381 0.36136326 125
1684533132450 0.361125 126
1684533132519 0.36090243 127
1684533132603 0.3606948 128
1684533132666 0.3605013 129
1684533132735 0.36032116 130
1684533132804 0.36015373 131
1684533132866 0.35999835 132
1684533132935 0.35985443 133
1684533133004 0.35972142 134
1684533133082 0.35959882 135
1684533133152 0.35948604 136
1684533133221 0.35938275 137
1684533133283 0.35928854 138
1684533133352 0.3592029 139
1684533133421 0.35912552 140
1684533133499 0.35905612 141
1684533133568 0.35899425 142
1684533133637 0.35893968 143
1684533133706 0.35889217 144
1684533133769 0.35885137 145
1684533133838 0.3588171 146
1684533133907 0.3587891 147
1684533133985 0.35876715 148
1684533134054 0.35875106 149
1684533134123 0.35874066 150
1684533134185 0.35873574 151
1684533134255 0.35873616 152
1684533134324 0.35874176 153
1684533134408 0.3587524 154
1684533134471 0.35876787 155
1684533134540 0.3587882 156
1684533134609 0.3588131 157
1684533134687 0.35884255 158
1684533134756 0.35887638 159
1684533134825 0.35891455 160
1684533134903 0.35895693 161
1684533134956 0.35900348 162
1684533135025 0.35905406 163
1684533135104 0.3591086 164
1684533135173 0.35916704 165
1684533135226 0.3592293 166
1684533135304 0.3592953 167
1684533135373 0.35936505 168
1684533135442 0.35943836 169
1684533135511 0.35951525 170
1684533135589 0.35959566 171
1684533135658 0.35967955 172
1684533135743 0.35976684 173
1684533135843 0.3598575 174
1684533135928 0.3599515 175
1684533136006 0.36004877 176
1684533136075 0.36014926 177
1684533136144 0.36025298 178
1684533136213 0.36035985 179
1684533136291 0.36046988 180
1684533136360 0.360583 181
1684533136445 0.36069915 182
1684533136514 0.3608184 183
1684533136592 0.36094058 184
1684533136677 0.36106575 185
1684533136746 0.3611939 186
1684533136815 0.36132497 187
1684533136915 0.3614589 188
1684533137009 0.36159575 189
1684533137093 0.36173543 190
1684533137164 0.36187792 191
1684533137232 0.36202323 192
1684533137306 0.36217132 193
1684533137386 0.36232215 194
1684533137455 0.36247575 195
1684533137531 0.3626321 196
1684533137616 0.36279112 197
1684533137686 0.36295277 198
1684533137765 0.36311716 199
1684533137836 0.36328417 200
1684533137907 0.3634538 201
1684533138098 0.3636261 202
1684533138279 0.36380094 203
1684533138348 0.3639784 204
1684533138428 0.3641584 205
1684533138502 0.364341 206
1684533138575 0.36452606 207
1684533138656 0.36471367 208
1684533138726 0.36490375 209
1684533138794 0.36509636 210
1684533138869 0.36529148 211
1684533138948 0.36548898 212
1684533139018 0.36568895 213
1684533139101 0.36589134 214
1684533139190 0.36609614 215
1684533139261 0.36630338 216
1684533139331 0.36651298 217
1684533139421 0.36672497 218
1684533139505 0.3669393 219
1684533139590 0.36715597 220
1684533139674 0.36737496 221
1684533139755 0.3675963 222
1684533139837 0.36781994 223
1684533139910 0.36804584 224
1684533139985 0.36827403 225
1684533140056 0.3685045 226
1684533140124 0.36873716 227
1684533140202 0.36897212 228
1684533140273 0.36920926 229
1684533140350 0.3694486 230
1684533140433 0.36969015 231
1684533140507 0.3699339 232
1684533140577 0.37017974 233
1684533140651 0.3704278 234
1684533140723 0.37067798 235
1684533140796 0.37093028 236
1684533140869 0.37118468 237
1684533140940 0.3714412 238
1684533141009 0.37169975 239
1684533141076 0.3719604 240
1684533141143 0.37222308 241
1684533141215 0.37248784 242
1684533141284 0.37275463 243
1684533141353 0.3730234 244
1684533141425 0.37329417 245
1684533141497 0.37356693 246
1684533141565 0.37384164 247
1684533141633 0.37411836 248
1684533141704 0.37439698 249
1684533141772 0.37467754 250
