1684535837503 1.9814855 1
1684535837587 1.7945392 2
1684535837649 1.6635723 3
1684535837718 1.6296482 4
1684535837787 1.6443264 5
1684535837865 1.6710191 6
1684535837934 1.6929379 7
1684535838004 1.7034649 8
1684535838082 1.7009852 9
1684535838151 1.6867073 10
1684535838204 1.6632547 11
1684535838282 1.6336699 12
1684535838351 1.6008117 13
1684535838420 1.5670695 14
1684535838489 1.5342723 15
1684535838567 1.5037062 16
1684535838636 1.4761868 17
1684535838706 1.4521489 18
1684535838768 1.4317421 19
1684535838837 1.4149125 20
1684535838922 1.4014726 21
1684535838991 1.3911538 22
1684535839053 1.3836503 23
1684535839138 1.3786466 24
1684535839207 1.3758392 25
1684535839269 1.3749486 26
1684535839354 1.3757272 27
1684535839423 1.3779633 28
1684535839492 1.3814828 29
1684535839554 1.3861474 30
1684535839623 1.3918508 31
1684535839708 1.3985171 32
1684535839771 1.406095 33
1684535839840 1.4145541 34
1684535839924 1.4238815 35
1684535839993 1.4340761 36
1684535840056 1.4451466 37
1684535840125 1.4571087 38
1684535840194 1.4699817 39
1684535840256 1.4837861 40
1684535840325 1.498544 41
1684535840394 1.5142756 42
1684535840473 1.5309999 43
1684535840542 1.5487332 44
1684535840611 1.5674899 45
1684535840689 1.5872811 46
1684535840758 1.6081156 47
1684535840827 1.6299994 48
1684535840896 1.6529367 49
1684535840959 1.676929 50
1684535841028 1.7019767 51
1684535841097 1.7280778 52
1684535841175 1.7552296 53
1684535841244 1.7834285 54
1684535841313 1.8126698 55
1684535841391 1.8429483 56
1684535841460 1.8742585 57
1684535841529 1.9065945 58
1684535841598 1.9399508 59
1684535841661 1.9743214 60
1684535841730 2.0097 61
1684535841799 2.046082 62
1684535841861 2.0834613 63
1684535841946 2.1218333 64
1684535842015 2.161193 65
1684535842093 2.2015357 66
1684535842162 2.242857 67
1684535842231 2.2851536 68
1684535842300 2.3284216 69
1684535842378 2.3726578 70
1684535842447 2.4178593 71
1684535842516 2.4640236 72
1684535842595 2.511148 73
1684535842664 2.5592303 74
1684535842733 2.6082685 75
1684535842802 2.6582608 76
1684535842864 2.709206 77
1684535842949 2.761102 78
1684535843018 2.8139477 79
1684535843096 2.867742 80
1684535843165 2.922484 81
1684535843234 2.9781723 82
1684535843303 3.0348063 83
1684535843366 3.0923853 84
1684535843435 3.150908 85
1684535843519 3.2103744 86
1684535843582 3.2707837 87
1684535843651 3.3321357 88
1684535843720 3.3944292 89
1684535843782 3.4576645 90
1684535843867 3.5218408 91
1684535843936 3.5869584 92
1684535844005 3.653016 93
1684535844068 3.720014 94
1684535844137 3.7879524 95
1684535844206 3.8568304 96
1684535844268 3.9266481 97
1684535844337 3.9974055 98
1684535844406 4.0691023 99
1684535844485 4.1417384 100
1684535844554 4.215314 101
1684535844623 4.289829 102
1684535844685 4.3652825 103
1684535844754 4.441676 104
1684535844823 4.5190086 105
1684535844901 4.5972805 106
1684535844970 4.676491 107
1684535845048 4.7566414 108
1684535845302 4.837731 109
1684535845424 4.9197598 110
1684535845487 5.002728 111
1684535845571 5.086636 112
1684535845640 5.1714835 113
1684535845709 5.257271 114
1684535845772 5.343998 115
1684535845841 5.4316645 116
1684535845910 5.5202713 117
1684535845988 5.6098185 118
1684535846057 5.7003055 119
1684535846126 5.791733 120
1684535846204 5.884101 121
1684535846274 5.9774084 122
1684535846343 6.071657 123
1684535846412 6.1668463 124
1684535846474 6.262976 125
1684535846543 6.3600473 126
1684535846612 6.458059 127
1684535846690 6.557012 128
1684535846759 6.656905 129
1684535846828 6.75774 130
1684535846891 6.8595166 131
1684535846960 6.9622335 132
1684535847029 7.0658927 133
1684535847107 7.170493 134
1684535847176 7.276035 135
1684535847245 7.382518 136
1684535847314 7.4899426 137
1684535847377 7.5983095 138
1684535847446 7.7076178 139
1684535847530 7.817868 140
1684535847593 7.92906 141
1684535847662 8.041193 142
1684535847731 8.154268 143
1684535847816 8.268286 144
1684535847878 8.3832445 145
1684535847947 8.4991455 146
1684535848016 8.615988 147
1684535848094 8.733773 148
1684535848163 8.8525 149
1684535848217 8.972168 150
1684535848295 9.092778 151
1684535848364 9.214331 152
1684535848433 9.336824 153
1684535848518 9.460259 154
1684535848580 9.584637 155
1684535848649 9.709955 156
1684535848718 9.836216 157
1684535848796 9.963419 158
1684535848865 10.091562 159
1684535848935 10.220647 160
1684535848997 10.350673 161
1684535849082 10.481642 162
1684535849151 10.61355 163
1684535849213 10.746401 164
1684535849282 10.880192 165
1684535849351 11.014923 166
1684535849420 11.150597 167
1684535849483 11.2872095 168
1684535849552 11.424765 169
1684535849621 11.56326 170
1684535849699 11.702696 171
1684535849753 11.843071 172
1684535849822 11.984387 173
1684535849900 12.126641 174
1684535849969 12.269838 175
1684535850038 12.413975 176
1684535850100 12.55905 177
1684535850169 12.705065 178
1684535850238 12.852018 179
1684535850317 12.999912 180
1684535850386 13.148745 181
1684535850455 13.298515 182
1684535850524 13.449225 183
1684535850586 13.600874 184
1684535850655 13.75346 185
1684535850724 13.906985 186
1684535850802 14.061449 187
1684535850872 14.216848 188
1684535850941 14.373188 189
1684535851019 14.530463 190
1684535851103 14.688675 191
1684535851172 14.847826 192
1684535851242 15.007914 193
1684535851304 15.168938 194
1684535851373 15.330896 195
1684535851458 15.4937935 196
1684535851527 15.657625 197
1684535851589 15.822392 198
1684535851658 15.988095 199
1684535851727 16.154736 200
1684535851790 16.322308 201
1684535851859 16.490818 202
1684535851928 16.66026 203
1684535852006 16.830639 204
1684535852075 17.00195 205
1684535852160 17.174198 206
1684535852229 17.347378 207
1684535852291 17.521488 208
1684535852360 17.696535 209
1684535852445 17.872515 210
1684535852508 18.049427 211
1684535852577 18.227274 212
1684535852646 18.40605 213
1684535852708 18.58576 214
1684535852777 18.766401 215
1684535852862 18.947975 216
1684535852931 19.13048 217
1684535852993 19.313915 218
1684535853062 19.498281 219
1684535853131 19.683578 220
1684535853210 19.869808 221
1684535853279 20.056967 222
1684535853348 20.245056 223
1684535853426 20.434072 224
1684535853495 20.62402 225
1684535853611 20.814898 226
1684535853680 21.006702 227
1684535853749 21.19944 228
1684535853811 21.3931 229
1684535853880 21.587692 230
1684535853965 21.783213 231
1684535854034 21.97966 232
1684535854097 22.177036 233
1684535854166 22.37534 234
1684535854235 22.574568 235
1684535854313 22.774727 236
1684535854382 22.97581 237
1684535854451 23.177818 238
1684535854514 23.380756 239
1684535854583 23.584618 240
1684535854652 23.789406 241
1684535854714 23.995121 242
1684535854783 24.20176 243
1684535854852 24.409325 244
1684535854952 24.617815 245
1684535855015 24.827229 246
1684535855093 25.037567 247
1684535855153 25.248833 248
1684535855231 25.461018 249
1684535855300 25.67413 250
