1684534470457 2.0618665221012504 1
1684534470526 1.9058876844377979 2
1684534470604 1.7942368132181628 3
1684534470673 1.7744227245852557 4
1684534470758 1.8025317559731655 5
1684534470827 1.8431395720456538 6
1684534470889 1.8793836016958687 7
1684534470974 1.9042684186152763 8
1684534471043 1.915763746703703 9
1684534471121 1.9146922650467082 10
1684534471194 1.9033345950916296 11
1684534471275 1.8844264386121674 12
1684534471344 1.8605474277811314 13
1684534471422 1.8338431993285256 14
1684534471491 1.8059870812258714 15
1684534471560 1.778234108752062 16
1684534471629 1.7514733407099368 17
1684534471707 1.7262733950489935 18
1684534471776 1.7029347995136195 19
1684534471845 1.6815508902971288 20
1684534471923 1.6620665684329172 21
1684534471992 1.6443273563227532 22
1684534472061 1.628121220823044 23
1684534472130 1.6132356059359847 24
1684534472209 1.5994419272906977 25
1684534472278 1.5865159999954495 26
1684534472346 1.5742565174943006 27
1684534472424 1.5624927330086849 28
1684534472493 1.5510876709924872 29
1684534472563 1.5399680758188223 30
1684534472632 1.5290394033087296 31
1684534472710 1.5182529887626208 32
1684534472779 1.5075926656499286 33
1684534472848 1.497064852785525 34
1684534472926 1.486692948081017 35
1684534472995 1.476513982532687 36
1684534473064 1.4665747746258342 37
1684534473133 1.4569282879388985 38
1684534473195 1.447631265846257 39
1684534473264 1.4387413713435249 40
1684534473333 1.430311683145378 41
1684534473412 1.4223981097821583 42
1684534473481 1.4150520315557955 43
1684534473550 1.4083618144891201 44
1684534473612 1.4023384101522405 45
1684534473681 1.397007948153841 46
1684534473766 1.3924006945849032 47
1684534473835 1.3885425094119452 48
1684534473897 1.38545760939424 49
1684534473966 1.3831585960999733 50
1684534474035 1.3816565402836591 51
1684534474113 1.3809592552460503 52
1684534474183 1.3810714280684164 53
1684534474252 1.3819945162296257 54
1684534474314 1.3837275975053986 55
1684534474383 1.3862673040133708 56
1684534474452 1.3896085425564888 57
1684534474515 1.3937443419563125 58
1684534474584 1.3986666747693222 59
1684534474653 1.4043663509795978 60
1684534474731 1.4108335003646126 61
1684534474800 1.4180573211563336 62
1684534474869 1.4260269164741333 63
1684534474938 1.4347310063260403 64
1684534475000 1.4441582022856263 65
1684534475069 1.454296980927031 66
1684534475138 1.465136092173989 67
1684534475216 1.4766642502493075 68
1684534475286 1.4888704375350605 69
1684534475355 1.5017439281135823 70
1684534475539 1.5152742456329014 71
1684534475671 1.5294513047168579 72
1684534475756 1.5442652932441074 73
1684534475840 1.5597067114016485 74
1684534475903 1.5757665542786552 75
1684534475972 1.5924358504251552 76
1684534476041 1.6097064299326034 77
1684534476119 1.6275703052701367 78
1684534476188 1.646019572506059 79
1684534476257 1.6650471815091095 80
1684534476342 1.684645709551078 81
1684534476404 1.7048089306224137 82
1684534476489 1.725530097206366 83
1684534476558 1.746803285192414 84
1684534476620 1.7686226897113215 85
1684534476689 1.790982712031308 86
1684534476758 1.813878142399881 87
1684534476837 1.837303763177463 88
1684534476906 1.8612551190936857 89
1684534476975 1.8857275272480507 90
1684534477059 1.910716559893089 91
1684534477122 1.9362181582405902 92
1684534477191 1.9622285045110666 93
1684534477260 1.9887438670880848 94
1684534477338 2.0157606344483137 95
1684534477407 2.0432752190125987 96
1684534477476 2.071284979264802 97
1684534477545 2.09980974959647 98
1684534477607 2.1288283414635325 99
1684534477677 2.158331979529942 100
1684534477746 2.1883173267365867 101
1684534477824 2.218782395631087 102
1684534477893 2.249724278173974 103
1684534477962 2.281141026132655 104
1684534478040 2.3130303627946827 105
1684534478109 2.345389576137436 106
1684534478178 2.3782171832768 107
1684534478247 2.411511703988662 108
1684534478309 2.4452708657855604 109
1684534478378 2.4794933251086673 110
1684534478447 2.514177707424101 111
1684534478526 2.549322828297332 112
1684534478595 2.5849270482624 113
1684534478664 2.6209897296788425 114
1684534478726 2.657509146680634 115
1684534478795 2.694484558055521 116
1684534478864 2.7319147322701056 117
1684534478942 2.7697988522947883 118
1684534479011 2.808135734239425 119
1684534479080 2.846924609753775 120
1684534479149 2.8861649146879707 121
1684534479212 2.925855200311208 122
1684534479297 2.965995241536124 123
1684534479466 3.006583625250454 124
1684534479628 3.047620407667652 125
1684534479713 3.089104298691602 126
1684534479782 3.1310351757874675 127
1684534479851 3.1734117480016732 128
1684534479914 3.2162342268983264 129
1684534479983 3.2595013644093846 130
1684534480052 3.3032127613560047 131
1684534480130 3.3473680910271266 132
1684534480199 3.3919665430144184 133
1684534480268 3.4370081523330667 134
1684534480330 3.482492283029644 135
1684534480399 3.5284183495259906 136
1684534480468 3.5747857714819453 137
1684534480546 3.6215949047092435 138
1684534480615 3.6688447961453265 139
1684534480684 3.7165350851884025 140
1684534480800 3.7646657749936097 141
1684534480869 3.81323634097044 142
1684534480954 3.862246562127594 143
1684534481070 3.911695947575555 144
1684534481178 3.9615847784101392 145
1684534481255 4.011912340739053 146
1684534481333 4.062678249126691 147
1684534481402 4.113882991095132 148
1684534481471 4.165525945840104 149
1684534481533 4.217606491705957 150
1684534481602 4.270124940666591 151
1684534481671 4.3230816001227375 152
1684534481750 4.376475180952173 153
1684534481819 4.430306272237567 154
1684534481888 4.484574531298438 155
1684534481957 4.539280055405933 156
1684534482019 4.594422062398735 157
1684534482088 4.650001183671623 158
1684534482173 4.706017556856567 159
1684534482235 4.7624699086546975 160
1684534482320 4.819358423659818 161
1684534482389 4.876683312763145 162
1684534482458 4.9344451440614305 163
1684534482520 4.99264324119366 164
1684534482589 5.051277248193511 165
1684534482659 5.110347449922656 166
1684534482721 5.169853507927164 167
1684534482790 5.2297951421947895 168
1684534482859 5.29017311123841 169
1684534482937 5.350986664299075 170
1684534483006 5.4122360147837565 171
1684534483075 5.473921371819532 172
1684534483138 5.536042069040466 173
1684534483207 5.59859829801223 174
1684534483276 5.66158989965669 175
1684534483354 5.7250175382336135 176
1684534483423 5.788881002025855 177
1684534483492 5.853179133515949 178
1684534483561 5.917913164108061 179
1684534483623 5.983081948845495 180
1684534483692 6.048686192508653 181
1684534483761 6.1147266807851555 182
1684534483855 6.181201798350729 183
1684534483924 6.248111363520456 184
1684534484009 6.315457067453217 185
1684534484078 6.383237792895234 186
1684534484140 6.451453859759955 187
1684534484209 6.52010460440324 188
1684534484310 6.589191270276306 189
1684534484405 6.658712336441088 190
1684534484475 6.728669007664777 191
1684534484544 6.7990606784679475 192
1684534484617 6.869887677241914 193
1684534484699 6.941148908063858 194
1684534484770 7.012845184012013 195
1684534484840 7.084976844492287 196
1684534484915 7.157544227237386 197
1684534484996 7.23054529117786 198
1684534485070 7.303982305305574 199
1684534485143 7.377853721838516 200
1684534485214 7.452160346302426 201
1684534485284 7.526901158185564 202
1684534485361 7.6020783589779 203
1684534485452 7.677689987280271 204
1684534485544 7.753736421438635 205
1684534485629 7.830217031681759 206
1684534485700 7.907133684585297 207
1684534485770 7.984484318066523 208
1684534485855 8.062269838073913 209
1684534485927 8.140491083813961 210
1684534485996 8.219146992317258 211
1684534486076 8.298237514085042 212
1684534486147 8.377762556506273 213
1684534486218 8.457722993522673 214
1684534486297 8.538117776349939 215
1684534486367 8.618947787501789 216
1684534486437 8.700212946342178 217
1684534486518 8.781912265120283 218
1684534486590 8.86404564237225 219
1684534486661 8.946615846508351 220
1684534486743 9.029619975116077 221
1684534486817 9.113058942767754 222
1684534486886 9.196932626900775 223
1684534486968 9.281241970881535 224
1684534487051 9.365984040540251 225
1684534487131 9.45116352657491 226
1684534487210 9.53677566100949 227
1684534487290 9.622824137274247 228
1684534487366 9.709306984095011 229
1684534487445 9.796225161283843 230
1684534487516 9.88357856889552 231
1684534487680 9.971364380039969 232
1684534487755 10.05958716689299 233
1684534487826 10.148244172679739 234
1684534487896 10.237336212707634 235
1684534487966 10.326862308555109 236
1684534488036 10.416824308027216 237
1684534488108 10.507221280376736 238
1684534488177 10.598052126112774 239
1684534488247 10.689318779772933 240
1684534488320 10.781019282870773 241
1684534488395 10.873154553278454 242
1684534488469 10.965725462611395 243
1684534488540 11.058731079182554 244
1684534488610 11.152171299010215 245
1684534488680 11.246048021546647 246
1684534488749 11.34035744816226 247
1684534488822 11.435104177579419 248
1684534488892 11.530283553519977 249
1684534488963 11.62589928237348 250
