1684341480140 0.5182038445547127 1
1684341480224 0.4636835397196555 2
1684341480301 0.4083421849170612 3
1684341480374 0.35717492722210126 4
1684341480451 0.31396522342947797 5
1684341480525 0.28050332368370806 6
1684341480601 0.2567689057082132 7
1684341480671 0.24151434389679188 8
1684341480742 0.2328968827641689 9
1684341480811 0.22898179836267904 10
1684341480885 0.22806028590952993 11
1684341480960 0.2287959036368549 12
1684341481041 0.2302464034610095 13
1684341481128 0.23181347363003835 14
1684341481211 0.23316348666585066 15
1684341481283 0.2341468096546686 16
1684341481359 0.2347297436589471 17
1684341481433 0.23494354513105914 18
1684341481505 0.2348495194560734 19
1684341481580 0.23451736781113902 20
1684341481657 0.23401306540677919 21
1684341481729 0.23339324896755367 22
1684341481799 0.2327033923327654 23
1684341481869 0.2319781255155272 24
1684341481940 0.2312427373952711 25
1684341482023 0.2305147847546113 26
1684341482093 0.2298058883355122 27
1684341482180 0.2291232182347323 28
1684341482256 0.2284706722111826 29
1684341482328 0.22784996731143334 30
1684341482399 0.22726128194103679 31
1684341482476 0.22670383075801565 32
1684341482546 0.22617631585460618 33
1684341482619 0.22567713249999993 34
1684341482691 0.2252045996267684 35
1684341482764 0.2247570263359347 36
1684341482833 0.2243328714751125 37
1684341482902 0.22393071180560845 38
1684341482971 0.22354927235973937 39
1684341483039 0.2231874882094207 40
1684341483109 0.22284439545553297 41
1684341483183 0.2225192143563447 42
1684341483254 0.22221127590510167 43
1684341483330 0.2219200053606709 44
1684341483411 0.22164496542930165 45
1684341483533 0.221385739638111 46
1684341483617 0.2211420365165558 47
1684341483691 0.22091354668827964 48
1684341483765 0.2207000626113302 49
1684341483837 0.22050136262519981 50
1684341483908 0.2203172855492888 51
1684341483978 0.2201476625205744 52
1684341484050 0.2199923569297241 53
1684341484121 0.2198512190255006 54
1684341484193 0.21972412264276117 55
1684341484264 0.2196109622024563 56
1684341484335 0.2195115944994064 57
1684341484410 0.2194259297703258 58
1684341484492 0.21935383031859407 59
1684341484585 0.21929522501577334 60
1684341484674 0.2192499941499123 61
1684341484743 0.21921802607648444 62
1684341484829 0.21919923458358653 63
1684341484926 0.21919352923980298 64
1684341485006 0.21920081367461655 65
1684341485078 0.2192210082472264 66
1684341485147 0.2192540082986336 67
1684341485215 0.21929974998943752 68
1684341485294 0.21935815990075375 69
1684341485363 0.21942914822494158 70
1684341485436 0.21951265084981628 71
1684341485513 0.21960858864002275 72
1684341485584 0.21971689720402868 73
1684341485654 0.2198375173030596 74
1684341485724 0.2199703760125556 75
1684341485795 0.2201154231241395 76
1684341485865 0.2202725816446086 77
1684341485935 0.22044180895709276 78
1684341486007 0.2206230548333936 79
1684341486079 0.22081625731674148 80
1684341486153 0.22102134455022263 81
1684341486226 0.22123829017148547 82
1684341486295 0.22146705069719122 83
1684341486364 0.22170754973703763 84
1684341486437 0.2219597493654978 85
1684341486508 0.22222362341751806 86
1684341486579 0.22249910941036277 87
1684341486652 0.22278615980756492 88
1684341486725 0.22308475281682985 89
1684341486797 0.22339481677313408 90
1684341486871 0.22371633289827744 91
1684341486942 0.2240492585409588 92
1684341487015 0.22439355507934827 93
1684341487087 0.2247491800072666 94
1684341487163 0.22511610738506332 95
1684341487244 0.22549407319128953 96
1684341487336 0.22588301281341341 97
1684341487411 0.22628284431078485 98
1684341487487 0.22669357177763338 99
1684341487561 0.2271151604286155 100
1684341487632 0.22754764736773847 101
1684341487705 0.22799104028812253 102
1684341487805 0.22844536485031436 103
1684341487896 0.22891062829929584 104
1684341487984 0.22938679659892902 105
1684341488057 0.22987389880395248 106
1684341488136 0.2303719179991849 107
1684341488212 0.23088082415036443 108
1684341488283 0.2314006058329197 109
1684341488355 0.23193124231091988 110
1684341488425 0.2324726894124027 111
1684341488496 0.23302494194810763 112
1684341488568 0.23358795828172174 113
1684341488636 0.23416172795609214 114
1684341488706 0.23474583628849421 115
1684341488777 0.23534015039263065 116
1684341488847 0.23594456522306373 117
1684341488918 0.23655908319699478 118
1684341488988 0.2371837244147915 119
1684341489058 0.23781853094222463 120
1684341489127 0.23846357179282898 121
1684341489197 0.23911888595763597 122
1684341489266 0.23978453241359254 123
1684341489335 0.2404605287094273 124
1684341489403 0.24114689533593442 125
1684341489485 0.2418436708686452 126
1684341489560 0.24255082042251763 127
1684341489638 0.24326836095624108 128
1684341489711 0.2439962639022001 129
1684341489785 0.2447345354847916 130
1684341489855 0.24548314444364028 131
1684341489923 0.24624207234057366 132
1684341489993 0.24701130600524948 133
1684341490064 0.24779082274273545 134
1684341490134 0.24858061649053526 135
1684341490207 0.24938064271302576 136
1684341490285 0.25019086277771635 137
1684341490361 0.2510112565609125 138
1684341490442 0.25184180510186566 139
1684341490523 0.2526824531956808 140
1684341490601 0.25353319410453684 141
1684341490690 0.2543940156496946 142
1684341490770 0.25526487476816245 143
1684341490851 0.25614574017201963 144
1684341490931 0.2570366148003052 145
1684341491010 0.2579374475319538 146
1684341491087 0.25884825223413227 147
1684341491162 0.259768977719138 148
1684341491238 0.2606996281468449 149
1684341491320 0.2616401724287725 150
1684341491398 0.26259058323801454 151
1684341491478 0.2635508846570202 152
1684341491560 0.26452099696439946 153
1684341491645 0.2655009467296975 154
1684341491720 0.26649070602882896 155
1684341491790 0.26749026187061536 156
1684341491860 0.26849961833776553 157
1684341491933 0.26951869736724315 158
1684341492002 0.2705475265125872 159
1684341492072 0.27158609731797567 160
1684341492140 0.272634399551629 161
1684341492212 0.27369238690964925 162
1684341492283 0.27476004795307907 163
1684341492364 0.2758374079126025 164
1684341492447 0.2769243873141106 165
1684341492535 0.2780221576156492 166
1684341492607 0.2791310807622464 167
1684341492677 0.2802513274232098 168
1684341492748 0.2813828694319864 169
1684341492819 0.28252559357845647 170
1684341492888 0.2836792384276902 171
1684341492961 0.2848435251181765 172
1684341493031 0.28601828116342776 173
1684341493099 0.28720321067492943 174
1684341493169 0.2883981545108496 175
1684341493244 0.2896029512850856 176
1684341493322 0.2908174439886865 177
1684341493396 0.2920415578774634 178
1684341493471 0.2932752269842243 179
1684341493547 0.294518365960991 180
1684341493618 0.2957709576376443 181
1684341493688 0.29703292729103614 182
1684341493759 0.29830431157549464 183
1684341493829 0.299585061828987 184
1684341493902 0.30087517962047555 185
1684341493976 0.3021746557048651 186
1684341494048 0.303483477494982 187
1684341494117 0.304801655996014 188
1684341494191 0.30612916087518316 189
1684341494260 0.30746600188316636 190
1684341494333 0.3088121987581864 191
1684341494403 0.31016772859403724 192
1684341494475 0.3115325920192647 193
1684341494544 0.31290678931107213 194
1684341494787 0.31429029141877973 195
1684341494997 0.31568476740076207 196
1684341495208 0.31709073268126675 197
1684341495352 0.3185084677540368 198
1684341495422 0.31993799413049684 199
1684341495491 0.32137910797798597 200
1684341495564 0.32283147687503694 201
1684341495633 0.3242947866166605 202
1684341495701 0.3257686888667458 203
1684341495770 0.3272528629115603 204
1684341495836 0.32874710552517794 205
1684341495905 0.33025117202535315 206
1684341496009 0.3317649303070774 207
1684341496097 0.33328823501792754 208
1684341496179 0.3348209827908951 209
1684341496247 0.33636315550124557 210
1684341496315 0.3379146560294062 211
1684341496383 0.33947544038773925 212
1684341496452 0.34104553670274457 213
1684341496524 0.34262487394705404 214
1684341496592 0.3442135117944273 215
1684341496661 0.34581136013239056 216
1684341496732 0.3474184806761461 217
1684341496801 0.34903485395833406 218
1684341496869 0.3506604695307104 219
1684341496939 0.35229532788989776 220
1684341497008 0.35393943485750495 221
1684341497076 0.355592778177936 222
1684341497149 0.35725535434491684 223
1684341497222 0.3589271477520102 224
1684341497291 0.36060819031267377 225
1684341497365 0.3622984605899275 226
1684341497435 0.36399793567204525 227
1684341497507 0.36570660356508744 228
1684341497577 0.36742449106675823 229
1684341497646 0.3691515512600764 230
1684341497723 0.3708878201898692 231
1684341497793 0.37263324825119454 232
1684341497860 0.37438781835943147 233
1684341497929 0.3761515456543248 234
1684341497999 0.37792441706026714 235
1684341498070 0.37970641877866107 236
1684341498140 0.381497532207064 237
1684341498209 0.38329777847144963 238
1684341498279 0.38510711050887164 239
1684341498351 0.3869255153543099 240
1684341498429 0.38875300067952256 241
1684341498504 0.3905895675603468 242
1684341498576 0.39243518261397226 243
1684341498644 0.39428982490890635 244
1684341498714 0.39615351766961837 245
1684341498785 0.398026233426199 246
1684341498854 0.39990794575694205 247
1684341498924 0.4017986704179452 248
1684341498996 0.4036983795300676 249
1684341499067 0.4056070862792944 250
