1684340705814 0.6061696 1
1684340705890 0.5422649 2
1684340705964 0.47710696 3
1684340706036 0.41641006 4
1684340706106 0.36454663 5
1684340706176 0.32365406 6
1684340706245 0.2938298 7
1684340706314 0.2737777 8
1684340706386 0.26150882 9
1684340706456 0.2549016 10
1684340706528 0.25205746 11
1684340706603 0.25146887 12
1684340706672 0.25205028 13
1684340706742 0.25308943 14
1684340706811 0.25416505 15
1684340706887 0.25506133 16
1684340706961 0.25569504 17
1684340707031 0.25606 18
1684340707102 0.25618938 19
1684340707173 0.2561315 20
1684340707244 0.25593626 21
1684340707313 0.25564808 22
1684340707383 0.25530332 23
1684340707452 0.25492987 24
1684340707525 0.25454807 25
1684340707597 0.25417197 26
1684340707669 0.25381076 27
1684340707739 0.25347006 28
1684340707808 0.2531528 29
1684340707878 0.25286013 30
1684340707950 0.25259212 31
1684340708024 0.25234807 32
1684340708094 0.2521269 33
1684340708164 0.25192738 34
1684340708234 0.2517482 35
1684340708302 0.25158814 36
1684340708372 0.25144607 37
1684340708440 0.25132105 38
1684340708510 0.25121218 39
1684340708580 0.25111878 40
1684340708650 0.25104028 41
1684340708719 0.2509762 42
1684340708788 0.25092614 43
1684340708856 0.2508899 44
1684340708922 0.25086716 45
1684340708989 0.25085777 46
1684340709055 0.25086164 47
1684340709124 0.25087866 48
1684340709193 0.25090876 49
1684340709262 0.25095186 50
1684340709329 0.25100797 51
1684340709398 0.251077 52
1684340709466 0.25115898 53
1684340709533 0.25125384 54
1684340709605 0.2513616 55
1684340709681 0.25148228 56
1684340709756 0.25161576 57
1684340709825 0.2517621 58
1684340709894 0.25192124 59
1684340709962 0.25209323 60
1684340710030 0.252278 61
1684340710100 0.25247556 62
1684340710168 0.25268584 63
1684340710236 0.25290895 64
1684340710304 0.25314477 65
1684340710372 0.25339338 66
1684340710439 0.2536547 67
1684340710505 0.25392875 68
1684340710574 0.2542155 69
1684340710644 0.254515 70
1684340710712 0.2548272 71
1684340710782 0.2551521 72
1684340710849 0.2554897 73
1684340710916 0.25584003 74
1684340710983 0.25620303 75
1684340711051 0.25657874 76
1684340711121 0.25696713 77
1684340711190 0.2573682 78
1684340711260 0.25778198 79
1684340711330 0.2582084 80
1684340711401 0.25864756 81
1684340711471 0.25909936 82
1684340711541 0.25956383 83
1684340711609 0.260041 84
1684340711679 0.2605308 85
1684340711748 0.2610333 86
1684340711818 0.26154843 87
1684340711886 0.2620762 88
1684340711955 0.2626167 89
1684340712027 0.26316977 90
1684340712094 0.26373553 91
1684340712164 0.26431394 92
1684340712233 0.26490498 93
1684340712300 0.26550865 94
1684340712370 0.26612496 95
1684340712440 0.26675388 96
1684340712507 0.26739544 97
1684340712575 0.26804963 98
1684340712644 0.26871642 99
1684340712712 0.26939583 100
1684340712777 0.27008784 101
1684340712844 0.27079248 102
1684340712912 0.2715097 103
1684340712980 0.2722395 104
1684340713046 0.2729819 105
1684340713113 0.2737369 106
1684340713180 0.27450448 107
1684340713245 0.27528465 108
1684340713313 0.2760774 109
1684340713381 0.2768827 110
1684340713446 0.27769852 111
1684340713523 0.27852428 112
1684340713589 0.27935976 113
1684340713657 0.28020504 114
1684340713724 0.28106052 115
1684340713790 0.28192663 116
1684340713858 0.28280392 117
1684340713926 0.28369278 118
1684340713997 0.28459358 119
1684340714063 0.2855067 120
1684340714132 0.28643197 121
1684340714200 0.2873695 122
1684340714266 0.28831938 123
1684340714352 0.2892818 124
1684340714423 0.29025686 125
1684340714489 0.29124475 126
1684340714558 0.2922456 127
1684340714626 0.29325944 128
1684340714693 0.29428643 129
1684340714760 0.29532653 130
1684340714830 0.2963798 131
1684340714900 0.2974463 132
1684340714968 0.298526 133
1684340715034 0.29961887 134
1684340715099 0.30072486 135
1684340715167 0.3018441 136
1684340715233 0.30297643 137
1684340715299 0.30412185 138
1684340715364 0.3052804 139
1684340715433 0.30645204 140
1684340715502 0.30763668 141
1684340715569 0.3088344 142
1684340715639 0.31004515 143
1684340715707 0.31126893 144
1684340715775 0.31250572 145
1684340715840 0.31375545 146
1684340715907 0.3150182 147
1684340715975 0.3162939 148
1684340716042 0.31758258 149
1684340716109 0.3188842 150
1684340716176 0.32019877 151
1684340716247 0.32152632 152
1684340716311 0.32286677 153
1684340716382 0.32422012 154
1684340716452 0.32558644 155
1684340716521 0.32696563 156
1684340716589 0.3283578 157
1684340716659 0.3297628 158
1684340716730 0.3311807 159
1684340716798 0.3326115 160
1684340716868 0.3340552 161
1684340716935 0.3355117 162
1684340717009 0.33698115 163
1684340717079 0.33846343 164
1684340717153 0.33995855 165
1684340717223 0.34146652 166
1684340717294 0.34298733 167
1684340717364 0.344521 168
1684340717432 0.3460675 169
1684340717501 0.34762686 170
1684340717573 0.34919903 171
1684340717644 0.35078406 172
1684340717714 0.3523819 173
1684340717782 0.35399258 174
1684340717863 0.35561615 175
1684340717937 0.3572525 176
1684340718007 0.3589017 177
1684340718078 0.36056373 178
1684340718148 0.36223856 179
1684340718216 0.36392617 180
1684340718285 0.36562663 181
1684340718353 0.36733985 182
1684340718421 0.36906588 183
1684340718486 0.37080467 184
1684340718553 0.37255624 185
1684340718622 0.37432063 186
1684340718693 0.3760977 187
1684340718764 0.3778876 188
1684340718835 0.37969023 189
1684340718904 0.3815056 190
1684340718973 0.38333374 191
1684340719042 0.38517463 192
1684340719107 0.38702822 193
1684340719177 0.38889456 194
1684340719246 0.39077365 195
1684340719313 0.39266542 196
1684340719382 0.39456993 197
1684340719450 0.39648718 198
1684340719515 0.39841712 199
1684340719581 0.4003597 200
1684340719652 0.40231505 201
1684340719721 0.4042831 202
1684340719790 0.40626383 203
1684340719858 0.40825728 204
1684340720061 0.41026336 205
1684340720198 0.41228217 206
1684340720324 0.41431358 207
1684340720430 0.41635776 208
1684340720502 0.41841453 209
1684340720571 0.420484 210
1684340720640 0.42256615 211
1684340720711 0.42466095 212
1684340720779 0.4267684 213
1684340720847 0.4288885 214
1684340720917 0.43102127 215
1684340720987 0.43316665 216
1684340721058 0.4353247 217
1684340721126 0.4374954 218
1684340721195 0.4396787 219
1684340721265 0.44187468 220
1684340721334 0.44408327 221
1684340721405 0.4463045 222
1684340721472 0.44853833 223
1684340721541 0.45078477 224
1684340721609 0.45304388 225
1684340721818 0.4553156 226
1684340722001 0.4575999 227
1684340722092 0.45989686 228
1684340722162 0.4622064 229
1684340722229 0.4645285 230
1684340722298 0.4668633 231
1684340722368 0.46921065 232
1684340722436 0.4715706 233
1684340722506 0.47394317 234
1684340722575 0.47632834 235
1684340722643 0.4787261 236
1684340722715 0.48113644 237
1684340722784 0.48355934 238
1684340722853 0.48599488 239
1684340722921 0.48844296 240
1684340722991 0.49090365 241
1684340723102 0.4933769 242
1684340723173 0.49586278 243
1684340723245 0.49836123 244
1684340723312 0.5008722 245
1684340723381 0.5033958 246
1684340723449 0.505932 247
1684340723517 0.50848067 248
1684340723586 0.511042 249
1684340723654 0.51361585 250
