1684339360347 0.53678644 1
1684339360450 0.4794024 2
1684339360527 0.42114684 3
1684339360600 0.36723828 4
1684339360671 0.3216255 5
1684339360742 0.28618264 6
1684339360813 0.26108438 7
1684339360882 0.24504973 8
1684339360953 0.2359148 9
1684339361023 0.23169473 10
1684339361093 0.2306346 11
1684339361169 0.23135836 12
1684339361243 0.23289122 13
1684339361312 0.2346092 14
1684339361383 0.23615912 15
1684339361456 0.2373765 16
1684339361525 0.23821631 17
1684339361596 0.23870122 18
1684339361667 0.23888573 19
1684339361739 0.23883447 20
1684339361810 0.23860976 21
1684339361878 0.23826548 22
1684339361947 0.23784536 23
1684339362017 0.23738286 24
1684339362085 0.23690273 25
1684339362155 0.23642215 26
1684339362223 0.23595285 27
1684339362290 0.23550208 28
1684339362357 0.23507407 29
1684339362424 0.23467092 30
1684339362493 0.23429315 31
1684339362563 0.23394035 32
1684339362631 0.23361163 33
1684339362699 0.23330572 34
1684339362769 0.23302126 35
1684339362841 0.23275693 36
1684339362909 0.23251137 37
1684339362978 0.2322835 38
1684339363047 0.23207223 39
1684339363113 0.23187673 40
1684339363179 0.23169616 41
1684339363248 0.23153 42
1684339363317 0.23137766 43
1684339363386 0.23123881 44
1684339363458 0.23111305 45
1684339363528 0.23100013 46
1684339363596 0.23089992 47
1684339363663 0.2308122 48
1684339363742 0.23073687 49
1684339363813 0.23067386 50
1684339363880 0.2306231 51
1684339363950 0.2305845 52
1684339364018 0.23055807 53
1684339364086 0.23054373 54
1684339364156 0.23054148 55
1684339364224 0.23055133 56
1684339364290 0.2305732 57
1684339364365 0.23060714 58
1684339364435 0.23065308 59
1684339364504 0.23071103 60
1684339364571 0.23078096 61
1684339364638 0.23086289 62
1684339364707 0.2309568 63
1684339364775 0.23106265 64
1684339364845 0.23118049 65
1684339364914 0.23131025 66
1684339364982 0.23145199 67
1684339365052 0.23160565 68
1684339365121 0.23177123 69
1684339365189 0.23194876 70
1684339365261 0.2321382 71
1684339365329 0.23233959 72
1684339365397 0.23255289 73
1684339365468 0.23277812 74
1684339365536 0.23301524 75
1684339365603 0.2332643 76
1684339365668 0.23352528 77
1684339365737 0.23379818 78
1684339365806 0.23408301 79
1684339365873 0.23437974 80
1684339365941 0.23468839 81
1684339366010 0.23500898 82
1684339366079 0.23534147 83
1684339366146 0.23568588 84
1684339366212 0.23604223 85
1684339366280 0.2364105 86
1684339366349 0.23679069 87
1684339366422 0.23718277 88
1684339366493 0.2375868 89
1684339366561 0.23800275 90
1684339366632 0.2384306 91
1684339366701 0.23887041 92
1684339366771 0.2393221 93
1684339366838 0.23978572 94
1684339366904 0.24026127 95
1684339366971 0.24074873 96
1684339367041 0.24124813 97
1684339367110 0.24175945 98
1684339367178 0.24228266 99
1684339367247 0.24281782 100
1684339367316 0.2433649 101
1684339367386 0.2439239 102
1684339367456 0.2444948 103
1684339367527 0.24507764 104
1684339367598 0.24567237 105
1684339367667 0.24627905 106
1684339367734 0.24689764 107
1684339367803 0.24752814 108
1684339367872 0.24817058 109
1684339367939 0.24882492 110
1684339368007 0.24949118 111
1684339368075 0.25016934 112
1684339368143 0.25085944 113
1684339368219 0.2515615 114
1684339368296 0.2522754 115
1684339368363 0.25300127 116
1684339368431 0.253739 117
1684339368499 0.2544887 118
1684339368567 0.25525028 119
1684339368637 0.25602382 120
1684339368706 0.25680923 121
1684339368778 0.25760657 122
1684339368846 0.25841582 123
1684339368918 0.25923702 124
1684339368988 0.26007012 125
1684339369058 0.2609151 126
1684339369125 0.26177204 127
1684339369193 0.26264083 128
1684339369261 0.26352158 129
1684339369331 0.26441425 130
1684339369400 0.2653188 131
1684339369469 0.2662353 132
1684339369540 0.2671637 133
1684339369609 0.26810402 134
1684339369678 0.2690562 135
1684339369749 0.27002034 136
1684339369818 0.2709964 137
1684339369886 0.27198434 138
1684339369955 0.27298418 139
1684339370023 0.27399594 140
1684339370089 0.27501965 141
1684339370155 0.27605522 142
1684339370223 0.27710274 143
1684339370291 0.27816212 144
1684339370360 0.27923343 145
1684339370428 0.28031665 146
1684339370496 0.2814118 147
1684339370563 0.28251886 148
1684339370630 0.2836378 149
1684339370698 0.28476864 150
1684339370767 0.2859114 151
1684339370834 0.28706604 152
1684339370900 0.28823265 153
1684339370966 0.28941113 154
1684339371034 0.29060152 155
1684339371106 0.29180384 156
1684339371175 0.293018 157
1684339371244 0.2942441 158
1684339371313 0.29548216 159
1684339371378 0.29673204 160
1684339371445 0.29799387 161
1684339371512 0.2992676 162
1684339371578 0.3005532 163
1684339371646 0.30185074 164
1684339371757 0.30316016 165
1684339371827 0.3044815 166
1684339371894 0.30581474 167
1684339371962 0.30715984 168
1684339372029 0.30851692 169
1684339372096 0.30988586 170
1684339372212 0.3112667 171
1684339372282 0.31265944 172
1684339372349 0.3140641 173
1684339372416 0.3154806 174
1684339372484 0.31690907 175
1684339372552 0.31834942 176
1684339372620 0.31980163 177
1684339372686 0.3212658 178
1684339372756 0.3227418 179
1684339372825 0.32422978 180
1684339372893 0.3257296 181
1684339372961 0.3272413 182
1684339373029 0.32876498 183
1684339373095 0.3303005 184
1684339373162 0.3318479 185
1684339373228 0.33340722 186
1684339373295 0.33497846 187
1684339373363 0.33656156 188
1684339373431 0.3381566 189
1684339373500 0.33976352 190
1684339373569 0.34138232 191
1684339373637 0.343013 192
1684339373705 0.34465557 193
1684339373775 0.34631008 194
1684339373845 0.34797642 195
1684339373914 0.34965473 196
1684339373984 0.35134488 197
1684339374054 0.35304695 198
1684339374124 0.3547609 199
1684339374194 0.35648674 200
1684339374263 0.35822448 201
1684339374334 0.35997412 202
1684339374404 0.3617356 203
1684339374474 0.36350903 204
1684339374544 0.3652943 205
1684339374614 0.3670915 206
1684339374683 0.3689006 207
1684339374753 0.37072158 208
1684339374824 0.37255442 209
1684339374894 0.37439916 210
1684339374964 0.3762558 211
1684339375036 0.37812433 212
1684339375106 0.38000473 213
1684339375174 0.38189703 214
1684339375242 0.38380122 215
1684339375310 0.3857173 216
1684339375378 0.38764527 217
1684339375444 0.38958514 218
1684339375514 0.39153686 219
1684339375582 0.39350048 220
1684339375651 0.39547598 221
1684339375720 0.39746338 222
1684339375791 0.39946264 223
1684339375861 0.40147382 224
1684339375928 0.40349686 225
1684339375995 0.40553182 226
1684339376064 0.40757862 227
1684339376131 0.4096373 228
1684339376198 0.41170788 229
1684339376266 0.41379035 230
1684339376339 0.4158847 231
1684339376415 0.41799092 232
1684339376487 0.42010903 233
1684339376558 0.422239 234
1684339376625 0.4243809 235
1684339376693 0.42653465 236
1684339376762 0.42870027 237
1684339376831 0.43087777 238
1684339376897 0.4330672 239
1684339376965 0.43526846 240
1684339377032 0.4374816 241
1684339377101 0.43970662 242
1684339377169 0.44194356 243
1684339377236 0.44419235 244
1684339377305 0.44645298 245
1684339377372 0.44872552 246
1684339377442 0.45100993 247
1684339377511 0.45330626 248
1684339377582 0.45561442 249
1684339377649 0.45793447 250
