1684339106042 0.5564797344246422 1
1684339106126 0.4955789497864192 2
1684339106201 0.43342553983630305 3
1684339106271 0.3755107690775277 4
1684339106339 0.3260533797475873 5
1684339106408 0.28712521407905467 6
1684339106478 0.2588263540926776 7
1684339106549 0.23990314421437403 8
1684339106619 0.2284268848552818 9
1684339106690 0.22233877346338354 10
1684339106761 0.21979843898250395 11
1684339106832 0.21934935876460623 12
1684339106906 0.2199489760635064 13
1684339106974 0.22091940600400584 14
1684339107045 0.22186508483254586 15
1684339107114 0.22258869051712032 16
1684339107183 0.223020173229575 17
1684339107251 0.2231634738792366 18
1684339107322 0.22305933390004085 19
1684339107394 0.22276207627104783 20
1684339107463 0.22232607292551881 21
1684339107531 0.22179905577494324 22
1684339107601 0.22121964445932352 23
1684339107670 0.22061727781599438 24
1684339107740 0.22001319740918343 25
1684339107812 0.2194221091810754 26
1684339107885 0.21885341200243386 27
1684339107954 0.21831267588167 28
1684339108037 0.21780263025831423 29
1684339108109 0.2173241743880523 30
1684339108179 0.21687692995874294 31
1684339108249 0.21645983950477 32
1684339108322 0.21607140662655866 33
1684339108392 0.2157099772215131 34
1684339108461 0.21537392220191592 35
1684339108530 0.21506165528467713 36
1684339108601 0.21477174402822524 37
1684339108671 0.2145029345762258 38
1684339108739 0.21425412974171365 39
1684339108807 0.21402437591675033 40
1684339108877 0.2138128920901241 41
1684339108947 0.21361903870249654 42
1684339109018 0.2134422421807803 43
1684339109150 0.21328206996449364 44
1684339109220 0.21313814659567953 45
1684339109289 0.21301016267721934 46
1684339109360 0.21289786565533225 47
1684339109430 0.21280102329734524 48
1684339109500 0.21271944260001935 49
1684339109568 0.2126529714441419 50
1684339109635 0.21260144548898027 51
1684339109705 0.21256470591779156 52
1684339109774 0.2125426493845306 53
1684339109842 0.2125351317151051 54
1684339109912 0.21254201808239306 55
1684339109980 0.2125632064468416 56
1684339110049 0.212598579253339 57
1684339110116 0.21264800402806844 58
1684339110184 0.21271138894832567 59
1684339110252 0.21278861697963639 60
1684339110320 0.21287959576184934 61
1684339110393 0.21298419905154628 62
1684339110465 0.21310233762998043 63
1684339110534 0.2132339178612089 64
1684339110604 0.2133788403242641 65
1684339110674 0.21353701748002787 66
1684339110744 0.21370837014933705 67
1684339110812 0.21389279087285185 68
1684339110879 0.21409021303840647 69
1684339110948 0.21430056562359992 70
1684339111017 0.21452375651211794 71
1684339111085 0.21475971658491666 72
1684339111153 0.2150083716090705 73
1684339111222 0.21526967230445074 74
1684339111294 0.21554352135298513 75
1684339111367 0.2158298692102378 76
1684339111438 0.21612865480860816 77
1684339111507 0.2164397998859619 78
1684339111576 0.21676326864527448 79
1684339111643 0.2170989838302644 80
1684339111711 0.21744688672303333 81
1684339111781 0.21780692330776666 82
1684339111848 0.21817904274206085 83
1684339111916 0.2185631895695548 84
1684339111986 0.21895931043008077 85
1684339112058 0.21936735016820527 86
1684339112128 0.21978727253473065 87
1684339112197 0.2202190136442832 88
1684339112267 0.22066250934229853 89
1684339112336 0.22111774306423995 90
1684339112404 0.22158465225641016 91
1684339112475 0.22206318783713527 92
1684339112544 0.22255331272489864 93
1684339112613 0.22305499060215564 94
1684339112681 0.22356814978024445 95
1684339112748 0.2240927782635511 96
1684339112814 0.22462881927909542 97
1684339112882 0.22517623914528237 98
1684339112950 0.225734995291279 99
1684339113019 0.22630502929954102 100
1684339113087 0.22688634583398598 101
1684339113157 0.22747886219849164 102
1684339113224 0.2280825775325255 103
1684339113293 0.2286974169380102 104
1684339113362 0.22932338941164607 105
1684339113431 0.22996040986931499 106
1684339113502 0.23060851435869392 107
1684339113572 0.2312675896142811 108
1684339113641 0.23193764804320563 109
1684339113709 0.2326186633158085 110
1684339113781 0.2333105920306337 111
1684339113853 0.23401338622312512 112
1684339113920 0.23472703640798445 113
1684339113993 0.23545150381342245 114
1684339114063 0.2361867605780623 115
1684339114132 0.23693279162014005 116
1684339114203 0.2376895400199331 117
1684339114272 0.2384570160164168 118
1684339114341 0.2392351525844114 119
1684339114410 0.2400239495740655 120
1684339114482 0.24082337072807616 121
1684339114550 0.2416333847187656 122
1684339114618 0.2424539874681204 123
1684339114686 0.2432851387958594 124
1684339114760 0.24412679952061292 125
1684339114830 0.24497897116642942 126
1684339114898 0.24584162350050726 127
1684339114970 0.24671473027431184 128
1684339115038 0.24759827149710373 129
1684339115107 0.24849221261662435 130
1684339115175 0.24939654692605093 131
1684339115244 0.2503112477337913 132
1684339115313 0.2512362819023557 133
1684339115382 0.25217162855867437 134
1684339115452 0.25311728264903244 135
1684339115523 0.2540731789651443 136
1684339115591 0.25503933776045945 137
1684339115659 0.25601572367213765 138
1684339115730 0.25700235634971735 139
1684339115798 0.25799916962501335 140
1684339115983 0.2590061995298108 141
1684339116064 0.260023400800477 142
1684339116149 0.26105076148233824 143
1684339116223 0.2620882568794105 144
1684339116294 0.2631358943853402 145
1684339116367 0.26419366279336026 146
1684339116434 0.26526151549337185 147
1684339116503 0.26633943448711905 148
1684339116571 0.26742745936521106 149
1684339116640 0.2685255070597647 150
1684339116709 0.26963360266037206 151
1684339116779 0.27075172857387836 152
1684339116847 0.27187986247119705 153
1684339116915 0.27301797213901247 154
1684339116984 0.27416608030894624 155
1684339117054 0.27532412932264955 156
1684339117122 0.2764921452228306 157
1684339117190 0.2776700709861637 158
1684339117302 0.27885795063971347 159
1684339117374 0.28005570094098636 160
1684339117444 0.28126335979389755 161
1684339117513 0.2824808899335275 162
1684339117584 0.2837083002244701 163
1684339117653 0.28494554130562827 164
1684339117722 0.2861926287235966 165
1684339117791 0.2874495553993135 166
1684339117859 0.28871628243960534 167
1684339117929 0.28999282702235757 168
1684339117998 0.29127917564825817 169
1684339118114 0.29257529411628114 170
1684339118186 0.2938811638095201 171
1684339118257 0.29519680209087273 172
1684339118326 0.2965221827582665 173
1684339118395 0.29785729399234084 174
1684339118465 0.2992021498864738 175
1684339118532 0.30055671613583096 176
1684339118601 0.3019209821787895 177
1684339118668 0.3032949230903292 178
1684339118737 0.3046785572116236 179
1684339118805 0.30607185769924217 180
1684339118873 0.3074748143005623 181
1684339118940 0.30888744613921976 182
1684339119011 0.31030970915229017 183
1684339119083 0.3117416015570661 184
1684339119151 0.3131831202784188 185
1684339119219 0.3146342550549348 186
1684339119288 0.3160949802846113 187
1684339119356 0.31756531146542477 188
1684339119424 0.3190452131019882 189
1684339119492 0.32053469529519707 190
1684339119561 0.3220337388156675 191
1684339119630 0.32354232602929295 192
1684339119700 0.32506049250606756 193
1684339119774 0.326588166524037 194
1684339119842 0.3281253775952165 195
1684339119909 0.3296721258273648 196
1684339119978 0.33122836070957307 197
1684339120049 0.3327941108345677 198
1684339120119 0.33436934806629687 199
1684339120186 0.33595407810976446 200
1684339120255 0.3375482793711973 201
1684339120323 0.3391519511486558 202
1684339120390 0.3407650762147555 203
1684339120454 0.34238763520922233 204
1684339120524 0.34401965583138594 205
1684339120591 0.3456610853584385 206
1684339120660 0.34731196029267175 207
1684339120728 0.3489722439145833 208
1684339120798 0.3506419355119238 209
1684339120865 0.35232101085391787 210
1684339120933 0.35400947659998927 211
1684339121002 0.3557073197856956 212
1684339121070 0.35741455628118574 213
1684339121138 0.35913114152561976 214
1684339121205 0.3608570730448963 215
1684339121272 0.36259234166209653 216
1684339121343 0.3643369387964244 217
1684339121410 0.36609089305455345 218
1684339121479 0.3678541316067989 219
1684339121547 0.36962669505384366 220
1684339121617 0.37140856490541446 221
1684339121685 0.37319971629857446 222
1684339121753 0.37500014768726875 223
1684339121821 0.3768098456075906 224
1684339121887 0.37862880633583923 225
1684339121955 0.38045702419419464 226
1684339122022 0.38229448875893746 227
1684339122088 0.38414119293282284 228
1684339122158 0.38599711171477885 229
1684339122229 0.3878622434641163 230
1684339122298 0.38973657462127537 231
1684339122370 0.39162011215320697 232
1684339122439 0.3935128436049372 233
1684339122509 0.39541473174173547 234
1684339122579 0.3973258011634081 235
1684339122769 0.39924602299296846 236
1684339122948 0.40117538381025303 237
1684339123039 0.4031139013596666 238
1684339123116 0.40506151846584765 239
1684339123185 0.4070182761338913 240
1684339123254 0.40898412869317274 241
1684339123325 0.4109590527369017 242
1684339123393 0.41294308798005985 243
1684339123461 0.414936206496447 244
1684339123533 0.41693837175862236 245
1684339123603 0.4189495646658414 246
1684339123671 0.42096982271835065 247
1684339123740 0.42299910932413815 248
1684339123809 0.42503741530013855 249
1684339123878 0.4270847252112868 250
