1684341437418 0.5190638 1
1684341437499 0.4650979 2
1684341437571 0.4105963 3
1684341437642 0.3605196 4
1684341437718 0.31857467 5
1684341437791 0.28646284 6
1684341437862 0.26408336 7
1684341437933 0.25012714 8
1684341438003 0.2427115 9
1684341438073 0.23988107 10
1684341438144 0.23992044 11
1684341438220 0.24149594 12
1684341438290 0.2436736 13
1684341438361 0.24586648 14
1684341438433 0.247754 15
1684341438505 0.24919933 16
1684341438575 0.25018063 17
1684341438646 0.25073963 18
1684341438721 0.25094658 19
1684341438793 0.25087872 20
1684341438865 0.25060838 21
1684341438937 0.25019756 22
1684341439007 0.24969603 23
1684341439079 0.24914216 24
1684341439148 0.24856412 25
1684341439222 0.24798195 26
1684341439290 0.24740916 27
1684341439358 0.24685447 28
1684341439427 0.24632297 29
1684341439496 0.2458174 30
1684341439566 0.24533856 31
1684341439633 0.24488628 32
1684341439700 0.24445966 33
1684341439769 0.24405742 34
1684341439837 0.243678 35
1684341439908 0.24332 36
1684341439978 0.2429819 37
1684341440047 0.24266243 38
1684341440118 0.24236035 39
1684341440188 0.24207461 40
1684341440260 0.24180438 41
1684341440327 0.24154885 42
1684341440398 0.24130744 43
1684341440468 0.24107961 44
1684341440536 0.24086499 45
1684341440605 0.2406632 46
1684341440673 0.24047406 47
1684341440743 0.24029732 48
1684341440811 0.24013284 49
1684341440883 0.23998049 50
1684341440951 0.23984021 51
1684341441021 0.23971191 52
1684341441089 0.2395955 53
1684341441155 0.239491 54
1684341441223 0.23939833 55
1684341441295 0.23931748 56
1684341441364 0.23924845 57
1684341441431 0.23919116 58
1684341441513 0.23914565 59
1684341441588 0.23911187 60
1684341441658 0.23908985 61
1684341441726 0.2390795 62
1684341441795 0.23908085 63
1684341441864 0.23909393 64
1684341441931 0.23911864 65
1684341441998 0.23915502 66
1684341442069 0.2392031 67
1684341442137 0.2392628 68
1684341442206 0.23933414 69
1684341442277 0.23941715 70
1684341442346 0.23951179 71
1684341442419 0.23961803 72
1684341442492 0.23973589 73
1684341442559 0.23986539 74
1684341442627 0.24000648 75
1684341442697 0.24015918 76
1684341442766 0.24032351 77
1684341442836 0.24049944 78
1684341442904 0.240687 79
1684341442973 0.2408861 80
1684341443042 0.24109685 81
1684341443111 0.24131918 82
1684341443181 0.24155308 83
1684341443251 0.24179861 84
1684341443320 0.24205571 85
1684341443389 0.24232441 86
1684341443459 0.2426047 87
1684341443528 0.24289659 88
1684341443598 0.24320003 89
1684341443670 0.24351507 90
1684341443740 0.2438417 91
1684341443807 0.2441799 92
1684341443879 0.2445297 93
1684341443948 0.24489102 94
1684341444017 0.24526393 95
1684341444084 0.24564844 96
1684341444202 0.24604452 97
1684341444444 0.24645215 98
1684341444515 0.24687134 99
1684341444587 0.2473021 100
1684341444657 0.24774441 101
1684341444727 0.2481983 102
1684341444794 0.24866375 103
1684341444862 0.24914074 104
1684341444932 0.2496293 105
1684341445001 0.2501294 106
1684341445069 0.25064105 107
1684341445138 0.25116423 108
1684341445207 0.2516973 109
1684341445277 0.25223976 110
1684341445346 0.25279146 111
1684341445415 0.25335246 112
1684341445485 0.25392318 113
1684341445556 0.25450397 114
1684341445625 0.25509524 115
1684341445694 0.25569737 116
1684341445762 0.25631076 117
1684341445831 0.25693557 118
1684341445899 0.25757205 119
1684341445968 0.25822031 120
1684341446033 0.2588805 121
1684341446099 0.2595526 122
1684341446168 0.26023674 123
1684341446235 0.2609329 124
1684341446306 0.26164106 125
1684341446374 0.26236123 126
1684341446443 0.26309335 127
1684341446512 0.26383746 128
1684341446581 0.26459357 129
1684341446652 0.2653616 130
1684341446721 0.26614153 131
1684341446790 0.26693338 132
1684341446859 0.2677371 133
1684341446928 0.26855266 134
1684341446997 0.2693801 135
1684341447064 0.27021936 136
1684341447134 0.27107042 137
1684341447203 0.27193332 138
1684341447268 0.272808 139
1684341447335 0.27369446 140
1684341447404 0.27459264 141
1684341447475 0.27550262 142
1684341447543 0.27642438 143
1684341447610 0.27735788 144
1684341447679 0.2783031 145
1684341447745 0.27926004 146
1684341447812 0.28022867 147
1684341447881 0.28120905 148
1684341447948 0.2822011 149
1684341448013 0.28320488 150
1684341448077 0.28422034 151
1684341448146 0.28524747 152
1684341448210 0.2862863 153
1684341448281 0.28733677 154
1684341448351 0.2883989 155
1684341448420 0.2894727 156
1684341448489 0.2905581 157
1684341448556 0.29165515 158
1684341448621 0.29276386 159
1684341448691 0.29388416 160
1684341448759 0.2950161 161
1684341448827 0.29615963 162
1684341448897 0.29731476 163
1684341448966 0.29848152 164
1684341449037 0.29965982 165
1684341449106 0.30084974 166
1684341449178 0.30205125 167
1684341449249 0.30326426 168
1684341449319 0.30448887 169
1684341449388 0.30572504 170
1684341449457 0.3069728 171
1684341449528 0.30823207 172
1684341449718 0.3095029 173
1684341449903 0.31078523 174
1684341449976 0.31207907 175
1684341450044 0.31338453 176
1684341450112 0.31470144 177
1684341450181 0.31602985 178
1684341450249 0.31736982 179
1684341450317 0.31872123 180
1684341450382 0.3200842 181
1684341450451 0.32145864 182
1684341450520 0.3228446 183
1684341450592 0.324242 184
1684341450664 0.32565087 185
1684341450733 0.32707125 186
1684341450802 0.3285031 187
1684341450879 0.3299464 188
1684341450949 0.33140117 189
1684341451018 0.33286738 190
1684341451087 0.33434507 191
1684341451157 0.3358342 192
1684341451225 0.3373348 193
1684341451293 0.3388468 194
1684341451361 0.34037027 195
1684341451431 0.34190515 196
1684341451501 0.3434515 197
1684341451571 0.34500924 198
1684341451642 0.34657845 199
1684341451712 0.34815902 200
1684341451780 0.34975106 201
1684341451845 0.35135445 202
1684341451914 0.3529693 203
1684341451982 0.35459554 204
1684341452053 0.35623318 205
1684341452121 0.35788223 206
1684341452193 0.35954267 207
1684341452262 0.3612145 208
1684341452333 0.36289775 209
1684341452401 0.36459237 210
1684341452474 0.36629838 211
1684341452543 0.36801574 212
1684341452613 0.36974454 213
1684341452684 0.37148467 214
1684341452751 0.3732362 215
1684341452819 0.3749991 216
1684341452890 0.37677336 217
1684341452958 0.378559 218
1684341453027 0.38035598 219
1684341453096 0.38216436 220
1684341453163 0.3839841 221
1684341453234 0.38581517 222
1684341453301 0.38765758 223
1684341453368 0.3895114 224
1684341453437 0.39137655 225
1684341453507 0.39325303 226
1684341453575 0.39514083 227
1684341453645 0.39704 228
1684341453715 0.39895055 229
1684341453787 0.40087244 230
1684341453855 0.40280563 231
1684341453924 0.40475017 232
1684341453991 0.40670604 233
1684341454061 0.4086733 234
1684341454129 0.4106518 235
1684341454197 0.41264167 236
1684341454265 0.41464287 237
1684341454335 0.41665542 238
1684341454403 0.41867927 239
1684341454472 0.42071444 240
1684341454540 0.4227609 241
1684341454609 0.42481875 242
1684341454677 0.4268879 243
1684341454748 0.42896834 244
1684341454815 0.4310601 245
1684341454882 0.43316323 246
1684341454950 0.4352776 247
1684341455018 0.43740332 248
1684341455086 0.43954033 249
1684341455154 0.4416887 250
