1684339024470 0.55240095 1
1684339024564 0.49216238 2
1684339024635 0.43086088 3
1684339024708 0.37393922 4
1684339024780 0.32554126 5
1684339024849 0.28766605 6
1684339024918 0.26035982 7
1684339024988 0.24233834 8
1684339025057 0.23166218 9
1684339025126 0.22627541 10
1684339025196 0.22434705 11
1684339025265 0.22443113 12
1684339025335 0.22549433 13
1684339025402 0.22690183 14
1684339025470 0.22825274 15
1684339025537 0.2293385 16
1684339025605 0.23009768 17
1684339025673 0.23054041 18
1684339025741 0.23071179 19
1684339025811 0.23066913 20
1684339025879 0.23046906 21
1684339025947 0.23016131 22
1684339026015 0.2297861 23
1684339026081 0.2293745 24
1684339026150 0.22894916 25
1684339026221 0.22852594 26
1684339026288 0.2281154 27
1684339026353 0.22772403 28
1684339026421 0.22735555 29
1684339026488 0.22701165 30
1684339026556 0.22669262 31
1684339026627 0.22639802 32
1684339026703 0.22612678 33
1684339026779 0.22587773 34
1684339026847 0.22564954 35
1684339026913 0.22544089 36
1684339026980 0.2252506 37
1684339027045 0.22507761 38
1684339027115 0.22492094 39
1684339027181 0.22477978 40
1684339027253 0.22465351 41
1684339027322 0.22454154 42
1684339027392 0.22444342 43
1684339027462 0.22435881 44
1684339027531 0.22428744 45
1684339027601 0.22422905 46
1684339027670 0.2241835 47
1684339027739 0.2241507 48
1684339027807 0.22413051 49
1684339027877 0.22412284 50
1684339027946 0.2241277 51
1684339028016 0.22414501 52
1684339028088 0.22417471 53
1684339028155 0.22421685 54
1684339028220 0.22427134 55
1684339028287 0.22435156 56
1684339028355 0.22448881 57
1684339028423 0.22463976 58
1684339028489 0.22480437 59
1684339028555 0.2249826 60
1684339028627 0.22517446 61
1684339028694 0.22537985 62
1684339028761 0.22559875 63
1684339028831 0.22583115 64
1684339028901 0.22607699 65
1684339028968 0.22633624 66
1684339029036 0.2266089 67
1684339029104 0.22689492 68
1684339029172 0.22719426 69
1684339029239 0.22750692 70
1684339029306 0.22783287 71
1684339029378 0.22817203 72
1684339029447 0.22852445 73
1684339029511 0.22889006 74
1684339029577 0.22926882 75
1684339029644 0.22966078 76
1684339029716 0.23006585 77
1684339029783 0.23048401 78
1684339029853 0.23091528 79
1684339029922 0.23135957 80
1684339029991 0.23181692 81
1684339030059 0.23228729 82
1684339030127 0.23277062 83
1684339030194 0.23326695 84
1684339030260 0.23377618 85
1684339030324 0.23429835 86
1684339030392 0.2348334 87
1684339030459 0.23538135 88
1684339030530 0.2359421 89
1684339030598 0.23651572 90
1684339030668 0.2371021 91
1684339030735 0.23770128 92
1684339030803 0.23831321 93
1684339030870 0.23893785 94
1684339030938 0.23957522 95
1684339031007 0.24022529 96
1684339031074 0.24088795 97
1684339031143 0.24156329 98
1684339031210 0.24225125 99
1684339031276 0.24295177 100
1684339031342 0.24366486 101
1684339031411 0.2443905 102
1684339031477 0.24512865 103
1684339031545 0.2458793 104
1684339031614 0.2466424 105
1684339031684 0.24741796 106
1684339031753 0.24820593 107
1684339031822 0.2490063 108
1684339031890 0.24981906 109
1684339031959 0.25064415 110
1684339032027 0.2514816 111
1684339032095 0.25233132 112
1684339032166 0.25319332 113
1684339032232 0.2540676 114
1684339032298 0.2549541 115
1684339032364 0.25585282 116
1684339032429 0.25676373 117
1684339032496 0.2576868 118
1684339032565 0.258622 119
1684339032632 0.25956935 120
1684339032704 0.26052874 121
1684339032772 0.26150024 122
1684339032840 0.2624838 123
1684339032912 0.26347935 124
1684339032981 0.26448694 125
1684339033051 0.26550648 126
1684339033121 0.266538 127
1684339033190 0.26758143 128
1684339033261 0.26863676 129
1684339033331 0.269704 130
1684339033399 0.2707831 131
1684339033467 0.27187404 132
1684339033537 0.2729768 133
1684339033605 0.27409136 134
1684339033674 0.27521768 135
1684339033742 0.27635577 136
1684339033808 0.27750558 137
1684339033879 0.2786671 138
1684339033946 0.27984023 139
1684339034011 0.2810251 140
1684339034079 0.28222156 141
1684339034148 0.28342968 142
1684339034215 0.28464937 143
1684339034283 0.28588063 144
1684339034352 0.28712338 145
1684339034421 0.2883777 146
1684339034486 0.28964353 147
1684339034551 0.29092082 148
1684339034618 0.29220957 149
1684339034685 0.29350975 150
1684339034754 0.29482132 151
1684339034830 0.29614434 152
1684339034904 0.29747865 153
1684339034971 0.29882434 154
1684339035038 0.30018136 155
1684339035105 0.30154964 156
1684339035174 0.30292922 157
1684339035242 0.30432007 158
1684339035307 0.30572212 159
1684339035374 0.30713537 160
1684339035442 0.30855983 161
1684339035508 0.30999544 162
1684339035572 0.3114422 163
1684339035638 0.31290007 164
1684339035704 0.31436908 165
1684339035772 0.31584913 166
1684339035838 0.3173402 167
1684339035905 0.31884235 168
1684339035972 0.32035547 169
1684339036037 0.32187963 170
1684339036103 0.32341468 171
1684339036169 0.32496077 172
1684339036234 0.3265177 173
1684339036300 0.32808554 174
1684339036365 0.32966432 175
1684339036433 0.3312539 176
1684339036499 0.33285427 177
1684339036571 0.33446553 178
1684339036639 0.33608752 179
1684339036704 0.33772033 180
1684339036769 0.33936387 181
1684339037019 0.34101814 182
1684339037162 0.34268314 183
1684339037235 0.34435874 184
1684339037304 0.34604508 185
1684339037373 0.34774196 186
1684339037441 0.34944955 187
1684339037508 0.3511677 188
1684339037577 0.35289645 189
1684339037740 0.3546357 190
1684339037851 0.3563855 191
1684339037921 0.3581458 192
1684339037990 0.35991663 193
1684339038057 0.36169785 194
1684339038124 0.36348957 195
1684339038191 0.3652917 196
1684339038260 0.36710423 197
1684339038328 0.36892712 198
1684339038397 0.3707604 199
1684339038466 0.372604 200
1684339038534 0.37445793 201
1684339038602 0.37632215 202
1684339038670 0.37819666 203
1684339038737 0.38008136 204
1684339038805 0.38197637 205
1684339038875 0.3838815 206
1684339038945 0.3857969 207
1684339039012 0.38772243 208
1684339039079 0.3896581 209
1684339039147 0.3916039 210
1684339039216 0.3935598 211
1684339039283 0.3955258 212
1684339039352 0.3975019 213
1684339039421 0.39948794 214
1684339039490 0.4014841 215
1684339039559 0.40349022 216
1684339039627 0.4055063 217
1684339039698 0.40753236 218
1684339039767 0.40956837 219
1684339039833 0.41161424 220
1684339039902 0.41367006 221
1684339039968 0.41573575 222
1684339040035 0.41781127 223
1684339040103 0.4198966 224
1684339040170 0.42199183 225
1684339040238 0.4240968 226
1684339040305 0.4262115 227
1684339040370 0.42833602 228
1684339040436 0.4304703 229
1684339040505 0.43261415 230
1684339040572 0.43476778 231
1684339040636 0.4369311 232
1684339040705 0.43910402 233
1684339040773 0.44128656 234
1684339040839 0.44347873 235
1684339040909 0.44568053 236
1684339040975 0.4478919 237
1684339041044 0.45011276 238
1684339041112 0.45234314 239
1684339041177 0.45458305 240
1684339041245 0.45683244 241
1684339041311 0.45909125 242
1684339041376 0.46135962 243
1684339041440 0.46363732 244
1684339041508 0.4659245 245
1684339041577 0.46822098 246
1684339041647 0.47052687 247
1684339041714 0.4728421 248
1684339041783 0.47516665 249
1684339041847 0.47750056 250
