1684342514994 0.54424715 1
1684342515078 0.48514035 2
1684342515152 0.42542207 3
1684342515223 0.37051412 4
1684342515294 0.3244725 5
1684342515365 0.28916416 6
1684342515436 0.26448816 7
1684342515506 0.24902275 8
1684342515577 0.24071795 9
1684342515645 0.23744223 10
1684342515713 0.23732431 11
1684342515781 0.23890793 12
1684342515850 0.24117231 13
1684342515921 0.24347466 14
1684342515992 0.24546246 15
1684342516062 0.24698377 16
1684342516130 0.24801226 17
1684342516199 0.24859107 18
1684342516268 0.24879475 19
1684342516339 0.24870576 20
1684342516406 0.24840146 21
1684342516477 0.24794818 22
1684342516548 0.2473993 23
1684342516616 0.24679571 24
1684342516684 0.24616763 25
1684342516757 0.24553639 26
1684342516826 0.24491635 27
1684342516893 0.2443168 28
1684342516961 0.24374315 29
1684342517032 0.24319813 30
1684342517101 0.24268268 31
1684342517173 0.24219647 32
1684342517242 0.24173853 33
1684342517311 0.24130738 34
1684342517378 0.24090147 35
1684342517450 0.24051912 36
1684342517523 0.24015883 37
1684342517593 0.23981912 38
1684342517661 0.2394987 39
1684342517730 0.23919646 40
1684342517800 0.23891145 41
1684342517868 0.23864289 42
1684342517936 0.23839006 43
1684342518005 0.23815247 44
1684342518076 0.23792961 45
1684342518145 0.2377212 46
1684342518215 0.23752695 47
1684342518283 0.23734659 48
1684342518354 0.23718002 49
1684342518423 0.2370271 50
1684342518492 0.23688768 51
1684342518563 0.2367617 52
1684342518632 0.23664913 53
1684342518699 0.23654985 54
1684342518766 0.23646386 55
1684342518836 0.23639113 56
1684342518902 0.23633161 57
1684342518969 0.23628525 58
1684342519036 0.23625207 59
1684342519107 0.23623201 60
1684342519179 0.23622504 61
1684342519246 0.23623118 62
1684342519316 0.2362504 63
1684342519384 0.23628262 64
1684342519454 0.23632787 65
1684342519523 0.23638615 66
1684342519593 0.2364574 67
1684342519660 0.23654163 68
1684342519727 0.23663881 69
1684342519795 0.23674895 70
1684342519866 0.23687202 71
1684342519936 0.23700798 72
1684342520006 0.23715691 73
1684342520076 0.2373187 74
1684342520146 0.23749337 75
1684342520215 0.23768094 76
1684342520283 0.23788136 77
1684342520351 0.23809466 78
1684342520418 0.23832083 79
1684342520486 0.23855984 80
1684342520556 0.23881167 81
1684342520624 0.23907635 82
1684342520694 0.23935385 83
1684342520761 0.23964417 84
1684342520830 0.23994729 85
1684342520899 0.24026324 86
1684342520969 0.24059197 87
1684342521037 0.24093351 88
1684342521105 0.24128783 89
1684342521175 0.24165492 90
1684342521244 0.2420348 91
1684342521312 0.24242741 92
1684342521380 0.2428328 93
1684342521448 0.24325094 94
1684342521515 0.24368186 95
1684342521585 0.2441255 96
1684342521652 0.24458188 97
1684342521720 0.24505097 98
1684342521789 0.24553281 99
1684342521858 0.24602737 100
1684342521928 0.24653462 101
1684342521996 0.2470546 102
1684342522063 0.24758726 103
1684342522131 0.24813262 104
1684342522200 0.24869066 105
1684342522269 0.24926141 106
1684342522337 0.24984482 107
1684342522408 0.25044093 108
1684342522476 0.25104967 109
1684342522549 0.2516711 110
1684342522617 0.25230518 111
1684342522683 0.25295192 112
1684342522749 0.2536113 113
1684342522820 0.2542833 114
1684342522892 0.25496796 115
1684342522960 0.25566524 116
1684342523040 0.25637516 117
1684342523114 0.25709772 118
1684342523187 0.25783288 119
1684342523255 0.25858063 120
1684342523323 0.25934103 121
1684342523397 0.260114 122
1684342523466 0.2608996 123
1684342523536 0.26169777 124
1684342523605 0.26250854 125
1684342523674 0.26333186 126
1684342523740 0.26416782 127
1684342523809 0.26501632 128
1684342523879 0.26587608 129
1684342523945 0.2667468 130
1684342524012 0.2676282 131
1684342524080 0.2685205 132
1684342524152 0.26942387 133
1684342524221 0.27033865 134
1684342524287 0.27126515 135
1684342524355 0.2722037 136
1684342524424 0.27315456 137
1684342524492 0.27411792 138
1684342524560 0.27509388 139
1684342524629 0.2760826 140
1684342524698 0.27708417 141
1684342524767 0.27809864 142
1684342524835 0.27912605 143
1684342524906 0.28016633 144
1684342524975 0.28121957 145
1684342525045 0.28228572 146
1684342525121 0.2833648 147
1684342525191 0.2844568 148
1684342525265 0.28556168 149
1684342525333 0.2866794 150
1684342525404 0.28780997 151
1684342525473 0.28895336 152
1684342525542 0.29010957 153
1684342525612 0.2912786 154
1684342525682 0.2924604 155
1684342525753 0.29365504 156
1684342525824 0.29486233 157
1684342525895 0.29608244 158
1684342525964 0.29731524 159
1684342526034 0.2985608 160
1684342526103 0.2998191 161
1684342526172 0.30109006 162
1684342526241 0.30237377 163
1684342526310 0.30367014 164
1684342526380 0.3049792 165
1684342526448 0.30630094 166
1684342526517 0.30763534 167
1684342526738 0.30898243 168
1684342526924 0.31034213 169
1684342527064 0.3117145 170
1684342527196 0.3130995 171
1684342527320 0.31449717 172
1684342527426 0.31590742 173
1684342527517 0.3173303 174
1684342527587 0.31876582 175
1684342527655 0.3202139 176
1684342527725 0.3216746 177
1684342527793 0.32314792 178
1684342527863 0.32463378 179
1684342527976 0.32613224 180
1684342528043 0.32764328 181
1684342528112 0.32916683 182
1684342528180 0.330703 183
1684342528277 0.33225167 184
1684342528346 0.33381292 185
1684342528415 0.3353867 186
1684342528485 0.33697298 187
1684342528553 0.33857185 188
1684342528621 0.34018314 189
1684342528689 0.341807 190
1684342528757 0.34344336 191
1684342528823 0.34509224 192
1684342528891 0.3467536 193
1684342528960 0.34842744 194
1684342529031 0.35011378 195
1684342529102 0.35181254 196
1684342529175 0.3535238 197
1684342529244 0.35524753 198
1684342529319 0.35698372 199
1684342529390 0.35873234 200
1684342529631 0.36049345 201
1684342529740 0.36226696 202
1684342529812 0.36405292 203
1684342529880 0.36585134 204
1684342529948 0.36766213 205
1684342530015 0.36948538 206
1684342530082 0.37132102 207
1684342530153 0.37316906 208
1684342530224 0.3750296 209
1684342530292 0.37690246 210
1684342530362 0.37878773 211
1684342530430 0.3806854 212
1684342530496 0.38259548 213
1684342530565 0.38451797 214
1684342530633 0.38645276 215
1684342530703 0.38839996 216
1684342530771 0.39035955 217
1684342530841 0.3923315 218
1684342530908 0.39431584 219
1684342530975 0.39631253 220
1684342531042 0.39832157 221
1684342531118 0.400343 222
1684342531193 0.4023767 223
1684342531265 0.40442282 224
1684342531333 0.40648127 225
1684342531405 0.40855205 226
1684342531473 0.41063517 227
1684342531541 0.41273063 228
1684342531610 0.41483843 229
1684342531679 0.41695857 230
1684342531747 0.41909105 231
1684342531818 0.4212358 232
1684342531889 0.4233929 233
1684342531963 0.4255623 234
1684342532032 0.42774403 235
1684342532100 0.42993808 236
1684342532168 0.43214446 237
1684342532236 0.4343631 238
1684342532305 0.4365941 239
1684342532375 0.43883738 240
1684342532446 0.44109297 241
1684342532515 0.44336084 242
1684342532585 0.445641 243
1684342532653 0.4479335 244
1684342532722 0.45023823 245
1684342532790 0.45255527 246
1684342532859 0.45488462 247
1684342532927 0.45722622 248
1684342532994 0.45958018 249
1684342533062 0.46194637 250
