1684342265055 0.0010757534370060987 1
1684342265148 0.000914162281644532 2
1684342265222 0.0007786247007266183 3
1684342265294 0.0007121613315422707 4
1684342265367 0.0007150735443635644 5
1684342265437 0.0007471168605515906 6
1684342265507 0.0007731953289141902 7
1684342265578 0.000782914283077469 8
1684342265649 0.0007831233077328016 9
1684342265720 0.0007867629041247655 10
1684342265790 0.0008043737956763254 11
1684342265858 0.000840820483815576 12
1684342265928 0.0008961121213735063 13
1684342265996 0.0009682481332363514 14
1684342266066 0.0010548494044175815 15
1684342266134 0.0011537547968667311 16
1684342266250 0.001262730130711793 17
1684342266320 0.0013795040761302977 18
1684342266388 0.0015016773352346773 19
1684342266458 0.0016269640826526565 20
1684342266528 0.0017533601796450244 21
1684342266598 0.0018791891241449561 22
1684342266669 0.002003169501812303 23
1684342266739 0.0021243794834731613 24
1684342266809 0.002242189564243729 25
1684342266883 0.0023562400571191474 26
1684342266951 0.002466374124959044 27
1684342267020 0.002572529869244381 28
1684342267089 0.0026748133645671662 29
1684342267158 0.002773313105204396 30
1684342267226 0.0028682118120941296 31
1684342267294 0.002959670802127791 32
1684342267363 0.003047886532346017 33
1684342267431 0.0031330290611525187 34
1684342267499 0.003215257132056537 35
1684342267574 0.0032947580420486897 36
1684342267642 0.003371633717237848 37
1684342267714 0.003446047882123877 38
1684342267785 0.0035181028380841975 39
1684342267855 0.003587915324930685 40
1684342267927 0.0036555574649789397 41
1684342267994 0.0037211361387458402 42
1684342268068 0.0037847427019796413 43
1684342268143 0.0038464399539252696 44
1684342268218 0.003906294659369533 45
1684342268288 0.003964379306114701 46
1684342268358 0.004020754169270135 47
1684342268426 0.004075492520208342 48
1684342268495 0.004128637832862628 49
1684342268562 0.0041802696413529685 50
1684342268631 0.0042304173256780125 51
1684342268699 0.004279157746948401 52
1684342268771 0.004326533878549135 53
1684342268841 0.004372511501271473 54
1684342268916 0.004417074670906662 55
1684342268983 0.004460302542315827 56
1684342269052 0.00450222986156337 57
1684342269124 0.004542941197162414 58
1684342269191 0.00458225094010849 59
1684342269259 0.00462018727444064 60
1684342269329 0.004656770414750893 61
1684342269399 0.004692123864338311 62
1684342269470 0.004726369613051307 63
1684342269538 0.0047596282795286686 64
1684342269610 0.0047920396049722985 65
1684342269679 0.00482371239187022 66
1684342269749 0.004854752504289722 67
1684342269817 0.004885263570928701 68
1684342269886 0.0049153099281022085 69
1684342269955 0.0049449504742224626 70
1684342270023 0.004974249634686035 71
1684342270094 0.0050032440622216675 72
1684342270163 0.005031986456901242 73
1684342270230 0.00506048464652707 74
1684342270304 0.005088793232495591 75
1684342270376 0.00511690576611395 76
1684342270450 0.005144859407014349 77
1684342270520 0.005172679817946057 78
1684342270588 0.005200369857430862 79
1684342270655 0.005227950633235831 80
1684342270722 0.0052554389380473 81
1684342270792 0.005282847988871426 82
1684342270860 0.005310201146291252 83
1684342270927 0.00533749311429676 84
1684342270996 0.005364756822637011 85
1684342271078 0.005392011313969544 86
1684342271152 0.005419245032517597 87
1684342271222 0.005446498078980678 88
1684342271289 0.005473771159059764 89
1684342271355 0.00550108920814453 90
1684342271426 0.005528461876330883 91
1684342271493 0.005555902071085843 92
1684342271562 0.005583415242963431 93
1684342271630 0.005611037633104418 94
1684342271698 0.005638772315849912 95
1684342271767 0.005666624231487823 96
1684342271836 0.005694615966433814 97
1684342271907 0.005722757885671875 98
1684342271976 0.005751081181700248 99
1684342272047 0.005779573700334435 100
1684342272117 0.0058082554017871955 101
1684342272187 0.005837148152903395 102
1684342272255 0.0058662651345357105 103
1684342272331 0.005895601340725023 104
1684342272404 0.0059251943823320375 105
1684342272473 0.005955037290739454 106
1684342272544 0.005985148124017332 107
1684342272614 0.00601554506502779 108
1684342272682 0.00604623082144392 109
1684342272748 0.0060772194179012 110
1684342272814 0.006108516345751742 111
1684342272883 0.00614014997920746 112
1684342272953 0.006172124680922575 113
1684342273032 0.006204445534305787 114
1684342273102 0.006237129893302194 115
1684342273173 0.006270179398662291 116
1684342273242 0.006303615485548437 117
1684342273313 0.006337451927973193 118
1684342273384 0.006371692121002181 119
1684342273453 0.006406343950064224 120
1684342273523 0.006441417222572019 121
1684342273591 0.006476938240624697 122
1684342273660 0.006512910586246185 123
1684342273729 0.0065493264369152265 124
1684342273798 0.006586243333312473 125
1684342273868 0.006623667893599033 126
1684342273936 0.006661607830130748 127
1684342274004 0.006700095129233816 128
1684342274068 0.006739103816879885 129
1684342274137 0.006778666422003965 130
1684342274209 0.006818788842246046 131
1684342274278 0.006859449961304561 132
1684342274349 0.006900694953485702 133
1684342274421 0.006942488519456924 134
1684342274490 0.006984855127970043 135
1684342274561 0.007027817459556881 136
1684342274632 0.007071368353922181 137
1684342274702 0.007115508699571127 138
1684342274771 0.00716027148726826 139
1684342274842 0.007205629633429931 140
1684342274911 0.007251633370518274 141
1684342274980 0.0072982477901235845 142
1684342275047 0.007345520934033673 143
1684342275114 0.007393448713727665 144
1684342275183 0.007442023185294626 145
1684342275250 0.007491269491974202 146
1684342275320 0.00754119095906827 147
1684342275390 0.007591800353273246 148
1684342275458 0.007643095137352159 149
1684342275526 0.007695102557732335 150
1684342275595 0.007747813931503578 151
1684342275664 0.007801247980912267 152
1684342275733 0.007855406737401085 153
1684342275800 0.007910300211298618 154
1684342275868 0.00796593923872928 155
1684342275936 0.00802233044164545 156
1684342276002 0.008079483271099412 157
1684342276068 0.008137391899039264 158
1684342276139 0.008196083471295385 159
1684342276208 0.008255538126947475 160
1684342276275 0.008315796094191766 161
1684342276345 0.008376859084526133 162
1684342276415 0.008438712646769117 163
1684342276481 0.008501372178013234 164
1684342276547 0.008564856100114522 165
1684342276616 0.008629178904823119 166
1684342276682 0.008694323755499328 167
1684342276747 0.008760309920469545 168
1684342276813 0.008827122319091342 169
1684342276883 0.008895069085763709 170
1684342276952 0.008964385024383972 171
1684342277019 0.009035217363825418 172
1684342277218 0.009107622860860917 173
1684342277381 0.009181579687626893 174
1684342277471 0.009257023709662771 175
1684342277544 0.009333880392856769 176
1684342277613 0.00941204070010817 177
1684342277681 0.009491442529092278 178
1684342277749 0.009572000143500417 179
1684342277818 0.009653647568455501 180
1684342277886 0.009736342907308675 181
1684342277955 0.009820032300408954 182
1684342278024 0.009904687306182616 183
1684342278094 0.009990284550739253 184
1684342278163 0.010076838173322085 185
1684342278232 0.010164308618843852 186
1684342278300 0.010252700091669948 187
1684342278369 0.010342016168962197 188
1684342278437 0.010432250073294817 189
1684342278506 0.010523438971545939 190
1684342278574 0.010615551525062378 191
1684342278643 0.010708590463543614 192
1684342278710 0.010802602301528965 193
1684342278781 0.010897558447946914 194
1684342278848 0.010993480788544455 195
1684342278918 0.01109037970846008 196
1684342278989 0.011188254723192194 197
1684342279057 0.011287124896297412 198
1684342279131 0.011386972192919856 199
1684342279312 0.011487816150494741 200
1684342279381 0.01158966607373709 201
1684342279453 0.01169253283278603 202
1684342279522 0.011796399022262333 203
1684342279589 0.011901289431060719 204
1684342279659 0.012007214550706857 205
1684342279728 0.01211415017844363 206
1684342279796 0.012222116299394023 207
1684342279865 0.012331127131701487 208
1684342279933 0.012441176059735368 209
1684342280001 0.012552249842753816 210
1684342280071 0.01266439465482172 211
1684342280141 0.012777579428829707 212
1684342280209 0.012891817938634517 213
1684342280278 0.013007105839123722 214
1684342280348 0.013123460035362324 215
1684342280417 0.01324088609526244 216
1684342280486 0.013359377970553607 217
1684342280554 0.013478943377947313 218
1684342280623 0.013599595332715108 219
1684342280692 0.013721315612272963 220
1684342280761 0.013844130883499154 221
1684342280827 0.01396802794553144 222
1684342280897 0.014093013969279039 223
1684342280965 0.014219106641630102 224
1684342281034 0.014346309950093526 225
1684342281103 0.01447462677611766 226
1684342281172 0.014604031390814362 227
1684342281240 0.014734571841384634 228
1684342281309 0.014866231906942353 229
1684342281378 0.014999011681423728 230
1684342281447 0.015132926129428768 231
1684342281514 0.01526797038361016 232
1684342281580 0.015404159643889524 233
1684342281648 0.01554149872938558 234
1684342281720 0.01567999147115719 235
1684342281788 0.015819621314530026 236
1684342281855 0.015960423589421666 237
1684342281925 0.0161024180702463 238
1684342281993 0.016245549921956367 239
1684342282059 0.016389863442558144 240
1684342282126 0.016535362638116745 241
1684342282197 0.016682058136534634 242
1684342282265 0.016829948091601894 243
1684342282333 0.016979018047046684 244
1684342282405 0.017129314346469908 245
1684342282473 0.01728080465247688 246
1684342282540 0.017433510024733128 247
1684342282608 0.017587451849542475 248
1684342282678 0.017742594894459635 249
1684342282746 0.017898996864288745 250
