1684593145766 25.763939 1
1684593145867 14.815062 2
1684593145946 11.105039 3
1684593146018 11.484196 4
1684593146092 10.367128 5
1684593146165 9.215893 6
1684593146237 9.228556 7
1684593146313 8.7826805 8
1684593146386 8.808275 9
1684593146459 8.603609 10
1684593146531 8.44816 11
1684593146604 8.496347 12
1684593146679 8.459965 13
1684593146751 8.389449 14
1684593146827 8.300172 15
1684593146900 8.206156 16
1684593146974 8.132749 17
1684593147047 8.074446 18
1684593147119 8.017876 19
1684593147195 7.9509745 20
1684593147271 7.882289 21
1684593147347 7.8382607 22
1684593147420 7.8239784 23
1684593147492 7.822453 24
1684593147563 7.823312 25
1684593147634 7.82498 26
1684593147708 7.817645 27
1684593147782 7.8100986 28
1684593147852 7.8036246 29
1684593147924 7.797931 30
1684593147995 7.7945857 31
1684593148066 7.7937164 32
1684593148138 7.794579 33
1684593148210 7.79628 34
1684593148283 7.798133 35
1684593148358 7.7996626 36
1684593148429 7.8005667 37
1684593148507 7.8007603 38
1684593148583 7.8003845 39
1684593148657 7.799721 40
1684593148730 7.7990613 41
1684593148805 7.798588 42
1684593148878 7.798355 43
1684593148949 7.7983246 44
1684593149020 7.798421 45
1684593149093 7.7985663 46
1684593149166 7.7986927 47
1684593149237 7.7987466 48
1684593149310 7.7986956 49
1684593149384 7.7985215 50
1684593149458 7.798225 51
1684593149529 7.797814 52
1684593149599 7.79731 53
1684593149671 7.796738 54
1684593149746 7.7961264 55
1684593149830 7.795504 56
1684593149907 7.794897 57
1684593149979 7.7943306 58
1684593150051 7.7938204 59
1684593150127 7.7933755 60
1684593150201 7.793 61
1684593150271 7.7926965 62
1684593150343 7.7924595 63
1684593150416 7.792281 64
1684593150489 7.792159 65
1684593150559 7.7920804 66
1684593150630 7.7920384 67
1684593150702 7.7920246 68
1684593150777 7.7920313 69
1684593150853 7.7920504 70
1684593150925 7.7920775 71
1684593150997 7.7921042 72
1684593151068 7.7921286 73
1684593151142 7.7921457 74
1684593151216 7.7921543 75
1684593151287 7.792153 76
1684593151370 7.792141 77
1684593151442 7.7921195 78
1684593151514 7.7920895 79
1684593151584 7.7920513 80
1684593151657 7.792008 81
1684593151727 7.7919617 82
1684593151800 7.791913 83
1684593151871 7.7918644 84
1684593151944 7.7918158 85
1684593152015 7.79177 86
1684593152087 7.791726 87
1684593152159 7.7916875 88
1684593152228 7.7916517 89
1684593152301 7.7916203 90
1684593152376 7.7915926 91
1684593152448 7.7915688 92
1684593152524 7.7915483 93
1684593152599 7.7915306 94
1684593152671 7.791516 95
1684593152744 7.7915034 96
1684593152820 7.7914934 97
1684593152891 7.791485 98
1684593152962 7.791477 99
1684593153033 7.7914715 100
1684593153104 7.7914658 101
1684593153174 7.791461 102
1684593153244 7.791456 103
1684593153314 7.7914524 104
1684593153387 7.7914476 105
1684593153463 7.7914443 106
1684593153534 7.79144 107
1684593153606 7.791437 108
1684593153678 7.791432 109
1684593153748 7.7914286 110
1684593153819 7.7914257 111
1684593153892 7.791422 112
1684593153963 7.791418 113
1684593154032 7.7914147 114
1684593154105 7.791411 115
1684593154178 7.791407 116
1684593154254 7.791404 117
1684593154326 7.7914 118
1684593154398 7.7913966 119
1684593154474 7.7913933 120
1684593154546 7.791391 121
1684593154617 7.7913876 122
1684593154691 7.7913847 123
1684593154763 7.7913814 124
1684593154834 7.791379 125
1684593154909 7.791377 126
1684593154981 7.791375 127
1684593155051 7.7913733 128
1684593155121 7.7913713 129
1684593155193 7.7913694 130
1684593155264 7.791368 131
1684593155335 7.7913656 132
1684593155408 7.791365 133
1684593155485 7.7913637 134
1684593155558 7.7913623 135
1684593155629 7.791361 136
1684593155702 7.7913594 137
1684593155773 7.7913594 138
1684593155846 7.791358 139
1684593155918 7.791357 140
1684593155987 7.7913566 141
1684593156059 7.791355 142
1684593156130 7.7913556 143
1684593156201 7.791355 144
1684593156273 7.7913547 145
1684593156343 7.7913537 146
1684593156414 7.7913527 147
1684593156487 7.791352 148
1684593156559 7.7913527 149
1684593156630 7.7913513 150
1684593156704 7.7913513 151
1684593156777 7.79135 152
1684593156849 7.79135 153
1684593156924 7.791349 154
1684593156997 7.7913485 155
1684593157070 7.7913475 156
1684593157142 7.7913475 157
1684593157213 7.7913475 158
1684593157286 7.7913465 159
1684593157358 7.7913465 160
1684593157431 7.7913456 161
1684593157509 7.7913456 162
1684593157580 7.7913456 163
1684593157651 7.7913456 164
1684593157725 7.7913456 165
1684593157797 7.7913446 166
1684593157878 7.791345 167
1684593157956 7.7913437 168
1684593158034 7.7913437 169
1684593158107 7.791343 170
1684593158180 7.7913437 171
1684593158251 7.7913427 172
1684593158544 7.791343 173
1684593158728 7.791343 174
1684593158805 7.7913427 175
1684593158879 7.791343 176
1684593158951 7.7913427 177
1684593159023 7.7913427 178
1684593159095 7.7913427 179
1684593159167 7.7913427 180
1684593159237 7.7913427 181
1684593159308 7.7913427 182
1684593159379 7.7913427 183
1684593159452 7.7913427 184
1684593159532 7.7913423 185
1684593159602 7.7913423 186
1684593159672 7.7913423 187
1684593159747 7.7913413 188
1684593159820 7.7913413 189
1684593159891 7.791341 190
1684593159964 7.791341 191
1684593160036 7.791341 192
1684593160110 7.7913413 193
1684593160185 7.7913413 194
1684593160258 7.7913413 195
1684593160329 7.7913413 196
1684593160402 7.791341 197
1684593160474 7.791341 198
1684593160552 7.791341 199
1684593160622 7.791341 200
1684593160693 7.7913413 201
1684593160766 7.791341 202
1684593160838 7.791342 203
1684593160910 7.791342 204
1684593160983 7.791341 205
1684593161055 7.791341 206
1684593161127 7.791341 207
1684593161203 7.791341 208
1684593161275 7.791341 209
1684593161345 7.791341 210
1684593161418 7.791341 211
1684593161490 7.791341 212
1684593161563 7.791341 213
1684593161634 7.791341 214
1684593161709 7.791341 215
1684593161782 7.791341 216
1684593161856 7.791341 217
1684593161928 7.7913404 218
1684593162001 7.791341 219
1684593162074 7.791341 220
1684593162145 7.791341 221
1684593162218 7.791341 222
1684593162290 7.791341 223
1684593162364 7.791341 224
1684593162436 7.791341 225
1684593162508 7.791341 226
1684593162591 7.791341 227
1684593162661 7.791341 228
1684593162736 7.791341 229
1684593162809 7.791341 230
1684593162880 7.791341 231
1684593162954 7.7913404 232
1684593163026 7.7913404 233
1684593163099 7.7913404 234
1684593163172 7.7913404 235
1684593163243 7.7913404 236
1684593163314 7.7913404 237
1684593163386 7.7913404 238
1684593163457 7.7913404 239
1684593163529 7.7913404 240
1684593163605 7.7913404 241
1684593163677 7.7913404 242
1684593163752 7.7913404 243
1684593163823 7.7913404 244
1684593163895 7.7913404 245
1684593163967 7.7913404 246
1684593164041 7.7913404 247
1684593164112 7.7913404 248
1684593164184 7.7913404 249
1684593164257 7.7913404 250
