1684590959326 46.128094 1
1684590959409 28.194775 2
1684590959484 24.254116 3
1684590959559 23.34879 4
1684590959632 22.85377 5
1684590959706 22.68372 6
1684590959780 22.513271 7
1684590959854 22.44323 8
1684590959926 22.401878 9
1684590960000 21.489504 10
1684590960078 21.027716 11
1684590960150 19.125135 12
1684590960223 17.059866 13
1684590960298 15.829714 14
1684590960370 15.329496 15
1684590960442 14.796085 16
1684590960517 12.724541 17
1684590960589 10.172775 18
1684590960662 9.6538105 19
1684590960736 9.659063 20
1684590960809 9.522231 21
1684590960884 9.494548 22
1684590960956 9.501851 23
1684590961027 9.511649 24
1684590961100 9.5147295 25
1684590961174 9.510272 26
1684590961249 9.501486 27
1684590961325 9.495689 28
1684590961398 9.493881 29
1684590961472 9.494693 30
1684590961546 9.496824 31
1684590961620 9.499374 32
1684590961692 9.501744 33
1684590961765 9.50357 34
1684590961847 9.50466 35
1684590961924 9.504959 36
1684590961996 9.504505 37
1684590962067 9.503412 38
1684590962140 9.5018635 39
1684590962212 9.500087 40
1684590962285 9.498306 41
1684590962358 9.496692 42
1684590962428 9.495341 43
1684590962502 9.494292 44
1684590962573 9.493546 45
1684590962648 9.493088 46
1684590962719 9.492886 47
1684590962791 9.492901 48
1684590962863 9.493093 49
1684590962935 9.493416 50
1684590963006 9.493839 51
1684590963076 9.494331 52
1684590963147 9.494865 53
1684590963218 9.49542 54
1684590963288 9.495977 55
1684590963361 9.496515 56
1684590963434 9.497016 57
1684590963505 9.497471 58
1684590963578 9.497867 59
1684590963654 9.4981985 60
1684590963725 9.498462 61
1684590963798 9.498654 62
1684590963870 9.49878 63
1684590963945 9.498844 64
1684590964017 9.4988575 65
1684590964088 9.498833 66
1684590964159 9.498785 67
1684590964231 9.498726 68
1684590964301 9.498665 69
1684590964372 9.498611 70
1684590964443 9.498573 71
1684590964515 9.498554 72
1684590964586 9.498555 73
1684590964658 9.498577 74
1684590964731 9.498622 75
1684590964806 9.498686 76
1684590964877 9.498768 77
1684590964948 9.498863 78
1684590965021 9.498971 79
1684590965092 9.499084 80
1684590965169 9.499201 81
1684590965243 9.499317 82
1684590965316 9.49943 83
1684590965389 9.4995365 84
1684590965464 9.499638 85
1684590965541 9.499731 86
1684590965615 9.499814 87
1684590965688 9.499889 88
1684590965761 9.499954 89
1684590965833 9.500011 90
1684590965905 9.50006 91
1684590965978 9.500101 92
1684590966050 9.500135 93
1684590966122 9.500165 94
1684590966193 9.500191 95
1684590966264 9.500215 96
1684590966339 9.500235 97
1684590966410 9.500255 98
1684590966488 9.500274 99
1684590966565 9.50029 100
1684590966636 9.500307 101
1684590966711 9.500324 102
1684590966784 9.500341 103
1684590966856 9.50036 104
1684590966929 9.500378 105
1684590967002 9.500395 106
1684590967072 9.500414 107
1684590967144 9.500431 108
1684590967219 9.500449 109
1684590967294 9.500467 110
1684590967367 9.500484 111
1684590967439 9.500501 112
1684590967511 9.500517 113
1684590967587 9.500531 114
1684590967660 9.5005455 115
1684590967733 9.50056 116
1684590967804 9.500571 117
1684590967877 9.500584 118
1684590967950 9.500595 119
1684590968021 9.500607 120
1684590968092 9.500616 121
1684590968168 9.500625 122
1684590968247 9.500632 123
1684590968321 9.50064 124
1684590968393 9.500648 125
1684590968465 9.500655 126
1684590968538 9.500661 127
1684590968612 9.500668 128
1684590968685 9.500673 129
1684590968756 9.500679 130
1684590968828 9.500684 131
1684590968901 9.500689 132
1684590968973 9.500693 133
1684590969044 9.500698 134
1684590969117 9.500702 135
1684590969188 9.500706 136
1684590969260 9.50071 137
1684590969334 9.500713 138
1684590969407 9.500717 139
1684590969482 9.500721 140
1684590969556 9.500723 141
1684590969630 9.500727 142
1684590969703 9.5007305 143
1684590969776 9.500732 144
1684590969847 9.500736 145
1684590969930 9.500738 146
1684590970007 9.500742 147
1684590970083 9.500744 148
1684590970155 9.500746 149
1684590970228 9.500748 150
1684590970299 9.50075 151
1684590970369 9.5007515 152
1684590970441 9.500752 153
1684590970513 9.500753 154
1684590970586 9.500755 155
1684590970666 9.500757 156
1684590970739 9.500759 157
1684590970810 9.500761 158
1684590970880 9.500764 159
1684590970951 9.500765 160
1684590971022 9.500765 161
1684590971096 9.500766 162
1684590971168 9.500767 163
1684590971240 9.500767 164
1684590971315 9.500768 165
1684590971389 9.50077 166
1684590971461 9.500771 167
1684590971534 9.5007715 168
1684590971605 9.500772 169
1684590971680 9.500772 170
1684590971751 9.500772 171
1684590971824 9.500773 172
1684590971896 9.500773 173
1684590971967 9.500774 174
1684590972038 9.500775 175
1684590972109 9.500776 176
1684590972180 9.500776 177
1684590972251 9.500776 178
1684590972323 9.500776 179
1684590972396 9.500776 180
1684590972467 9.500778 181
1684590972538 9.500778 182
1684590972610 9.500778 183
1684590972685 9.50078 184
1684590972757 9.500779 185
1684590972829 9.50078 186
1684590972899 9.50078 187
1684590972969 9.500781 188
1684590973041 9.500781 189
1684590973112 9.500781 190
1684590973305 9.500781 191
1684590973497 9.500781 192
1684590973580 9.500781 193
1684590973653 9.500781 194
1684590973729 9.500781 195
1684590973800 9.500781 196
1684590973872 9.500781 197
1684590973944 9.500782 198
1684590974016 9.500782 199
1684590974088 9.500783 200
1684590974164 9.500782 201
1684590974236 9.500782 202
1684590974307 9.500783 203
1684590974379 9.500783 204
1684590974450 9.500783 205
1684590974566 9.500784 206
1684590974638 9.500784 207
1684590974714 9.500784 208
1684590974787 9.500784 209
1684590974861 9.500784 210
1684590974932 9.500784 211
1684590975003 9.500784 212
1684590975077 9.500784 213
1684590975149 9.500784 214
1684590975224 9.500784 215
1684590975295 9.500784 216
1684590975369 9.500784 217
1684590975442 9.500784 218
1684590975514 9.500784 219
1684590975587 9.500784 220
1684590975657 9.500784 221
1684590975732 9.500784 222
1684590975802 9.500784 223
1684590975874 9.500784 224
1684590975952 9.500784 225
1684590976022 9.500784 226
1684590976094 9.500784 227
1684590976166 9.500784 228
1684590976237 9.500784 229
1684590976310 9.500784 230
1684590976383 9.500784 231
1684590976456 9.500784 232
1684590976675 9.500785 233
1684590976750 9.500785 234
1684590976822 9.500784 235
1684590976916 9.500785 236
1684590976987 9.500785 237
1684590977059 9.500785 238
1684590977130 9.500785 239
1684590977202 9.500784 240
1684590977273 9.500785 241
1684590977345 9.500785 242
1684590977417 9.500784 243
1684590977490 9.500785 244
1684590977563 9.500785 245
1684590977635 9.500786 246
1684590977708 9.500786 247
1684590977779 9.500785 248
1684590977852 9.500785 249
1684590977926 9.500785 250
