1684591000058 51.12203 1
1684591000142 38.9005 2
1684591000220 34.51334 3
1684591000301 19.912361 4
1684591000376 14.497726 5
1684591000450 11.475572 6
1684591000524 11.331017 7
1684591000598 10.847565 8
1684591000670 10.169666 9
1684591000743 9.74897 10
1684591000817 9.574081 11
1684591000892 9.548235 12
1684591000969 9.518888 13
1684591001043 9.388832 14
1684591001117 9.135458 15
1684591001188 8.944507 16
1684591001261 8.856147 17
1684591001333 8.828685 18
1684591001409 8.829596 19
1684591001536 8.856726 20
1684591001611 8.90111 21
1684591001683 8.919003 22
1684591001758 8.855209 23
1684591001831 8.815579 24
1684591001907 8.80476 25
1684591001981 8.80197 26
1684591002057 8.802234 27
1684591002130 8.803394 28
1684591002201 8.803728 29
1684591002272 8.800795 30
1684591002343 8.794128 31
1684591002416 8.785342 32
1684591002508 8.776504 33
1684591002586 8.768965 34
1684591002660 8.763237 35
1684591002731 8.759325 36
1684591002802 8.757027 37
1684591002874 8.756077 38
1684591002948 8.756163 39
1684591003023 8.756994 40
1684591003093 8.758337 41
1684591003168 8.760025 42
1684591003241 8.761906 43
1684591003315 8.763819 44
1684591003389 8.7655735 45
1684591003461 8.766991 46
1684591003532 8.767944 47
1684591003604 8.768379 48
1684591003676 8.768312 49
1684591003746 8.767808 50
1684591003819 8.766943 51
1684591003892 8.765793 52
1684591003963 8.764425 53
1684591004035 8.762902 54
1684591004107 8.761278 55
1684591004178 8.759605 56
1684591004251 8.7579365 57
1684591004322 8.756324 58
1684591004395 8.754812 59
1684591004467 8.753447 60
1684591004538 8.75226 61
1684591004608 8.751278 62
1684591004680 8.750511 63
1684591004751 8.749957 64
1684591004821 8.749601 65
1684591004892 8.749417 66
1684591004965 8.749373 67
1684591005040 8.749436 68
1684591005112 8.749571 69
1684591005185 8.749742 70
1684591005255 8.749922 71
1684591005326 8.750088 72
1684591005405 8.750219 73
1684591005477 8.750305 74
1684591005548 8.750337 75
1684591005621 8.750315 76
1684591005693 8.750242 77
1684591005765 8.750126 78
1684591005835 8.749973 79
1684591005911 8.749795 80
1684591005982 8.749601 81
1684591006057 8.749402 82
1684591006132 8.749203 83
1684591006203 8.749013 84
1684591006276 8.748835 85
1684591006346 8.7486725 86
1684591006420 8.748529 87
1684591006492 8.748405 88
1684591006564 8.748299 89
1684591006637 8.74821 90
1684591006708 8.748138 91
1684591006781 8.748081 92
1684591006853 8.748036 93
1684591006924 8.748002 94
1684591006996 8.747974 95
1684591007073 8.747953 96
1684591007145 8.747937 97
1684591007218 8.747924 98
1684591007291 8.747911 99
1684591007363 8.747901 100
1684591007435 8.74789 101
1684591007506 8.747878 102
1684591007577 8.747866 103
1684591007652 8.747852 104
1684591007724 8.747837 105
1684591007797 8.74782 106
1684591007868 8.747804 107
1684591007941 8.747785 108
1684591008012 8.7477665 109
1684591008084 8.747748 110
1684591008159 8.74773 111
1684591008233 8.747711 112
1684591008306 8.747694 113
1684591008378 8.747676 114
1684591008451 8.74766 115
1684591008523 8.747644 116
1684591008594 8.74763 117
1684591008667 8.747616 118
1684591008740 8.747604 119
1684591008810 8.747594 120
1684591008882 8.747583 121
1684591008954 8.747574 122
1684591009024 8.747565 123
1684591009108 8.747559 124
1684591009181 8.747551 125
1684591009251 8.747545 126
1684591009322 8.747539 127
1684591009397 8.747534 128
1684591009468 8.747529 129
1684591009539 8.747524 130
1684591009610 8.74752 131
1684591009681 8.747515 132
1684591009752 8.747512 133
1684591009824 8.747507 134
1684591009898 8.747504 135
1684591009969 8.7475 136
1684591010041 8.747498 137
1684591010117 8.747494 138
1684591010191 8.747491 139
1684591010263 8.747488 140
1684591010337 8.747484 141
1684591010408 8.747481 142
1684591010480 8.747478 143
1684591010552 8.747475 144
1684591010634 8.747473 145
1684591010710 8.747471 146
1684591010781 8.747467 147
1684591010853 8.747465 148
1684591010926 8.747463 149
1684591010999 8.747461 150
1684591011071 8.747459 151
1684591011147 8.7474575 152
1684591011219 8.747457 153
1684591011292 8.747455 154
1684591011366 8.747454 155
1684591011441 8.747452 156
1684591011513 8.747451 157
1684591011586 8.74745 158
1684591011659 8.747448 159
1684591011731 8.747448 160
1684591011805 8.747446 161
1684591011876 8.747446 162
1684591011948 8.747445 163
1684591012024 8.747444 164
1684591012101 8.747443 165
1684591012176 8.747442 166
1684591012247 8.747442 167
1684591012321 8.74744 168
1684591012393 8.74744 169
1684591012467 8.74744 170
1684591012539 8.747439 171
1684591012611 8.747438 172
1684591012682 8.7474375 173
1684591012866 8.7474375 174
1684591012944 8.7474375 175
1684591013017 8.747437 176
1684591013087 8.747436 177
1684591013164 8.747436 178
1684591013236 8.747436 179
1684591013307 8.747436 180
1684591013377 8.747435 181
1684591013448 8.747435 182
1684591013518 8.747435 183
1684591013592 8.747435 184
1684591013665 8.747435 185
1684591013736 8.747434 186
1684591013929 8.747433 187
1684591014019 8.747433 188
1684591014095 8.747433 189
1684591014170 8.747433 190
1684591014243 8.747433 191
1684591014315 8.747433 192
1684591014385 8.747433 193
1684591014461 8.747433 194
1684591014534 8.747432 195
1684591014606 8.747432 196
1684591014678 8.747431 197
1684591014751 8.747431 198
1684591014824 8.747431 199
1684591014896 8.747431 200
1684591014967 8.747431 201
1684591015039 8.747431 202
1684591015109 8.747431 203
1684591015186 8.747431 204
1684591015257 8.747431 205
1684591015330 8.747431 206
1684591015403 8.74743 207
1684591015477 8.74743 208
1684591015548 8.74743 209
1684591015622 8.74743 210
1684591015696 8.74743 211
1684591015768 8.747429 212
1684591015840 8.747429 213
1684591015911 8.747429 214
1684591015983 8.747429 215
1684591016055 8.747429 216
1684591016126 8.747429 217
1684591016200 8.74743 218
1684591016273 8.74743 219
1684591016345 8.747429 220
1684591016421 8.74743 221
1684591016492 8.747429 222
1684591016566 8.747429 223
1684591016637 8.74743 224
1684591016710 8.74743 225
1684591016782 8.747429 226
1684591016856 8.747429 227
1684591016927 8.747429 228
1684591016998 8.747429 229
1684591017071 8.747429 230
1684591017144 8.747429 231
1684591017220 8.747429 232
1684591017292 8.747429 233
1684591017363 8.747429 234
1684591017435 8.747429 235
1684591017507 8.747429 236
1684591017578 8.747429 237
1684591017649 8.747429 238
1684591017723 8.747429 239
1684591017795 8.747429 240
1684591017866 8.747429 241
1684591017941 8.747429 242
1684591018013 8.747429 243
1684591018084 8.747429 244
1684591018156 8.747429 245
1684591018233 8.747429 246
1684591018305 8.747429 247
1684591018376 8.747429 248
1684591018449 8.747429 249
1684591018520 8.747429 250
