1684590524989 27.284512 1
1684590525071 25.95158 2
1684590525145 22.642502 3
1684590525217 21.24031 4
1684590525291 20.911688 5
1684590525365 15.45414 6
1684590525438 10.408702 7
1684590525515 9.168346 8
1684590525587 8.797899 9
1684590525665 8.5141735 10
1684590525737 8.501628 11
1684590525812 8.478109 12
1684590525884 8.476057 13
1684590525960 8.466296 14
1684590526035 8.479686 15
1684590526112 8.50859 16
1684590526184 8.511855 17
1684590526260 8.478537 18
1684590526335 8.46727 19
1684590526411 8.469742 20
1684590526483 8.481021 21
1684590526556 8.499038 22
1684590526628 8.516943 23
1684590526700 8.522793 24
1684590526774 8.512921 25
1684590526850 8.498847 26
1684590526927 8.490811 27
1684590527001 8.489588 28
1684590527075 8.491116 29
1684590527146 8.491195 30
1684590527216 8.487022 31
1684590527288 8.479851 32
1684590527362 8.473506 33
1684590527473 8.470085 34
1684590527545 8.469199 35
1684590527615 8.469595 36
1684590527688 8.470275 37
1684590527759 8.470938 38
1684590527834 8.471761 39
1684590527905 8.472926 40
1684590527977 8.474403 41
1684590528048 8.476023 42
1684590528119 8.477596 43
1684590528191 8.47899 44
1684590528264 8.480123 45
1684590528336 8.480947 46
1684590528407 8.481422 47
1684590528479 8.481514 48
1684590528550 8.481203 49
1684590528620 8.480512 50
1684590528692 8.479509 51
1684590528764 8.47831 52
1684590528837 8.477049 53
1684590528908 8.475847 54
1684590528980 8.474784 55
1684590529051 8.4738865 56
1684590529122 8.47315 57
1684590529194 8.472551 58
1684590529265 8.472065 59
1684590529338 8.471675 60
1684590529412 8.471368 61
1684590529485 8.471134 62
1684590529559 8.470964 63
1684590529635 8.470846 64
1684590529710 8.47077 65
1684590529784 8.470728 66
1684590529857 8.47071 67
1684590529929 8.470708 68
1684590529999 8.470717 69
1684590530072 8.47073 70
1684590530144 8.47074 71
1684590530214 8.470745 72
1684590530284 8.470742 73
1684590530355 8.470728 74
1684590530431 8.470705 75
1684590530502 8.47067 76
1684590530576 8.470627 77
1684590530649 8.470576 78
1684590530720 8.47052 79
1684590530791 8.470459 80
1684590530874 8.470398 81
1684590530949 8.470335 82
1684590531022 8.470274 83
1684590531095 8.470215 84
1684590531166 8.470159 85
1684590531237 8.470106 86
1684590531309 8.470058 87
1684590531381 8.470015 88
1684590531454 8.4699745 89
1684590531529 8.469939 90
1684590531599 8.469909 91
1684590531671 8.469882 92
1684590531742 8.469857 93
1684590531813 8.469835 94
1684590531885 8.469817 95
1684590531961 8.469801 96
1684590532033 8.469786 97
1684590532108 8.469773 98
1684590532179 8.46976 99
1684590532251 8.4697485 100
1684590532324 8.469738 101
1684590532395 8.4697275 102
1684590532472 8.469718 103
1684590532542 8.469708 104
1684590532613 8.4697 105
1684590532685 8.469691 106
1684590532756 8.469683 107
1684590532828 8.469674 108
1684590532899 8.469666 109
1684590532969 8.469658 110
1684590533041 8.469649 111
1684590533115 8.469643 112
1684590533193 8.469635 113
1684590533265 8.469628 114
1684590533336 8.469622 115
1684590533408 8.469614 116
1684590533483 8.469609 117
1684590533554 8.469603 118
1684590533626 8.469598 119
1684590533697 8.469593 120
1684590533768 8.469587 121
1684590533839 8.4695835 122
1684590533909 8.469579 123
1684590533982 8.469576 124
1684590534055 8.469572 125
1684590534128 8.469568 126
1684590534201 8.469565 127
1684590534445 8.469562 128
1684590534554 8.46956 129
1684590534624 8.469557 130
1684590534696 8.469555 131
1684590534766 8.469552 132
1684590534839 8.469549 133
1684590534909 8.469547 134
1684590534982 8.469545 135
1684590535054 8.469543 136
1684590535126 8.469542 137
1684590535199 8.469541 138
1684590535271 8.469538 139
1684590535344 8.469537 140
1684590535415 8.469535 141
1684590535490 8.469533 142
1684590535564 8.469532 143
1684590535637 8.46953 144
1684590535709 8.469529 145
1684590535779 8.469528 146
1684590535852 8.469526 147
1684590535924 8.469526 148
1684590535994 8.469524 149
1684590536065 8.469523 150
1684590536137 8.469522 151
1684590536208 8.469522 152
1684590536279 8.469521 153
1684590536350 8.46952 154
1684590536421 8.46952 155
1684590536493 8.469519 156
1684590536567 8.469518 157
1684590536639 8.469517 158
1684590536711 8.469517 159
1684590536783 8.469517 160
1684590536855 8.469515 161
1684590536926 8.469515 162
1684590536996 8.469515 163
1684590537071 8.469515 164
1684590537143 8.469514 165
1684590537214 8.469514 166
1684590537285 8.469513 167
1684590537357 8.469513 168
1684590537429 8.469513 169
1684590537502 8.469513 170
1684590537576 8.469512 171
1684590537647 8.469511 172
1684590537719 8.469511 173
1684590537791 8.469511 174
1684590537863 8.46951 175
1684590537935 8.469511 176
1684590538006 8.46951 177
1684590538078 8.46951 178
1684590538150 8.469511 179
1684590538220 8.46951 180
1684590538292 8.469509 181
1684590538366 8.469509 182
1684590538437 8.469509 183
1684590538509 8.469509 184
1684590538582 8.469509 185
1684590538653 8.469509 186
1684590538723 8.469508 187
1684590538797 8.469508 188
1684590538868 8.469508 189
1684590538942 8.469508 190
1684590539023 8.469508 191
1684590539096 8.469508 192
1684590539169 8.469508 193
1684590539238 8.469508 194
1684590539308 8.469508 195
1684590539382 8.469508 196
1684590539454 8.469508 197
1684590539530 8.469508 198
1684590539602 8.469508 199
1684590539674 8.469507 200
1684590539746 8.469507 201
1684590539817 8.469507 202
1684590539889 8.469507 203
1684590539961 8.469507 204
1684590540038 8.469506 205
1684590540109 8.469506 206
1684590540184 8.469507 207
1684590540255 8.469507 208
1684590540325 8.469506 209
1684590540398 8.469507 210
1684590540469 8.469506 211
1684590540543 8.469506 212
1684590540618 8.469506 213
1684590540693 8.469506 214
1684590540766 8.469507 215
1684590540838 8.469506 216
1684590540911 8.469506 217
1684590540981 8.469506 218
1684590541072 8.469506 219
1684590541145 8.469506 220
1684590541215 8.469506 221
1684590541287 8.469506 222
1684590541357 8.469506 223
1684590541428 8.469506 224
1684590541505 8.469506 225
1684590541583 8.469506 226
1684590541657 8.469506 227
1684590541733 8.469506 228
1684590541809 8.469506 229
1684590541882 8.469506 230
1684590541955 8.469506 231
1684590542028 8.469506 232
1684590542100 8.469506 233
1684590542172 8.469506 234
1684590542243 8.469506 235
1684590542312 8.469506 236
1684590542382 8.469506 237
1684590542453 8.469506 238
1684590542524 8.469506 239
1684590542596 8.469506 240
1684590542672 8.469506 241
1684590542743 8.469506 242
1684590542815 8.469506 243
1684590542886 8.469506 244
1684590542958 8.469506 245
1684590543029 8.469506 246
1684590543101 8.469506 247
1684590543175 8.469506 248
1684590543249 8.469506 249
1684590543318 8.469506 250
