1684593814477 28.730724 1
1684593814591 18.849363 2
1684593814669 13.041984 3
1684593814741 12.0291195 4
1684593814814 10.064128 5
1684593814885 9.703306 6
1684593814958 9.156997 7
1684593815033 8.936116 8
1684593815108 8.883127 9
1684593815181 8.710624 10
1684593815255 8.628262 11
1684593815332 8.303491 12
1684593815405 8.119891 13
1684593815478 8.094793 14
1684593815550 8.103912 15
1684593815623 8.099665 16
1684593815694 8.080484 17
1684593815765 8.070669 18
1684593815841 8.07168 19
1684593815912 8.076863 20
1684593815983 8.081364 21
1684593816059 8.083758 22
1684593816129 8.08543 23
1684593816200 8.086699 24
1684593816271 8.086991 25
1684593816343 8.0863285 26
1684593816416 8.084442 27
1684593816492 8.0811205 28
1684593816564 8.0759535 29
1684593816636 8.070686 30
1684593816707 8.066976 31
1684593816778 8.064895 32
1684593816850 8.063958 33
1684593816934 8.063869 34
1684593817014 8.065087 35
1684593817086 8.068141 36
1684593817159 8.081326 37
1684593817233 8.115141 38
1684593817305 8.087408 39
1684593817378 8.09351 40
1684593817456 8.05447 41
1684593817530 8.049628 42
1684593817602 8.039371 43
1684593817675 8.012026 44
1684593817748 7.995714 45
1684593817822 7.9828205 46
1684593817895 7.97283 47
1684593817968 7.966427 48
1684593818042 7.9631243 49
1684593818117 7.9618597 50
1684593818190 7.961706 51
1684593818265 7.962014 52
1684593818338 7.962388 53
1684593818408 7.9626503 54
1684593818480 7.962783 55
1684593818554 7.962827 56
1684593818625 7.962824 57
1684593818696 7.962785 58
1684593818767 7.962707 59
1684593818837 7.962582 60
1684593818908 7.9624176 61
1684593818978 7.962223 62
1684593819052 7.9620175 63
1684593819125 7.9618235 64
1684593819195 7.9616585 65
1684593819266 7.961544 66
1684593819335 7.961497 67
1684593819405 7.961523 68
1684593819475 7.961623 69
1684593819546 7.9617863 70
1684593819617 7.961998 71
1684593819687 7.9622364 72
1684593819760 7.9624796 73
1684593819834 7.9627075 74
1684593819907 7.9629 75
1684593819977 7.963049 76
1684593820050 7.963146 77
1684593820127 7.96319 78
1684593820197 7.9631844 79
1684593820267 7.9631376 80
1684593820339 7.9630594 81
1684593820414 7.9629583 82
1684593820486 7.962845 83
1684593820557 7.962727 84
1684593820631 7.9626107 85
1684593820714 7.9625 86
1684593820786 7.9624023 87
1684593820863 7.9623146 88
1684593820935 7.9622416 89
1684593821007 7.962182 90
1684593821088 7.9621353 91
1684593821158 7.9621034 92
1684593821228 7.962083 93
1684593821299 7.9620748 94
1684593821370 7.962078 95
1684593821443 7.9620895 96
1684593821514 7.9621077 97
1684593821585 7.9621315 98
1684593821656 7.9621596 99
1684593821726 7.962189 100
1684593821798 7.9622183 101
1684593821870 7.962246 102
1684593821942 7.9622703 103
1684593822011 7.962291 104
1684593822083 7.962306 105
1684593822159 7.9623175 106
1684593822230 7.9623237 107
1684593822302 7.9623265 108
1684593822376 7.962325 109
1684593822450 7.9623203 110
1684593822524 7.9623137 111
1684593822598 7.962305 112
1684593822672 7.962296 113
1684593822745 7.9622874 114
1684593822817 7.9622784 115
1684593822892 7.9622707 116
1684593822966 7.9622645 117
1684593823036 7.96226 118
1684593823110 7.9622564 119
1684593823182 7.962255 120
1684593823253 7.962255 121
1684593823326 7.9622564 122
1684593823400 7.9622602 123
1684593823471 7.962264 124
1684593823543 7.962269 125
1684593823613 7.9622736 126
1684593823683 7.962279 127
1684593823754 7.9622846 128
1684593823826 7.96229 129
1684593823899 7.962295 130
1684593823973 7.9623003 131
1684593824045 7.962304 132
1684593824121 7.962308 133
1684593824193 7.9623117 134
1684593824263 7.9623137 135
1684593824333 7.9623165 136
1684593824405 7.9623184 137
1684593824477 7.9623194 138
1684593824552 7.9623213 139
1684593824626 7.962322 140
1684593824696 7.9623227 141
1684593824770 7.962324 142
1684593824840 7.9623246 143
1684593824914 7.9623246 144
1684593824986 7.962325 145
1684593825075 7.962325 146
1684593825155 7.962327 147
1684593825228 7.9623275 148
1684593825298 7.962328 149
1684593825370 7.962329 150
1684593825440 7.9623294 151
1684593825514 7.9623303 152
1684593825585 7.962331 153
1684593825660 7.962332 154
1684593825733 7.9623322 155
1684593825803 7.9623337 156
1684593825878 7.9623346 157
1684593825949 7.962335 158
1684593826022 7.9623365 159
1684593826092 7.9623365 160
1684593826170 7.962338 161
1684593826242 7.962339 162
1684593826315 7.9623394 163
1684593826390 7.9623404 164
1684593826463 7.9623404 165
1684593826538 7.9623413 166
1684593826612 7.9623413 167
1684593826684 7.962342 168
1684593826756 7.962342 169
1684593826826 7.9623427 170
1684593826901 7.962343 171
1684593826974 7.962343 172
1684593827047 7.962343 173
1684593827118 7.9623437 174
1684593827192 7.9623437 175
1684593827263 7.962344 176
1684593827333 7.962344 177
1684593827404 7.962344 178
1684593827475 7.962344 179
1684593827546 7.962344 180
1684593827620 7.962344 181
1684593827691 7.962344 182
1684593827762 7.962344 183
1684593827831 7.962345 184
1684593827904 7.962345 185
1684593827975 7.962345 186
1684593828048 7.9623456 187
1684593828122 7.962345 188
1684593828194 7.9623466 189
1684593828266 7.9623456 190
1684593828336 7.962347 191
1684593828408 7.962346 192
1684593828480 7.962347 193
1684593828551 7.9623466 194
1684593828622 7.9623466 195
1684593828696 7.9623456 196
1684593828770 7.9623456 197
1684593828843 7.962347 198
1684593828917 7.962346 199
1684593828987 7.9623456 200
1684593829059 7.962346 201
1684593829131 7.962347 202
1684593829204 7.9623475 203
1684593829275 7.962347 204
1684593829347 7.962347 205
1684593829420 7.962347 206
1684593829491 7.962346 207
1684593829563 7.962347 208
1684593829636 7.962347 209
1684593829711 7.9623475 210
1684593829783 7.9623475 211
1684593829855 7.9623475 212
1684593829931 7.9623475 213
1684593830002 7.9623475 214
1684593830072 7.962347 215
1684593830145 7.962347 216
1684593830217 7.9623475 217
1684593830290 7.962346 218
1684593830361 7.962347 219
1684593830433 7.9623466 220
1684593830506 7.9623466 221
1684593830579 7.962347 222
1684593830653 7.962348 223
1684593830725 7.962348 224
1684593830795 7.962348 225
1684593830870 7.962348 226
1684593830942 7.962348 227
1684593831012 7.962348 228
1684593831083 7.962347 229
1684593831157 7.9623475 230
1684593831230 7.962347 231
1684593831302 7.962347 232
1684593831372 7.962347 233
1684593831447 7.962347 234
1684593831524 7.962347 235
1684593831598 7.962347 236
1684593831671 7.962347 237
1684593831743 7.962347 238
1684593831815 7.962347 239
1684593831891 7.962347 240
1684593831965 7.9623475 241
1684593832039 7.962348 242
1684593832110 7.962348 243
1684593832182 7.962348 244
1684593832259 7.962348 245
1684593832332 7.962348 246
1684593832405 7.962348 247
1684593832475 7.962348 248
1684593832547 7.962348 249
1684593832616 7.962348 250
