1684591448359 29.254410270772986 1
1684591448445 19.849856820352095 2
1684591448520 13.427009366010797 3
1684591448594 9.531969167936278 4
1684591448669 9.87347295122753 5
1684591448743 8.505340294764226 6
1684591448826 7.122280114797588 7
1684591448902 6.641297382220316 8
1684591448986 6.278489439798133 9
1684591449065 6.044333860364768 10
1684591449144 5.824260844267156 11
1684591449229 5.450249219123765 12
1684591449309 5.14745921775011 13
1684591449389 5.143243215122171 14
1684591449473 5.187668418812306 15
1684591449558 5.224150527648664 16
1684591449648 5.230591272100862 17
1684591449734 5.186363565222943 18
1684591449813 5.097950746681207 19
1684591450013 5.008814290021284 20
1684591450090 5.028795538148847 21
1684591450170 5.1048527452011605 22
1684591450251 5.192644855975306 23
1684591450336 5.272490137684415 24
1684591450414 5.703691301703621 25
1684591450487 6.243043761361523 26
1684591450563 6.680133135930335 27
1684591450635 7.032911207172204 28
1684591450707 7.366155786020432 29
1684591450780 7.795884625710537 30
1684591450852 8.154023714803596 31
1684591450925 8.199158103209953 32
1684591451003 8.203311099266665 33
1684591451073 8.190046752458201 34
1684591451146 8.189917800271356 35
1684591451217 8.19060524399913 36
1684591451288 8.192559055625411 37
1684591451361 8.19518911286176 38
1684591451432 8.197128720747864 39
1684591451504 8.197467614304768 40
1684591451580 8.196357068957063 41
1684591451652 8.19427111083479 42
1684591451724 8.191501054106014 43
1684591451798 8.188766645000591 44
1684591451871 8.186597145326807 45
1684591451943 8.184995783175202 46
1684591452017 8.18376852865406 47
1684591452088 8.182777905558527 48
1684591452162 8.18196965105923 49
1684591452234 8.181318671409558 50
1684591452307 8.180795875307592 51
1684591452379 8.180366809975812 52
1684591452450 8.179999157066566 53
1684591452524 8.179672300046104 54
1684591452597 8.179374692794296 55
1684591452668 8.17910424017925 56
1684591452741 8.178860230960233 57
1684591452814 8.178641430848044 58
1684591452886 8.178448539117985 59
1684591452958 8.178279074940669 60
1684591453032 8.178132277118452 61
1684591453105 8.178006157825948 62
1684591453181 8.177896835103088 63
1684591453254 8.177800788213801 64
1684591453327 8.17771376233943 65
1684591453400 8.177632045718024 66
1684591453473 8.177551882613391 67
1684591453544 8.177470807901127 68
1684591453616 8.177388632385593 69
1684591453688 8.177303379851795 70
1684591453759 8.177217256926609 71
1684591453830 8.177130610307728 72
1684591453909 8.177046007019255 73
1684591453985 8.176964068675174 74
1684591454057 8.176886061595253 75
1684591454129 8.176812853330429 76
1684591454199 8.176746421096485 77
1684591454270 8.176685858181687 78
1684591454342 8.176631693906801 79
1684591454414 8.176584138751409 80
1684591454485 8.176542400083715 81
1684591454558 8.176507166855368 82
1684591454630 8.176477470890598 83
1684591454703 8.176452427958909 84
1684591454777 8.176431663349058 85
1684591454853 8.176414111021861 86
1684591454925 8.176400287991864 87
1684591454998 8.17638807630942 88
1684591455072 8.176377808055248 89
1684591455144 8.176368184720726 90
1684591455216 8.176359421659617 91
1684591455285 8.176351229789747 92
1684591455357 8.17634265722993 93
1684591455426 8.176334849073982 94
1684591455498 8.176325654393139 95
1684591455571 8.176316117604442 96
1684591455642 8.17630634050281 97
1684591455714 8.176296048571787 98
1684591455786 8.176285984332186 99
1684591455859 8.176275113044088 100
1684591455931 8.17626449502051 101
1684591456003 8.176254327318446 102
1684591456087 8.176244554254229 103
1684591456173 8.176235584365248 104
1684591456257 8.176226180380064 105
1684591456347 8.176217773571034 106
1684591456434 8.176210672043407 107
1684591456513 8.176203717326757 108
1684591456595 8.17619734670379 109
1684591456674 8.17619204798308 110
1684591456757 8.176186597498498 111
1684591456843 8.176181822503077 112
1684591456917 8.176178225834157 113
1684591456989 8.176174594307207 114
1684591457066 8.176171507487862 115
1684591457139 8.17616896215511 116
1684591457214 8.17616655251392 117
1684591457287 8.176164155511827 118
1684591457358 8.17616185491828 119
1684591457428 8.176159931799479 120
1684591457502 8.176157922055367 121
1684591457574 8.1761564491953 122
1684591457645 8.176154724289674 123
1684591457726 8.176152990399128 124
1684591457803 8.176151209054126 125
1684591457875 8.176149287699612 126
1684591457952 8.17614794722237 127
1684591458024 8.176146225143336 128
1684591458097 8.176144675375905 129
1684591458169 8.176143244050236 130
1684591458242 8.176141601884549 131
1684591458314 8.176140321817138 132
1684591458389 8.176138231228318 133
1684591458461 8.17613714364886 134
1684591458534 8.176136340694862 135
1684591458609 8.176135058167889 136
1684591458682 8.176133821598002 137
1684591458756 8.176133177383566 138
1684591458829 8.176131696200821 139
1684591458901 8.176130923861926 140
1684591458973 8.176130109333606 141
1684591459044 8.176129569591302 142
1684591459120 8.17612848100845 143
1684591459192 8.176127763636405 144
1684591459266 8.176127149152753 145
1684591459338 8.176126471190292 146
1684591459409 8.176126164201882 147
1684591459483 8.176125623716022 148
1684591459556 8.176124971488436 149
1684591459629 8.176124745091753 150
1684591459708 8.17612466679614 151
1684591459785 8.176123953456075 152
1684591460062 8.176123445970536 153
1684591460219 8.176123046726774 154
1684591460290 8.176122618183147 155
1684591460362 8.176122562336472 156
1684591460434 8.17612234249973 157
1684591460506 8.176122001837506 158
1684591460577 8.17612155840608 159
1684591460648 8.176121176499901 160
1684591460720 8.176121018546528 161
1684591460790 8.17612086059139 162
1684591460862 8.176120471222466 163
1684591460934 8.176120303371098 164
1684591461005 8.17612011338757 165
1684591461106 8.176119958726563 166
1684591461318 8.176119589999736 167
1684591461463 8.176119664839604 168
1684591461535 8.176119180162281 169
1684591461606 8.176119465630455 170
1684591461677 8.176119391597556 171
1684591461748 8.176119022869504 172
1684591461819 8.17611850210402 173
1684591461890 8.176118421470326 174
1684591461964 8.176118344136459 175
1684591462037 8.176118337535875 176
1684591462112 8.17611833093463 177
1684591462191 8.17611833093463 178
1684591462263 8.176118195008613 179
1684591462334 8.176118037037364 180
1684591462408 8.176118169662967 181
1684591462480 8.176118014991077 182
1684591462601 8.176117770383813 183
1684591462686 8.17611758766908 184
1684591462763 8.176117658401937 185
1684591462833 8.176117869157853 186
1684591462905 8.176117869157853 187
1684591462977 8.176117686443025 188
1684591463049 8.176117529487941 189
1684591463123 8.17611734347212 190
1684591463194 8.176117028131518 191
1684591463266 8.176117052204587 192
1684591463339 8.1761172644475 193
1684591463412 8.176117517894994 194
1684591463484 8.176117152465096 195
1684591463557 8.176117081732569 196
1684591463629 8.176117081732569 197
1684591463700 8.176116871768686 198
1684591463771 8.17611681440866 199
1684591463842 8.1761164747388 200
1684591463915 8.176116596224876 201
1684591463986 8.176116264774594 202
1684591464057 8.176116778939958 203
1684591464127 8.176116525492649 204
1684591464200 8.176116596224876 205
1684591464271 8.176116387085242 206
1684591464342 8.176116335506805 207
1684591464413 8.176116335506805 208
1684591464484 8.176116335506805 209
1684591464555 8.176116492461608 210
1684591464628 8.176116258167795 211
1684591464699 8.176116258167795 212
1684591464771 8.176116258167795 213
1684591464842 8.176116049692306 214
1684591464915 8.176116046390735 215
1684591464987 8.176116150153947 216
1684591465057 8.176116049692306 217
1684591465127 8.176116049692306 218
1684591465199 8.17611588943601 219
1684591465271 8.176116150153947 220
1684591465342 8.176116049692306 221
1684591465412 8.176116415122612 222
1684591465484 8.176116363543589 223
1684591465557 8.176116520498448 224
1684591465632 8.176116337783299 225
1684591465705 8.17611633448169 226
1684591465777 8.176116151766493 227
1684591465860 8.176116151766493 228
1684591465939 8.176116151766493 229
1684591466013 8.176116284392103 230
1684591466086 8.176116179016304 231
1684591466161 8.176116284392103 232
1684591466235 8.176116046390735 233
1684591466307 8.176116151766493 234
1684591466377 8.176115837856695 235
1684591466450 8.176116151766493 236
1684591466521 8.176115998113309 237
1684591466592 8.176115994811724 238
1684591466662 8.17611614846465 239
1684591466734 8.176116281090218 240
1684591466804 8.176116151766493 241
1684591466875 8.176115994811724 242
1684591466945 8.17611614846465 243
1684591467017 8.17611614846465 244
1684591467089 8.17611614846465 245
1684591467162 8.17611599150992 246
1684591467236 8.176115994811724 247
1684591467309 8.176116151766493 248
1684591467379 8.176116151766493 249
1684591467450 8.176115837856695 250
