1684554398196 1.9738625 1
1684554398272 1.81188 2
1684554398336 1.6996368 3
1684554398405 1.6797616 4
1684554398468 1.7073847 5
1684554398549 1.747357 6
1684554398621 1.7830317 7
1684554398690 1.8074604 8
1684554398768 1.8185649 9
1684554398837 1.8171105 10
1684554398907 1.805376 11
1684554398969 1.7861793 12
1684554399038 1.7622663 13
1684554399123 1.7360016 14
1684554399192 1.7092345 15
1684554399254 1.6833022 16
1684554399323 1.6590856 17
1684554399392 1.6370919 18
1684554399470 1.6175388 19
1684554399658 1.6004338 20
1684554399755 1.5856385 21
1684554399824 1.572923 22
1684554399893 1.5620064 23
1684554399956 1.552588 24
1684554400025 1.5443699 25
1684554400111 1.537072 26
1684554400183 1.5304414 27
1684554400241 1.5242594 28
1684554400325 1.518343 29
1684554400394 1.5124445 30
1684554400457 1.5065289 31
1684554400526 1.5005405 32
1684554400595 1.4944264 33
1684554400675 1.4881524 34
1684554400742 1.481704 35
1684554400811 1.4750819 36
1684554400873 1.4682982 37
1684554400942 1.4613738 38
1684554401012 1.4543345 39
1684554401074 1.4472091 40
1684554401143 1.4400275 41
1684554401214 1.4328194 42
1684554401276 1.425613 43
1684554401343 1.4184339 44
1684554401412 1.4113054 45
1684554401490 1.4042475 46
1684554401544 1.3972774 47
1684554401629 1.390409 48
1684554401697 1.3836539 49
1684554401763 1.3770202 50
1684554401829 1.3705146 51
1684554401898 1.3641412 52
1684554401960 1.3579023 53
1684554402029 1.3517988 54
1684554402099 1.3458302 55
1684554402161 1.3399956 56
1684554402262 1.3342927 57
1684554402732 1.3287187 58
1684554402843 1.3232707 59
1684554402901 1.3179452 60
1684554402979 1.3127391 61
1684554403048 1.3076487 62
1684554403117 1.3026706 63
1684554403180 1.2978013 64
1684554403249 1.2930378 65
1684554403331 1.288377 66
1684554403402 1.2838163 67
1684554403465 1.2793529 68
1684554403534 1.2749846 69
1684554403603 1.2707093 70
1684554403665 1.2665248 71
1684554403734 1.2624296 72
1684554403819 1.258422 73
1684554403875 1.2545006 74
1684554403950 1.2506645 75
1684554404019 1.2469121 76
1684554404082 1.2432427 77
1684554404151 1.2396554 78
1684554404220 1.2361493 79
1684554404282 1.2327237 80
1684554404359 1.2293782 81
1684554404420 1.2261119 82
1684554404498 1.2229244 83
1684554404567 1.219815 84
1684554404636 1.2167836 85
1684554404705 1.2138294 86
1684554404783 1.210952 87
1684554404852 1.2081511 88
1684554404923 1.205426 89
1684554404986 1.2027767 90
1684554405068 1.2002023 91
1684554405137 1.1977026 92
1684554405206 1.1952772 93
1684554405269 1.1929256 94
1684554405338 1.1906471 95
1684554405407 1.1884418 96
1684554405473 1.1863087 97
1684554405538 1.1842477 98
1684554405607 1.1822581 99
1684554405669 1.1803393 100
1684554405738 1.1784912 101
1684554405807 1.176713 102
1684554405886 1.1750042 103
1684554405955 1.1733643 104
1684554406023 1.171793 105
1684554406086 1.1702894 106
1684554406155 1.1688533 107
1684554406224 1.1674838 108
1684554406286 1.1661806 109
1684554406356 1.164943 110
1684554406425 1.1637707 111
1684554406488 1.1626629 112
1684554406552 1.161619 113
1684554406626 1.1606385 114
1684554406704 1.1597207 115
1684554406804 1.1588652 116
1684554406873 1.1580713 117
1684554406942 1.1573386 118
1684554407017 1.1566662 119
1684554407086 1.1560538 120
1684554407142 1.1555004 121
1684554407211 1.1550058 122
1684554407290 1.1545694 123
1684554407359 1.1541903 124
1684554407428 1.153868 125
1684554407490 1.1536021 126
1684554407569 1.1533917 127
1684554407628 1.1532365 128
1684554407757 1.1531357 129
1684554407828 1.1530887 130
1684554407890 1.153095 131
1684554407959 1.1531539 132
1684554408028 1.1532649 133
1684554408105 1.1534272 134
1684554408160 1.1536405 135
1684554408229 1.1539042 136
1684554408307 1.1542175 137
1684554408376 1.15458 138
1684554408429 1.1549908 139
1684554408507 1.1554496 140
1684554408576 1.155956 141
1684554408631 1.156509 142
1684554408714 1.1571083 143
1684554408776 1.1577532 144
1684554408845 1.1584433 145
1684554408914 1.159178 146
1684554408977 1.1599567 147
1684554409046 1.1607786 148
1684554409115 1.1616437 149
1684554409182 1.1625509 150
1684554409246 1.1635003 151
1684554409315 1.1644907 152
1684554409378 1.165522 153
1684554409447 1.1665934 154
1684554409516 1.1677047 155
1684554409594 1.1688552 156
1684554409664 1.1700443 157
1684554409732 1.1712718 158
1684554409794 1.1725368 159
1684554409863 1.1738392 160
1684554409932 1.1751783 161
1684554409995 1.1765536 162
1684554410064 1.1779646 163
1684554410133 1.179411 164
1684554410196 1.1808922 165
1684554410267 1.1824079 166
1684554410348 1.1839573 167
1684554410417 1.1855402 168
1684554410496 1.1871562 169
1684554410565 1.1888046 170
1684554410634 1.1904854 171
1684554410696 1.1921977 172
1684554410769 1.1939411 173
1684554410834 1.1957157 174
1684554410912 1.1975205 175
1684554410981 1.1993551 176
1684554411050 1.2012196 177
1684554411119 1.2031131 178
1684554411182 1.2050354 179
1684554411252 1.2069862 180
1684554411321 1.2089648 181
1684554411379 1.2109711 182
1684554411451 1.2130045 183
1684554411520 1.2150648 184
1684554411582 1.2171516 185
1684554411651 1.2192645 186
1684554411720 1.2214031 187
1684554411807 1.223567 188
1684554411867 1.2257559 189
1684554411936 1.2279695 190
1684554411999 1.2302074 191
1684554412068 1.2324693 192
1684554412137 1.2347547 193
1684554412199 1.2370635 194
1684554412268 1.2393951 195
1684554412347 1.2417495 196
1684554412402 1.2441261 197
1684554412469 1.2465247 198
1684554412538 1.248945 199
1684554412616 1.2513866 200
1684554412669 1.2538493 201
1684554412738 1.2563326 202
1684554412816 1.2588365 203
1684554412888 1.2613606 204
1684554412954 1.2639046 205
1684554413023 1.266468 206
1684554413086 1.2690507 207
1684554413170 1.2716527 208
1684554413239 1.2742732 209
1684554413302 1.2769122 210
1684554413374 1.2795694 211
1684554413440 1.2822447 212
1684554413502 1.2849374 213
1684554413571 1.2876477 214
1684554413640 1.2903751 215
1684554413703 1.2931197 216
1684554413787 1.2958807 217
1684554413856 1.2986581 218
1684554413927 1.3014518 219
1684554413983 1.3042614 220
1684554414056 1.307087 221
1684554414125 1.3099277 222
1684554414204 1.3127838 223
1684554414273 1.315655 224
1684554414342 1.318541 225
1684554414404 1.3214417 226
1684554414589 1.3243566 227
1684554414727 1.3272858 228
1684554414805 1.3302288 229
1684554414874 1.3331858 230
1684554414943 1.3361562 231
1684554415002 1.3391402 232
1684554415074 1.3421371 233
1684554415143 1.3451471 234
1684554415206 1.3481698 235
1684554415275 1.3512053 236
1684554415344 1.354253 237
1684554415406 1.357313 238
1684554415475 1.3603851 239
1684554415551 1.3634691 240
1684554415614 1.3665648 241
1684554415676 1.3696718 242
1684554415745 1.3727903 243
1684554415823 1.3759202 244
1684554415977 1.379061 245
1684554416064 1.3822124 246
1684554416130 1.3853748 247
1684554416192 1.3885477 248
1684554416277 1.3917309 249
1684554416330 1.3949246 250
