1684553683262 2.1174777033584107 1
1684553683344 1.9543403826198866 2
1684553683406 1.8382427429436634 3
1684553683491 1.8152792113708314 4
1684553683560 1.840774248393163 5
1684553683634 1.8789699291022264 6
1684553683691 1.9127726185395293 7
1684553683760 1.9349950956205992 8
1684553683845 1.9434735279329431 9
1684553683908 1.9390037983959658 10
1684553683977 1.923986743707562 11
1684553684046 1.9014222278884936 12
1684553684125 1.8742542780423304 13
1684553684193 1.8450102783692135 14
1684553684262 1.8156525806578336 15
1684553684340 1.7875705420431522 16
1684553684409 1.7616498725940946 17
1684553684478 1.7383714033462225 18
1684553684547 1.717911185400823 19
1684553684623 1.700227575392061 20
1684553684689 1.6851335979633764 21
1684553684763 1.6723528931026652 22
1684553684826 1.6615631075797914 23
1684553684910 1.6524271392448293 24
1684553684979 1.6446149687027116 25
1684553685048 1.637819168852149 26
1684553685126 1.6317645448244884 27
1684553685191 1.6262127686196914 28
1684553685275 1.620964777674177 29
1684553685349 1.615859822661152 30
1684553685411 1.6107734765253823 31
1684553685480 1.6056141537159663 32
1684553685549 1.6001635982284501 33
1684553685627 1.5944781750099766 34
1684553685689 1.5885712391586073 35
1684553685765 1.5824459921514813 36
1684553685850 1.5761146826173102 37
1684553685944 1.569597611829616 38
1684553686013 1.5629207780399343 39
1684553686082 1.5561130803115175 40
1684553686151 1.5492042874621292 41
1684553686237 1.542223403465754 42
1684553686298 1.5351987336391 43
1684553686367 1.5281551737944064 44
1684553686429 1.5211155450782652 45
1684553686499 1.5140993576623778 46
1684553686568 1.5071227940524254 47
1684553686646 1.5001997146549768 48
1684553686715 1.4933404948375535 49
1684553686770 1.486553465300469 50
1684553686848 1.47984471522842 51
1684553686915 1.473217963427433 52
1684553686984 1.4666758992193099 53
1684553687053 1.4602192404785457 54
1684553687131 1.4538482414329275 55
1684553687200 1.4475617717977034 56
1684553687277 1.441358249024851 57
1684553687334 1.435235598825889 58
1684553687416 1.4291916133896074 59
1684553687469 1.4232236611408893 60
1684553687548 1.4173292528266503 61
1684553687617 1.4115056623870048 62
1684553687686 1.4057505492331228 63
1684553687755 1.4000616057994621 64
1684553687819 1.3944366306379903 65
1684553687886 1.3888736559932418 66
1684553687955 1.3833711014859396 67
1684553688033 1.3779274531844086 68
1684553688102 1.3725415255147635 69
1684553688171 1.3672121476865502 70
1684553688234 1.3619387212327974 71
1684553688303 1.3567206553962419 72
1684553688385 1.3515574609710042 73
1684553688456 1.3464489691085522 74
1684553688519 1.341395160676624 75
1684553688588 1.336396227289536 76
1684553688657 1.3314521523843679 77
1684553688719 1.3265635491888332 78
1684553688788 1.3217306848921444 79
1684553688867 1.3169539814377327 80
1684553688934 1.3122343350540675 81
1684553689004 1.3075721125740278 82
1684553689073 1.302968221463589 83
1684553689136 1.2984232017778015 84
1684553689205 1.2939380001033811 85
1684553689274 1.289513335163751 86
1684553689352 1.285150134027579 87
1684553689424 1.2808490890532083 88
1684553689482 1.2766109974020812 89
1684553689566 1.2724369795550563 90
1684553689629 1.2683276505980599 91
1684553689698 1.2642894915361245 92
1684553689767 1.2603263691530224 93
1684553689845 1.2564395675773485 94
1684553689915 1.2526302090426904 95
1684553689983 1.248899543125646 96
1684553690045 1.2452485241478568 97
1684553690114 1.2416781408018553 98
1684553690184 1.2381892537419705 99
1684553690262 1.234782696348876 100
1684553690331 1.2314590904409237 101
1684553690384 1.2282192027705112 102
1684553690452 1.225063360345203 103
1684553690533 1.221992385835479 104
1684553690700 1.2190066137766289 105
1684553690816 1.216106652186844 106
1684553690886 1.213292844370065 107
1684553690964 1.2105657141955564 108
1684553691035 1.207925669070893 109
1684553691102 1.2053731554368494 110
1684553691171 1.20290840830203 111
1684553691233 1.2005318143431154 112
1684553691302 1.1982436742260374 113
1684553691371 1.1960443077422371 114
1684553691434 1.1939339471277077 115
1684553691517 1.1919128236513967 116
1684553691587 1.1899811662844264 117
1684553691650 1.18813903326151 118
1684553691719 1.1863867230861689 119
1684553691788 1.1847243092772954 120
1684553691850 1.1831517068674993 121
1684553691920 1.181669201505711 122
1684553691989 1.180276558330783 123
1684553692075 1.1789738971392414 124
1684553692147 1.177761205219835 125
1684553692204 1.1766381971568123 126
1684553692273 1.1756049352432667 127
1684553692351 1.17466120848942 128
1684553692420 1.1738068011917218 129
1684553692474 1.1730414572548198 130
1684553692552 1.1723650107104415 131
1684553692617 1.1717771601300313 132
1684553692690 1.1712924962695082 133
1684553692752 1.1708997688742369 134
1684553692821 1.170595047596939 135
1684553692890 1.1703774447371185 136
1684553692969 1.170246582015729 137
1684553693038 1.1702018297009305 138
1684553693101 1.1702424465744887 139
1684553693354 1.1703678554532813 140
1684553693539 1.1705773031764377 141
1684553693608 1.170869900083865 142
1684553693676 1.1712674031268926 143
1684553693754 1.1717524327717819 144
1684553693823 1.172318712936299 145
1684553693893 1.172964953884935 146
1684553693955 1.1736905841448642 147
1684553694040 1.1744945497722792 148
1684553694109 1.1753758592803685 149
1684553694189 1.176333597252965 150
1684553694243 1.1773666895178985 151
1684553694325 1.1784742202525857 152
1684553694378 1.1796551313325818 153
1684553694456 1.1809087417721122 154
1684553694525 1.1822340699958664 155
1684553694594 1.1836302914719952 156
1684553694657 1.185096427119778 157
1684553694736 1.186631747064172 158
1684553694795 1.1882353863059139 159
1684553694857 1.189906439257799 160
1684553694927 1.1916440786856108 161
1684553694996 1.1934473561109797 162
1684553695074 1.1953154575982012 163
1684553695143 1.1972473010413134 164
1684553695215 1.1992421627032432 165
1684553695281 1.2012991330795373 166
1684553695343 1.203417166594657 167
1684553695412 1.205595389257975 168
1684553695481 1.207832920611458 169
1684553695559 1.2101287238077765 170
1684553695628 1.212482034116002 171
1684553695697 1.2148917171827027 172
1684553695781 1.2173569258140813 173
1684553695841 1.219876848693879 174
1684553695913 1.2224505608439789 175
1684553695982 1.2250768699953833 176
1684553696182 1.2277552336028688 177
1684553696376 1.230484479685082 178
1684553696530 1.2332638596582128 179
1684553696615 1.2360923657271308 180
1684553696684 1.2389691056703382 181
1684553696747 1.2418933907467762 182
1684553696828 1.2448641464480825 183
1684553696884 1.2478806213613929 184
1684553696963 1.2509418183107546 185
1684553697032 1.2540471060707474 186
1684553697101 1.2571955392458418 187
1684553697185 1.2603862210317547 188
1684553697248 1.2636183819985731 189
1684553697317 1.2668913471556236 190
1684553697385 1.270204237108419 191
1684553697580 1.2735562243938237 192
1684553697649 1.276946560760301 193
1684553697718 1.2803745774518323 194
1684553697787 1.2838393443111558 195
1684553697865 1.2873403567388575 196
1684553697920 1.2908767635310867 197
1684553697987 1.2944478451636354 198
1684553698065 1.2980529278815465 199
1684553698134 1.3016912865188126 200
1684553698203 1.3053623279722677 201
1684553698282 1.309065233450238 202
1684553698351 1.312799517866745 203
1684553698421 1.3165644357478627 204
1684553698488 1.3203594585370868 205
1684553698551 1.324183836428235 206
1684553698620 1.32803711999092 207
1684553698689 1.331918455830149 208
1684553698767 1.3358275602860006 209
1684553698836 1.3397635955353795 210
1684553699121 1.3437262255536826 211
1684553699252 1.3477147552384245 212
1684553699322 1.3517288062278046 213
1684553699391 1.355767511794611 214
1684553699469 1.3598306181549484 215
1684553699533 1.3639176160613393 216
1684553699607 1.368027950128516 217
1684553699685 1.372161135426322 218
1684553699754 1.3763166018576185 219
1684553699823 1.3805138874769727 220
1684553699892 1.384737312204551 221
1684553699954 1.3889813323302185 222
1684553700032 1.3932450070261866 223
1684553700092 1.397528124171113 224
1684553700170 1.4018298466384378 225
1684553700239 1.4061497670513456 226
1684553700308 1.4104873124412554 227
1684553700386 1.4148420016005852 228
1684553700440 1.4192131343891545 229
1684553700519 1.4236006372387109 230
1684553700593 1.4280038033709148 231
1684553700656 1.4324225171968068 232
1684553700725 1.4368565918983327 233
1684553700794 1.441305496051257 234
1684553700872 1.4457691078316133 235
1684553700941 1.4502471481841677 236
1684553701010 1.454739464782259 237
1684553701084 1.4592456533295706 238
1684553701142 1.4637657572631726 239
1684553701211 1.4682992353065556 240
1684553701295 1.4728460634622313 241
1684553701358 1.4774057562058447 242
1684553701427 1.4819783257551358 243
1684553701496 1.486563576398167 244
1684553701558 1.4911609587863526 245
1684553701630 1.4957705550646883 246
1684553701696 1.50039204328165 247
1684553701759 1.5050250651698032 248
1684553701828 1.5096697672161863 249
1684553701897 1.5143254188393895 250
