1684552298160 1.632256 1
1684552298249 1.3511372 2
1684552298311 1.1650499 3
1684552298396 1.0791653 4
1684552298459 1.0355029 5
1684552298528 1.0003438 6
1684552298612 0.9612514 7
1684552298690 0.91517687 8
1684552298760 0.86297965 9
1684552298828 0.8072212 10
1684552298897 0.750891 11
1684552298975 0.6966127 12
1684552299044 0.64626443 13
1684552299113 0.6009096 14
1684552299176 0.5609177 15
1684552299247 0.52616423 16
1684552299329 0.49623343 17
1684552299398 0.470576 18
1684552299461 0.4486632 19
1684552299530 0.42988464 20
1684552299599 0.4137318 21
1684552299662 0.39978006 22
1684552299748 0.38767385 23
1684552299815 0.37711918 24
1684552299877 0.36787575 25
1684552299962 0.35974807 26
1684552300078 0.3525769 27
1684552300147 0.3454619 28
1684552300220 0.33902 29
1684552300300 0.33368534 30
1684552300363 0.32928872 31
1684552300432 0.32559478 32
1684552300501 0.3224377 33
1684552300579 0.31970558 34
1684552300633 0.31731853 35
1684552300702 0.31521702 36
1684552300780 0.31335574 37
1684552300861 0.31169942 38
1684552300933 0.3102198 39
1684552301002 0.30889362 40
1684552301065 0.30770093 41
1684552301134 0.30662405 42
1684552301203 0.30564702 43
1684552301265 0.30475497 44
1684552301362 0.30393443 45
1684552301419 0.303173 46
1684552301497 0.30245966 47
1684552301566 0.30178446 48
1684552301635 0.30113888 49
1684552301704 0.30051577 50
1684552301766 0.2999091 51
1684552301835 0.29931423 52
1684552301904 0.2987275 53
1684552301982 0.2981463 54
1684552302051 0.29756886 55
1684552302120 0.2969942 56
1684552302183 0.29642186 57
1684552302252 0.29585198 58
1684552302336 0.29528502 59
1684552302416 0.29472166 60
1684552302479 0.29416287 61
1684552302552 0.29360968 62
1684552302621 0.29306316 63
1684552302684 0.29252455 64
1684552302753 0.2919948 65
1684552302837 0.2914751 66
1684552302908 0.29096645 67
1684552302965 0.2904698 68
1684552303038 0.289986 69
1684552303107 0.289516 70
1684552303185 0.28906038 71
1684552303254 0.28861997 72
1684552303323 0.28819525 73
1684552303385 0.28778678 74
1684552303449 0.28739503 75
1684552303523 0.28702042 76
1684552303586 0.2866633 77
1684552303655 0.28632396 78
1684552303724 0.28600264 79
1684552303802 0.2856995 80
1684552303871 0.28541473 81
1684552303940 0.28514838 82
1684552304013 0.28490064 83
1684552304077 0.28467137 84
1684552304155 0.2844607 85
1684552304225 0.28426853 86
1684552304287 0.28409484 87
1684552304356 0.2839395 88
1684552304425 0.28380245 89
1684552304498 0.28368354 90
1684552304574 0.2835827 91
1684552304641 0.2834996 92
1684552304710 0.28343427 93
1684552304772 0.2833864 94
1684552304857 0.28335583 95
1684552304926 0.28334242 96
1684552304989 0.28334588 97
1684552305069 0.28336596 98
1684552305142 0.28340256 99
1684552305242 0.2834554 100
1684552305327 0.28352425 101
1684552305402 0.28360888 102
1684552305471 0.28370905 103
1684552305540 0.2838246 104
1684552305612 0.2839552 105
1684552305684 0.28410065 106
1684552305750 0.28426075 107
1684552305818 0.28443524 108
1684552305897 0.28462392 109
1684552305972 0.28482655 110
1684552306049 0.28504294 111
1684552306125 0.2852728 112
1684552306196 0.28551596 113
1684552306269 0.28577226 114
1684552306355 0.28604144 115
1684552306446 0.2863233 116
1684552306544 0.2866177 117
1684552306616 0.28692433 118
1684552306686 0.2872431 119
1684552306767 0.28757375 120
1684552306850 0.28791612 121
1684552307000 0.28827006 122
1684552307159 0.2886353 123
1684552307232 0.28901175 124
1684552307304 0.2893992 125
1684552307381 0.28979748 126
1684552307457 0.29020646 127
1684552307536 0.2906259 128
1684552307607 0.2910557 129
1684552307683 0.29149574 130
1684552307766 0.29194045 131
1684552307848 0.29239464 132
1684552307932 0.2928597 133
1684552308015 0.29333556 134
1684552308101 0.29382172 135
1684552308184 0.29431802 136
1684552308263 0.29482412 137
1684552308348 0.29533985 138
1684552308432 0.295865 139
1684552308514 0.29639935 140
1684552308592 0.29694283 141
1684552308674 0.2974951 142
1684552308752 0.29805607 143
1684552308834 0.29862556 144
1684552308917 0.2992035 145
1684552308999 0.29978967 146
1684552309077 0.30038404 147
1684552309154 0.30098644 148
1684552309234 0.30159682 149
1684552309316 0.3022151 150
1684552309395 0.3028411 151
1684552309477 0.30347484 152
1684552309554 0.30411616 153
1684552309624 0.304765 154
1684552309692 0.3054213 155
1684552309759 0.30608493 156
1684552309827 0.30675587 157
1684552309900 0.30743396 158
1684552309971 0.30811915 159
1684552310041 0.3088114 160
1684552310110 0.30951056 161
1684552310178 0.3102166 162
1684552310246 0.31092948 163
1684552310318 0.311649 164
1684552310389 0.3123752 165
1684552310471 0.31310797 166
1684552310545 0.3138458 167
1684552310613 0.31459 168
1684552310680 0.31534103 169
1684552310747 0.3160987 170
1684552310820 0.31686285 171
1684552310892 0.3176334 172
1684552310962 0.31841022 173
1684552311048 0.3191932 174
1684552311131 0.31998223 175
1684552311212 0.32077724 176
1684552311293 0.32157817 177
1684552311379 0.32238483 178
1684552311449 0.3231972 179
1684552311518 0.32401517 180
1684552311588 0.3248387 181
1684552311657 0.32566774 182
1684552311722 0.32650214 183
1684552311789 0.3273419 184
1684552311867 0.32818705 185
1684552311933 0.32903737 186
1684552312005 0.32989293 187
1684552312074 0.3307536 188
1684552312136 0.33161938 189
1684552312352 0.3324902 190
1684552312524 0.33336604 191
1684552312606 0.33424675 192
1684552312675 0.33513242 193
1684552312737 0.3360229 194
1684552312806 0.33691818 195
1684552312875 0.3378182 196
1684552312938 0.33872288 197
1684552313010 0.33963227 198
1684552313075 0.3405462 199
1684552313138 0.34146467 200
1684552313207 0.34238765 201
1684552313276 0.34331506 202
1684552313338 0.3442469 203
1684552313407 0.34518307 204
1684552313476 0.34612358 205
1684552313573 0.3470683 206
1684552313636 0.34801728 207
1684552313724 0.34897044 208
1684552313793 0.34992772 209
1684552313877 0.3508891 210
1684552313955 0.3518545 211
1684552314024 0.3528239 212
1684552314104 0.35379735 213
1684552314178 0.3547746 214
1684552314240 0.35575584 215
1684552314309 0.3567409 216
1684552314378 0.35772967 217
1684552314441 0.3587223 218
1684552314510 0.35971862 219
1684552314588 0.3607186 220
1684552314653 0.36172226 221
1684552314726 0.3627295 222
1684552314795 0.36374032 223
1684552314857 0.3647547 224
1684552314926 0.36577255 225
1684552315011 0.36679387 226
1684552315080 0.36781862 227
1684552315154 0.36884677 228
1684552315227 0.36987826 229
1684552315296 0.3709131 230
1684552315358 0.37195113 231
1684552315427 0.37299252 232
1684552315496 0.37403703 233
1684552315574 0.37508482 234
1684552315638 0.3761357 235
1684552315712 0.37718973 236
1684552315781 0.37824684 237
1684552315844 0.37930703 238
1684552315913 0.3803702 239
1684552315982 0.38143635 240
1684552316044 0.38250554 241
1684552316129 0.38357764 242
1684552316200 0.3846526 243
1684552316263 0.3857305 244
1684552316329 0.3868112 245
1684552316398 0.38789475 246
1684552316476 0.388981 247
1684552316545 0.39007008 248
1684552316614 0.39116192 249
1684552316683 0.39225644 250
