1684553472803 0.08163665414404919 1
1684553472891 0.1281906665391438 2
1684553472951 0.1600964732477897 3
1684553473023 0.18873820873622332 4
1684553473107 0.21918978034344874 5
1684553473178 0.2514809288107827 6
1684553473239 0.28457038879011265 7
1684553473308 0.3169978064425284 8
1684553473392 0.3476365706841526 9
1684553473455 0.37572099628672534 10
1684553473524 0.4005205393387351 11
1684553473593 0.4221254786703445 12
1684553473679 0.4406505636847968 13
1684553473742 0.456293981945467 14
1684553473825 0.46935226917496625 15
1684553473894 0.4801811888359898 16
1684553473956 0.4891497324184611 17
1684553474025 0.4966088983995045 18
1684553474094 0.5028823893343272 19
1684553474188 0.5082206401884485 20
1684553474260 0.5128078529367304 21
1684553474326 0.5167740481275123 22
1684553474410 0.5202037647592803 23
1684553474473 0.5231454899574826 24
1684553474542 0.5256210160603767 25
1684553474611 0.5274651043846063 26
1684553474689 0.5287250209951424 27
1684553474759 0.5294177515931612 28
1684553474821 0.5295511729926333 29
1684553474896 0.529145045432453 30
1684553474958 0.5282285037669113 31
1684553475027 0.526830363565662 32
1684553475096 0.5249769157527862 33
1684553475175 0.5226938097330448 34
1684553475244 0.5200082890961752 35
1684553475310 0.5169495329191396 36
1684553475372 0.5135489484062459 37
1684553475444 0.5098392590040248 38
1684553475513 0.5058543272462904 39
1684553475591 0.5016280027624398 40
1684553475660 0.497193886876619 41
1684553475729 0.4925846033357004 42
1684553475801 0.48783124847788356 43
1684553475859 0.4829631149780516 44
1684553475929 0.4780073492898445 45
1684553475998 0.47298863627051985 46
1684553476076 0.467929114207674 47
1684553476145 0.4628485685470599 48
1684553476214 0.45776421090107067 49
1684553476277 0.45269078579026556 50
1684553476342 0.44764102466757316 51
1684553476415 0.44262531869843114 52
1684553476493 0.4376523728007731 53
1684553476562 0.4327292393798231 54
1684553476631 0.427861480019445 55
1684553476700 0.4230532843037587 56
1684553476762 0.4183079874970021 57
1684553476831 0.41362776371216825 58
1684553476900 0.40901423491170086 59
1684553476978 0.40446832802627 60
1684553477047 0.3999905399268586 61
1684553477116 0.3955808457973477 62
1684553477179 0.39123897797457713 63
1684553477248 0.3869645566945608 64
1684553477317 0.38275690477089147 65
1684553477392 0.37861521277443855 66
1684553477451 0.3745387673345001 67
1684553477517 0.3705265295229597 68
1684553477595 0.3665776809960325 69
1684553477664 0.3626913482357101 70
1684553477733 0.35886659856738323 71
1684553477802 0.3551026525135786 72
1684553477865 0.35139866901714983 73
1684553477935 0.34775387502446775 74
1684553478002 0.3441675458665256 75
1684553478080 0.34063912732733836 76
1684553478150 0.3371678783867873 77
1684553478219 0.3337533332473145 78
1684553478297 0.3303950466284247 79
1684553478366 0.3270924868851517 80
1684553478435 0.32384526813466896 81
1684553478504 0.32065309559258404 82
1684553478568 0.3175156768412627 83
1684553478635 0.31443278739735253 84
1684553478720 0.3114041753967114 85
1684553478782 0.30842973941856566 86
1684553478851 0.30550936422212954 87
1684553478920 0.3026429394831336 88
1684553478996 0.29983045855074675 89
1684553479052 0.297071958287487 90
1684553479120 0.2943674145430764 91
1684553479337 0.29171689359444286 92
1684553479428 0.2891205732268477 93
1684553479506 0.2865785044400444 94
1684553479586 0.28409081938144337 95
1684553479653 0.281657784591575 96
1684553479722 0.2792795285115435 97
1684553479784 0.2769562961691685 98
1684553479853 0.27468833375320484 99
1684553479922 0.2724758445022074 100
1684553480001 0.27031916435472336 101
1684553480073 0.2682184788200935 102
1684553480138 0.26617419248104074 103
1684553480207 0.2641865352971649 104
1684553480270 0.2622558353770299 105
1684553480339 0.2603823512411399 106
1684553480408 0.25856645636912384 107
1684553480486 0.25680842321201663 108
1684553480585 0.25510856465141907 109
1684553480666 0.2534671462089153 110
1684553480724 0.25188449500522453 111
1684553480809 0.2503609024098011 112
1684553480871 0.24889660073883416 113
1684553480940 0.24749370122111108 114
1684553481009 0.24615405436113283 115
1684553481072 0.24487810730356102 116
1684553481143 0.24366596014304154 117
1684553481209 0.24251784675866894 118
1684553481287 0.24143380270959539 119
1684553481357 0.24041387694356287 120
1684553481426 0.23945799098646534 121
1684553481488 0.238566057596059 122
1684553481557 0.23773781854717785 123
1684553481637 0.23697310640127386 124
1684553481710 0.23627154460545474 125
1684553481773 0.235632889941035 126
1684553481842 0.23506219958532149 127
1684553481911 0.23455505510067265 128
1684553481989 0.23410959401481288 129
1684553482058 0.2337251264351205 130
1684553482127 0.23340120898069375 131
1684553482191 0.23313713118817825 132
1684553482261 0.2329322804995505 133
1684553482359 0.23278592765725664 134
1684553482428 0.23269736106680672 135
1684553482490 0.23266587765766175 136
1684553482559 0.23269066702929017 137
1684553482628 0.23277102360657717 138
1684553482694 0.23290615078167126 139
1684553482775 0.2330952408639798 140
1684553482845 0.23333748807273338 141
1684553482914 0.23363207953587883 142
1684553482976 0.233978138361867 143
1684553483045 0.2343748624072504 144
1684553483130 0.23482133603833658 145
1684553483192 0.2353167242319741 146
1684553483263 0.23586007162765477 147
1684553483330 0.23645056050622765 148
1684553483393 0.2370872113053682 149
1684553483462 0.23776914423653475 150
1684553483531 0.23849547277535715 151
1684553483615 0.23926524035895097 152
1684553483678 0.24007753603988088 153
1684553483751 0.24093147194835896 154
1684553483816 0.24182610023047146 155
1684553483878 0.24276055936559765 156
1684553483947 0.24373389084461006 157
1684553484016 0.2447452545635927 158
1684553484094 0.245793691260758 159
1684553484163 0.2468783644851384 160
1684553484232 0.24799838983193565 161
1684553484297 0.24915287585212254 162
1684553484362 0.2503410119350094 163
1684553484433 0.25156193583048525 164
1684553484495 0.25281471949762896 165
1684553484564 0.25409871306966136 166
1684553484781 0.25541293948109445 167
1684553484934 0.25675670730278993 168
1684553484997 0.25812917205947794 169
1684553485066 0.2595296209454814 170
1684553485135 0.26095725678454434 171
1684553485197 0.262411364032208 172
1684553485266 0.2638911941491869 173
1684553485345 0.2653959740098406 174
1684553485412 0.2669251210260077 175
1684553485482 0.26847789386403936 176
1684553485551 0.27005358601451457 177
1684553485620 0.27165157871194934 178
1684553485683 0.2732712270528926 179
1684553485752 0.2749119549675953 180
1684553485836 0.27657310879053787 181
1684553485907 0.278254044448604 182
1684553485968 0.2799541964295987 183
1684553486052 0.28167306266154324 184
1684553486121 0.2834099854983978 185
1684553486184 0.28516456035363125 186
1684553486253 0.2869361152742394 187
1684553486322 0.2887242530901274 188
1684553486384 0.29052837907787654 189
1684553486456 0.2923480798788169 190
1684553486522 0.29418282195240963 191
1684553486600 0.29603217381472974 192
1684553486669 0.29789335064835465 193
1684553486754 0.299767200623174 194
1684553486823 0.3016539849878017 195
1684553486885 0.30355327531231224 196
1684553486957 0.30546475666722156 197
1684553487023 0.30738797453251454 198
1684553487101 0.3093227415379695 199
1684553487170 0.311268581124201 200
1684553487239 0.3132253138095205 201
1684553487302 0.3151925514296619 202
1684553488428 0.31717007088680593 203
1684553488571 0.31915748369496927 204
1684553488645 0.3211545827936223 205
1684553488723 0.32316109022739486 206
1684553488792 0.32517661593216224 207
1684553488861 0.32720091899906 208
1684553488930 0.3292337805140692 209
1684553488993 0.3312748613935621 210
1684553489072 0.333323846315274 211
1684553489130 0.33538065444869225 212
1684553489209 0.3374448763597792 213
1684553489278 0.33951623724870056 214
1684553489347 0.3415946278328941 215
1684553489431 0.3436796365348547 216
1684553489493 0.3457712053226861 217
1684553489562 0.3478689898656441 218
1684553489647 0.3499729129128365 219
1684553489709 0.35208253142240814 220
1684553489794 0.35419786824065047 221
1684553489863 0.3563185665263227 222
1684553489932 0.35844449566962344 223
1684553489995 0.36057548623203445 224
1684553490064 0.3627113231050276 225
1684553490145 0.36485178411562735 226
1684553490213 0.3669967776009608 227
1684553490280 0.3691460279526981 228
1684553490349 0.3712994629560228 229
1684553490427 0.37345690870585874 230
1684553490496 0.37561818389672674 231
1684553490565 0.3777830806947391 232
1684553490635 0.37995156317108547 233
1684553490715 0.3821234794204897 234
1684553490781 0.384298527157524 235
1684553490850 0.3864767171042 236
1684553490913 0.3886578604596376 237
1684553490982 0.3908418949301082 238
1684553491051 0.39302863173126745 239
1684553491113 0.395217950094471 240
1684553491184 0.3974097492995115 241
1684553491251 0.3996039641299521 242
1684553491314 0.4018003553530153 243
1684553491383 0.4039989340162455 244
1684553491452 0.40619955065482116 245
1684553491530 0.40840205481931274 246
1684553491583 0.410606431560922 247
1684553491652 0.4128125522801378 248
1684553491738 0.41502026107675855 249
1684553491796 0.4172295700328248 250
