1684553850818 2.035678 1
1684553850885 1.8683689 2
1684553850961 1.7520278 3
1684553851043 1.7308296 4
1684553851115 1.7585797 5
1684553851177 1.7990339 6
1684553851246 1.8350133 7
1684553851324 1.8593304 8
1684553851393 1.8698285 9
1684553851462 1.8672942 10
1684553851540 1.8540831 11
1684553851616 1.8331101 12
1684553851694 1.8072175 13
1684553851763 1.7788438 14
1684553851826 1.7499001 15
1684553851895 1.7217658 16
1684553851964 1.6953483 17
1684553852042 1.6711675 18
1684553852116 1.6494453 19
1684553852180 1.6301848 20
1684553852249 1.6132405 21
1684553852311 1.5983732 22
1684553852380 1.5852915 23
1684553852449 1.5736852 24
1684553852527 1.5632476 25
1684553852596 1.5536922 26
1684553852680 1.5447617 27
1684553852750 1.5362347 28
1684553852807 1.5279279 29
1684553852881 1.5196956 30
1684553852950 1.5114281 31
1684553853029 1.503048 32
1684553853082 1.4945064 33
1684553853151 1.4857792 34
1684553853229 1.4768609 35
1684553853298 1.4677622 36
1684553853367 1.4585052 37
1684553853429 1.4491196 38
1684553853498 1.4396404 39
1684553853567 1.4301053 40
1684553853652 1.4205518 41
1684553853722 1.4110172 42
1684553853783 1.4015357 43
1684553853852 1.3921394 44
1684553853931 1.3828564 45
1684553854000 1.3737111 46
1684553854069 1.3647244 47
1684553854131 1.3559132 48
1684553854200 1.3472915 49
1684553854278 1.3388693 50
1684553854353 1.3306546 51
1684553854416 1.3226521 52
1684553854485 1.3148648 53
1684553854554 1.3072934 54
1684553854632 1.2999375 55
1684553854701 1.2927952 56
1684553854762 1.2858634 57
1684553854842 1.2791382 58
1684553854917 1.2726156 59
1684553854986 1.2662908 60
1684553855055 1.2601588 61
1684553855118 1.2542143 62
1684553855187 1.2484523 63
1684553855256 1.2428677 64
1684553855326 1.2374554 65
1684553855434 1.2322105 66
1684553855503 1.2271283 67
1684553855572 1.2222041 68
1684553855656 1.2174339 69
1684553855719 1.2128134 70
1684553855788 1.2083387 71
1684553855857 1.2040062 72
1684553855935 1.1998124 73
1684553855988 1.1957539 74
1684553856057 1.1918278 75
1684553856135 1.188031 76
1684553856204 1.1843607 77
1684553856258 1.1808144 78
1684553856338 1.1773894 79
1684553856408 1.1740835 80
1684553856474 1.1708941 81
1684553856536 1.1678194 82
1684553856605 1.1648571 83
1684553856690 1.1620052 84
1684553856759 1.1592617 85
1684553856837 1.1566248 86
1684553856919 1.1540926 87
1684553856990 1.1516635 88
1684553857053 1.1493356 89
1684553857122 1.1471074 90
1684553857191 1.1449773 91
1684553857260 1.1429436 92
1684553857323 1.1410049 93
1684553857555 1.1391597 94
1684553857639 1.1374065 95
1684553857708 1.1357439 96
1684553857777 1.1341704 97
1684553857855 1.132685 98
1684553857925 1.1312859 99
1684553857991 1.1299721 100
1684553858062 1.1287425 101
1684553858125 1.1275953 102
1684553858209 1.1265299 103
1684553858278 1.1255448 104
1684553858341 1.1246388 105
1684553858410 1.123811 106
1684553858490 1.12306 107
1684553858555 1.1223849 108
1684553858626 1.1217844 109
1684553858695 1.1212579 110
1684553858764 1.1208041 111
1684553858827 1.1204216 112
1684553858896 1.12011 113
1684553858965 1.119868 114
1684553859039 1.119695 115
1684553859112 1.1195896 116
1684553859181 1.119551 117
1684553859243 1.1195784 118
1684553859312 1.1196709 119
1684553859381 1.1198275 120
1684553859444 1.1200476 121
1684553859524 1.12033 122
1684553859598 1.1206741 123
1684553859667 1.1210791 124
1684553859729 1.1215439 125
1684553859813 1.122068 126
1684553859882 1.1226505 127
1684553859945 1.1232905 128
1684553860014 1.1239876 129
1684553860085 1.1247407 130
1684553860147 1.1255493 131
1684553860214 1.1264124 132
1684553860283 1.1273293 133
1684553860346 1.1282997 134
1684553860415 1.1293224 135
1684553860484 1.1303971 136
1684553860562 1.1315228 137
1684553860635 1.1326989 138
1684553860700 1.1339248 139
1684553860769 1.1352 140
1684553860847 1.1365237 141
1684553860916 1.1378951 142
1684553860985 1.1393138 143
1684553861048 1.1407791 144
1684553861118 1.1422905 145
1684553861186 1.1438472 146
1684553861248 1.1454488 147
1684553861317 1.1470945 148
1684553861386 1.1487838 149
1684553861464 1.1505163 150
1684553861533 1.152291 151
1684553861602 1.1541078 152
1684553861680 1.1559659 153
1684553861747 1.1578649 154
1684553861818 1.1598041 155
1684553861887 1.161783 156
1684553861950 1.1638011 157
1684553862019 1.1658577 158
1684553862088 1.1679527 159
1684553862151 1.1700852 160
1684553862218 1.1722548 161
1684553862288 1.1744611 162
1684553862366 1.1767035 163
1684553862436 1.1789815 164
1684553862505 1.1812947 165
1684553862574 1.1836425 166
1684553862636 1.1860244 167
1684553862719 1.1884402 168
1684553862790 1.1908892 169
1684553862852 1.1933709 170
1684553862921 1.1958851 171
1684553862990 1.198431 172
1684553863053 1.2010086 173
1684553863122 1.2036169 174
1684553863191 1.2062559 175
1684553863275 1.2089249 176
1684553863338 1.2116238 177
1684553863407 1.2143519 178
1684553863476 1.217109 179
1684553863538 1.2198943 180
1684553863607 1.2227077 181
1684553863676 1.2255487 182
1684553863756 1.228417 183
1684553863825 1.2313122 184
1684553863892 1.2342337 185
1684553863955 1.2371813 186
1684553864024 1.2401545 187
1684553864093 1.2431531 188
1684553864171 1.2461765 189
1684553864240 1.2492244 190
1684553864310 1.2522964 191
1684553864378 1.2553923 192
1684553864456 1.2585115 193
1684553864525 1.2616538 194
1684553864594 1.2648187 195
1684553864679 1.268006 196
1684553864757 1.2712152 197
1684553864827 1.274446 198
1684553864910 1.2776983 199
1684553864979 1.2809713 200
1684553865042 1.284265 201
1684553865258 1.2875789 202
1684553865409 1.2909127 203
1684553865481 1.2942662 204
1684553865559 1.297639 205
1684553865628 1.3010306 206
1684553865697 1.304441 207
1684553865760 1.3078697 208
1684553865829 1.3113163 209
1684553865909 1.3147805 210
1684553865974 1.3182621 211
1684553866045 1.3217609 212
1684553866114 1.3252763 213
1684553866183 1.3288082 214
1684553866245 1.3323563 215
1684553866315 1.3359202 216
1684553866384 1.3394997 217
1684553866459 1.3430945 218
1684553866647 1.3467042 219
1684553866716 1.3503287 220
1684553866785 1.3539677 221
1684553866863 1.3576207 222
1684553866938 1.3612876 223
1684553867001 1.3649681 224
1684553867079 1.3686618 225
1684553867148 1.3723686 226
1684553867217 1.376088 227
1684553867286 1.37982 228
1684553867349 1.3835642 229
1684553867418 1.3873205 230
1684553867496 1.3910884 231
1684553867568 1.3948677 232
1684553867634 1.3986583 233
1684553867703 1.4024599 234
1684553867776 1.4062722 235
1684553867850 1.410095 236
1684553867934 1.413928 237
1684553868007 1.4177711 238
1684553868069 1.421624 239
1684553868135 1.4254861 240
1684553868204 1.4293578 241
1684553868266 1.4332384 242
1684553868335 1.4371278 243
1684553868404 1.4410261 244
1684553868482 1.4449327 245
1684553868553 1.4488473 246
1684553868721 1.4527699 247
1684553868790 1.4567003 248
1684553868868 1.4606383 249
1684553868937 1.4645835 250
