1683498231459 14.969533142067888 1
1683498231548 15.286396313980768 2
1683498231635 15.919355304093008 3
1683498231719 15.867862383889179 4
1683498231803 15.399576231652476 5
1683498231887 14.55368335769881 6
1683498231967 13.819409983832353 7
1683498232051 12.992765377179726 8
1683498232132 12.242300511979392 9
1683498232216 11.489465251935762 10
1683498232304 10.946225173175424 11
1683498232384 10.299390406674656 12
1683498232468 9.655589050824114 13
1683498232552 8.24294981541218 14
1683498232633 7.638943192494272 15
1683498232717 7.311207402410583 16
1683498232801 6.9976224111770895 17
1683498232885 6.9368293231041545 18
1683498232969 6.985158517448243 19
1683498233053 7.16345812652304 20
1683498233140 7.506684702701364 21
1683498233223 7.7866854429709536 22
1683498233307 7.962005931495718 23
1683498233387 8.045525994145903 24
1683498233467 8.156220646995452 25
1683498233559 8.34660416490303 26
1683498233643 8.398660492175548 27
1683498233728 8.399421562681159 28
1683498233804 8.425371666127829 29
1683498233884 8.168904289727873 30
1683498233960 7.758526613687485 31
1683498234040 7.260532836292377 32
1683498234116 6.5426772975387575 33
1683498234198 5.375091652035988 34
1683498234273 3.3774287397069336 35
1683498234357 1.6032591470407072 36
1683498234433 0.7898850775442096 37
1683498234509 0.3760880265981399 38
1683498234585 0.3602262459341059 39
1683498234665 0.3904823463230081 40
1683498234742 0.3425526554559466 41
1683498234822 0.25514047328589484 42
1683498234898 0.25486220499447504 43
1683498234978 0.26373666649702593 44
1683498235054 0.2591453330081318 45
1683498235130 0.2542636822536659 46
1683498235206 0.2550515726420567 47
1683498235283 0.26026423988766384 48
1683498235363 0.2700201369118622 49
1683498235439 0.28583612664151414 50
1683498235515 0.3102515523358425 51
1683498235595 0.34663344533791096 52
1683498235675 0.39886018800322476 53
1683498235751 0.4710994911786237 54
1683498235828 0.5670217965841055 55
1683498235908 0.6878858729094116 56
1683498235988 0.8314303327376277 57
1683498236064 0.9929162152596981 58
1683498236144 1.1672371347512458 59
1683498236220 1.3502460795843774 60
1683498236300 1.5387581481738226 61
1683498236378 1.7300649727575512 62
1683498236458 1.9216644393422555 63
1683498236534 2.111134136434875 64
1683498236614 2.2959527882147466 65
1683498236690 2.4732474718082136 66
1683498236770 2.6395957467529487 67
1683498236847 2.791029610104426 68
1683498236923 2.923333116758925 69
1683498237003 3.0325911495040976 70
1683498237079 3.1158556915574316 71
1683498237155 3.171641841905564 72
1683498237231 3.2000733415796945 73
1683498237311 3.202588243817191 74
1683498237393 3.181380954340756 75
1683498237472 3.1387313785234983 76
1683498237548 3.076441233285057 77
1683498237624 2.995325430800986 78
1683498237704 2.8947728628283125 79
1683498237780 2.772274573017102 80
1683498237864 2.6227676155033204 81
1683498237941 2.437075451765817 82
1683498238021 2.196433832367733 83
1683498238097 1.8531769079844358 84
1683498238173 1.2981426459397236 85
1683498238249 0.633964772934728 86
1683498238329 0.32935468730622464 87
1683498238405 0.2514094944941649 88
1683498238482 0.26498073221804685 89
1683498238562 0.27588526042211325 90
1683498238638 0.2733649456198439 91
1683498238714 0.27400500811882667 92
1683498238790 0.27774712967834475 93
1683498238870 0.2803290523903376 94
1683498238946 0.28002390091814955 95
1683498239024 0.27746543543589797 96
1683498239100 0.2743869418226685 97
1683498239180 0.2729414772853508 98
1683498239256 0.27545911559550323 99
1683498239332 0.28475961233718866 100
1683498239412 0.30464053618967557 101
1683498239488 0.3395511307144964 102
1683498239565 0.3933606233050512 103
1683498239641 0.4679531728954933 104
1683498239717 0.5622940047476135 105
1683498239797 0.6723279227198905 106
1683498239873 0.7917983926333122 107
1683498239949 0.9134530252005445 108
1683498240031 1.0302881343393884 109
1683498240218 1.1370611715262642 110
1683498240294 1.231156638673358 111
1683498240374 1.3119227322118003 112
1683498240450 1.3792495989045859 113
1683498240530 1.4325286333050913 114
1683498240608 1.4703090000607535 115
1683498240684 1.4903856861308886 116
1683498240760 1.4900515088011006 117
1683498240840 1.4663042141552511 118
1683498240920 1.4157535640733407 119
1683498241000 1.3340409668692337 120
1683498241080 1.2146468787230384 121
1683498241156 1.0475848550217322 122
1683498241236 0.8229479420718464 123
1683498241312 0.5603779003107354 124
1683498241392 0.356170056084474 125
1683498241468 0.25966170695619945 126
1683498241544 0.2259077129495348 127
1683498241626 0.22178698653519263 128
1683498241709 0.22298686472129756 129
1683498241793 0.22333458283757954 130
1683498241877 0.22323100172721957 131
1683498241953 0.22321174894664508 132
1683498242033 0.22356020032775126 133
1683498242109 0.22502078324565528 134
1683498242186 0.22857215366458192 135
1683498242266 0.23518802020185178 136
1683498242342 0.24573218031146135 137
1683498242422 0.26076826733217107 138
1683498242494 0.28028387960888784 139
1683498242574 0.30352236080972994 140
1683498242650 0.32906637463806365 141
1683498242729 0.3550208980630697 142
1683498242809 0.37913041761394434 143
1683498242885 0.3989307737795735 144
1683498242961 0.41208516769204295 145
1683498243041 0.4168894047539972 146
1683498243117 0.4127942991401292 147
1683498243193 0.40072732198486744 148
1683498243269 0.3829770142840426 149
1683498243345 0.36250954174945027 150
1683498243421 0.34194974080288815 151
1683498243501 0.32285703395885407 152
1683498243577 0.3057315134707805 153
1683498243653 0.2905363580446837 154
1683498243733 0.2772208531510118 155
1683498243810 0.2659221478303277 156
1683498243890 0.25687983300270245 157
1683498243966 0.25024577220204 158
1683498244042 0.2459689545946497 159
1683498244122 0.24378687615286188 160
1683498244198 0.24330600966188093 161
1683498244387 0.2440995403049921 162
1683498244467 0.2457881596765433 163
1683498244543 0.2480875937645171 164
1683498244619 0.2508307226736054 165
1683498244699 0.2539495927031287 166
1683498244775 0.2574286124837842 167
1683498244856 0.261244980391073 168
1683498244936 0.2653129635492607 169
1683498245008 0.26946614830370635 170
1683498245084 0.2734623879384547 171
1683498245164 0.2770225191214905 172
1683498245240 0.2798758672754614 173
1683498245319 0.28180552719215496 174
1683498245394 0.2826796483966001 175
1683498245474 0.2824641828821028 176
1683498245550 0.2812140450830228 177
1683498245626 0.2790659302762109 178
1683498245706 0.27622636284071506 179
1683498245782 0.2729586291401527 180
1683498245862 0.26956012655197886 181
1683498245940 0.26632353194861247 182
1683498246020 0.26348583934907865 183
1683498246092 0.261190755742139 184
1683498246172 0.2594806905354469 185
1683498246252 0.2583176396870684 186
1683498246328 0.25762053546378333 187
1683498246406 0.2572930599278887 188
1683498246480 0.2572455728968836 189
1683498246560 0.25740023689865316 190
1683498246636 0.2576931347058474 191
1683498246716 0.2580699783793117 192
1683498246792 0.25848275652156427 193
1683498246872 0.2588899449531994 194
1683498246950 0.2592603542944637 195
1683498247030 0.2595725811302474 196
1683498247110 0.25981929614131666 197
1683498247186 0.26000318638769443 198
1683498247262 0.26014035204119407 199
1683498247342 0.2602552398319723 200
1683498247418 0.26037371632389555 201
1683498247499 0.2605254626555427 202
1683498247575 0.2607355261985692 203
1683498247655 0.2610272714458987 204
1683498247731 0.2614146999065484 205
1683498247811 0.26190713026234586 206
1683498247887 0.26250527663806905 207
1683498247967 0.2632046745051276 208
1683498248044 0.26399558956903746 209
1683498248120 0.26486448730358303 210
1683498248200 0.26579292355933354 211
1683498248276 0.26675992466699316 212
1683498248356 0.26774380092402345 213
1683498248436 0.268721418773587 214
1683498248515 0.2696716837908026 215
1683498248589 0.27057324505048 216
1683498248665 0.27141126050378156 217
1683498248745 0.27217320215913193 218
1683498248821 0.27285369305711554 219
1683498248897 0.2734526026697818 220
1683498248977 0.27397403595260283 221
1683498249054 0.2744274477712436 222
1683498249129 0.2748271373295284 223
1683498249209 0.2751890193640177 224
1683498249285 0.27552782067654163 225
1683498249361 0.2758602905505673 226
1683498249441 0.27619736788278393 227
1683498249517 0.276550639568271 228
1683498249594 0.2769258705935789 229
1683498249671 0.277323733691459 230
1683498249755 0.27774485650288616 231
1683498249835 0.2781827331392044 232
1683498249923 0.27863042316545433 233
1683498250011 0.2790797542908008 234
1683498250092 0.2795189574269164 235
1683498250164 0.27993692224763694 236
1683498250248 0.2803246386679622 237
1683498250324 0.2806710270564242 238
1683498250400 0.2809682574070565 239
1683498250480 0.2812094077810195 240
1683498250556 0.28138818198496707 241
1683498250639 0.2815013787998057 242
1683498250718 0.28154736318971185 243
1683498250794 0.28152399441876463 244
1683498250870 0.28143294691995185 245
1683498250950 0.2812765941235502 246
1683498251030 0.2810571796727439 247
1683498251110 0.28077813880037256 248
1683498251187 0.28044414314465604 249
1683498251267 0.2800605392068668 250
