1683852747874 2.0336802 1
1683852747941 2.0677042 2
1683852747988 2.1157448 3
1683852748038 2.1879435 4
1683852748101 2.2682247 5
1683852748151 2.3448443 6
1683852748195 2.4116545 7
1683852748257 2.4661913 8
1683852748326 2.508423 9
1683852748382 2.5398636 10
1683852748433 2.5628965 11
1683852748484 2.5802588 12
1683852748543 2.5946572 13
1683852748594 2.608513 14
1683852748646 2.6238194 15
1683852748699 2.6420844 16
1683852748751 2.6643376 17
1683852748802 2.6911674 18
1683852748861 2.7227783 19
1683852748917 2.7590523 20
1683852748964 2.7996087 21
1683852749017 2.8438675 22
1683852749064 2.8911052 23
1683852749117 2.9405093 24
1683852749164 2.9912283 25
1683852749238 3.0424147 26
1683852749290 3.0932634 27
1683852749333 3.1430435 28
1683852749396 3.1911178 29
1683852749449 3.236958 30
1683852749496 3.2801502 31
1683852749546 3.3203955 32
1683852749605 3.3575044 33
1683852749656 3.391385 34
1683852749707 3.4220347 35
1683852749759 3.449523 36
1683852749810 3.4739802 37
1683852749863 3.4955826 38
1683852749914 3.5145402 39
1683852749974 3.531086 40
1683852750026 3.545466 41
1683852750085 3.5579305 42
1683852750136 3.568728 43
1683852750187 3.5781004 44
1683852750238 3.5862775 45
1683852750292 3.5934758 46
1683852750342 3.5998955 47
1683852750392 3.6057184 48
1683852750443 3.6111166 49
1683852750493 3.6162424 50
1683852750544 3.6212301 51
1683852750595 3.6261947 52
1683852750645 3.6312368 53
1683852750704 3.6364398 54
1683852750745 3.6418731 55
1683852750810 3.6475935 56
1683852750863 3.653645 57
1683852750909 3.66006 58
1683852750958 3.6668606 59
1683852751017 3.6740608 60
1683852751067 3.681665 61
1683852751118 3.6896715 62
1683852751171 3.6980731 63
1683852751221 3.706856 64
1683852751272 3.7160044 65
1683852751320 3.7254972 66
1683852751373 3.7353115 67
1683852751424 3.7454226 68
1683852751475 3.755804 69
1683852751535 3.766429 70
1683852751586 3.7772706 71
1683852751637 3.788301 72
1683852751688 3.799495 73
1683852751741 3.8108263 74
1683852751791 3.822271 75
1683852751842 3.8338058 76
1683852751896 3.8454099 77
1683852751944 3.8570628 78
1683852751995 3.8687475 79
1683852752046 3.8804476 80
1683852752097 3.892148 81
1683852752148 3.9038372 82
1683852752196 3.9155037 83
1683852752249 3.9271383 84
1683852752299 3.938733 85
1683852752350 3.9502814 86
1683852752410 3.9617784 87
1683852752460 3.9732199 88
1683852752513 3.984603 89
1683852752564 3.9959252 90
1683852752615 4.007186 91
1683852752666 4.018385 92
1683852752717 4.0295215 93
1683852752776 4.040597 94
1683852752828 4.0516114 95
1683852752879 4.062566 96
1683852752931 4.0734625 97
1683852752981 4.084302 98
1683852753112 4.095087 99
1683852753213 4.1058183 100
1683852753266 4.116499 101
1683852753313 4.1271296 102
1683852753371 4.1377134 103
1683852753422 4.1482506 104
1683852753462 4.158745 105
1683852753525 4.169195 106
1683852753575 4.1796055 107
1683852753626 4.189976 108
1683852753677 4.2003093 109
1683852753728 4.210605 110
1683852753779 4.2208652 111
1683852753828 4.2310905 112
1683852753891 4.241282 113
1683852753942 4.25144 114
1683852753997 4.261565 115
1683852754073 4.271658 116
1683852754130 4.281719 117
1683852754186 4.291748 118
1683852754236 4.301746 119
1683852754287 4.3117123 120
1683852754345 4.321647 121
1683852754396 4.3315516 122
1683852754447 4.3414235 123
1683852754499 4.3512645 124
1683852754550 4.361074 125
1683852754601 4.370852 126
1683852754650 4.380597 127
1683852754703 4.3903112 128
1683852754753 4.399992 129
1683852754812 4.4096413 130
1683852754862 4.419256 131
1683852754915 4.4288387 132
1683852754966 4.438388 133
1683852755017 4.447903 134
1683852755079 4.457384 135
1683852755130 4.4668307 136
1683852755180 4.476243 137
1683852755231 4.4856195 138
1683852755291 4.4949636 139
1683852755342 4.5042744 140
1683852755392 4.513552 141
1683852755445 4.5227976 142
1683852755506 4.5320115 143
1683852755557 4.5411916 144
1683852755608 4.5503397 145
1683852755659 4.5594544 146
1683852755708 4.568536 147
1683852755762 4.5775843 148
1683852755813 4.5865984 149
1683852755864 4.5955787 150
1683852756001 4.6045246 151
1683852756039 4.613435 152
1683852756103 4.6223087 153
1683852756152 4.6311474 154
1683852756199 4.639948 155
1683852756257 4.6487117 156
1683852756308 4.6574364 157
1683852756366 4.6661224 158
1683852756429 4.674769 159
1683852756482 4.6833744 160
1683852756529 4.6919384 161
1683852756590 4.7004604 162
1683852756641 4.708939 163
1683852756700 4.717374 164
1683852756753 4.7257633 165
1683852756803 4.7341075 166
1683852756850 4.7424045 167
1683852756903 4.750654 168
1683852756950 4.758855 169
1683852757003 4.7670064 170
1683852757066 4.7751074 171
1683852757119 4.7831564 172
1683852757172 4.7911534 173
1683852757223 4.799097 174
1683852757273 4.8069863 175
1683852757327 4.8148203 176
1683852757378 4.8225975 177
1683852757429 4.8303185 178
1683852757479 4.837981 179
1683852757530 4.845585 180
1683852757580 4.8531294 181
1683852757631 4.860614 182
1683852757680 4.8680367 183
1683852757733 4.875398 184
1683852757784 4.882697 185
1683852757835 4.8899336 186
1683852757886 4.897106 187
1683852757937 4.904216 188
1683852757996 4.911261 189
1683852758047 4.9182425 190
1683852758097 4.9251604 191
1683852758150 4.9320135 192
1683852758201 4.9388037 193
1683852758256 4.94553 194
1683852758302 4.9521933 195
1683852758354 4.9587946 196
1683852758405 4.9653344 197
1683852758464 4.971813 198
1683852758515 4.9782324 199
1683852758568 4.984593 200
1683852758619 4.9908967 201
1683852758670 4.9971437 202
1683852758721 5.0033374 203
1683852758772 5.0094776 204
1683852758823 5.015568 205
1683852758874 5.021608 206
1683852758925 5.027601 207
1683852758976 5.033549 208
1683852759027 5.039453 209
1683852759078 5.0453167 210
1683852759130 5.0511403 211
1683852759181 5.056927 212
1683852759231 5.0626793 213
1683852759283 5.068399 214
1683852759334 5.074087 215
1683852759385 5.0797477 216
1683852759436 5.085381 217
1683852759603 5.0909905 218
1683852759657 5.0965776 219
1683852759704 5.1021442 220
1683852759759 5.1076922 221
1683852759810 5.113224 222
1683852759861 5.118741 223
1683852759922 5.1242447 224
1683852759973 5.129737 225
1683852760024 5.13522 226
1683852760074 5.1406956 227
1683852760133 5.1461635 228
1683852760186 5.1516266 229
1683852760238 5.1570864 230
1683852760289 5.1625433 231
1683852760348 5.1679993 232
1683852760401 5.173455 233
1683852760452 5.178912 234
1683852760514 5.184371 235
1683852760565 5.189833 236
1683852760616 5.195299 237
1683852760664 5.2007704 238
1683852760717 5.2062473 239
1683852760767 5.211731 240
1683852760818 5.2172213 241
1683852760898 5.22272 242
1683852760960 5.228227 243
1683852761014 5.2337437 244
1683852761061 5.2392697 245
1683852761121 5.2448063 246
1683852761171 5.2503533 247
1683852761222 5.255912 248
1683852761281 5.2614822 249
1683852761333 5.267064 250
