1683850946689 2.0643559 1
1683850946755 2.0236974 2
1683850946822 2.000542 3
1683850946869 2.0041292 4
1683850946927 2.01331 5
1683850946980 2.0136833 6
1683850947031 1.9987235 7
1683850947087 1.966944 8
1683850947133 1.9199263 9
1683850947192 1.8608909 10
1683850947245 1.7936306 11
1683850947296 1.7217916 12
1683850947347 1.6492748 13
1683850947405 1.5782812 14
1683850947458 1.5105393 15
1683850947509 1.4472032 16
1683850947560 1.3889186 17
1683850947621 1.3359356 18
1683850947672 1.2882149 19
1683850947737 1.2455175 20
1683850947784 1.207476 21
1683850947837 1.1736495 22
1683850947900 1.1435623 23
1683850947953 1.1167326 24
1683850948000 1.0926926 25
1683850948053 1.0710024 26
1683850948123 1.0512592 27
1683850948179 1.0331032 28
1683850948223 1.0162201 29
1683850948285 1.0003422 30
1683850948323 0.985248 31
1683850948385 0.9707589 32
1683850948439 0.95673674 33
1683850948486 0.94307935 34
1683850948539 0.9297161 35
1683850948586 0.9166031 36
1683850948639 0.9037181 37
1683850948703 0.8910562 38
1683850948755 0.8786254 39
1683850948802 0.86644244 40
1683850948867 0.8545295 41
1683850948917 0.8429117 42
1683850948968 0.8316143 43
1683850949027 0.8206614 44
1683850949088 0.8100743 45
1683850949141 0.7998707 46
1683850949192 0.79007894 47
1683850949244 0.7807156 48
1683850949294 0.7717856 49
1683850949346 0.76328695 50
1683850949397 0.7552129 51
1683850949448 0.74755335 52
1683850949497 0.74029547 53
1683850949554 0.7334242 54
1683850949607 0.72692263 55
1683850949658 0.72077256 56
1683850949711 0.71495557 57
1683850949762 0.7094531 58
1683850949813 0.70424676 59
1683850949872 0.6993183 60
1683850949923 0.6946498 61
1683850949974 0.6902239 62
1683850950027 0.68602353 63
1683850950078 0.6820327 64
1683850950129 0.6782359 65
1683850950180 0.674619 66
1683850950231 0.6711687 67
1683850950284 0.66787326 68
1683850950332 0.6647223 69
1683850950384 0.6617074 70
1683850950435 0.65882134 71
1683850950486 0.6560589 72
1683850950546 0.65340585 73
1683850950601 0.6508498 74
1683850950663 0.6483807 75
1683850950725 0.64598954 76
1683850950774 0.6436672 77
1683850950826 0.641405 78
1683850950877 0.63919395 79
1683850950927 0.6370258 80
1683850950986 0.6348927 81
1683850951037 0.63278747 82
1683850951088 0.63070387 83
1683850951139 0.62863624 84
1683850951190 0.62657976 85
1683850951244 0.6245306 86
1683850951295 0.6224856 87
1683850951348 0.6204422 88
1683850951397 0.61839885 89
1683850951448 0.61635435 90
1683850951499 0.6143083 91
1683850951550 0.6122606 92
1683850951601 0.61021173 93
1683850951657 0.6081626 94
1683850951703 0.60611415 95
1683850951754 0.60406786 96
1683850951839 0.6020253 97
1683850951888 0.5999881 98
1683850951939 0.5979581 99
1683850951990 0.59593713 100
1683850952040 0.59392697 101
1683850952091 0.5919293 102
1683850952150 0.58994603 103
1683850952193 0.5879785 104
1683850952252 0.58602834 105
1683850952305 0.5840969 106
1683850952355 0.5821854 107
1683850952407 0.58029485 108
1683850952458 0.578426 109
1683850952507 0.5765798 110
1683850952560 0.57475686 111
1683850952611 0.57295746 112
1683850952662 0.57118183 113
1683850952713 0.56943023 114
1683850952764 0.56770265 115
1683850952815 0.5659989 116
1683850952866 0.5643189 117
1683850952919 0.5626623 118
1683850952969 0.5610288 119
1683850953028 0.5594179 120
1683850953079 0.55782926 121
1683850953130 0.55626225 122
1683850953183 0.55471647 123
1683850953234 0.5531914 124
1683850953285 0.55168647 125
1683850953334 0.55020106 126
1683850953387 0.54873484 127
1683850953442 0.5472872 128
1683850953489 0.54585785 129
1683850953548 0.5444462 130
1683850953599 0.54305196 131
1683850953650 0.5416747 132
1683850953701 0.5403141 133
1683850953752 0.5389699 134
1683850953805 0.53764176 135
1683850953855 0.5363296 136
1683850953906 0.5350331 137
1683850953958 0.5337521 138
1683850954008 0.53248644 139
1683850954059 0.53123593 140
1683850954118 0.5300005 141
1683850954169 0.5287801 142
1683850954220 0.52757454 143
1683850954273 0.52638364 144
1683850954324 0.5252075 145
1683850954373 0.52404594 146
1683850954424 0.5228988 147
1683850954475 0.52176607 148
1683850954534 0.52064764 149
1683850954588 0.5195434 150
1683850954639 0.51845324 151
1683850954690 0.517377 152
1683850954743 0.5163147 153
1683850954794 0.51526606 154
1683850954844 0.5142309 155
1683850954895 0.5132093 156
1683850954946 0.5122009 157
1683850954996 0.5112056 158
1683850955052 0.5102233 159
1683850955106 0.5092538 160
1683850955157 0.5082969 161
1683850955209 0.5073525 162
1683850955260 0.5064203 163
1683850955311 0.5055003 164
1683850955361 0.5045922 165
1683850955412 0.5036959 166
1683850955463 0.5028112 167
1683850955514 0.50193787 168
1683850955569 0.50107586 169
1683850955616 0.50022507 170
1683850955675 0.4993851 171
1683850955726 0.49855602 172
1683850955778 0.49773762 173
1683850955829 0.49692973 174
1683850955888 0.49613228 175
1683850955941 0.49534512 176
1683850955992 0.49456814 177
1683850956133 0.49380124 178
1683850956240 0.49304432 179
1683850956295 0.49229723 180
1683850956346 0.49155998 181
1683850956397 0.4908324 182
1683850956448 0.4901144 183
1683850956499 0.489406 184
1683850956550 0.488707 185
1683850956601 0.48801744 186
1683850956657 0.4873372 187
1683850956713 0.48666623 188
1683850956764 0.48600444 189
1683850956815 0.48535186 190
1683850956866 0.48470828 191
1683850956917 0.4840738 192
1683850956966 0.48344827 193
1683850957019 0.48283166 194
1683850957071 0.482224 195
1683850957121 0.48162505 196
1683850957177 0.48103487 197
1683850957242 0.48045343 198
1683850957305 0.4798806 199
1683850957358 0.47931632 200
1683850957405 0.4787606 201
1683850957455 0.47821328 202
1683850957514 0.47767434 203
1683850957565 0.47714368 204
1683850957608 0.47662127 205
1683850957667 0.476107 206
1683850957718 0.4756008 207
1683850957769 0.4751026 208
1683850957821 0.4746123 209
1683850957872 0.47412986 210
1683850957923 0.4736551 211
1683850957974 0.47318798 212
1683850958025 0.47272843 213
1683850958076 0.47227627 214
1683850958127 0.47183156 215
1683850958178 0.47139403 216
1683850958233 0.47096372 217
1683850958282 0.47054043 218
1683850958333 0.4701241 219
1683850958384 0.4697146 220
1683850958435 0.46931183 221
1683850958486 0.46891573 222
1683850958537 0.46852615 223
1683850958588 0.46814293 224
1683850958639 0.46776608 225
1683850958690 0.4673954 226
1683850958747 0.46703082 227
1683850958811 0.4666722 228
1683850958862 0.4663195 229
1683850958913 0.46597254 230
1683850958962 0.46563122 231
1683850959014 0.4652955 232
1683850959073 0.46496516 233
1683850959127 0.4646402 234
1683850959178 0.46432048 235
1683850959229 0.4640059 236
1683850959280 0.46369627 237
1683850959331 0.4633916 238
1683850959382 0.4630918 239
1683850959433 0.4627967 240
1683850959484 0.4625062 241
1683850959535 0.4622203 242
1683850959586 0.4619388 243
1683850959636 0.46166164 244
1683850959687 0.46138874 245
1683850959745 0.46112 246
1683850959797 0.4608553 247
1683850959847 0.46059468 248
1683850959898 0.4603379 249
1683850959949 0.460085 250
