1683850871122 1.9118067947613129 1
1683850871187 1.9278790880971934 2
1683850871235 1.9566156079122874 3
1683850871285 2.008256794271181 4
1683850871349 2.066544050165824 5
1683850871400 2.119796568636952 6
1683850871451 2.1620820935341514 7
1683850871504 2.191218849888588 8
1683850871555 2.207481267366783 9
1683850871606 2.2126776953332428 10
1683850871656 2.20941976920363 11
1683850871707 2.2005505167199724 12
1683850871758 2.188749201182511 13
1683850871815 2.1763045428402195 14
1683850871869 2.1650236384771437 15
1683850871920 2.156230986440929 16
1683850871973 2.150811858279007 17
1683850872024 2.1492754977290467 18
1683850872075 2.1518153318198148 19
1683850872134 2.1583666583338457 20
1683850872195 2.1686560705469597 21
1683850872246 2.1822475609566716 22
1683850872298 2.1985864566106756 23
1683850872349 2.217041336243784 24
1683850872400 2.2369423335804326 25
1683850872449 2.2576163260914224 26
1683850872512 2.278417866498172 27
1683850872565 2.2987533719181004 28
1683850872612 2.3181010841621092 29
1683850872672 2.3360218717725987 30
1683850872723 2.3521680604989124 31
1683850872774 2.3662821386728092 32
1683850872825 2.378195539703138 33
1683850872874 2.387820299894214 34
1683850872928 2.3951406985082357 35
1683850872979 2.4002026935849377 36
1683850873030 2.403101920767485 37
1683850873081 2.4039751379868397 38
1683850873132 2.402987879747241 39
1683850873191 2.400326985512751 40
1683850873244 2.396192012275675 41
1683850873293 2.3907889270203273 42
1683850873346 2.3843245665450645 43
1683850873397 2.3770804297055634 44
1683850873446 2.369191567977569 45
1683850873503 2.3608190208480346 46
1683850873556 2.3521301583829066 47
1683850873607 2.3432828317859444 48
1683850873658 2.334422997804772 49
1683850873711 2.325680904000022 50
1683850873761 2.3171858553767226 51
1683850873812 2.3090291226591697 52
1683850873864 2.301292219479614 53
1683850873914 2.2940451878849193 54
1683850873971 2.2873437854918834 55
1683850874017 2.2812314389662234 56
1683850874078 2.2757396608589064 57
1683850874129 2.2708881766044535 58
1683850874179 2.2666876409961345 59
1683850874238 2.2631395346272187 60
1683850874289 2.2602377066384003 61
1683850874339 2.257969912614895 62
1683850874392 2.256317427281392 63
1683850874443 2.255257910758738 64
1683850874497 2.2547647241119377 65
1683850874544 2.254808535465279 66
1683850874595 2.255358361963169 67
1683850874646 2.2563813824267784 68
1683850874697 2.257844110888099 69
1683850874748 2.259713288853855 70
1683850874806 2.261955540298793 71
1683850874857 2.2645385280440795 72
1683850874908 2.26743039429017 73
1683850874960 2.270601197260641 74
1683850875013 2.274022555470941 75
1683850875062 2.2776671978151564 76
1683850875113 2.2815103058769304 77
1683850875163 2.2855286996470303 78
1683850875214 2.2897011547260124 79
1683850875265 2.294008133300049 80
1683850875316 2.298432271922914 81
1683850875374 2.302957591797753 82
1683850875425 2.307570749332774 83
1683850875478 2.3122585868988197 84
1683850875530 2.3170109109409944 85
1683850875580 2.321818315430611 86
1683850875630 2.3266725939557706 87
1683850875681 2.331567105487065 88
1683850875732 2.3364959782692254 89
1683850875790 2.341454682665423 90
1683850875841 2.346439101552117 91
1683850875894 2.3514462317804403 92
1683850875944 2.3564738108548546 93
1683850875995 2.3615198639685415 94
1683850876049 2.3665830020670864 95
1683850876101 2.371662605636515 96
1683850876149 2.3767579904831173 97
1683850876200 2.381868715229225 98
1683850876251 2.386995039994325 99
1683850876310 2.392137145400758 100
1683850876361 2.3972952353290564 101
1683850876412 2.402469536549017 102
1683850876463 2.407660759327144 103
1683850876516 2.4128694158826054 104
1683850876567 2.418095904930679 105
1683850876621 2.423340733669365 106
1683850876669 2.428604023179608 107
1683850876719 2.433886782372946 108
1683850876770 2.439188876381926 109
1683850876831 2.4445107897376346 110
1683850876882 2.449852460120271 111
1683850876932 2.4552140142969563 112
1683850876983 2.460595612871327 113
1683850877034 2.4659972058037867 114
1683850877085 2.4714188155597787 115
1683850877144 2.4768598171574014 116
1683850877198 2.4823200068146267 117
1683850877249 2.4877994086593107 118
1683850877309 2.493297489933746 119
1683850877378 2.49881385386463 120
1683850877485 2.504347930418301 121
1683850877547 2.5098991367373245 122
1683850877601 2.5154670857402417 123
1683850877670 2.521051512469932 124
1683850877722 2.5266513235150097 125
1683850877770 2.5322662489468866 126
1683850877817 2.537895306376674 127
1683850877870 2.5435386240163647 128
1683850877917 2.549195197568605 129
1683850877970 2.554864327006234 130
1683850878017 2.560545969331162 131
1683850878071 2.566238930664672 132
1683850878133 2.571942889750323 133
1683850878174 2.5776575792676675 134
1683850878238 2.583382420814302 135
1683850878284 2.5891166488403985 136
1683850878335 2.5948600631553513 137
1683850878393 2.600612415826653 138
1683850878444 2.6063725685459143 139
1683850878497 2.612140926735391 140
1683850878548 2.6179163880446525 141
1683850878598 2.6236992954469303 142
1683850878649 2.6294888117403494 143
1683850878705 2.635284437636762 144
1683850878751 2.6410862075849653 145
1683850878802 2.6468937745324936 146
1683850878853 2.6527068280151465 147
1683850878904 2.6585247844926068 148
1683850878965 2.664347481808325 149
1683850879015 2.670174711788306 150
1683850879066 2.676005922409607 151
1683850879125 2.681841223125541 152
1683850879176 2.6876801227214635 153
1683850879229 2.6935223553620427 154
1683850879281 2.6993674824316853 155
1683850879332 2.7052152537499525 156
1683850879383 2.7110652420282273 157
1683850879434 2.7169176468091516 158
1683850879483 2.722771755086375 159
1683850879560 2.728627112741492 160
1683850879607 2.734483514116004 161
1683850879668 2.740340940033757 162
1683850879719 2.7461987951579747 163
1683850879771 2.752056241426911 164
1683850879821 2.7579134687080575 165
1683850879872 2.7637698388739196 166
1683850879923 2.7696252702245427 167
1683850879975 2.7754788323002355 168
1683850880026 2.7813306624717176 169
1683850880077 2.787179525686973 170
1683850880128 2.793025312756944 171
1683850880187 2.7988683489562876 172
1683850880237 2.8047066700312526 173
1683850880291 2.810541096480698 174
1683850880342 2.816370148494441 175
1683850880393 2.822193671799512 176
1683850880444 2.8280111280617177 177
1683850880494 2.8338219096462365 178
1683850880545 2.839625273415715 179
1683850880597 2.845421144822165 180
1683850880648 2.8512082309710483 181
1683850880699 2.856986272645745 182
1683850880750 2.8627553119010187 183
1683850880801 2.868513576545629 184
1683850880858 2.874261636766704 185
1683850880913 2.8799977894606315 186
1683850880963 2.8857223384751665 187
1683850881014 2.8914344445286804 188
1683850881065 2.8971334537669726 189
1683850881115 2.9028191598830286 190
1683850881166 2.9084908061351458 191
1683850881216 2.914148223245685 192
1683850881275 2.9197906222146104 193
1683850881326 2.9254179182484408 194
1683850881379 2.931029985995946 195
1683850881431 2.9366258525572393 196
1683850881480 2.942205886575576 197
1683850881533 2.9477698118484223 198
1683850881583 2.953317042160702 199
1683850881634 2.9588482893413968 200
1683850881685 2.964362645271326 201
1683850881736 2.9698606820443567 202
1683850881787 2.9753427321418453 203
1683850881838 2.9808082528338877 204
1683850881889 2.9862580529273837 205
1683850881940 2.991691615710118 206
1683850882001 2.9971101100735105 207
1683850882052 3.00251324359719 208
1683850882103 3.007901934995031 209
1683850882154 3.0132761075283696 210
1683850882206 3.018636685198002 211
1683850882391 3.02398374159195 212
1683850882482 3.0293181854383837 213
1683850882535 3.034640382722216 214
1683850882586 3.039950754536854 215
1683850882636 3.045250368976989 216
1683850882685 3.0505390722603902 217
1683850882732 3.0558183924708344 218
1683850882796 3.061088400523138 219
1683850882849 3.0663496087049085 220
1683850882900 3.0716030573083994 221
1683850882951 3.0768490579981016 222
1683850883002 3.082088184677037 223
1683850883053 3.0873216344824543 224
1683850883104 3.092549123547725 225
1683850883162 3.0977715804546886 226
1683850883213 3.1029895670440513 227
1683850883264 3.1082037732610974 228
1683850883315 3.1134141869190044 229
1683850883366 3.118621712574244 230
1683850883419 3.1238263985363326 231
1683850883470 3.129029387226952 232
1683850883523 3.1342302283064942 233
1683850883572 3.1394298798756495 234
1683850883623 3.1446285046548716 235
1683850883671 3.1498263509585778 236
1683850883725 3.1550236469777686 237
1683850883776 3.1602208694626315 238
1683850883827 3.1654181571975335 239
1683850883878 3.170615528860029 240
1683850883937 3.175813501206301 241
1683850883990 3.1810121662166866 242
1683850884041 3.1862113735538937 243
1683850884092 3.1914121352819054 244
1683850884142 3.1966134237680306 245
1683850884201 3.201815983204491 246
1683850884252 3.2070199230183234 247
1683850884305 3.212225507572246 248
1683850884355 3.217431977450209 249
1683850884406 3.2226406541122135 250
