1683850871100 1.7818345612981703 1
1683850871168 1.6961683956194986 2
1683850871235 1.6305069005454413 3
1683850871285 1.5897842973752858 4
1683850871341 1.5548100869823525 5
1683850871392 1.5131400793231657 6
1683850871443 1.4597328386078336 7
1683850871492 1.394443004174173 8
1683850871545 1.3199793758565708 9
1683850871595 1.2402318423908434 10
1683850871646 1.159066941753488 11
1683850871705 1.0796346037263687 12
1683850871756 1.0041198830394649 13
1683850871811 0.9337949260721778 14
1683850871861 0.8692120773889451 15
1683850871912 0.8104231098899863 16
1683850871971 0.7571684134691269 17
1683850872022 0.7090187338219877 18
1683850872073 0.6654729477135716 19
1683850872126 0.626018171323573 20
1683850872187 0.5901651954911173 21
1683850872237 0.5574662100459616 22
1683850872288 0.5275216175775567 23
1683850872339 0.4999810486722489 24
1683850872390 0.4745409406069282 25
1683850872449 0.45094083687462483 26
1683850872512 0.4289584943950775 27
1683850872565 0.4084058066794862 28
1683850872612 0.3891236254849333 29
1683850872670 0.3709784008420167 30
1683850872723 0.35385782944271205 31
1683850872774 0.3376680280294615 32
1683850872825 0.3223304423361777 33
1683850872874 0.30777957964309555 34
1683850872928 0.29396075908758945 35
1683850872979 0.28082827807840127 36
1683850873030 0.26834390876023395 37
1683850873081 0.25647499697169995 38
1683850873132 0.24519337136992037 39
1683850873183 0.23447409573594125 40
1683850873234 0.2242943153043686 41
1683850873293 0.2146324117422287 42
1683850873344 0.20546707196550318 43
1683850873395 0.1972500875183396 44
1683850873446 0.1895757677779153 45
1683850873487 0.18227573337102032 46
1683850873550 0.1752946539339879 47
1683850873599 0.16860809900291351 48
1683850873650 0.1622001265903259 49
1683850873701 0.15605650531917448 50
1683850873751 0.1502344416328818 51
1683850873802 0.1446647100107692 52
1683850873853 0.13931386370912402 53
1683850873904 0.13416233730025695 54
1683850873967 0.12919453818299953 55
1683850874017 0.12439630557221992 56
1683850874067 0.11975378692170269 57
1683850874129 0.11525440935429998 58
1683850874179 0.11088555963841307 59
1683850874230 0.10663567548085728 60
1683850874281 0.1024940140816184 61
1683850874331 0.0984505532631832 62
1683850874382 0.0944964979848737 63
1683850874433 0.09062365351782131 64
1683850874493 0.08682487999333066 65
1683850874544 0.08309404452347358 66
1683850874595 0.0794255497418479 67
1683850874646 0.07581486174490926 68
1683850874697 0.07225796666415163 69
1683850874748 0.06875154277085715 70
1683850874798 0.06529285419049513 71
1683850874849 0.06187949710894447 72
1683850874900 0.05850981448548653 73
1683850874950 0.055182081000271 74
1683850875009 0.051895216413432754 75
1683850875060 0.04864823071431057 76
1683850875113 0.04544041450140046 77
1683850875163 0.04227117404561809 78
1683850875214 0.039140114290253436 79
1683850875265 0.03604695024727045 80
1683850875316 0.03299142793289045 81
1683850875366 0.029973509524421127 82
1683850875417 0.026992974299493433 83
1683850875468 0.02404988389531315 84
1683850875526 0.021144137293127363 85
1683850875578 0.018275620808358983 86
1683850875628 0.015444332441825637 87
1683850875681 0.01265014383827845 88
1683850875732 0.009892923713763047 89
1683850875782 0.007172424818576939 90
1683850875833 0.004488472741836835 91
1683850875884 0.0018406901975565049 92
1683850875934 -0.0007713254978425343 93
1683850875993 -0.003347924118688006 94
1683850876046 -0.005889555839603711 95
1683850876097 -0.008396972053446028 96
1683850876149 -0.010870586994958131 97
1683850876200 -0.01331108325977337 98
1683850876251 -0.015719206319485535 99
1683850876302 -0.018095622148543766 100
1683850876353 -0.020441139188875912 101
1683850876404 -0.022756341838149563 102
1683850876455 -0.025042195811345147 103
1683850876506 -0.027299332536919296 104
1683850876565 -0.02952863608225975 105
1683850876617 -0.03173080097424896 106
1683850876667 -0.03390644216088745 107
1683850876719 -0.036056585583613465 108
1683850876770 -0.038181752026065 109
1683850876821 -0.04028276661729957 110
1683850876871 -0.042360077934471274 111
1683850876930 -0.04441453651538785 112
1683850876983 -0.04644666910650441 113
1683850877034 -0.04845712389406209 114
1683850877085 -0.0504465108750034 115
1683850877141 -0.05241522686133715 116
1683850877188 -0.054363834416468304 117
1683850877249 -0.05629295371470011 118
1683850877309 -0.05820286091850457 119
1683850877370 -0.06009423213818477 120
1683850877485 -0.061967255170563895 121
1683850877547 -0.0638224370717102 122
1683850877601 -0.06566018265044571 123
1683850877666 -0.06748089963064241 124
1683850877706 -0.0692847803582497 125
1683850877769 -0.07107227867536725 126
1683850877817 -0.0728436213159005 127
1683850877870 -0.07459931966455824 128
1683850877917 -0.07633951894213564 129
1683850877970 -0.07806444725094108 130
1683850878017 -0.07977464912438359 131
1683850878071 -0.0814700291121988 132
1683850878117 -0.08315108339307553 133
1683850878174 -0.0848180470285711 134
1683850878223 -0.08647121014110559 135
1683850878284 -0.08811067570567666 136
1683850878335 -0.08973667779408867 137
1683850878385 -0.09134964115482602 138
1683850878436 -0.09294950887805431 139
1683850878487 -0.09453674599067519 140
1683850878546 -0.09611132302586256 141
1683850878596 -0.09767371068108743 142
1683850878649 -0.0992238636447551 143
1683850878701 -0.10076199788445583 144
1683850878751 -0.1022883862675652 145
1683850878802 -0.1038031160040298 146
1683850878853 -0.10530643010134977 147
1683850878904 -0.10679840918525096 148
1683850878965 -0.10827918060745856 149
1683850879015 -0.10974897045638787 150
1683850879066 -0.11120778869574854 151
1683850879117 -0.11265583844329452 152
1683850879168 -0.11409332671021977 153
1683850879219 -0.1155202686545187 154
1683850879275 -0.1169367365575531 155
1683850879322 -0.11834283786675215 156
1683850879381 -0.11973862213065734 157
1683850879432 -0.12112433146665724 158
1683850879483 -0.12249997663908774 159
1683850879545 -0.12386552927700545 160
1683850879607 -0.12522113283483227 161
1683850879657 -0.12656693843539868 162
1683850879709 -0.12790292124352853 163
1683850879767 -0.12922901805785747 164
1683850879819 -0.13054536765618185 165
1683850879870 -0.1318520641966432 166
1683850879923 -0.1331491622184744 167
1683850879975 -0.13443648909246741 168
1683850880026 -0.13571441209297275 169
1683850880077 -0.13698253914794978 170
1683850880128 -0.13824109315136224 171
1683850880178 -0.13949029719847528 172
1683850880229 -0.14072976230115009 173
1683850880280 -0.14195984063603673 174
1683850880336 -0.14318031260544228 175
1683850880383 -0.1443912112652801 176
1683850880442 -0.1455926283876019 177
1683850880492 -0.14678443317474432 178
1683850880545 -0.14796660626004 179
1683850880595 -0.1491393455738783 180
1683850880648 -0.1503023715006806 181
1683850880699 -0.1514556887872549 182
1683850880750 -0.15259958642189253 183
1683850880801 -0.1537336120304882 184
1683850880854 -0.15485819956098035 185
1683850880901 -0.15597286354750173 186
1683850880953 -0.157077950412553 187
1683850881012 -0.15817317434620692 188
1683850881065 -0.15925869041444218 189
1683850881115 -0.16033449666902588 190
1683850881166 -0.16140044092965367 191
1683850881216 -0.1624567115465536 192
1683850881267 -0.16350314962593515 193
1683850881318 -0.16453983215835288 194
1683850881370 -0.1655668977560032 195
1683850881421 -0.16658413134948447 196
1683850881472 -0.1675917568279126 197
1683850881522 -0.16858978749702946 198
1683850881581 -0.16957814803871418 199
1683850881632 -0.1705571841391309 200
1683850881685 -0.17152674550958125 201
1683850881736 -0.17248700404131845 202
1683850881787 -0.17343822409610388 203
1683850881838 -0.17438035681109132 204
1683850881889 -0.17531358088693438 205
1683850881940 -0.176237864963527 206
1683850881991 -0.1771538244605868 207
1683850882052 -0.17806121804743769 208
1683850882103 -0.17896048760079597 209
1683850882154 -0.179851675591288 210
1683850882206 -0.18073515254800832 211
1683850882381 -0.18161094948423195 212
1683850882474 -0.1824794131414782 213
1683850882525 -0.1833408328701176 214
1683850882576 -0.18419522956094125 215
1683850882626 -0.1850431263518888 216
1683850882685 -0.18588441203547545 217
1683850882732 -0.18671978023045188 218
1683850882787 -0.18754921670214064 219
1683850882839 -0.18837291868502848 220
1683850882890 -0.1891912452754272 221
1683850882949 -0.19000442298833597 222
1683850883002 -0.1908126255241609 223
1683850883053 -0.19161631773451604 224
1683850883104 -0.19241543714145304 225
1683850883154 -0.1932104099448051 226
1683850883205 -0.194001338178019 227
1683850883256 -0.19478854564356118 228
1683850883307 -0.19557208827420314 229
1683850883358 -0.19635232566966399 230
1683850883407 -0.19712925504976475 231
1683850883460 -0.19790336318509527 232
1683850883519 -0.19867452330411806 233
1683850883570 -0.19944306340128004 234
1683850883623 -0.20020912065218632 235
1683850883671 -0.20097282416196394 236
1683850883725 -0.20173429142727528 237
1683850883776 -0.2024937011750818 238
1683850883827 -0.20325118367480233 239
1683850883878 -0.20400684275348313 240
1683850883929 -0.2047607694198461 241
1683850883980 -0.2055131663485663 242
1683850884041 -0.2062639598368965 243
1683850884092 -0.2070136255070163 244
1683850884142 -0.2077617232577329 245
1683850884193 -0.20850870777299435 246
1683850884244 -0.20925456927054675 247
1683850884295 -0.20999955508321078 248
1683850884353 -0.21074330599755076 249
1683850884404 -0.21148636009823618 250
