1683851402475 1.8692114 1
1683851402541 1.7822473 2
1683851402596 1.7158961 3
1683851402659 1.6755252 4
1683851402719 1.6392896 5
1683851402770 1.5943673 6
1683851402821 1.5363808 7
1683851402872 1.466019 8
1683851402930 1.3868072 9
1683851402983 1.3034127 10
1683851403032 1.2203373 11
1683851403085 1.1411092 12
1683851403144 1.068018 13
1683851403197 1.0022361 14
1683851403248 0.944102 15
1683851403307 0.89341027 16
1683851403360 0.8496421 17
1683851403410 0.8121244 18
1683851403471 0.78013027 19
1683851403519 0.75293815 20
1683851403589 0.7298632 21
1683851403635 0.710273 22
1683851403698 0.69359374 23
1683851403751 0.6793108 24
1683851403798 0.66696715 25
1683851403851 0.65616035 26
1683851403920 0.6465387 27
1683851403967 0.63779783 28
1683851404033 0.62967724 29
1683851404084 0.6219571 30
1683851404135 0.6144557 31
1683851404185 0.6070268 32
1683851404244 0.59955734 33
1683851404297 0.5919651 34
1683851404347 0.5841963 35
1683851404398 0.5762232 36
1683851404449 0.5680403 37
1683851404507 0.55966175 38
1683851404560 0.5511172 39
1683851404611 0.54244804 40
1683851404662 0.5337042 41
1683851404713 0.5249398 42
1683851404772 0.516318 43
1683851404825 0.50790656 44
1683851404876 0.49975207 45
1683851404935 0.49189925 46
1683851404989 0.4843788 47
1683851405040 0.4772127 48
1683851405091 0.47041586 49
1683851405150 0.46399745 50
1683851405204 0.45796135 51
1683851405255 0.45230687 52
1683851405306 0.44702956 53
1683851405365 0.4421218 54
1683851405417 0.4375735 55
1683851405468 0.43373662 56
1683851405518 0.43036795 57
1683851405569 0.42737252 58
1683851405628 0.4247206 59
1683851405681 0.42239588 60
1683851405732 0.42038554 61
1683851405783 0.4186771 62
1683851405833 0.41725788 63
1683851405892 0.41611546 64
1683851405945 0.4152375 65
1683851405995 0.41461188 66
1683851406046 0.41422665 67
1683851406096 0.41407007 68
1683851406155 0.4141301 69
1683851406221 0.4143946 70
1683851406265 0.41485095 71
1683851406328 0.41548586 72
1683851406381 0.41628528 73
1683851406428 0.41723415 74
1683851406488 0.41831642 75
1683851406539 0.41951486 76
1683851406597 0.42081147 77
1683851406650 0.42218706 78
1683851406704 0.4236214 79
1683851406751 0.4250933 80
1683851406802 0.4265812 81
1683851406851 0.42806327 82
1683851406914 0.42951772 83
1683851406963 0.43092328 84
1683851407014 0.43225968 85
1683851407072 0.43350792 86
1683851407125 0.43465078 87
1683851407176 0.43567294 88
1683851407226 0.43656155 89
1683851407277 0.43730626 90
1683851407336 0.4378993 91
1683851407389 0.43833566 92
1683851407439 0.43861288 93
1683851407490 0.4387312 94
1683851407540 0.43869305 95
1683851407599 0.43850306 96
1683851407652 0.43816775 97
1683851407702 0.43769526 98
1683851407753 0.437095 99
1683851407812 0.43637732 100
1683851407865 0.4355533 101
1683851407916 0.4346345 102
1683851407967 0.4336325 103
1683851408018 0.43255895 104
1683851408076 0.4314252 105
1683851408129 0.43024218 106
1683851408180 0.42902023 107
1683851408239 0.427769 108
1683851408294 0.42649734 109
1683851408336 0.4252135 110
1683851408398 0.42392457 111
1683851408457 0.42263705 112
1683851408512 0.4213565 113
1683851408563 0.42008758 114
1683851408613 0.4188342 115
1683851408674 0.41759953 116
1683851408753 0.41638604 117
1683851408827 0.4151955 118
1683851408897 0.41402906 119
1683851408967 0.4128874 120
1683851409028 0.41177064 121
1683851409089 0.41067854 122
1683851409150 0.40961048 123
1683851409360 0.4085655 124
1683851409423 0.4075425 125
1683851409484 0.40654004 126
1683851409555 0.40555674 127
1683851409626 0.4045909 128
1683851409686 0.40364093 129
1683851409757 0.40270522 130
1683851409818 0.40178216 131
1683851409884 0.40087005 132
1683851409948 0.39996758 133
1683851410020 0.39907327 134
1683851410081 0.3981859 135
1683851410152 0.3973043 136
1683851410213 0.39642748 137
1683851410273 0.3955546 138
1683851410334 0.3946849 139
1683851410395 0.39381784 140
1683851410457 0.39295295 141
1683851410516 0.39209002 142
1683851410569 0.39122874 143
1683851410629 0.3903691 144
1683851410680 0.38951108 145
1683851410741 0.38865477 146
1683851410802 0.3878004 147
1683851410861 0.38694814 148
1683851410914 0.38609833 149
1683851410980 0.38525122 150
1683851411036 0.38440722 151
1683851411097 0.3835666 152
1683851411156 0.38272977 153
1683851411210 0.3818971 154
1683851411260 0.38106894 155
1683851411311 0.3802455 156
1683851411370 0.37942722 157
1683851411421 0.3786143 158
1683851411474 0.37780696 159
1683851411525 0.3770054 160
1683851411576 0.37620986 161
1683851411637 0.3754204 162
1683851411706 0.3746372 163
1683851411759 0.3738603 164
1683851411811 0.3730897 165
1683851411872 0.37232548 166
1683851411923 0.37156752 167
1683851411974 0.3708159 168
1683851412030 0.37007052 169
1683851412076 0.3693313 170
1683851412137 0.36859813 171
1683851412188 0.36787087 172
1683851412239 0.36714947 173
1683851412290 0.36643377 174
1683851412341 0.36572367 175
1683851412401 0.36501902 176
1683851412454 0.36431968 177
1683851412505 0.36362556 178
1683851412560 0.36293647 179
1683851412615 0.3622524 180
1683851412668 0.36157316 181
1683851412719 0.3608987 182
1683851412770 0.36022887 183
1683851412829 0.35956365 184
1683851412880 0.3589029 185
1683851412933 0.35824656 186
1683851412983 0.3575946 187
1683851413034 0.35694695 188
1683851413092 0.35630357 189
1683851413144 0.35566443 190
1683851413197 0.35502946 191
1683851413248 0.35439867 192
1683851413299 0.35377204 193
1683851413358 0.3531495 194
1683851413411 0.35253108 195
1683851413462 0.35191676 196
1683851413513 0.35130656 197
1683851413564 0.35070044 198
1683851413624 0.3500984 199
1683851413678 0.34950042 200
1683851413717 0.34890652 201
1683851413777 0.34831667 202
1683851413836 0.34773088 203
1683851413897 0.34714913 204
1683851413959 0.34657142 205
1683851414012 0.34599772 206
1683851414075 0.345428 207
1683851414132 0.34486228 208
1683851414191 0.34430057 209
1683851414242 0.34374273 210
1683851414328 0.34318885 211
1683851414383 0.34263885 212
1683851414442 0.34209272 213
1683851414494 0.34155044 214
1683851414545 0.34101197 215
1683851414606 0.3404773 216
1683851414665 0.3399464 217
1683851414718 0.3394191 218
1683851414768 0.3388956 219
1683851414829 0.3383757 220
1683851414880 0.3378594 221
1683851414948 0.33734667 222
1683851415001 0.33683747 223
1683851415052 0.33633178 224
1683851415110 0.33582956 225
1683851415163 0.33533075 226
1683851415214 0.33483535 227
1683851415265 0.33434325 228
1683851415324 0.3338545 229
1683851415375 0.33336902 230
1683851415428 0.33288676 231
1683851415479 0.33240774 232
1683851415530 0.3319319 233
1683851415581 0.33145913 234
1683851415640 0.33098948 235
1683851415693 0.33052295 236
1683851415746 0.33005938 237
1683851415796 0.32959884 238
1683851415847 0.32914123 239
1683851415898 0.32868657 240
1683851415957 0.32823482 241
1683851416010 0.3277859 242
1683851416061 0.32733983 243
1683851416113 0.32689655 244
1683851416162 0.326456 245
1683851416215 0.3260182 246
1683851416274 0.3255831 247
1683851416325 0.3251507 248
1683851416379 0.32472092 249
1683851416430 0.32429367 250
