1683851591196 1.9801501 1
1683851591258 1.9593022 2
1683851591310 1.9529412 3
1683851591361 1.9713085 4
1683851591408 1.9957746 5
1683851591461 2.0145643 6
1683851591524 2.0207589 7
1683851591578 2.012239 8
1683851591629 1.9897153 9
1683851591681 1.9553983 10
1683851591737 1.9120828 11
1683851591790 1.8625568 12
1683851591841 1.8092787 13
1683851591892 1.7542531 14
1683851591945 1.6990359 15
1683851591996 1.6447974 16
1683851592047 1.5924006 17
1683851592098 1.5424615 18
1683851592160 1.4953914 19
1683851592218 1.4514221 20
1683851592267 1.4106289 21
1683851592330 1.3729544 22
1683851592377 1.3382356 23
1683851592432 1.3062332 24
1683851592483 1.2766604 25
1683851592532 1.2492092 26
1683851592589 1.2235723 27
1683851592658 1.1994603 28
1683851592704 1.1766119 29
1683851592752 1.1548026 30
1683851592817 1.1338463 31
1683851592858 1.1135966 32
1683851592905 1.0939438 33
1683851592958 1.0748123 34
1683851593021 1.0561554 35
1683851593059 1.0379505 36
1683851593121 1.0201942 37
1683851593185 1.0028964 38
1683851593246 0.98607755 39
1683851593297 0.96976227 40
1683851593348 0.9539784 41
1683851593399 0.93875206 42
1683851593450 0.92410755 43
1683851593501 0.9100642 44
1683851593552 0.89663684 45
1683851593603 0.883834 46
1683851593654 0.87165904 47
1683851593705 0.86011994 48
1683851593756 0.8492142 49
1683851593808 0.8389292 50
1683851593866 0.8292459 51
1683851593918 0.8201412 52
1683851593961 0.81158936 53
1683851594020 0.8035622 54
1683851594071 0.7960306 55
1683851594124 0.78896415 56
1683851594175 0.7823322 57
1683851594226 0.7761042 58
1683851594277 0.7702496 59
1683851594332 0.7647387 60
1683851594379 0.75954235 61
1683851594430 0.75463253 62
1683851594482 0.7499825 63
1683851594541 0.7455667 64
1683851594591 0.7413611 65
1683851594644 0.73734295 66
1683851594694 0.7334914 67
1683851594745 0.72978675 68
1683851594796 0.7262111 69
1683851594848 0.7227481 70
1683851594898 0.71938276 71
1683851594950 0.71610177 72
1683851595001 0.712893 73
1683851595052 0.70974576 74
1683851595102 0.7066509 75
1683851595161 0.70360017 76
1683851595211 0.7005865 77
1683851595264 0.69760406 78
1683851595315 0.6946478 79
1683851595366 0.6917138 80
1683851595421 0.6887987 81
1683851595469 0.6859001 82
1683851595518 0.6830162 83
1683851595571 0.6801457 84
1683851595622 0.6772877 85
1683851595673 0.67444205 86
1683851595724 0.6716087 87
1683851595775 0.6687881 88
1683851595827 0.6659806 89
1683851595878 0.6631872 90
1683851595932 0.66040885 91
1683851595988 0.6576465 92
1683851596039 0.65490127 93
1683851596090 0.65217423 94
1683851596141 0.64946675 95
1683851596192 0.6467798 96
1683851596245 0.6441145 97
1683851596296 0.6414719 98
1683851596346 0.6388531 99
1683851596397 0.6362587 100
1683851596448 0.63369 101
1683851596499 0.6311474 102
1683851596558 0.6286316 103
1683851596609 0.6261432 104
1683851596660 0.62368274 105
1683851596711 0.6212506 106
1683851596762 0.6188471 107
1683851596813 0.61647236 108
1683851596865 0.6141267 109
1683851596916 0.61181 110
1683851596968 0.60952246 111
1683851597020 0.607264 112
1683851597071 0.6050344 113
1683851597122 0.6028337 114
1683851597173 0.6006616 115
1683851597224 0.5985178 116
1683851597284 0.5964022 117
1683851597335 0.59431434 118
1683851597386 0.592254 119
1683851597439 0.5902208 120
1683851597490 0.5882144 121
1683851597545 0.5862344 122
1683851597593 0.5842804 123
1683851597643 0.5823519 124
1683851597694 0.58044875 125
1683851597745 0.5785703 126
1683851597804 0.5767163 127
1683851597855 0.5748862 128
1683851597908 0.5730798 129
1683851597959 0.5712965 130
1683851598008 0.569536 131
1683851598063 0.56779796 132
1683851598113 0.5660818 133
1683851598164 0.5643874 134
1683851598215 0.5627142 135
1683851598266 0.5610619 136
1683851598317 0.55943024 137
1683851598368 0.5578188 138
1683851598419 0.55622715 139
1683851598471 0.5546551 140
1683851598521 0.5531024 141
1683851598576 0.55156857 142
1683851598624 0.5500534 143
1683851598675 0.5485567 144
1683851598726 0.547078 145
1683851598777 0.54561716 146
1683851598828 0.54417384 147
1683851598887 0.54274786 148
1683851598938 0.5413389 149
1683851598989 0.5399467 150
1683851599040 0.53857106 151
1683851599092 0.5372118 152
1683851599143 0.5358685 153
1683851599194 0.5345412 154
1683851599245 0.5332295 155
1683851599298 0.53193307 156
1683851599349 0.5306519 157
1683851599400 0.52938575 158
1683851599451 0.52813435 159
1683851599503 0.52689743 160
1683851599553 0.5256748 161
1683851599605 0.5244664 162
1683851599659 0.5232718 163
1683851599873 0.5220909 164
1683851599934 0.52092355 165
1683851599986 0.51976943 166
1683851600045 0.5186284 167
1683851600096 0.5175003 168
1683851600147 0.5163847 169
1683851600198 0.5152816 170
1683851600251 0.5141908 171
1683851600301 0.51311195 172
1683851600353 0.5120449 173
1683851600414 0.5109894 174
1683851600465 0.5099455 175
1683851600514 0.5089127 176
1683851600565 0.5078909 177
1683851600618 0.5068799 178
1683851600669 0.5058795 179
1683851600726 0.5048895 180
1683851600780 0.5039097 181
1683851600831 0.50294 182
1683851600884 0.50198007 183
1683851600936 0.5010298 184
1683851600987 0.500089 185
1683851601038 0.49915746 186
1683851601089 0.49823502 187
1683851601140 0.49732158 188
1683851601191 0.49641693 189
1683851601258 0.49552095 190
1683851601320 0.49463344 191
1683851601382 0.49375427 192
1683851601433 0.49288338 193
1683851601482 0.4920206 194
1683851601535 0.49116585 195
1683851601586 0.490319 196
1683851601645 0.4894799 197
1683851601696 0.4886486 198
1683851601747 0.48782486 199
1683851601801 0.48700872 200
1683851601852 0.4862001 201
1683851601903 0.485399 202
1683851601954 0.48460525 203
1683851602005 0.4838189 204
1683851602056 0.48303992 205
1683851602105 0.4822683 206
1683851602158 0.48150396 207
1683851602209 0.48074704 208
1683851602260 0.47999734 209
1683851602316 0.479255 210
1683851602362 0.47851998 211
1683851602421 0.47779226 212
1683851602472 0.47707194 213
1683851602524 0.47635895 214
1683851602575 0.4756534 215
1683851602626 0.4749552 216
1683851602676 0.4742645 217
1683851602727 0.47358117 218
1683851602777 0.4729053 219
1683851602839 0.47223693 220
1683851602888 0.471576 221
1683851602935 0.47092262 222
1683851602990 0.4702767 223
1683851603042 0.46963835 224
1683851603093 0.4690075 225
1683851603152 0.46838418 226
1683851603203 0.46776843 227
1683851603246 0.46716017 228
1683851603297 0.46655944 229
1683851603356 0.46596622 230
1683851603400 0.4653805 231
1683851603451 0.46480227 232
1683851603502 0.46423146 233
1683851603553 0.4636681 234
1683851603612 0.46311218 235
1683851603663 0.46256363 236
1683851603713 0.46202245 237
1683851603766 0.46148854 238
1683851603814 0.46096194 239
1683851603871 0.4604426 240
1683851603919 0.45993042 241
1683851603970 0.4594254 242
1683851604021 0.45892745 243
1683851604072 0.45843658 244
1683851604123 0.45795268 245
1683851604174 0.45747572 246
1683851604225 0.45700562 247
1683851604276 0.45654237 248
1683851604327 0.45608586 249
1683851604378 0.45563608 250
