1683851741115 2.003131 1
1683851741174 1.9841907 2
1683851741218 1.9762256 3
1683851741275 1.9881916 4
1683851741325 2.0027473 5
1683851741384 2.0079691 6
1683851741438 1.9982514 7
1683851741489 1.9721175 8
1683851741539 1.9307432 9
1683851741590 1.8768624 10
1683851741641 1.8139088 11
1683851741702 1.7453649 12
1683851741753 1.6743264 13
1683851741804 1.6032764 14
1683851741856 1.5340328 15
1683851741917 1.467805 16
1683851741968 1.4053032 17
1683851742019 1.3468585 18
1683851742077 1.2925302 19
1683851742124 1.242192 20
1683851742192 1.1955985 21
1683851742241 1.152435 22
1683851742288 1.1123532 23
1683851742340 1.0749975 24
1683851742387 1.040023 25
1683851742456 1.0071077 26
1683851742509 0.97596204 27
1683851742556 0.94633377 28
1683851742609 0.91801053 29
1683851742656 0.8908199 30
1683851742722 0.86462826 31
1683851742773 0.83933735 32
1683851742824 0.8148803 33
1683851742875 0.7912165 34
1683851742926 0.7683266 35
1683851742977 0.7462075 36
1683851743028 0.72486687 37
1683851743079 0.7043193 38
1683851743130 0.68458194 39
1683851743189 0.6656715 40
1683851743240 0.6476023 41
1683851743292 0.6303837 42
1683851743342 0.6140195 43
1683851743393 0.5985075 44
1683851743446 0.58383906 45
1683851743497 0.56999934 46
1683851743548 0.55696833 47
1683851743599 0.5447208 48
1683851743650 0.5332277 49
1683851743701 0.5224569 50
1683851743752 0.5123738 51
1683851743803 0.50294244 52
1683851743854 0.49412578 53
1683851743913 0.48588645 54
1683851743964 0.47818747 55
1683851744014 0.47099292 56
1683851744067 0.46426672 57
1683851744118 0.45797452 58
1683851744168 0.45208353 59
1683851744219 0.44656265 60
1683851744270 0.4413826 61
1683851744319 0.43651575 62
1683851744372 0.43193632 63
1683851744423 0.42762044 64
1683851744473 0.42354584 65
1683851744534 0.41969207 66
1683851744585 0.41604027 67
1683851744637 0.4125733 68
1683851744687 0.40927535 69
1683851744739 0.4061321 70
1683851744790 0.40313047 71
1683851744841 0.40025866 72
1683851744892 0.39750582 73
1683851744951 0.3948622 74
1683851744998 0.39231908 75
1683851745053 0.38986847 76
1683851745104 0.38750312 77
1683851745155 0.38521668 78
1683851745206 0.3830033 79
1683851745257 0.38085777 80
1683851745308 0.3787756 81
1683851745359 0.37675253 82
1683851745414 0.37478492 83
1683851745460 0.37286955 84
1683851745507 0.37100354 85
1683851745562 0.36918432 86
1683851745613 0.36740965 87
1683851745672 0.36567748 88
1683851745723 0.36398607 89
1683851745774 0.36233383 90
1683851745825 0.36071944 91
1683851745878 0.35914153 92
1683851745930 0.35759902 93
1683851745980 0.3560909 94
1683851746031 0.35461622 95
1683851746081 0.35317415 96
1683851746132 0.35176384 97
1683851746183 0.35038456 98
1683851746233 0.34903565 99
1683851746283 0.3477164 100
1683851746329 0.34642613 101
1683851746383 0.34516427 102
1683851746444 0.3439302 103
1683851746485 0.3427233 104
1683851746547 0.341543 105
1683851746737 0.3403887 106
1683851746817 0.33925974 107
1683851746868 0.33815572 108
1683851746919 0.33707592 109
1683851746973 0.33601984 110
1683851747023 0.3349869 111
1683851747074 0.33397657 112
1683851747133 0.33298826 113
1683851747183 0.33202147 114
1683851747234 0.33107567 115
1683851747285 0.33015037 116
1683851747338 0.32924497 117
1683851747389 0.32835913 118
1683851747513 0.3274923 119
1683851747592 0.326644 120
1683851747644 0.3258139 121
1683851747696 0.32500142 122
1683851747756 0.3242063 123
1683851747825 0.32342806 124
1683851747872 0.32266638 125
1683851747928 0.3219208 126
1683851747979 0.32119116 127
1683851748038 0.320477 128
1683851748091 0.31977803 129
1683851748142 0.319094 130
1683851748194 0.31842455 131
1683851748244 0.3177695 132
1683851748296 0.31712854 133
1683851748346 0.31650147 134
1683851748398 0.315888 135
1683851748449 0.3152879 136
1683851748500 0.31470096 137
1683851748555 0.31412703 138
1683851748602 0.31356585 139
1683851748653 0.31301716 140
1683851748704 0.31248087 141
1683851748755 0.3119567 142
1683851748806 0.31144458 143
1683851748865 0.3109442 144
1683851748916 0.31045544 145
1683851748967 0.3099781 146
1683851749020 0.30951205 147
1683851749070 0.30905706 148
1683851749122 0.308613 149
1683851749173 0.30817974 150
1683851749224 0.30775702 151
1683851749275 0.30734473 152
1683851749334 0.3069427 153
1683851749385 0.30655077 154
1683851749435 0.3061688 155
1683851749488 0.30579665 156
1683851749539 0.30543414 157
1683851749590 0.30508113 158
1683851749642 0.3047375 159
1683851749692 0.30440307 160
1683851749743 0.30407768 161
1683851749794 0.30376133 162
1683851749848 0.30345374 163
1683851749895 0.30315483 164
1683851749955 0.3028645 165
1683851750006 0.30258256 166
1683851750057 0.30230898 167
1683851750108 0.30204356 168
1683851750160 0.30178624 169
1683851750211 0.30153692 170
1683851750270 0.30129537 171
1683851750320 0.30106163 172
1683851750373 0.3008355 173
1683851750424 0.30061695 174
1683851750475 0.3004058 175
1683851750526 0.30020198 176
1683851750577 0.30000544 177
1683851750627 0.29981598 178
1683851750676 0.29963362 179
1683851750738 0.29945818 180
1683851750785 0.29928955 181
1683851750839 0.29912773 182
1683851750886 0.29897258 183
1683851750939 0.298824 184
1683851751001 0.2986819 185
1683851751039 0.29854622 186
1683851751102 0.29841685 187
1683851751151 0.2982937 188
1683851751204 0.2981767 189
1683851751254 0.29806578 190
1683851751305 0.29796082 191
1683851751356 0.29786175 192
1683851751406 0.29776847 193
1683851751457 0.2976809 194
1683851751508 0.29759902 195
1683851751567 0.29752266 196
1683851751617 0.2974518 197
1683851751670 0.29738632 198
1683851751721 0.29732615 199
1683851751772 0.29727122 200
1683851751823 0.29722148 201
1683851751874 0.29717684 202
1683851751925 0.2971372 203
1683851751976 0.29710245 204
1683851752149 0.29707265 205
1683851752249 0.29704762 206
1683851752304 0.2970273 207
1683851752351 0.29701164 208
1683851752402 0.2970006 209
1683851752453 0.2969941 210
1683851752502 0.296992 211
1683851752549 0.29699433 212
1683851752602 0.29700106 213
1683851752649 0.29701203 214
1683851752703 0.29702726 215
1683851752765 0.29704666 216
1683851752817 0.2970702 217
1683851752866 0.29709786 218
1683851752917 0.2971295 219
1683851752966 0.29716522 220
1683851753017 0.29720485 221
1683851753078 0.29724842 222
1683851753129 0.2972959 223
1683851753180 0.2973472 224
1683851753231 0.29740232 225
1683851753285 0.29746124 226
1683851753336 0.29752392 227
1683851753387 0.29759037 228
1683851753438 0.29766047 229
1683851753489 0.29773432 230
1683851753540 0.29781178 231
1683851753591 0.2978929 232
1683851753643 0.29797763 233
1683851753694 0.29806593 234
1683851753745 0.2981578 235
1683851753796 0.2982532 236
1683851753852 0.2983522 237
1683851753898 0.2984546 238
1683851753949 0.29856056 239
1683851754000 0.2986699 240
1683851754051 0.2987827 241
1683851754102 0.29889888 242
1683851754153 0.29901844 243
1683851754204 0.29914135 244
1683851754256 0.2992676 245
1683851754304 0.29939714 246
1683851754365 0.29952994 247
1683851754416 0.299666 248
1683851754467 0.29980525 249
1683851754520 0.29994768 250
