1684628925690 26.255074 1
1684628925767 22.790174 2
1684628925843 20.565886 3
1684628925913 19.615892 4
1684628925997 19.284763 5
1684628926075 19.109808 6
1684628926144 15.326825 7
1684628926215 12.528032 8
1684628926298 10.534019 9
1684628926376 9.950718 10
1684628926445 9.685458 11
1684628926530 9.581783 12
1684628926599 9.236294 13
1684628926677 8.682782 14
1684628926748 8.308378 15
1684628926814 8.282765 16
1684628926899 8.290448 17
1684628926961 8.272173 18
1684628927046 8.250135 19
1684628927115 8.243909 20
1684628927193 8.240627 21
1684628927267 8.240665 22
1684628927331 8.241463 23
1684628927400 8.2413845 24
1684628927479 8.240868 25
1684628927547 8.240519 26
1684628927627 8.240419 27
1684628927701 8.24036 28
1684628927764 8.240269 29
1684628927844 8.2402115 30
1684628927916 8.240233 31
1684628927994 8.240313 32
1684628928063 8.240379 33
1684628928132 8.240403 34
1684628928202 8.240418 35
1684628928280 8.2404585 36
1684628928347 8.240523 37
1684628928417 8.240591 38
1684628928502 8.24064 39
1684628928565 8.240659 40
1684628928649 8.240649 41
1684628928718 8.240615 42
1684628928781 8.240563 43
1684628928862 8.240497 44
1684628928934 8.240421 45
1684628929003 8.240342 46
1684628929081 8.240265 47
1684628929151 8.240194 48
1684628929356 8.240131 49
1684628929504 8.240074 50
1684628929582 8.240021 51
1684628929651 8.239974 52
1684628929736 8.239932 53
1684628929805 8.239897 54
1684628929887 8.239867 55
1684628929955 8.239843 56
1684628930021 8.239824 57
1684628930106 8.239807 58
1684628930184 8.239794 59
1684628930268 8.239782 60
1684628930338 8.239772 61
1684628930407 8.239765 62
1684628930473 8.239758 63
1684628930553 8.239752 64
1684628930654 8.239748 65
1684628930723 8.239744 66
1684628930785 8.23974 67
1684628930854 8.239736 68
1684628930943 8.239732 69
1684628931008 8.239729 70
1684628931086 8.239725 71
1684628931155 8.239722 72
1684628931224 8.239719 73
1684628931309 8.239717 74
1684628931387 8.239714 75
1684628931456 8.239711 76
1684628931521 8.239708 77
1684628931600 8.239706 78
1684628931672 8.239704 79
1684628931741 8.239702 80
1684628931810 8.2397 81
1684628931888 8.2397 82
1684628931973 8.239698 83
1684628932048 8.239697 84
1684628932111 8.2396965 85
1684628932189 8.239696 86
1684628932258 8.239695 87
1684628932327 8.239695 88
1684628932412 8.239694 89
1684628932474 8.239693 90
1684628932559 8.239692 91
1684628932628 8.239691 92
1684628932706 8.239691 93
1684628932775 8.23969 94
1684628932844 8.23969 95
1684628932913 8.239689 96
1684628932991 8.239689 97
1684628933065 8.239689 98
1684628933129 8.239688 99
1684628933207 8.239687 100
1684628933276 8.239687 101
1684628933345 8.239687 102
1684628933414 8.239687 103
1684628933492 8.239686 104
1684628933577 8.239685 105
1684628933663 8.239685 106
1684628933730 8.239685 107
1684628933808 8.239685 108
1684628933877 8.239685 109
1684628933946 8.239685 110
1684628934015 8.239685 111
1684628934093 8.239685 112
1684628934175 8.239685 113
1684628934247 8.239685 114
1684628934316 8.239684 115
1684628934394 8.239685 116
1684628934463 8.239684 117
1684628934532 8.239684 118
1684628934594 8.239684 119
1684628934683 8.239684 120
1684628934748 8.239684 121
1684628934817 8.239684 122
1684628934895 8.239683 123
1684628934979 8.239683 124
1684628935048 8.239683 125
1684628935117 8.239683 126
1684628935197 8.239684 127
1684628935266 8.239684 128
1684628935333 8.239684 129
1684628935411 8.239683 130
1684628935480 8.239683 131
1684628935550 8.239683 132
1684628935619 8.239683 133
1684628935697 8.239683 134
1684628935769 8.239683 135
1684628935850 8.239683 136
1684628935919 8.239683 137
1684628935997 8.239683 138
1684628936066 8.239682 139
1684628936135 8.239683 140
1684628936220 8.239683 141
1684628936286 8.239683 142
1684628936367 8.239683 143
1684628936436 8.239683 144
1684628936514 8.239682 145
1684628936583 8.239683 146
1684628936652 8.239683 147
1684628936721 8.239682 148
1684628936802 8.239683 149
1684628936868 8.239683 150
1684628936937 8.239683 151
1684628937022 8.239683 152
1684628937100 8.239683 153
1684628937169 8.239683 154
1684628937238 8.239683 155
1684628937322 8.239683 156
1684628937388 8.239683 157
1684628937469 8.239683 158
1684628937538 8.239683 159
1684628937601 8.239683 160
1684628937685 8.239683 161
1684628937754 8.239683 162
1684628937823 8.239683 163
1684628937889 8.239682 164
1684628937970 8.239683 165
1684628938039 8.239682 166
1684628938117 8.239683 167
1684628938186 8.239683 168
1684628938271 8.239682 169
1684628938340 8.239683 170
1684628938425 8.239683 171
1684628938487 8.239683 172
1684628938572 8.239683 173
1684628938641 8.239682 174
1684628938719 8.239683 175
1684628938788 8.239683 176
1684628938857 8.239683 177
1684628938938 8.239683 178
1684628939000 8.239683 179
1684628939074 8.239683 180
1684628939158 8.239683 181
1684628939227 8.239683 182
1684628939305 8.239683 183
1684628939374 8.239683 184
1684628939455 8.239683 185
1684628939528 8.239683 186
1684628939590 8.239682 187
1684628939659 8.239682 188
1684628939744 8.239682 189
1684628939806 8.239683 190
1684628939891 8.239682 191
1684628939970 8.239682 192
1684628940044 8.239682 193
1684628940160 8.239682 194
1684628940260 8.239682 195
1684628940345 8.239683 196
1684628940407 8.239682 197
1684628940486 8.239683 198
1684628940561 8.239682 199
1684628940646 8.239682 200
1684628940724 8.239683 201
1684628940793 8.239682 202
1684628940862 8.239682 203
1684628940946 8.239682 204
1684628941018 8.239682 205
1684628941095 8.239683 206
1684628941162 8.239682 207
1684628941231 8.239682 208
1684628941309 8.239682 209
1684628941378 8.239682 210
1684628941447 8.239682 211
1684628941532 8.239683 212
1684628941599 8.239683 213
1684628941679 8.239683 214
1684628941748 8.239682 215
1684628941810 8.239683 216
1684628941879 8.239683 217
1684628941948 8.239682 218
1684628942033 8.239682 219
1684628942112 8.239682 220
1684628942182 8.239683 221
1684628942249 8.239683 222
1684628942334 8.239682 223
1684628942396 8.239682 224
1684628942481 8.239683 225
1684628942550 8.239683 226
1684628942628 8.239682 227
1684628942698 8.239682 228
1684628942766 8.239683 229
1684628942835 8.239683 230
1684628942913 8.239683 231
1684628942982 8.239683 232
1684628943051 8.239682 233
1684628943135 8.239683 234
1684628943201 8.239683 235
1684628943282 8.239682 236
1684628943351 8.239683 237
1684628943429 8.239682 238
1684628943498 8.239682 239
1684628943568 8.239683 240
1684628943637 8.239683 241
1684628943725 8.239682 242
1684628943784 8.239683 243
1684628943868 8.239683 244
1684628943937 8.239682 245
1684628944000 8.239683 246
1684628944069 8.239682 247
1684628944153 8.239683 248
1684628944232 8.239682 249
1684628944300 8.239683 250
