1684630239064 33.905914 1
1684630239142 20.12005 2
1684630239222 13.538617 3
1684630239303 10.719666 4
1684630239392 9.158798 5
1684630239485 8.691387 6
1684630239576 8.562172 7
1684630239657 8.463891 8
1684630239738 8.326895 9
1684630239820 8.312817 10
1684630239901 8.320897 11
1684630239980 8.31558 12
1684630240061 8.303784 13
1684630240154 8.302 14
1684630240245 8.301703 15
1684630240326 8.302503 16
1684630240407 8.299956 17
1684630240488 8.301386 18
1684630240569 8.30509 19
1684630240732 8.311327 20
1684630240823 8.30207 21
1684630240904 8.298301 22
1684630240985 8.299181 23
1684630241063 8.300812 24
1684630241152 8.301211 25
1684630241236 8.300844 26
1684630241317 8.300643 27
1684630241406 8.300945 28
1684630241489 8.301668 29
1684630241559 8.302528 30
1684630241640 8.303162 31
1684630241721 8.303402 32
1684630241802 8.303345 33
1684630241883 8.3032055 34
1684630241964 8.303248 35
1684630242045 8.304 36
1684630242126 8.30682 37
1684630242207 8.312469 38
1684630242288 8.321964 39
1684630242369 8.335172 40
1684630242450 8.358779 41
1684630242531 8.37445 42
1684630242612 8.39581 43
1684630242693 8.435066 44
1684630242774 8.500189 45
1684630242855 8.599809 46
1684630242935 8.743916 47
1684630243004 8.941694 48
1684630243089 9.199267 49
1684630243152 9.519381 50
1684630243236 9.901327 51
1684630243305 10.339043 52
1684630243374 10.817995 53
1684630243452 11.31189 54
1684630243522 11.780141 55
1684630243606 12.169475 56
1684630243675 12.425495 57
1684630243738 12.512903 58
1684630243822 12.430012 59
1684630243891 12.206267 60
1684630243954 11.887119 61
1684630244023 11.5175495 62
1684630244108 11.131378 63
1684630244177 10.748204 64
1684630244239 10.37513 65
1684630244324 10.01045 66
1684630244393 9.648647 67
1684630244456 9.288488 68
1684630244540 8.944817 69
1684630244609 8.65358 70
1684630244678 8.444003 71
1684630244756 8.318002 72
1684630244825 8.298942 73
1684630244910 8.294204 74
1684630244979 8.296686 75
1684630245057 8.296707 76
1684630245126 8.295842 77
1684630245195 8.29615 78
1684630245258 8.297006 79
1684630245327 8.297589 80
1684630245412 8.297852 81
1684630245481 8.29804 82
1684630245559 8.298251 83
1684630245628 8.298456 84
1684630245697 8.298634 85
1684630245775 8.298787 86
1684630245844 8.298937 87
1684630245913 8.299089 88
1684630245982 8.299243 89
1684630246261 8.299389 90
1684630246330 8.299511 91
1684630246399 8.299592 92
1684630246484 8.299623 93
1684630246546 8.299598 94
1684630246631 8.299526 95
1684630246700 8.29942 96
1684630246762 8.2993 97
1684630246832 8.299177 98
1684630246916 8.299061 99
1684630246985 8.298958 100
1684630247048 8.298867 101
1684630247117 8.29879 102
1684630247202 8.298725 103
1684630247264 8.298674 104
1684630247333 8.298634 105
1684630247518 8.298603 106
1684630247602 8.298583 107
1684630247665 8.29857 108
1684630247750 8.298565 109
1684630247819 8.298565 110
1684630247888 8.298571 111
1684630247966 8.298582 112
1684630248035 8.298595 113
1684630248104 8.298613 114
1684630248182 8.298632 115
1684630248251 8.298653 116
1684630248336 8.298674 117
1684630248405 8.298693 118
1684630248483 8.298714 119
1684630248552 8.298733 120
1684630248621 8.298749 121
1684630248706 8.298762 122
1684630248784 8.298774 123
1684630248853 8.298782 124
1684630248922 8.298787 125
1684630249007 8.29879 126
1684630249069 8.29879 127
1684630249154 8.298788 128
1684630249223 8.298784 129
1684630249292 8.298779 130
1684630249370 8.298773 131
1684630249439 8.298765 132
1684630249508 8.298758 133
1684630249593 8.298751 134
1684630249655 8.298742 135
1684630249724 8.298737 136
1684630249793 8.29873 137
1684630249872 8.298725 138
1684630249941 8.298719 139
1684630250010 8.298717 140
1684630250094 8.298713 141
1684630250157 8.29871 142
1684630250242 8.298709 143
1684630250311 8.298709 144
1684630250373 8.298708 145
1684630250442 8.298709 146
1684630250511 8.29871 147
1684630250589 8.298712 148
1684630250658 8.298713 149
1684630250727 8.298716 150
1684630250796 8.298717 151
1684630250859 8.2987175 152
1684630250944 8.298719 153
1684630251013 8.298721 154
1684630251075 8.298723 155
1684630251160 8.298723 156
1684630251229 8.298724 157
1684630251298 8.298725 158
1684630251376 8.298725 159
1684630251445 8.298725 160
1684630251514 8.298725 161
1684630251599 8.298725 162
1684630251661 8.298724 163
1684630251730 8.298723 164
1684630251815 8.298723 165
1684630251878 8.298722 166
1684630251947 8.298721 167
1684630252031 8.29872 168
1684630252100 8.298719 169
1684630252163 8.298719 170
1684630252232 8.298719 171
1684630252301 8.298718 172
1684630252379 8.298718 173
1684630252448 8.2987175 174
1684630252517 8.2987175 175
1684630252595 8.298717 176
1684630252664 8.298717 177
1684630252734 8.2987175 178
1684630252803 8.298717 179
1684630252881 8.298717 180
1684630252965 8.2987175 181
1684630253034 8.298717 182
1684630253104 8.2987175 183
1684630253182 8.2987175 184
1684630253251 8.2987175 185
1684630253320 8.2987175 186
1684630253404 8.2987175 187
1684630253467 8.2987175 188
1684630253536 8.298718 189
1684630253605 8.298718 190
1684630253683 8.298718 191
1684630253752 8.298718 192
1684630253821 8.298718 193
1684630253899 8.298718 194
1684630253968 8.298718 195
1684630254038 8.298718 196
1684630254107 8.298719 197
1684630254338 8.298718 198
1684630254508 8.298718 199
1684630254570 8.298718 200
1684630254639 8.298718 201
1684630254724 8.2987175 202
1684630254787 8.2987175 203
1684630254856 8.2987175 204
1684630254940 8.2987175 205
1684630255009 8.2987175 206
1684630255072 8.2987175 207
1684630255157 8.2987175 208
1684630255226 8.2987175 209
1684630255288 8.2987175 210
1684630255373 8.298717 211
1684630255442 8.2987175 212
1684630255511 8.2987175 213
1684630255589 8.2987175 214
1684630255658 8.2987175 215
1684630255727 8.2987175 216
1684630255790 8.298718 217
1684630255859 8.2987175 218
1684630255943 8.2987175 219
1684630256012 8.2987175 220
1684630256081 8.2987175 221
1684630256144 8.2987175 222
1684630256228 8.2987175 223
1684630256291 8.2987175 224
1684630256375 8.2987175 225
1684630256460 8.2987175 226
1684630256529 8.2987175 227
1684630256614 8.2987175 228
1684630256676 8.2987175 229
1684630256745 8.298717 230
1684630256814 8.2987175 231
1684630256892 8.2987175 232
1684630256962 8.2987175 233
1684630257031 8.2987175 234
1684630257109 8.2987175 235
1684630257178 8.2987175 236
1684630257247 8.2987175 237
1684630257316 8.2987175 238
1684630257394 8.2987175 239
1684630257463 8.2987175 240
1684630257532 8.2987175 241
1684630257610 8.2987175 242
1684630257679 8.2987175 243
1684630257748 8.2987175 244
1684630257817 8.2987175 245
1684630257880 8.2987175 246
1684630257949 8.298718 247
1684630258034 8.2987175 248
1684630258096 8.298717 249
1684630258165 8.2987175 250
