1684631222866 24.84095 1
1684631222934 16.141327 2
1684631223027 12.230804 3
1684631223112 10.79753 4
1684631223197 10.659398 5
1684631223266 10.268717 6
1684631223350 9.926231 7
1684631223417 9.622442 8
1684631223498 9.598606 9
1684631223566 9.403134 10
1684631223644 9.380188 11
1684631223713 9.385067 12
1684631223782 9.363587 13
1684631223867 9.332642 14
1684631223929 9.334736 15
1684631224001 9.334715 16
1684631224083 9.338325 17
1684631224152 9.339944 18
1684631224230 9.340854 19
1684631224314 9.3431835 20
1684631224399 9.347779 21
1684631224471 9.354195 22
1684631224534 9.361212 23
1684631224615 9.367386 24
1684631224684 9.371458 25
1684631224753 9.372854 26
1684631224826 9.371626 27
1684631224900 9.368217 28
1684631224969 9.363452 29
1684631225035 9.35817 30
1684631225116 9.352827 31
1684631225185 9.346789 32
1684631225254 9.341735 33
1684631225328 9.338526 34
1684631225401 9.33666 35
1684631225470 9.335436 36
1684631225554 9.334515 37
1684631225615 9.33399 38
1684631225686 9.334029 39
1684631225755 9.334588 40
1684631225834 9.335415 41
1684631225903 9.336289 42
1684631225972 9.337081 43
1684631226050 9.337714 44
1684631226118 9.338139 45
1684631226188 9.338301 46
1684631226272 9.338168 47
1684631226335 9.337754 48
1684631226419 9.33712 49
1684631226488 9.336354 50
1684631226557 9.335536 51
1684631226633 9.33473 52
1684631226704 9.3339815 53
1684631226773 9.333317 54
1684631226851 9.332749 55
1684631226920 9.332277 56
1684631226989 9.331896 57
1684631227058 9.331594 58
1684631227133 9.331362 59
1684631227213 9.331187 60
1684631227290 9.33106 61
1684631227359 9.330975 62
1684631227437 9.33092 63
1684631227506 9.330893 64
1684631227575 9.330885 65
1684631227654 9.330892 66
1684631227715 9.330909 67
1684631227791 9.330934 68
1684631227860 9.330959 69
1684631227938 9.330982 70
1684631228007 9.331001 71
1684631228076 9.33101 72
1684631228161 9.330982 73
1684631228232 9.330834 74
1684631228308 9.330618 75
1684631228377 9.330503 76
1684631228439 9.3304825 77
1684631228524 9.330466 78
1684631228593 9.330421 79
1684631228662 9.330374 80
1684631228745 9.330349 81
1684631228809 9.330346 82
1684631228893 9.33035 83
1684631228962 9.330353 84
1684631229040 9.330354 85
1684631229109 9.33035 86
1684631229178 9.330343 87
1684631229249 9.330335 88
1684631229328 9.330322 89
1684631229394 9.330309 90
1684631229463 9.330296 91
1684631229541 9.330283 92
1684631229610 9.33027 93
1684631229695 9.330259 94
1684631229764 9.330247 95
1684631229830 9.330236 96
1684631229895 9.330227 97
1684631229980 9.330218 98
1684631230042 9.33021 99
1684631230111 9.330202 100
1684631230196 9.330195 101
1684631230265 9.330189 102
1684631230345 9.330183 103
1684631230412 9.330178 104
1684631230481 9.3301735 105
1684631230559 9.330169 106
1684631230628 9.330164 107
1684631230697 9.33016 108
1684631230766 9.330156 109
1684631230844 9.330153 110
1684631230911 9.330151 111
1684631230982 9.330148 112
1684631231055 9.330145 113
1684631231128 9.330143 114
1684631231197 9.330141 115
1684631231282 9.330139 116
1684631231345 9.330137 117
1684631231428 9.330134 118
1684631231498 9.330133 119
1684631231567 9.330132 120
1684631231645 9.33013 121
1684631231714 9.330128 122
1684631231783 9.330126 123
1684631231868 9.330125 124
1684631231944 9.330124 125
1684631232015 9.330123 126
1684631232084 9.330121 127
1684631232146 9.330119 128
1684631232215 9.330118 129
1684631232300 9.330117 130
1684631232369 9.330115 131
1684631232461 9.330114 132
1684631232547 9.330113 133
1684631232616 9.330112 134
1684631232685 9.330111 135
1684631232763 9.330111 136
1684631232832 9.330111 137
1684631232901 9.330109 138
1684631232980 9.330109 139
1684631233133 9.330107 140
1684631233202 9.330107 141
1684631233271 9.330106 142
1684631233349 9.330105 143
1684631233418 9.330105 144
1684631233495 9.330105 145
1684631233569 9.330104 146
1684631233634 9.330103 147
1684631233719 9.330103 148
1684631233788 9.330103 149
1684631233850 9.330103 150
1684631233919 9.330102 151
1684631233988 9.330102 152
1684631234054 9.330101 153
1684631234135 9.330101 154
1684631234204 9.330101 155
1684631234273 9.3301 156
1684631234467 9.3301 157
1684631234618 9.3301 158
1684631234705 9.3301 159
1684631234774 9.330099 160
1684631234837 9.330099 161
1684631234906 9.330099 162
1684631234975 9.330099 163
1684631235053 9.330099 164
1684631235119 9.330098 165
1684631235191 9.330098 166
1684631235269 9.330098 167
1684631235338 9.330098 168
1684631235407 9.330097 169
1684631235476 9.330097 170
1684631235538 9.330098 171
1684631235619 9.330097 172
1684631235692 9.330097 173
1684631235792 9.330097 174
1684631235870 9.330097 175
1684631235939 9.330096 176
1684631236008 9.330097 177
1684631236093 9.330097 178
1684631236167 9.330097 179
1684631236239 9.330097 180
1684631236308 9.330097 181
1684631236377 9.330097 182
1684631236456 9.330096 183
1684631236525 9.330096 184
1684631236594 9.330096 185
1684631236668 9.330096 186
1684631236743 9.330096 187
1684631236809 9.330096 188
1684631236878 9.330096 189
1684631236957 9.330096 190
1684631237026 9.330095 191
1684631237095 9.330095 192
1684631237173 9.330095 193
1684631237247 9.330095 194
1684631237311 9.330095 195
1684631237395 9.330095 196
1684631237558 9.330095 197
1684631237643 9.330095 198
1684631237712 9.330095 199
1684631237780 9.330095 200
1684631237846 9.330095 201
1684631237927 9.330095 202
1684631237997 9.330095 203
1684631238070 9.330095 204
1684631238128 9.330095 205
1684631238213 9.330095 206
1684631238282 9.330095 207
1684631238360 9.330095 208
1684631238428 9.330095 209
1684631238497 9.330095 210
1684631238575 9.330095 211
1684631238644 9.330095 212
1684631238713 9.330095 213
1684631238782 9.330095 214
1684631238863 9.330095 215
1684631238929 9.330095 216
1684631238998 9.330095 217
1684631239061 9.330095 218
1684631239146 9.330095 219
1684631239199 9.330095 220
1684631239284 9.330095 221
1684631239360 9.330095 222
1684631239430 9.330095 223
1684631239499 9.330095 224
1684631239562 9.330095 225
1684631239631 9.330095 226
1684631239700 9.330095 227
1684631239778 9.330095 228
1684631239848 9.330095 229
1684631239919 9.330095 230
1684631239985 9.330095 231
1684631240063 9.330095 232
1684631240132 9.330095 233
1684631240201 9.330095 234
1684631240285 9.330095 235
1684631240348 9.330095 236
1684631240432 9.330095 237
1684631240502 9.330094 238
1684631240580 9.330095 239
1684631240665 9.330095 240
1684631240734 9.330095 241
1684631240803 9.330095 242
1684631240865 9.330095 243
1684631240947 9.330095 244
1684631241019 9.330095 245
1684631241088 9.330095 246
1684631241150 9.330095 247
1684631241235 9.330095 248
1684631241304 9.330095 249
1684631241382 9.330095 250
