1684630158061 26.77375 1
1684630158130 23.378466 2
1684630158387 22.183971 3
1684630158503 14.690441 4
1684630158587 10.676907 5
1684630158656 9.4466 6
1684630158735 9.483618 7
1684630158819 8.870952 8
1684630158904 8.665115 9
1684630158973 8.414913 10
1684630159051 8.3198805 11
1684630159120 8.306436 12
1684630159189 8.308501 13
1684630159274 8.309471 14
1684630159336 8.305031 15
1684630159406 8.3044615 16
1684630159490 8.304449 17
1684630159559 8.304535 18
1684630159637 8.306711 19
1684630159722 8.305531 20
1684630159791 8.305094 21
1684630159860 8.303996 22
1684630159938 8.304052 23
1684630160007 8.3043165 24
1684630160092 8.304677 25
1684630160192 8.3036785 26
1684630160277 8.303068 27
1684630160339 8.303129 28
1684630160424 8.303523 29
1684630160493 8.303515 30
1684630160578 8.30275 31
1684630160640 8.302433 32
1684630160725 8.302376 33
1684630160794 8.302401 34
1684630160879 8.302436 35
1684630160941 8.302465 36
1684630161010 8.302542 37
1684630161079 8.302687 38
1684630161164 8.302818 39
1684630161226 8.302872 40
1684630161296 8.302884 41
1684630161380 8.302888 42
1684630161443 8.302867 43
1684630161665 8.30282 44
1684630161781 8.302773 45
1684630161859 8.302738 46
1684630161928 8.302698 47
1684630161997 8.302645 48
1684630162066 8.30258 49
1684630162144 8.302513 50
1684630162213 8.30245 51
1684630162282 8.302387 52
1684630162360 8.302323 53
1684630162429 8.302261 54
1684630162498 8.302201 55
1684630162567 8.302149 56
1684630162646 8.3021 57
1684630162715 8.30206 58
1684630162784 8.302027 59
1684630162946 8.302 60
1684630163147 8.301978 61
1684630163247 8.30196 62
1684630163316 8.301946 63
1684630163385 8.301934 64
1684630163470 8.301928 65
1684630163533 8.301922 66
1684630163602 8.301918 67
1684630163686 8.301916 68
1684630163749 8.301914 69
1684630163818 8.301912 70
1684630163887 8.301912 71
1684630163971 8.301911 72
1684630164034 8.30191 73
1684630164119 8.30191 74
1684630164188 8.301909 75
1684630164250 8.3019085 76
1684630164319 8.3019085 77
1684630164388 8.3019085 78
1684630164473 8.3019085 79
1684630164535 8.3019085 80
1684630164620 8.301908 81
1684630164689 8.301907 82
1684630164752 8.301905 83
1684630164821 8.301903 84
1684630164890 8.3019 85
1684630164975 8.301897 86
1684630165037 8.301894 87
1684630165106 8.301891 88
1684630165175 8.3018875 89
1684630165253 8.301886 90
1684630165322 8.301883 91
1684630165391 8.30188 92
1684630165454 8.301878 93
1684630165523 8.301876 94
1684630165592 8.301874 95
1684630165670 8.301873 96
1684630165739 8.301872 97
1684630165808 8.30187 98
1684630165877 8.30187 99
1684630165940 8.30187 100
1684630166013 8.30187 101
1684630166078 8.30187 102
1684630166156 8.30187 103
1684630166225 8.30187 104
1684630166294 8.301871 105
1684630166372 8.301871 106
1684630166441 8.301871 107
1684630166510 8.301871 108
1684630166579 8.301872 109
1684630166658 8.301872 110
1684630166727 8.301872 111
1684630166796 8.301872 112
1684630166874 8.301872 113
1684630166943 8.301871 114
1684630167028 8.301871 115
1684630167097 8.301871 116
1684630167159 8.301871 117
1684630167228 8.30187 118
1684630167297 8.30187 119
1684630167375 8.30187 120
1684630167444 8.301869 121
1684630167514 8.301869 122
1684630167583 8.301869 123
1684630167645 8.301868 124
1684630167714 8.301868 125
1684630167799 8.301868 126
1684630167877 8.301868 127
1684630167946 8.301868 128
1684630168015 8.301868 129
1684630168100 8.3018675 130
1684630168162 8.3018675 131
1684630168247 8.3018675 132
1684630168316 8.301867 133
1684630168378 8.3018675 134
1684630168447 8.301867 135
1684630168517 8.301867 136
1684630168586 8.3018675 137
1684630168648 8.301867 138
1684630168717 8.301867 139
1684630168802 8.301867 140
1684630168864 8.301867 141
1684630168933 8.301867 142
1684630169018 8.301867 143
1684630169087 8.301867 144
1684630169150 8.301867 145
1684630169234 8.301867 146
1684630169303 8.3018675 147
1684630169366 8.3018675 148
1684630169435 8.301867 149
1684630169504 8.301867 150
1684630169582 8.301867 151
1684630169783 8.301867 152
1684630169905 8.301867 153
1684630169990 8.301867 154
1684630170053 8.301867 155
1684630170122 8.301867 156
1684630170206 8.301867 157
1684630170391 8.301867 158
1684630170492 8.301867 159
1684630170570 8.301867 160
1684630170639 8.301867 161
1684630170708 8.301867 162
1684630170786 8.301867 163
1684630170855 8.301867 164
1684630170924 8.301867 165
1684630170993 8.301867 166
1684630171071 8.301867 167
1684630171140 8.301867 168
1684630171209 8.301867 169
1684630171287 8.301867 170
1684630171356 8.301867 171
1684630171426 8.301867 172
1684630171495 8.301867 173
1684630171573 8.301867 174
1684630171642 8.301867 175
1684630171711 8.301867 176
1684630171773 8.301867 177
1684630171858 8.301867 178
1684630171927 8.301867 179
1684630171996 8.301867 180
1684630172059 8.301867 181
1684630172128 8.301866 182
1684630172197 8.301867 183
1684630172259 8.301866 184
1684630172344 8.301866 185
1684630172413 8.301867 186
1684630172476 8.301866 187
1684630172545 8.301866 188
1684630172629 8.301866 189
1684630172698 8.301867 190
1684630172761 8.301866 191
1684630172846 8.301866 192
1684630172899 8.301866 193
1684630172977 8.301866 194
1684630173046 8.301866 195
1684630173115 8.301866 196
1684630173193 8.301866 197
1684630173262 8.301866 198
1684630173332 8.301866 199
1684630173401 8.301866 200
1684630173463 8.301866 201
1684630173532 8.301867 202
1684630173601 8.301866 203
1684630173679 8.301866 204
1684630173748 8.301866 205
1684630173818 8.301866 206
1684630173896 8.301866 207
1684630173965 8.301866 208
1684630174034 8.301866 209
1684630174103 8.301866 210
1684630174165 8.301866 211
1684630174234 8.301866 212
1684630174303 8.301866 213
1684630174366 8.301866 214
1684630174435 8.301866 215
1684630174504 8.301866 216
1684630174582 8.301866 217
1684630174651 8.301866 218
1684630174720 8.301866 219
1684630174805 8.301866 220
1684630174867 8.301866 221
1684630174952 8.301866 222
1684630175021 8.301866 223
1684630175121 8.301866 224
1684630175200 8.301866 225
1684630175267 8.301866 226
1684630175337 8.301867 227
1684630175406 8.301866 228
1684630175484 8.301866 229
1684630175553 8.301866 230
1684630175638 8.301866 231
1684630175707 8.301866 232
1684630175785 8.301866 233
1684630175854 8.301866 234
1684630175955 8.301866 235
1684630176020 8.301866 236
1684630176091 8.301867 237
1684630176171 8.301866 238
1684630176240 8.301866 239
1684630176309 8.301866 240
1684630176387 8.301867 241
1684630176456 8.301866 242
1684630176541 8.301866 243
1684630176610 8.301867 244
1684630176672 8.301866 245
1684630176757 8.301866 246
1684630176826 8.301866 247
1684630176904 8.301867 248
1684630176973 8.301866 249
1684630177042 8.301866 250
