1684631835261 15.321818949529765 1
1684631835346 15.206729598632577 2
1684631835415 10.41400808602664 3
1684631835477 6.711248031811417 4
1684631835562 3.555280019096367 5
1684631835631 3.735120604328669 6
1684631835694 3.737552707983892 7
1684631835762 3.6489116170960534 8
1684631835847 3.2537794551294854 9
1684631835916 2.672292705014998 10
1684631835979 2.0767638199340746 11
1684631836048 1.33496883048237 12
1684631836132 1.0291351217125562 13
1684631836195 0.9115979891986181 14
1684631836264 0.841940369631941 15
1684631836333 0.771322336671608 16
1684631836418 0.7258666964895981 17
1684631836480 0.7098977460459791 18
1684631836549 0.7179219053998591 19
1684631836634 0.746176200699707 20
1684631836703 0.793318468589054 21
1684631836781 0.85897082162394 22
1684631836850 0.9425944480849946 23
1684631836919 1.0428232150135202 24
1684631836997 1.1576135965217835 25
1684631837066 1.2851962668565091 26
1684631837151 1.424692226501379 27
1684631837220 1.5737731945646927 28
1684631837282 1.7234642612575315 29
1684631837367 1.8551345150797809 30
1684631837436 1.9363757750346118 31
1684631837520 1.9245789840505896 32
1684631837583 1.8005839957568919 33
1684631837668 1.5985366770722347 34
1684631837737 1.3795119572245456 35
1684631837821 1.1905417375459648 36
1684631837899 1.0483436519092195 37
1684631837968 0.9479125780149821 38
1684631838037 0.8787819824125996 39
1684631838116 0.8331368409388218 40
1684631838185 0.8067718439686107 41
1684631838254 0.7977177340288336 42
1684631838323 0.804777694735037 43
1684631838401 0.8271125227380764 44
1684631838470 0.8646296737093452 45
1684631838539 0.917804103100334 46
1684631838617 0.9871726778947252 47
1684631838686 1.0730827172960526 48
1684631838755 1.1755633789191904 49
1684631838824 1.294184372524466 50
1684631838902 1.4278795520455507 51
1684631838971 1.5747293624823901 52
1684631839040 1.7315578149372894 53
1684631839103 1.8932612458713354 54
1684631839172 2.051786483774619 55
1684631839241 2.1947395305822317 56
1684631839319 2.3040340442831635 57
1684631839388 2.356418542620813 58
1684631839457 2.329735872532044 59
1684631839526 2.2166418840851594 60
1684631839588 2.034746278060803 61
1684631839657 1.8179677056130745 62
1684631839742 1.5978828655805628 63
1684631839820 1.394736105703204 64
1684631839889 1.2184800905076028 65
1684631839958 1.0715342047951086 66
1684631840027 0.9511106321287801 67
1684631840105 0.8519925111211981 68
1684631840174 0.7690963546589773 69
1684631840244 0.6989591514823263 70
1684631840328 0.6403367288351957 71
1684631840391 0.5940890817448551 72
1684631840460 0.5618393264379716 73
1684631840528 0.5442135325691152 74
1684631840607 0.542126243958075 75
1684631840691 0.5634172558817269 76
1684631840760 0.5943077351163567 77
1684631840829 0.5926880380502333 78
1684631840907 0.5959511002789408 79
1684631840977 0.5966690409397245 80
1684631841046 0.598300484413208 81
1684631841130 0.5987941098547869 82
1684631841193 0.5983248389895459 83
1684631841262 0.5973004004687779 84
1684631841331 0.5960819436602587 85
1684631841409 0.5948685528908033 86
1684631841478 0.5937610763129784 87
1684631841547 0.5928115357914107 88
1684631841609 0.5920229875443807 89
1684631841678 0.5913805556001864 90
1684631841748 0.5908735737912703 91
1684631841832 0.5905013766440059 92
1684631841895 0.5902679059155563 93
1684631841979 0.5901761650934552 94
1684631842048 0.5902255610854323 95
1684631842111 0.5904112222973974 96
1684631842180 0.5907230817546095 97
1684631842264 0.5911455530546177 98
1684631842349 0.5916618026187027 99
1684631842581 0.592248639702105 100
1684631842766 0.5928801658043408 101
1684631842850 0.5935255201820474 102
1684631842928 0.5941528276102384 103
1684631843035 0.5947313564782528 104
1684631843098 0.595235590927559 105
1684631843167 0.5956517573311211 106
1684631843251 0.5959753167965626 107
1684631843314 0.5962120545014166 108
1684631843399 0.5963691415710268 109
1684631843468 0.5964586300043195 110
1684631843537 0.5964891023930807 111
1684631843615 0.5964693779835374 112
1684631843684 0.5964085186579855 113
1684631843753 0.5963137660996519 114
1684631843831 0.5961939658542721 115
1684631843900 0.5960559175946685 116
1684631843969 0.5959064808600351 117
1684631844038 0.5957536246302364 118
1684631844116 0.5956018607332243 119
1684631844185 0.5954582861946669 120
1684631844254 0.595325692485916 121
1684631844317 0.5952091507007542 122
1684631844386 0.5951097609527175 123
1684631844455 0.5950297513226096 124
1684631844533 0.5949697867137685 125
1684631844602 0.5949298485063196 126
1684631844671 0.5949081614625752 127
1684631844740 0.5949031441838428 128
1684631844802 0.5949129661118331 129
1684631844872 0.5949353806747005 130
1684631844941 0.5949665039081943 131
1684631845019 0.5950047071555998 132
1684631845088 0.5950470761516675 133
1684631845172 0.5950908942371644 134
1684631845241 0.5951347950526766 135
1684631845304 0.5951752956518712 136
1684631845373 0.5952123615589389 137
1684631845442 0.5952438535504087 138
1684631845520 0.5952706025588779 139
1684631845589 0.5952903436719845 140
1684631845658 0.595304207395238 141
1684631845721 0.5953120777978537 142
1684631845790 0.595313836085254 143
1684631845874 0.5953108493592456 144
1684631845943 0.5953027112300383 145
1684631846022 0.595291279352209 146
1684631846091 0.595276018578011 147
1684631846160 0.5952592842812126 148
1684631846222 0.5952408343338211 149
1684631846291 0.5952218764037333 150
1684631846376 0.5952032400381704 151
1684631846445 0.5951848527318228 152
1684631846507 0.595167670640898 153
1684631846592 0.5951524948991567 154
1684631846661 0.5951383451749098 155
1684631846723 0.5951272647144786 156
1684631846793 0.5951175424811345 157
1684631846877 0.5951106016285596 158
1684631846946 0.5951062038908261 159
1684631847009 0.5951034595660629 160
1684631847078 0.595102160541294 161
1684631847147 0.595102724547865 162
1684631847225 0.59510480099452 163
1684631847294 0.5951078641555437 164
1684631847363 0.5951114790276607 165
1684631847425 0.5951156212096994 166
1684631847494 0.5951202589224673 167
1684631847563 0.5951248010214143 168
1684631847642 0.5951285326695992 169
1684631847711 0.5951321345005057 170
1684631847780 0.595135642524741 171
1684631847849 0.5951380618916359 172
1684631847927 0.5951402014142501 173
1684631847996 0.59514178784176 174
1684631848065 0.5951422607757371 175
1684631848127 0.5951421048433144 176
1684631848212 0.5951416298152693 177
1684631848281 0.5951406470231599 178
1684631848350 0.5951391754682626 179
1684631848413 0.5951372849107677 180
1684631848497 0.5951354721013015 181
1684631848566 0.5951335899466677 182
1684631848629 0.5951310003178274 183
1684631848698 0.5951287052348003 184
1684631848767 0.5951262460098122 185
1684631848845 0.5951243025783485 186
1684631848914 0.5951224051839428 187
1684631848983 0.595120826133442 188
1684631849052 0.5951189749450014 189
1684631849130 0.5951179173457236 190
1684631849215 0.5951170842296108 191
1684631849415 0.595116033721052 192
1684631849516 0.5951163836229989 193
1684631849585 0.5951162057289421 194
1684631849654 0.5951161584895499 195
1684631849716 0.5951162204493684 196
1684631849801 0.5951161270220284 197
1684631849870 0.5951163699915424 198
1684631849948 0.595116864220254 199
1684631850017 0.595117262013152 200
1684631850086 0.5951178773878454 201
1684631850171 0.5951185927099787 202
1684631850233 0.5951188258676667 203
1684631850318 0.5951189191320263 204
1684631850403 0.5951194320157235 205
1684631850472 0.59511969641567 206
1684631850550 0.5951200536602529 207
1684631850619 0.5951200070274777 208
1684631850688 0.595119960394886 209
1684631850757 0.5951197176392342 210
1684631850835 0.5951196338100423 211
1684631850904 0.5951196806031888 212
1684631850973 0.5951195779058078 213
1684631851051 0.5951191059603335 214
1684631851120 0.5951184278344429 215
1684631851189 0.5951182354234429 216
1684631851258 0.5951182413156605 217
1684631851321 0.5951177587326857 218
1684631851390 0.5951176098229678 219
1684631851459 0.5951176654748811 220
1684631851537 0.5951170900473293 221
1684631851606 0.5951167790195592 222
1684631851675 0.5951167790195592 223
1684631851753 0.5951167790195592 224
1684631851822 0.5951165612486832 225
1684631851891 0.595116872276567 226
1684631851976 0.595116654506037 227
1684631852054 0.595116654506037 228
1684631852123 0.5951167011349892 229
1684631852192 0.5951167477641248 230
1684631852261 0.5951167943934439 231
1684631852323 0.5951169741775666 232
1684631852408 0.5951169741775666 233
1684631852477 0.5951170674371636 234
1684631852555 0.5951170674371636 235
1684631852624 0.5951170674371636 236
1684631852693 0.5951170674371636 237
1684631852762 0.5951169342825021 238
1684631852840 0.5951169809125552 239
1684631852909 0.595116888067197 240
1684631852978 0.595116888067197 241
1684631853063 0.5951163592686209 242
1684631853126 0.5951163592686209 243
1684631853195 0.5951164987442146 244
1684631853279 0.5951164987442146 245
1684631853342 0.5951164987442146 246
1684631853411 0.5951163592686209 247
1684631853480 0.595116405483967 248
1684631853558 0.5951163126385505 249
1684631853627 0.5951163498338696 250
