1684654175469 2.024964847985065 1
1684654175553 2.094497154723619 2
1684654175623 2.071865183534413 3
1684654175707 2.0017318238137984 4
1684654175770 1.9230276525816226 5
1684654175854 1.8567343084378842 6
1684654175923 1.8093018197564807 7
1684654175992 1.7791552186237107 8
1684654176070 1.7615981221104717 9
1684654176139 1.7515752729226346 10
1684654176224 1.7449258973977944 11
1684654176293 1.738757615551604 12
1684654176371 1.7313678858122903 13
1684654176440 1.721970270272446 14
1684654176525 1.7103831687748356 15
1684654176594 1.6967579716931906 16
1684654176672 1.68138360635736 17
1684654176741 1.6645639436710988 18
1684654176810 1.6465523564830624 19
1684654176895 1.6275412934456392 20
1684654176973 1.6076679662373703 21
1684654177042 1.587028292337168 22
1684654177127 1.5656941791864354 23
1684654177196 1.5437284614891609 24
1684654177274 1.521195636204835 25
1684654177358 1.4981672468732115 26
1684654177427 1.4747243694789485 27
1684654177496 1.4509559706644062 28
1684654177575 1.4269562294720364 29
1684654177644 1.402820409501599 30
1684654177713 1.3786637959133228 31
1684654177797 1.3545700926511153 32
1684654177860 1.3306114404393008 33
1684654177944 1.306851236653849 34
1684654178013 1.2833450562065944 35
1684654178098 1.2601398233944925 36
1684654178161 1.2372744096746273 37
1684654178245 1.2147792728193674 38
1684654178314 1.192677574157595 39
1684654178392 1.170985336640114 40
1684654178461 1.1497131435795294 41
1684654178530 1.1288666042452657 42
1684654178599 1.1084475401013365 43
1684654178678 1.0884545244350248 44
1684654178747 1.068870762264755 45
1684654178816 1.0496936495820666 46
1684654178894 1.0309231114163486 47
1684654178963 1.0125569341671516 48
1684654179032 0.9945911139558172 49
1684654179116 0.9770195082485623 50
1684654179195 0.9598353549607428 51
1684654179264 0.9430314991477207 52
1684654179333 0.9266011232979867 53
1684654179402 0.9105376459690803 54
1684654179480 0.8948350848027223 55
1684654179549 0.8794880059469742 56
1684654179618 0.8644914973848996 57
1684654179702 0.8498412545572036 58
1684654179781 0.8355332675818848 59
1684654179865 0.8215641295489372 60
1684654179934 0.8079306460516208 61
1684654180019 0.7946314557944606 62
1684654180081 0.7816635377195859 63
1684654180166 0.7690240675720855 64
1684654180235 0.7567105968699355 65
1684654180304 0.7447212748251414 66
1684654180382 0.7330546544401487 67
1684654180451 0.7217095542872489 68
1684654180520 0.7106850335685213 69
1684654180598 0.6999803994635991 70
1684654180667 0.6895951867056576 71
1684654180736 0.6795289066111488 72
1684654180805 0.6697813893860955 73
1684654180884 0.6603526055103747 74
1684654180953 0.6512426166915262 75
1684654181022 0.6424517864596752 76
1684654181106 0.6339806127191889 77
1684654181184 0.625829845718848 78
1684654181253 0.6180003989395674 79
1684654181322 0.6104935183059186 80
1684654181401 0.6033107201339234 81
1684654181470 0.5964536939945146 82
1684654181539 0.5899246001883267 83
1684654181623 0.5837257477142888 84
1684654181686 0.5778598906700118 85
1684654181770 0.5723300474412929 86
1684654181987 0.5671395634297586 87
1684654182056 0.5622920145412003 88
1684654182125 0.5577913022377357 89
1684654182209 0.5536413247960559 90
1684654182272 0.5498461132971381 91
1684654182341 0.546409470728713 92
1684654182426 0.5433350219261254 93
1684654182488 0.5406253929560564 94
1684654182573 0.538282340889464 95
1684654182642 0.536306417655074 96
1684654182711 0.53469715868025 97
1684654182789 0.5334520429113643 98
1684654182858 0.5325663852811915 99
1684654182927 0.532033121693282 100
1684654183005 0.5318428141599301 101
1684654183074 0.531983840480413 102
1684654183143 0.5324375518085999 103
1684654183228 0.533189484272271 104
1684654183306 0.5342285135980728 105
1684654183375 0.5355411911855191 106
1684654183444 0.5371103580635288 107
1684654183513 0.5389189241720272 108
1684654183591 0.5409492853653972 109
1684654183660 0.5431837832703782 110
1684654183729 0.5456055901067081 111
1684654183807 0.5481988991787551 112
1684654183876 0.5509493272025402 113
1684654183945 0.5538453262257861 114
1684654184014 0.5568811952025294 115
1684654184092 0.5600504656193541 116
1684654184162 0.5633453191762408 117
1684654184231 0.5667571823426598 118
1684654184309 0.5702777217871542 119
1684654184378 0.5738993935254556 120
1684654184447 0.5776157257189718 121
1684654184516 0.5814214115831744 122
1684654184594 0.5853121806001225 123
1684654184663 0.5892848057042631 124
1684654184732 0.5933367673512616 125
1684654184810 0.5974665171708287 126
1684654184879 0.6016729907693642 127
1684654184964 0.605955843048326 128
1684654185033 0.6103154043656496 129
1684654185095 0.6147525261806114 130
1684654185180 0.6192688523624313 131
1684654185249 0.6238664986737903 132
1684654185334 0.6285483931449017 133
1684654185396 0.6333180774045122 134
1684654185481 0.6381798622438952 135
1684654185550 0.6431387816253208 136
1684654185619 0.6482005277940861 137
1684654185697 0.6533716098368438 138
1684654185766 0.6586591586331587 139
1684654185851 0.6640710612899455 140
1684654185920 0.6696157835459 141
1684654185998 0.6753023722592497 142
1684654186067 0.6811402148195077 143
1684654186136 0.6871390330770364 144
1684654186214 0.6933085551668065 145
1684654186283 0.6996584936317299 146
1684654186352 0.7061980621598769 147
1684654186421 0.7129358170453423 148
1684654186499 0.719879649278189 149
1684654186568 0.7270360532699255 150
1684654186637 0.7344091833546951 151
1684654186700 0.7420030519347555 152
1684654186784 0.7498203889395936 153
1684654186853 0.7578624465530097 154
1684654186922 0.766110361430095 155
1684654187000 0.7745524015032658 156
1684654187069 0.7831887090604034 157
1684654187138 0.79202208874926 158
1684654187223 0.8010542958925921 159
1684654187286 0.8102846283562111 160
1684654187370 0.819709821028832 161
1684654187439 0.8293247129651874 162
1684654187502 0.8391224703423645 163
1684654187571 0.8490954915781618 164
1684654187640 0.8592357376154947 165
1684654187725 0.8695293211518762 166
1684654187803 0.8799678268421123 167
1684654187872 0.8905316438787457 168
1684654187956 0.9012135406468288 169
1684654188025 0.9120100106030987 170
1684654188103 0.9229181620426449 171
1684654188188 0.933934648692355 172
1684654188273 0.9450550356849754 173
1684654188342 0.9562740856251493 174
1684654188404 0.9675859219316896 175
1684654188489 0.9789844506181774 176
1684654188558 0.9904633276607723 177
1684654188627 1.0020161509022631 178
1684654188689 1.0136367959302874 179
1684654188774 1.0253189875089492 180
1684654188843 1.037056920682278 181
1684654188906 1.0488446678234606 182
1684654188975 1.0606767216433517 183
1684654189044 1.072547564889819 184
1684654189122 1.0844516798635433 185
1684654189191 1.0963838467734028 186
1684654189260 1.108338846218866 187
1684654189329 1.1203115693275345 188
1684654189407 1.132297033797002 189
1684654189476 1.1442902799566095 190
1684654189561 1.156286512433335 191
1684654189630 1.1682808044835888 192
1684654189692 1.180268893462221 193
1684654189761 1.1922458712114794 194
1684654189846 1.2042074469549842 195
1684654189908 1.2161492823031206 196
1684654189993 1.2280671812504378 197
1684654190062 1.2399569404978017 198
1684654190131 1.251814700429934 199
1684654190194 1.2636364976393275 200
1684654190278 1.2754185219639418 201
1684654190347 1.2871572928195032 202
1684654190425 1.298849293472601 203
1684654190494 1.310480624539839 204
1684654190563 1.3220474005567433 205
1684654190632 1.333548599921031 206
1684654190711 1.344983861310181 207
1684654190780 1.356352322311101 208
1684654190849 1.3676527554922342 209
1684654190927 1.378883099711302 210
1684654190996 1.3900413800015596 211
1684654191065 1.4011252444674605 212
1684654191134 1.4121325175731052 213
1684654191212 1.423060895659897 214
1684654191281 1.4339084190513505 215
1684654191350 1.4446731724790762 216
1684654191435 1.4553535345622688 217
1684654191497 1.4659479441700545 218
1684654191566 1.4764549704555294 219
1684654191635 1.4868734523105114 220
1684654191713 1.4972022751135579 221
1684654191798 1.5074406725329783 222
1684654191867 1.5175876134007877 223
1684654191936 1.5276426778649035 224
1684654192014 1.5376051509279514 225
1684654192083 1.5474748450471771 226
1684654192152 1.557251406107647 227
1684654192230 1.566934746839613 228
1684654192299 1.5765248384254293 229
1684654192368 1.586021882022575 230
1684654192437 1.595425896827683 231
1684654192516 1.6047375090960452 232
1684654192585 1.6139570607501514 233
1684654192654 1.6230852207552156 234
1684654192732 1.6321224665326381 235
1684654192801 1.641069774409459 236
1684654192870 1.649927907821224 237
1684654192939 1.6586980898240942 238
1684654193017 1.6673810805879874 239
1684654193086 1.6759781828560736 240
1684654193171 1.6844907236362998 241
1684654193240 1.6929199614630916 242
1684654193318 1.701267290180691 243
1684654193387 1.7095341462355245 244
1684654193456 1.7177222116916258 245
1684654193534 1.7258331248501904 246
1684654193603 1.7338684645453992 247
1684654193672 1.7418300090695267 248
1684654193741 1.749719616162172 249
1684654193819 1.7575391917981096 250
