1684654004577 0.02760075098418281 1
1684654004646 0.05182854450475335 2
1684654004731 0.07950772197048339 3
1684654004800 0.10605750589159652 4
1684654004862 0.1292028174177405 5
1684654004947 0.14874078308564187 6
1684654005016 0.16544061829509185 7
1684654005079 0.1802216629614456 8
1684654005148 0.19368924019056055 9
1684654005232 0.20630430110167705 10
1684654005301 0.21833355682706798 11
1684654005379 0.2298930279439453 12
1684654005448 0.24100171090714842 13
1684654005517 0.2516270313816663 14
1684654005602 0.2617176851732308 15
1684654005665 0.27122422477702485 16
1684654005749 0.28010847496287694 17
1684654005818 0.28834511052808165 18
1684654005881 0.2959196841491306 19
1684654005965 0.30282471964250146 20
1684654006034 0.3090565829099297 21
1684654006103 0.3146131535758799 22
1684654006182 0.3194934822851878 23
1684654006251 0.32369778510423514 24
1684654006320 0.32722856381369203 25
1684654006404 0.33009130085432603 26
1684654006482 0.33229576808201655 27
1684654006551 0.3338560353889387 28
1684654006620 0.3347911681913595 29
1684654006699 0.3351242671429403 30
1684654006768 0.33488241032286714 31
1684654006837 0.3340955817288934 32
1684654006921 0.33279601432114464 33
1684654006999 0.33101691543182954 34
1684654007068 0.32879216137553674 35
1684654007137 0.3261551762957998 36
1684654007206 0.32313867721977113 37
1684654007285 0.3197739601993315 38
1684654007354 0.3160909800823813 39
1684654007423 0.3121177263326141 40
1684654007507 0.30788054065516446 41
1684654007570 0.30340385656818447 42
1684654007639 0.29871039257629906 43
1684654007708 0.29382118387808226 44
1684654007786 0.2887557795388367 45
1684654007855 0.28353218069075453 46
1684654007940 0.27816718336817003 47
1684654008009 0.27267646898115744 48
1684654008071 0.26707460771642483 49
1684654008140 0.2613752984955076 50
1684654008225 0.2555914344904462 51
1684654008287 0.24973509908449476 52
1684654008356 0.2438178754284574 53
1684654008441 0.23785064574340317 54
1684654008510 0.23184386144903102 55
1684654008588 0.22580751407735647 56
1684654008657 0.21975110243174883 57
1684654008726 0.2136837913134003 58
1684654008811 0.20761445589769337 59
1684654008873 0.20155163953759705 60
1684654008958 0.19550362097393706 61
1684654009043 0.18947841607302618 62
1684654009112 0.18348385708653583 63
1684654009190 0.17752753391264364 64
1684654009259 0.17161689355341658 65
1684654009328 0.16575920681444697 66
1684654009412 0.15996170268235854 67
1684654009491 0.15423140046167913 68
1684654009560 0.14857538328960584 69
1684654009629 0.1430006790012177 70
1684654009707 0.13751425001057122 71
1684654009776 0.13212319923535673 72
1684654009845 0.12683463390439104 73
1684654009914 0.12165586404303062 74
1684654009976 0.11659426864369735 75
1684654010061 0.11165755585045212 76
1684654010114 0.10685360047769747 77
1684654010192 0.10219065475685775 78
1684654010262 0.09767729724015481 79
1684654010331 0.09332248639628962 80
1684654010409 0.0891356344372835 81
1684654010478 0.08512657571257777 82
1684654010547 0.08130554734308042 83
1684654010631 0.0776831416639174 84
1684654010694 0.07427025770667729 85
1684654010763 0.07108178041004487 86
1684654010832 0.06812766445953836 87
1684654010917 0.0654164547361711 88
1684654010979 0.06295590937141486 89
1684654011048 0.06075286802610751 90
1684654011117 0.05881273432072365 91
1684654011195 0.057138707525640264 92
1684654011264 0.055731184962818904 93
1684654011333 0.05458711568965024 94
1684654011411 0.053699749011373296 95
1684654011480 0.053054969003767716 96
1684654011549 0.05263951811038328 97
1684654011634 0.05243768272246906 98
1684654011697 0.05243092091301462 99
1684654011766 0.05259845087355595 100
1684654011919 0.05291831357096178 101
1684654011982 0.05336814971806848 102
1684654012066 0.05392283043308769 103
1684654012136 0.05455988530417095 104
1684654012214 0.055259827499249424 105
1684654012314 0.05600573008983521 106
1684654012483 0.05678247130849298 107
1684654012568 0.05757656859188766 108
1684654012637 0.058375783353496025 109
1684654012715 0.05916911559067703 110
1684654012784 0.059946749912398685 111
1684654012853 0.06070007865379401 112
1684654012922 0.0614214999050748 113
1684654012985 0.062104426671976555 114
1684654013054 0.06274331614962465 115
1684654013123 0.06334539004909809 116
1684654013201 0.0639071891831593 117
1684654013270 0.06443648871346506 118
1684654013339 0.06492918777882115 119
1684654013424 0.06537922242070021 120
1684654013486 0.06578137102581035 121
1684654013571 0.0661154166337338 122
1684654013640 0.06637816260579157 123
1684654013702 0.06655152202289155 124
1684654013787 0.06663819579572014 125
1684654013856 0.06664658118542438 126
1684654013925 0.06658559095944099 127
1684654014003 0.06646269130446336 128
1684654014072 0.06628358897084405 129
1684654014141 0.06605280104678332 130
1684654014204 0.06577419237916421 131
1684654014273 0.06545127193741088 132
1684654014357 0.06508761534868283 133
1684654014426 0.06468723765858342 134
1684654014504 0.06425442657119224 135
1684654014573 0.06379400523087247 136
1684654014642 0.06331137705268311 137
1684654014721 0.06281242014384407 138
1684654014805 0.06230363370128605 139
1684654014874 0.061791968293956556 140
1684654014943 0.06128479221501404 141
1684654015006 0.060790168335556984 142
1684654015090 0.06031644968010575 143
1684654015159 0.05987240091918919 144
1684654015228 0.05946717200881554 145
1684654015307 0.05911017747414708 146
1684654015376 0.05881086831456828 147
1684654015460 0.0585789114852703 148
1684654015529 0.05842378835353043 149
1684654015607 0.058354688635713615 150
1684654015676 0.05838053418846176 151
1684654015745 0.058509557763639225 152
1684654015808 0.05874920005738404 153
1684654015877 0.05910611736194309 154
1684654015946 0.059585899423066004 155
1684654016024 0.0601929369565556 156
1684654016093 0.06093043566504884 157
1684654016162 0.06180023637489679 158
1684654016247 0.06280298992993764 159
1684654016309 0.06393836637041936 160
1684654016378 0.06520255596090774 161
1684654016532 0.06659253450848386 162
1684654016632 0.0681029413094511 163
1684654016695 0.06972866437701399 164
1684654016764 0.07146523404920054 165
1684654016833 0.07330562660686515 166
1684654016911 0.07524490435428288 167
1684654016980 0.07727654981704794 168
1684654017049 0.07939525071839935 169
1684654017134 0.08159663610587158 170
1684654017212 0.08387650346969655 171
1684654017281 0.08623082958104585 172
1684654017366 0.08865530173505415 173
1684654017435 0.0911455659672814 174
1684654017513 0.09369716986769439 175
1684654017582 0.0963055566444402 176
1684654017651 0.09896631426414476 177
1684654017735 0.10167518551253392 178
1684654017798 0.10442799647811572 179
1684654017867 0.10722094210711106 180
1684654017936 0.11005026402589442 181
1684654018014 0.11291252727962608 182
1684654018083 0.11580373665142198 183
1684654018168 0.11872086726485843 184
1684654018237 0.12166138107071774 185
1684654018299 0.12462297522728816 186
1684654018368 0.12760332524979703 187
1684654018437 0.13060026376713074 188
1684654018515 0.13361154247299703 189
1684654018584 0.1366351885289254 190
1684654018653 0.13966918875744663 191
1684654018732 0.14271171913271274 192
1684654018801 0.14576113485815703 193
1684654018870 0.14881567648974806 194
1684654018939 0.15187404447237016 195
1684654019017 0.15493488463487565 196
1684654019086 0.15799693508549198 197
1684654019155 0.16105917808342088 198
1684654019233 0.16412065241521 199
1684654019302 0.1671804531294992 200
1684654019371 0.17023795185051527 201
1684654019440 0.17329242592515354 202
1684654019518 0.17634343606821334 203
1684654019587 0.1793905637725582 204
1684654019656 0.18243709086791218 205
1684654019741 0.18548396399736816 206
1684654019803 0.1885312020993186 207
1684654019888 0.19157869811655623 208
1684654019957 0.1946261511352891 209
1684654020042 0.19767341959554557 210
1684654020104 0.20072068696644307 211
1684654020173 0.20376815491716493 212
1684654020258 0.20681631696826724 213
1684654020320 0.20986568987000825 214
1684654020405 0.21291703963517183 215
1684654020474 0.21597120746151294 216
1684654020543 0.21902915557055552 217
1684654020606 0.2220918837340011 218
1684654020690 0.22516057564646627 219
1684654020759 0.22823651621640925 220
1684654020837 0.23132100759248408 221
1684654020906 0.2344155733140062 222
1684654020991 0.2375217169697476 223
1684654021060 0.24064113570504228 224
1684654021123 0.2437754559459614 225
1684654021192 0.24692667598569543 226
1684654021276 0.25009654957784333 227
1684654021345 0.25328723343776743 228
1684654021408 0.2565006589571468 229
1684654021477 0.2597389770884623 230
1684654021546 0.26300435407885586 231
1684654021624 0.2662988139179113 232
1684654021693 0.2696247181808896 233
1684654021762 0.2729840451632101 234
1684654021840 0.27637889132914945 235
1684654021909 0.2798112028737261 236
1684654021978 0.2832828992301117 237
1684654022047 0.2867954900434998 238
1684654022125 0.29035051114637805 239
1684654022194 0.29394923000254425 240
1684654022263 0.2975924671186919 241
1684654022326 0.30128083104078734 242
1684654022410 0.3050145597478476 243
1684654022480 0.3087934282521702 244
1684654022549 0.3126168375861138 245
1684654022611 0.31648374413127967 246
1684654022680 0.3203926279955585 247
1684654022765 0.324341510166154 248
1684654022827 0.3283280369914734 249
1684654022896 0.3323493588161897 250
