1684653960687 1.9691846 1
1684653960765 2.0171144 2
1684653960834 1.9691539 3
1684653960903 1.8736901 4
1684653960981 1.7712233 5
1684653961050 1.682672 6
1684653961119 1.61376 7
1684653961204 1.5622113 8
1684653961266 1.522915 9
1684653961351 1.4906962 10
1684653961420 1.4614823 11
1684653961489 1.4325783 12
1684653961567 1.4025111 13
1684653961636 1.3707072 14
1684653961705 1.3371584 15
1684653961790 1.3021487 16
1684653961868 1.2660642 17
1684653961952 1.2292842 18
1684653962057 1.192131 19
1684653962131 1.1548591 20
1684653962203 1.1176631 21
1684653962277 1.0806956 22
1684653962351 1.0440849 23
1684653962427 1.0079472 24
1684653962500 0.9723955 25
1684653962574 0.93754303 26
1684653962662 0.9035034 27
1684653962743 0.8703885 28
1684653962826 0.83830494 29
1684653962901 0.807351 30
1684653962978 0.77761316 31
1684653963057 0.74916387 32
1684653963149 0.7220605 33
1684653963250 0.6963446 34
1684653963331 0.6720422 35
1684653963404 0.64916503 36
1684653963481 0.6277115 37
1684653963561 0.6076685 38
1684653963674 0.5890131 39
1684653963753 0.5717139 40
1684653963833 0.55573326 41
1684653963907 0.541028 42
1684653963990 0.5275513 43
1684653964064 0.51525354 44
1684653964139 0.5040833 45
1684653964236 0.49398825 46
1684653964310 0.48491573 47
1684653964388 0.47681338 48
1684653964460 0.46962938 49
1684653964534 0.46331292 50
1684653964615 0.45781448 51
1684653964698 0.45308578 52
1684653964770 0.44908023 53
1684653964855 0.44575286 54
1684653964939 0.44306016 55
1684653965036 0.44096053 56
1684653965137 0.43941405 57
1684653965221 0.43838245 58
1684653965300 0.43782914 59
1684653965377 0.43771923 60
1684653965449 0.4380194 61
1684653965542 0.43869793 62
1684653965625 0.4397247 63
1684653965715 0.4410711 64
1684653965800 0.44270974 65
1684653965881 0.44461492 66
1684653965965 0.44676223 67
1684653966053 0.44912848 68
1684653966137 0.4516918 69
1684653966223 0.45443165 70
1684653966305 0.4573285 71
1684653966386 0.46036422 72
1684653966466 0.46352133 73
1684653966547 0.46678385 74
1684653966627 0.47013658 75
1684653966709 0.4735654 76
1684653966791 0.47705695 77
1684653966871 0.48059893 78
1684653966950 0.48417965 79
1684653967035 0.48778844 80
1684653967119 0.4914153 81
1684653967199 0.49505103 82
1684653967278 0.498687 83
1684653967365 0.5023154 84
1684653967445 0.50592905 85
1684653967530 0.50952137 86
1684653967609 0.5130863 87
1684653967687 0.5166184 88
1684653967779 0.5201127 89
1684653967860 0.52356464 90
1684653967938 0.52697027 91
1684653968018 0.5303259 92
1684653968101 0.53362846 93
1684653968194 0.536875 94
1684653968281 0.54006314 95
1684653968361 0.5431906 96
1684653968448 0.54625565 97
1684653968518 0.5492567 98
1684653968609 0.5521924 99
1684653968694 0.5550615 100
1684653968772 0.5578635 101
1684653968856 0.5605975 102
1684653968941 0.5632633 103
1684653969026 0.5658606 104
1684653969110 0.5683894 105
1684653969195 0.5708492 106
1684653969273 0.5732398 107
1684653969358 0.575561 108
1684653969427 0.57781273 109
1684653969511 0.5799953 110
1684653969596 0.5821092 111
1684653969674 0.5841552 112
1684653969759 0.5861343 113
1684653969844 0.5880476 114
1684653969913 0.5898962 115
1684653969997 0.59168124 116
1684653970075 0.59340394 117
1684653970160 0.5950657 118
1684653970245 0.5966678 119
1684653970329 0.59821194 120
1684653970398 0.5996997 121
1684653970492 0.60113263 122
1684653970577 0.6025126 123
1684653970661 0.6038412 124
1684653970746 0.6051202 125
1684653970831 0.60635126 126
1684653970915 0.60753614 127
1684653971000 0.60867655 128
1684653971094 0.6097742 129
1684653971179 0.6108309 130
1684653971263 0.6118484 131
1684653971348 0.6128284 132
1684653971432 0.6137725 133
1684653971501 0.6146824 134
1684653971580 0.61555946 135
1684653971664 0.6164055 136
1684653971733 0.6172217 137
1684653971818 0.61800975 138
1684653971880 0.6187711 139
1684653971949 0.61950696 140
1684653972018 0.6202191 141
1684653972103 0.62090886 142
1684653972166 0.62157774 143
1684653972235 0.6222273 144
1684653972319 0.622859 145
1684653972382 0.6234743 146
1684653972451 0.62407494 147
1684653972520 0.6246625 148
1684653972598 0.62523866 149
1684653972667 0.62580514 150
1684653972867 0.62636364 151
1684653973052 0.62691605 152
1684653973137 0.6274642 153
1684653973206 0.62801003 154
1684653973284 0.6285558 155
1684653973353 0.62910354 156
1684653973422 0.6296558 157
1684653973507 0.6302146 158
1684653973569 0.63078177 159
1684653973638 0.6313592 160
1684653973723 0.6319482 161
1684653973785 0.6325496 162
1684653973854 0.63316435 163
1684653973923 0.633793 164
1684653974002 0.6344357 165
1684653974071 0.63509285 166
1684653974140 0.6357645 167
1684653974209 0.63645065 168
1684653974287 0.63715136 169
1684653974356 0.63786685 170
1684653974425 0.63859713 171
1684653974503 0.6393423 172
1684653974572 0.64010257 173
1684653974641 0.6408781 174
1684653974726 0.6416692 175
1684653974810 0.64247614 176
1684653974888 0.6432991 177
1684653974957 0.64413846 178
1684653975026 0.6449945 179
1684653975111 0.6458675 180
1684653975174 0.6467583 181
1684653975258 0.64766824 182
1684653975343 0.6485988 183
1684653975428 0.64955115 184
1684653975512 0.6505266 185
1684653975590 0.6515256 186
1684653975675 0.6525485 187
1684653975744 0.6535953 188
1684653975829 0.6546659 189
1684653975913 0.65576005 190
1684653975991 0.65687764 191
1684653976076 0.65801847 192
1684653976161 0.6591825 193
1684653976239 0.6603696 194
1684653976314 0.6615796 195
1684653976408 0.66281235 196
1684653976493 0.66406745 197
1684653976562 0.6653445 198
1684653976631 0.66664314 199
1684653976709 0.66796315 200
1684653976778 0.6693045 201
1684653976847 0.67066705 202
1684653976932 0.672051 203
1684653976994 0.67345667 204
1684653977063 0.67488396 205
1684653977148 0.67633325 206
1684653977217 0.6778047 207
1684653977279 0.6792985 208
1684653977348 0.68081486 209
1684653977417 0.68235385 210
1684653977495 0.68391573 211
1684653977564 0.68550056 212
1684653977633 0.6871085 213
1684653977718 0.6887398 214
1684653977796 0.6903945 215
1684653977865 0.69207275 216
1684653977934 0.6937745 217
1684653978012 0.6954999 218
1684653978081 0.69724905 219
1684653978150 0.6990222 220
1684653978219 0.70081913 221
1684653978298 0.7026404 222
1684653978367 0.704486 223
1684653978436 0.70635605 224
1684653978514 0.7082509 225
1684653978583 0.71017045 226
1684653978652 0.71211505 227
1684653978721 0.7140846 228
1684653978799 0.71607935 229
1684653978868 0.71809924 230
1684653978937 0.72014415 231
1684653979015 0.72221416 232
1684653979084 0.7243091 233
1684653979153 0.72642875 234
1684653979222 0.72857296 235
1684653979285 0.73074144 236
1684653979369 0.7329341 237
1684653979438 0.73515064 238
1684653979501 0.73739094 239
1684653979570 0.7396548 240
1684653979639 0.7419419 241
1684653979717 0.7442521 242
1684653979786 0.74658495 243
1684653979855 0.74894017 244
1684653979940 0.7513175 245
1684653980002 0.7537166 246
1684653980071 0.7561369 247
1684653980156 0.75857824 248
1684653980241 0.76104015 249
1684653980319 0.7635222 250
