1684652876570 1.975131 1
1684652876639 1.9847331 2
1684652876723 1.8943582 3
1684652876786 1.76074 4
1684652876870 1.6282316 5
1684652876939 1.5178303 6
1684652877008 1.433713 7
1684652877087 1.3718092 8
1684652877156 1.3255332 9
1684652877240 1.2883289 10
1684652877309 1.2554591 11
1684652877387 1.2239083 12
1684652877456 1.1920629 13
1684652877541 1.1592962 14
1684652877626 1.1255801 15
1684652877688 1.0911822 16
1684652877773 1.0564642 17
1684652877842 1.0217699 18
1684652877911 0.987376 19
1684652878005 0.9534866 20
1684652878074 0.920245 21
1684652878211 0.8877531 22
1684652878359 0.8560895 23
1684652878428 0.8253216 24
1684652878490 0.79551375 25
1684652878575 0.76672876 26
1684652878644 0.73902696 27
1684652878729 0.7124642 28
1684652878791 0.68708795 29
1684652878876 0.662935 30
1684652878945 0.6400292 31
1684652879014 0.6183804 32
1684652879092 0.5979851 33
1684652879161 0.5788268 34
1684652879230 0.5608777 35
1684652879292 0.54410064 36
1684652879361 0.5284511 37
1684652879446 0.51387906 38
1684652879515 0.500331 39
1684652879593 0.48775133 40
1684652879662 0.47608402 41
1684652879747 0.46527344 42
1684652879816 0.45526558 43
1684652879878 0.44600832 44
1684652879947 0.4374522 45
1684652880032 0.4295504 46
1684652880110 0.42225912 47
1684652880179 0.41553754 48
1684652880248 0.40934777 49
1684652880317 0.40365475 50
1684652880380 0.3984262 51
1684652880449 0.3936324 52
1684652880518 0.38924608 53
1684652880596 0.38524216 54
1684652880665 0.38159764 55
1684652880750 0.3782916 56
1684652880819 0.37530458 57
1684652880881 0.372619 58
1684652880950 0.37021852 59
1684652881019 0.36808825 60
1684652881097 0.3662145 61
1684652881166 0.36458462 62
1684652881235 0.36318707 63
1684652881313 0.36201108 64
1684652881383 0.3610468 65
1684652881452 0.36028495 66
1684652881521 0.3597171 67
1684652881599 0.35933533 68
1684652881668 0.35913217 69
1684652881737 0.35910082 70
1684652881821 0.3592348 71
1684652881884 0.35952812 72
1684652881969 0.35997498 73
1684652882038 0.36057007 74
1684652882116 0.3613083 75
1684652882185 0.36218488 76
1684652882254 0.36319518 77
1684652882323 0.36433482 78
1684652882401 0.3655997 79
1684652882470 0.36698574 80
1684652882539 0.3684891 81
1684652882617 0.370106 82
1684652882686 0.37183306 83
1684652882755 0.37366658 84
1684652882840 0.37560335 85
1684652882902 0.37764004 86
1684652882971 0.37977344 87
1684652883040 0.3820005 88
1684652883118 0.38431817 89
1684652883187 0.38672316 90
1684652883256 0.3892126 91
1684652883326 0.39178377 92
1684652883388 0.39443398 93
1684652883457 0.39716068 94
1684652883526 0.3999613 95
1684652883604 0.4028333 96
1684652883673 0.40577418 97
1684652883742 0.40878135 98
1684652883827 0.41185242 99
1684652883889 0.41498497 100
1684652883958 0.4181766 101
1684652884027 0.421425 102
1684652884106 0.42472792 103
1684652884175 0.42808306 104
1684652884244 0.4314884 105
1684652884306 0.43493992 106
1684652884391 0.43843567 107
1684652884460 0.44197088 108
1684652884529 0.4455454 109
1684652884591 0.449161 110
1684652884660 0.4528194 111
1684652884745 0.45652196 112
1684652884807 0.46026883 113
1684652884892 0.46405923 114
1684652885077 0.46754482 115
1684652885230 0.46882394 116
1684652885293 0.47039142 117
1684652885362 0.47223467 118
1684652885431 0.47433913 119
1684652885509 0.47669277 120
1684652885578 0.4792872 121
1684652885647 0.48211768 122
1684652885725 0.48518175 123
1684652885794 0.4884786 124
1684652885863 0.49194106 125
1684652885932 0.49524012 126
1684652886011 0.4995912 127
1684652886080 0.5037571 128
1684652886157 0.50812864 129
1684652886233 0.51276886 130
1684652886333 0.5170238 131
1684652886411 0.5209428 132
1684652886480 0.5254968 133
1684652886550 0.53057003 134
1684652886628 0.5359657 135
1684652886697 0.54149806 136
1684652886766 0.5470267 137
1684652886835 0.5524626 138
1684652886913 0.5577606 139
1684652887013 0.5629082 140
1684652887082 0.5679127 141
1684652887151 0.5727925 142
1684652887236 0.5775691 143
1684652887298 0.5822636 144
1684652887367 0.5868933 145
1684652887436 0.591472 146
1684652887515 0.5960096 147
1684652887584 0.6005129 148
1684652887668 0.6049865 149
1684652887737 0.60943353 150
1684652887815 0.6138563 151
1684652887884 0.61825705 152
1684652887953 0.62263733 153
1684652888038 0.62699926 154
1684652888101 0.6313447 155
1684652888170 0.6356757 156
1684652888239 0.6399944 157
1684652888317 0.64430267 158
1684652888386 0.6486024 159
1684652888455 0.6529068 160
1684652888533 0.6572174 161
1684652888602 0.66153246 162
1684652888671 0.66584957 163
1684652888740 0.6701669 164
1684652888818 0.67448354 165
1684652888903 0.6787993 166
1684652888972 0.68311477 167
1684652889041 0.68743074 168
1684652889103 0.69174814 169
1684652889172 0.6960678 170
1684652889241 0.7003906 171
1684652889319 0.7047248 172
1684652889388 0.70907086 173
1684652889457 0.7134268 174
1684652889520 0.7177905 175
1684652889605 0.72215986 176
1684652889674 0.7265339 177
1684652889743 0.73091185 178
1684652889821 0.73530126 179
1684652889890 0.7397023 180
1684652889959 0.7441131 181
1684652890037 0.7485316 182
1684652890106 0.75295603 183
1684652890175 0.7573855 184
1684652890244 0.76181924 185
1684652890307 0.7662571 186
1684652890391 0.77069896 187
1684652890460 0.77514476 188
1684652890523 0.77959454 189
1684652890607 0.7840481 190
1684652890676 0.78850526 191
1684652890745 0.79296577 192
1684652890808 0.7974292 193
1684652890893 0.80152714 194
1684652890962 0.8037293 195
1684652891024 0.8051453 196
1684652891109 0.8064139 197
1684652891178 0.808863 198
1684652891247 0.8124154 199
1684652891325 0.81509763 200
1684652891394 0.81744415 201
1684652891479 0.8198147 202
1684652891548 0.8201176 203
1684652891610 0.8209232 204
1684652891695 0.82341015 205
1684652891864 0.82730186 206
1684652892064 0.83203876 207
1684652892149 0.83455676 208
1684652892211 0.83643407 209
1684652892296 0.83822596 210
1684652892365 0.8412189 211
1684652892443 0.8448615 212
1684652892512 0.8474956 213
1684652892581 0.84842926 214
1684652892650 0.8498613 215
1684652892728 0.85260224 216
1684652892798 0.8564696 217
1684652892867 0.86100686 218
1684652892951 0.8637753 219
1684652893014 0.8642783 220
1684652893083 0.86538804 221
1684652893183 0.86769736 222
1684652893252 0.87106603 223
1684652893330 0.8751489 224
1684652893399 0.8796144 225
1684652893468 0.8837385 226
1684652893531 0.8864305 227
1684652893600 0.8885252 228
1684652893669 0.8910834 229
1684652893747 0.89414185 230
1684652893816 0.8975501 231
1684652893885 0.90113205 232
1684652893954 0.9046458 233
1684652894032 0.9059536 234
1684652894101 0.9070225 235
1684652894170 0.9085261 236
1684652894255 0.910491 237
1684652894333 0.91275835 238
1684652894402 0.9151454 239
1684652894471 0.91750455 240
1684652894533 0.91973406 241
1684652894618 0.9217713 242
1684652894687 0.92358065 243
1684652894756 0.9251435 244
1684652894819 0.9264496 245
1684652894888 0.92749214 246
1684652894972 0.92826474 247
1684652895050 0.9287598 248
1684652895119 0.92896837 249
1684652895188 0.92887986 250
