1684654089757 1.9575564 1
1684654089841 2.0248497 2
1684654089919 2.0039134 3
1684654089989 1.9377879 4
1684654090058 1.863874 5
1684654090142 1.802249 6
1684654090205 1.7589898 7
1684654090289 1.7324756 8
1684654090374 1.7181109 9
1684654090443 1.7109748 10
1684654090521 1.707022 11
1684654090590 1.7034404 12
1684654090675 1.6985734 13
1684654090744 1.6916538 14
1684654090822 1.6825016 15
1684654090891 1.6712606 16
1684654090960 1.6582093 17
1684654091038 1.6436415 18
1684654091107 1.627809 19
1684654091192 1.6109035 20
1684654091261 1.5930605 21
1684654091345 1.5743754 22
1684654091408 1.5549214 23
1684654091493 1.5347657 24
1684654091562 1.5139761 25
1684654091646 1.4926276 26
1684654091709 1.4708048 27
1684654091778 1.4485986 28
1684654091862 1.4261054 29
1684654091925 1.4034224 30
1684654092010 1.380644 31
1684654092079 1.357859 32
1684654092148 1.3351482 33
1684654092226 1.3125826 34
1684654092295 1.2902234 35
1684654092364 1.2681208 36
1684654092442 1.2463156 37
1684654092511 1.2248392 38
1684654092580 1.2037152 39
1684654092649 1.18296 40
1684654092727 1.1625841 41
1684654092796 1.1425931 42
1684654092865 1.1229889 43
1684654092950 1.1037703 44
1684654093012 1.0849336 45
1684654093081 1.0664741 46
1684654093150 1.0483855 47
1684654093228 1.0306612 48
1684654093298 1.0132943 49
1684654093367 0.99627787 50
1684654093445 0.97960484 51
1684654093514 0.96326864 52
1684654093583 0.94726324 53
1684654093652 0.9315828 54
1684654093730 0.916222 55
1684654093799 0.90117615 56
1684654093868 0.8864409 57
1684654093946 0.87201226 58
1684654094015 0.85788697 59
1684654094084 0.844062 60
1684654094153 0.8305394 61
1684654094231 0.81731826 62
1684654094300 0.8043959 63
1684654094369 0.7917699 64
1684654094454 0.7794378 65
1684654094516 0.76739764 66
1684654094585 0.7556477 67
1684654094670 0.744187 68
1684654094733 0.7330143 69
1684654094802 0.72212905 70
1684654094871 0.71153057 71
1684654094955 0.7012183 72
1684654095018 0.69119173 73
1684654095102 0.6814506 74
1684654095171 0.6719944 75
1684654095234 0.6628228 76
1684654095319 0.6539354 77
1684654095388 0.64533174 78
1684654095457 0.63701165 79
1684654095519 0.62897456 80
1684654095604 0.62122035 81
1684654095673 0.6137484 82
1684654095751 0.60655844 83
1684654095820 0.59965014 84
1684654095889 0.593023 85
1684654095958 0.5866767 86
1684654096036 0.5806108 87
1684654096105 0.5748248 88
1684654096190 0.5693183 89
1684654096259 0.56409085 90
1684654096337 0.5591419 91
1684654096406 0.5544709 92
1684654096475 0.55007744 93
1684654096537 0.54596084 94
1684654096622 0.5421207 95
1684654096691 0.5385562 96
1684654096760 0.5352668 97
1684654096823 0.532252 98
1684654096907 0.529511 99
1684654096976 0.5270431 100
1684654097054 0.5248476 101
1684654097123 0.5229239 102
1684654097193 0.521271 103
1684654097262 0.5198882 104
1684654097340 0.51877475 105
1684654097409 0.51792973 106
1684654097478 0.5173522 107
1684654097562 0.5170414 108
1684654097625 0.5169961 109
1684654097709 0.51721543 110
1684654097779 0.5176984 111
1684654097857 0.51844394 112
1684654097926 0.5194495 113
1684654098010 0.5207139 114
1684654098079 0.5222368 115
1684654098157 0.5240172 116
1684654098226 0.5260542 117
1684654098296 0.52834666 118
1684654098380 0.53089327 119
1684654098465 0.5336926 120
1684654098527 0.53674316 121
1684654098596 0.5400433 122
1684654098681 0.54359126 123
1684654098743 0.5473856 124
1684654098828 0.5514242 125
1684654098897 0.5557054 126
1684654098966 0.5602273 127
1684654099029 0.5649878 128
1684654099113 0.56998473 129
1684654099182 0.5752161 130
1684654099260 0.58067966 131
1684654099330 0.586373 132
1684654099399 0.5922937 133
1684654099483 0.5984393 134
1684654099561 0.60480714 135
1684654099646 0.6113944 136
1684654099715 0.6181986 137
1684654099800 0.6252165 138
1684654099884 0.6324453 139
1684654099962 0.63988173 140
1684654100046 0.6475227 141
1684654100115 0.6553648 142
1684654100210 0.66340464 143
1684654100282 0.6716387 144
1684654100363 0.68006325 145
1684654100444 0.68867457 146
1684654100525 0.6974688 147
1684654100613 0.70644194 148
1684654100694 0.71559 149
1684654100775 0.72490865 150
1684654100848 0.7343937 151
1684654100938 0.7440408 152
1684654101007 0.7538454 153
1684654101092 0.7638031 154
1684654101177 0.7739093 155
1684654101239 0.7841593 156
1684654101324 0.79454815 157
1684654101393 0.8050716 158
1684654101471 0.81572443 159
1684654101540 0.8265016 160
1684654101609 0.8373976 161
1684654101678 0.84840703 162
1684654101756 0.8595247 163
1684654101825 0.8707453 164
1684654101894 0.8820634 165
1684654101979 0.89347357 166
1684654102057 0.9049703 167
1684654102126 0.91654825 168
1684654102195 0.9282019 169
1684654102273 0.9399257 170
1684654102342 0.95171404 171
1684654102411 0.9635614 172
1684654102480 0.97546244 173
1684654102558 0.9874111 174
1684654102743 0.9994022 175
1684654102859 1.01143 176
1684654102928 1.0234891 177
1684654103013 1.035574 178
1684654103082 1.0476792 179
1684654103160 1.059799 180
1684654103229 1.0719285 181
1684654103298 1.0840622 182
1684654103383 1.096195 183
1684654103445 1.1083217 184
1684654103514 1.1204369 185
1684654103599 1.1325362 186
1684654103661 1.1446142 187
1684654103746 1.1566665 188
1684654103815 1.1686884 189
1684654103884 1.1806751 190
1684654103962 1.1926223 191
1684654104031 1.2045257 192
1684654104116 1.2163808 193
1684654104185 1.2281841 194
1684654104263 1.2399312 195
1684654104332 1.2516184 196
1684654104401 1.2632421 197
1684654104486 1.2747986 198
1684654104548 1.2862854 199
1684654104633 1.2977005 200
1684654104702 1.3090426 201
1684654104764 1.3203106 202
1684654104833 1.3315027 203
1684654104918 1.3426158 204
1684654105150 1.3536472 205
1684654105288 1.3645947 206
1684654105351 1.3754563 207
1684654105435 1.3862311 208
1684654105504 1.3969164 209
1684654105567 1.4075117 210
1684654105636 1.4180149 211
1684654105720 1.4284234 212
1684654105789 1.4387352 213
1684654105852 1.4489493 214
1684654105937 1.4590662 215
1684654106006 1.4690866 216
1684654106068 1.4790103 217
1684654106153 1.4888352 218
1684654106234 1.4985598 219
1684654106306 1.5081835 220
1684654106407 1.5177057 221
1684654106491 1.5271263 222
1684654106570 1.5364445 223
1684654106654 1.5456605 224
1684654106723 1.5547738 225
1684654106792 1.5637844 226
1684654106870 1.5726922 227
1684654106939 1.5814977 228
1684654107008 1.5902013 229
1684654107087 1.5988017 230
1684654107156 1.6072993 231
1684654107225 1.6156943 232
1684654107294 1.6239882 233
1684654107372 1.6321814 234
1684654107441 1.6402748 235
1684654107525 1.6482669 236
1684654107594 1.6561571 237
1684654107657 1.6639463 238
1684654107742 1.671636 239
1684654107811 1.6792274 240
1684654107889 1.6867208 241
1684654107958 1.6941172 242
1684654108027 1.701416 243
1684654108096 1.7086184 244
1684654108174 1.7157265 245
1684654108243 1.7227435 246
1684654108312 1.7296714 247
1684654108397 1.7365117 248
1684654108459 1.7432652 249
1684654108544 1.7499325 250
