1684655763503 2.1012878 1
1684655763588 2.170616 2
1684655763657 2.1483946 3
1684655763735 2.078626 4
1684655763804 2.0005817 5
1684655763873 1.9354086 6
1684655763957 1.88956 7
1684655764020 1.8613682 8
1684655764105 1.8460016 9
1684655764174 1.8382695 10
1684655764258 1.8338993 11
1684655764343 1.8299206 12
1684655764459 1.8245838 13
1684655764540 1.8170795 14
1684655764615 1.8072181 15
1684655764690 1.7951517 16
1684655764765 1.7811742 17
1684655764842 1.7655958 18
1684655764968 1.7486823 19
1684655765046 1.7306352 20
1684655765131 1.7115972 21
1684655765208 1.6916686 22
1684655765288 1.6709259 23
1684655765364 1.649437 24
1684655765447 1.6272721 25
1684655765530 1.6045095 26
1684655765608 1.5812373 27
1684655765684 1.5575516 28
1684655765761 1.5335534 29
1684655765835 1.5093449 30
1684655765917 1.4850254 31
1684655765991 1.4606881 32
1684655766063 1.4364183 33
1684655766154 1.4122906 34
1684655766226 1.3883693 35
1684655766301 1.364708 36
1684655766389 1.3413491 37
1684655766489 1.3183264 38
1684655766583 1.2956641 39
1684655766670 1.27338 40
1684655766747 1.2514851 41
1684655766827 1.2299852 42
1684655766915 1.2088826 43
1684655767000 1.1881757 44
1684655767090 1.1678611 45
1684655767178 1.1479335 46
1684655767273 1.1283866 47
1684655767370 1.1092132 48
1684655767467 1.0904061 49
1684655767552 1.0719578 50
1684655767635 1.0538611 51
1684655767723 1.0361091 52
1684655767802 1.0186952 53
1684655767888 1.0016136 54
1684655767973 0.98485833 55
1684655768058 0.9684248 56
1684655768142 0.95230824 57
1684655768229 0.9365048 58
1684655768311 0.9210108 59
1684655768396 0.9058232 60
1684655768481 0.8909393 61
1684655768567 0.8763567 62
1684655768653 0.8620735 63
1684655768737 0.8480878 64
1684655768822 0.8343984 65
1684655768915 0.8210038 66
1684655768997 0.80790293 67
1684655769077 0.7950951 68
1684655769182 0.7825794 69
1684655769271 0.77035534 70
1684655769349 0.75842214 71
1684655769433 0.74677956 72
1684655769514 0.73542726 73
1684655769596 0.72436476 74
1684655769678 0.7135917 75
1684655769759 0.70310795 76
1684655769839 0.6929133 77
1684655769922 0.68300736 78
1684655770003 0.67339003 79
1684655770086 0.66406095 80
1684655770167 0.65502 81
1684655770244 0.6462669 82
1684655770328 0.63780135 83
1684655770412 0.6296232 84
1684655770497 0.621732 85
1684655770580 0.6141275 86
1684655770665 0.60680944 87
1684655770751 0.5997774 88
1684655770833 0.593031 89
1684655770921 0.58656985 90
1684655771004 0.5829104 91
1684655771086 0.5874124 92
1684655771170 0.59189624 93
1684655771252 0.59635794 94
1684655771339 0.6007939 95
1684655771423 0.60520107 96
1684655771505 0.60957646 97
1684655771587 0.61391747 98
1684655771670 0.61822176 99
1684655771749 0.6224872 100
1684655771816 0.62671185 101
1684655771906 0.63089424 102
1684655771975 0.63503283 103
1684655772060 0.6391264 104
1684655772145 0.64317405 105
1684655772223 0.6471748 106
1684655772308 0.65112793 107
1684655772392 0.6550331 108
1684655772461 0.6588899 109
1684655772546 0.6626981 110
1684655772624 0.6664576 111
1684655772709 0.67016804 112
1684655772778 0.6738292 113
1684655772862 0.6774409 114
1684655772947 0.68100303 115
1684655773025 0.6845159 116
1684655773110 0.6879796 117
1684655773195 0.6913948 118
1684655773264 0.69476205 119
1684655773348 0.6980822 120
1684655773442 0.7013561 121
1684655773527 0.7045847 122
1684655773727 0.7077689 123
1684655773812 0.71090984 124
1684655773897 0.7140085 125
1684655773966 0.71706593 126
1684655774050 0.72008336 127
1684655774128 0.7230619 128
1684655774197 0.7260026 129
1684655774266 0.7289068 130
1684655774351 0.73177564 131
1684655774429 0.7346103 132
1684655774498 0.7374121 133
1684655774567 0.74018234 134
1684655774645 0.74292225 135
1684655774714 0.7456331 136
1684655774783 0.74831617 137
1684655774852 0.75097275 138
1684655774931 0.7536041 139
1684655775000 0.7562115 140
1684655775069 0.7587963 141
1684655775147 0.7613597 142
1684655775216 0.76390296 143
1684655775300 0.7664273 144
1684655775385 0.768934 145
1684655775454 0.7714243 146
1684655775532 0.77454513 147
1684655775601 0.78200495 148
1684655775670 0.7894845 149
1684655775733 0.79698247 150
1684655775802 0.80449754 151
1684655775871 0.8120285 152
1684655775933 0.81957424 153
1684655776003 0.82713366 154
1684655776186 0.8347055 155
1684655776387 0.8422888 156
1684655776503 0.8498826 157
1684655776572 0.85748583 158
1684655776650 0.86509776 159
1684655776719 0.8727174 160
1684655776788 0.88034403 161
1684655776857 0.887977 162
1684655776919 0.8956156 163
1684655776989 0.90325916 164
1684655777058 0.91090715 165
1684655777120 0.918559 166
1684655777189 0.92621446 167
1684655777274 0.9338729 168
1684655777358 0.941534 169
1684655777421 0.94919735 170
1684655777506 0.95686275 171
1684655777575 0.96452975 172
1684655777637 0.9721982 173
1684655777706 0.9798679 174
1684655777775 0.9875385 175
1684655777853 0.9952101 176
1684655777922 1.0028824 177
1684655777991 1.0105553 178
1684655778060 1.0182285 179
1684655778123 1.025902 180
1684655778207 1.0335757 181
1684655778276 1.0412493 182
1684655778339 1.0489228 183
1684655778424 1.0565959 184
1684655778493 1.0642687 185
1684655778562 1.0719409 186
1684655778624 1.0828013 187
1684655778709 1.0947568 188
1684655778778 1.1067176 189
1684655778840 1.1186795 190
1684655778909 1.1306387 191
1684655778978 1.1425918 192
1684655779056 1.1545347 193
1684655779125 1.1664643 194
1684655779195 1.1783769 195
1684655779279 1.1902694 196
1684655779342 1.2021383 197
1684655779426 1.2139808 198
1684655779495 1.2257938 199
1684655779564 1.2375743 200
1684655779642 1.2493197 201
1684655779711 1.261027 202
1684655779796 1.2726936 203
1684655779865 1.284317 204
1684655779965 1.2958943 205
1684655780044 1.3074234 206
1684655780113 1.3189017 207
1684655780182 1.3303273 208
1684655780260 1.3416982 209
1684655780329 1.3530122 210
1684655780398 1.3642678 211
1684655780483 1.3754631 212
1684655780561 1.3865967 213
1684655780630 1.3976669 214
1684655780699 1.4086721 215
1684655780768 1.4196112 216
1684655780846 1.4304827 217
1684655780915 1.4412854 218
1684655780984 1.4520181 219
1684655781046 1.4626801 220
1684655781115 1.4732699 221
1684655781184 1.4837871 222
1684655781263 1.4942305 223
1684655781332 1.5045995 224
1684655781401 1.5148937 225
1684655781470 1.5251123 226
1684655781548 1.535255 227
1684655781617 1.545321 228
1684655781686 1.5553105 229
1684655781849 1.5652231 230
1684655781918 1.5750586 231
1684655781987 1.5848169 232
1684655782071 1.5944982 233
1684655782134 1.6041021 234
1684655782203 1.6136291 235
1684655782272 1.6230795 236
1684655782350 1.632453 237
1684655782419 1.64175 238
1684655782488 1.6509712 239
1684655782566 1.6601164 240
1684655782635 1.6691864 241
1684655782704 1.6781812 242
1684655782773 1.6871016 243
1684655782836 1.6959476 244
1684655782905 1.7047198 245
1684655782974 1.7134186 246
1684655783052 1.7220445 247
1684655783136 1.7305976 248
1684655783205 1.7390784 249
1684655783274 1.7474872 250
