1684654650684 1.9189095 1
1684654650762 1.9506996 2
1684654650831 1.8888707 3
1684654650900 1.7827395 4
1684654650985 1.6730661 5
1684654651063 1.580534 6
1684654651132 1.5104063 7
1684654651201 1.4599302 8
1684654651286 1.4235764 9
1684654651348 1.3958105 10
1684654651433 1.3722494 11
1684654651502 1.349937 12
1684654651571 1.327191 13
1684654651649 1.3032825 14
1684654651718 1.2780877 15
1684654651803 1.251805 16
1684654651887 1.2247496 17
1684654651965 1.1972345 18
1684654652034 1.169512 19
1684654652103 1.1417607 20
1684654652172 1.1140941 21
1684654652251 1.0865805 22
1684654652320 1.0592622 23
1684654652404 1.0321716 24
1684654652473 1.0055878 25
1684654652551 0.9795463 26
1684654652620 0.95402575 27
1684654652689 0.9290078 28
1684654652768 0.9044948 29
1684654652837 0.88050866 30
1684654652906 0.8570838 31
1684654652975 0.83426034 32
1684654653053 0.812077 33
1684654653122 0.7905679 34
1684654653191 0.76975965 35
1684654653275 0.74967146 36
1684654653338 0.73031443 37
1684654653407 0.71169287 38
1684654653492 0.69380486 39
1684654653554 0.6766438 40
1684654653639 0.66019905 41
1684654653708 0.644457 42
1684654653777 0.6294021 43
1684654653839 0.61501724 44
1684654653924 0.6012845 45
1684654653993 0.58818555 46
1684654654056 0.5757017 47
1684654654140 0.56381476 48
1684654654209 0.5525067 49
1684654654294 0.5417598 50
1684654654356 0.53155696 51
1684654654441 0.52188164 52
1684654654510 0.5127179 53
1684654654579 0.5040503 54
1684654654657 0.4958641 55
1684654654726 0.48814481 56
1684654654795 0.48087877 57
1684654654873 0.47405267 58
1684654654942 0.4676536 59
1684654655011 0.46166912 60
1684654655080 0.4561379 61
1684654655159 0.45103902 62
1684654655228 0.44634074 63
1684654655312 0.44201428 64
1684654655381 0.43803716 65
1684654655444 0.4343928 66
1684654655513 0.43106854 67
1684654655582 0.4280541 68
1684654655676 0.42532328 69
1684654655745 0.42287612 70
1684654655814 0.42071554 71
1684654655883 0.41884094 72
1684654655961 0.41724783 73
1684654656045 0.41592914 74
1684654656114 0.41487616 75
1684654656199 0.41407987 76
1684654656278 0.4135313 77
1684654656346 0.41322172 78
1684654656415 0.4131425 79
1684654656484 0.41328567 80
1684654656562 0.41364318 81
1684654656631 0.41420737 82
1684654656700 0.4149706 83
1684654656778 0.41592544 84
1684654656847 0.4170647 85
1684654656916 0.41838115 86
1684654656985 0.41986775 87
1684654657048 0.42151785 88
1684654657133 0.42332438 89
1684654657202 0.42528096 90
1684654657280 0.42738122 91
1684654657349 0.429619 92
1684654657418 0.43198827 93
1684654657487 0.43448323 94
1684654657549 0.4370981 95
1684654657634 0.4398273 96
1684654657703 0.4426654 97
1684654657765 0.4456071 98
1684654657834 0.44864714 99
1684654657919 0.45178026 100
1684654657988 0.4550016 101
1684654658066 0.45830655 102
1684654658135 0.46169084 103
1684654658204 0.46515036 104
1684654658289 0.46868202 105
1684654658351 0.47228208 106
1684654658420 0.4759468 107
1684654658505 0.47967252 108
1684654658568 0.4834558 109
1684654658652 0.48729345 110
1684654658721 0.49118233 111
1684654658790 0.4951198 112
1684654658868 0.49910322 113
1684654658937 0.50313026 114
1684654659006 0.5071988 115
1684654659085 0.511307 116
1684654659154 0.5155828 117
1684654659223 0.52012074 118
1684654659292 0.5249047 119
1684654659370 0.5298878 120
1684654659439 0.5350226 121
1684654659508 0.5402718 122
1684654659570 0.5456107 123
1684654659655 0.5510249 124
1684654659724 0.5565456 125
1684654659793 0.56217384 126
1684654659893 0.56790245 127
1684654659971 0.5737229 128
1684654660056 0.5796286 129
1684654660125 0.58561474 130
1684654660210 0.5916785 131
1684654660288 0.59781814 132
1684654660357 0.60403293 133
1684654660426 0.61032224 134
1684654660495 0.61668575 135
1684654660573 0.623123 136
1684654660642 0.6296337 137
1684654660711 0.63621736 138
1684654660796 0.6428735 139
1684654660874 0.6496015 140
1684654660943 0.6564009 141
1684654661012 0.6632711 142
1684654661090 0.6702118 143
1684654661159 0.67719096 144
1684654661413 0.6842073 145
1684654661529 0.6912684 146
1684654661598 0.69838303 147
1684654661676 0.70555824 148
1684654661745 0.7127988 149
1684654661814 0.7201073 150
1684654661877 0.7274895 151
1684654661946 0.7348938 152
1684654662015 0.74224937 153
1684654662093 0.74956924 154
1684654662162 0.7568875 155
1684654662231 0.7642372 156
1684654662300 0.77164274 157
1684654662378 0.7791195 158
1684654662447 0.78667605 159
1684654662516 0.7943159 160
1684654662594 0.80204064 161
1684654662663 0.8098502 162
1684654662732 0.81774455 163
1684654662801 0.8257234 164
1684654662880 0.8337871 165
1684654662949 0.84193605 166
1684654663018 0.8501712 167
1684654663096 0.85849345 168
1684654663165 0.866904 169
1684654663234 0.8754041 170
1684654663303 0.88399494 171
1684654663381 0.89267784 172
1684654663450 0.901454 173
1684654663535 0.9103245 174
1684654663604 0.9192906 175
1684654663682 0.92835355 176
1684654663751 0.93751407 177
1684654663820 0.9467734 178
1684654663898 0.95613265 179
1684654663967 0.96559244 180
1684654664036 0.9751539 181
1684654664105 0.9848183 182
1684654664167 0.99458635 183
1684654664237 1.0044593 184
1684654664306 1.0144379 185
1684654664384 1.0245234 186
1684654664453 1.0347166 187
1684654664522 1.0450182 188
1684654664600 1.055429 189
1684654664669 1.0659494 190
1684654664738 1.0765805 191
1684654664807 1.0873227 192
1684654664885 1.0981765 193
1684654664954 1.1091425 194
1684654665023 1.1202198 195
1684654665086 1.1314094 196
1684654665170 1.1427126 197
1684654665371 1.1541307 198
1684654665556 1.1656646 199
1684654665625 1.1773149 200
1684654665710 1.1890823 201
1684654665772 1.2009668 202
1684654665841 1.2129688 203
1684654665926 1.2249792 204
1684654665988 1.2369943 205
1684654666073 1.2490399 206
1684654666142 1.2611455 207
1684654666211 1.2733339 208
1684654666293 1.2856206 209
1684654666358 1.2980139 210
1684654666443 1.3105178 211
1684654666512 1.323133 212
1684654666574 1.3358585 213
1684654666643 1.3486918 214
1684654666728 1.3616304 215
1684654666790 1.3746719 216
1684654666859 1.3878145 217
1684654666928 1.4010565 218
1684654667007 1.4143972 219
1684654667076 1.4278362 220
1684654667145 1.4413726 221
1684654667214 1.4550066 222
1684654667292 1.4687376 223
1684654667361 1.4825652 224
1684654667445 1.4964892 225
1684654667514 1.510509 226
1684654667577 1.5246241 227
1684654667646 1.5388336 228
1684654667715 1.5531368 229
1684654667793 1.567533 230
1684654667862 1.582021 231
1684654667931 1.5966 232
1684654668016 1.6112686 233
1684654668094 1.6260259 234
1684654668163 1.6408703 235
1684654668248 1.6558003 236
1684654668317 1.6708145 237
1684654668379 1.6859113 238
1684654668464 1.7010888 239
1684654668533 1.716345 240
1684654668595 1.731678 241
1684654668680 1.7470856 242
1684654668749 1.7625656 243
1684654668818 1.7781157 244
1684654668896 1.7937334 245
1684654668965 1.809416 246
1684654669034 1.8251611 247
1684654669112 1.8409657 248
1684654669181 1.8568273 249
1684654669250 1.8727427 250
