1683665459503 1.1361892375761462 1
1683665459517 1.032931874890774 2
1683665459531 1.0086311194072841 3
1683665459547 1.0089252073790942 4
1683665459559 1.0064149710553867 5
1683665459571 0.9924904582455776 6
1683665459584 0.9674458843168728 7
1683665459596 0.9346976892899068 8
1683665459609 0.8979620120445876 9
1683665459621 0.8601454920249803 10
1683665459633 0.8231667129535926 11
1683665459646 0.7881288901025697 12
1683665459658 0.7555661817870444 13
1683665459670 0.7256521864113623 14
1683665459683 0.6982500098282642 15
1683665459695 0.6733241524079832 16
1683665459709 0.6506241346275927 17
1683665459722 0.6298527141741643 18
1683665459735 0.6107138654569211 19
1683665459747 0.5929389071907506 20
1683665459761 0.5762979717481165 21
1683665459774 0.5606031538586448 22
1683665459788 0.545706716535368 23
1683665459801 0.5314968563255899 24
1683665459813 0.5178924576638106 25
1683665459825 0.5048375035521813 26
1683665459838 0.49229625156129214 27
1683665459851 0.48024818962016225 28
1683665459863 0.4686838893325956 29
1683665459876 0.4576013168752348 30
1683665459889 0.44700221646714106 31
1683665459901 0.4368894477227507 32
1683665459913 0.4272647403988688 33
1683665459926 0.41812724066125523 34
1683665459938 0.40947253571110276 35
1683665459952 0.40129241264010584 36
1683665459965 0.39357477503722316 37
1683665459978 0.3863041604704186 38
1683665459991 0.37946209985673246 39
1683665460004 0.37302784775611236 40
1683665460017 0.36697901451757603 41
1683665460030 0.36129214078386074 42
1683665460043 0.3559432853221148 43
1683665460056 0.35090846866639785 44
1683665460068 0.3461641391151529 45
1683665460082 0.3416872517134895 46
1683665460095 0.3381828140086977 47
1683665460108 0.33485580624660244 48
1683665460121 0.33155317771383785 49
1683665460134 0.3282730868291134 50
1683665460148 0.32507599859450675 51
1683665460161 0.32195678818733636 52
1683665460173 0.31891667337832846 53
1683665460186 0.3159497504799954 54
1683665460198 0.3130460686307669 55
1683665460211 0.3101950974581899 56
1683665460224 0.3073876886642362 57
1683665460237 0.3046168750475492 58
1683665460250 0.3019145558255147 59
1683665460262 0.2992563636652994 60
1683665460275 0.29663463645317134 61
1683665460288 0.2940431266749279 62
1683665460301 0.29147656929048205 63
1683665460313 0.28893064890228487 64
1683665460326 0.28640191304355644 65
1683665460339 0.28388750086571884 66
1683665460352 0.2813847018344186 67
1683665460364 0.2788908497098793 68
1683665460377 0.27640349665045977 69
1683665460390 0.27392004937737713 70
1683665460403 0.27143804372659674 71
1683665460415 0.26895504625706357 72
1683665460428 0.2664688741000477 73
1683665460441 0.2639773467449609 74
1683665460453 0.2614785654810866 75
1683665460466 0.25897084180974 76
1683665460479 0.2564526400180214 77
1683665460492 0.25392258475064783 78
1683665460505 0.25137946984219345 79
1683665460518 0.24882226920873146 80
1683665460530 0.2462501486980344 81
1683665460543 0.24366241584820403 82
1683665460556 0.2410584282437308 83
1683665460568 0.23843775202602008 84
1683665460581 0.23579999311705985 85
1683665460594 0.2331449315103527 86
1683665460607 0.23047241544203861 87
1683665460619 0.2277823313522535 88
1683665460632 0.22507475439275243 89
1683665460645 0.22234972590675794 90
1683665460658 0.2196074536503132 91
1683665460671 0.21684812600724518 92
1683665460684 0.21407209563640905 93
1683665460696 0.21127963986918652 94
1683665460709 0.20847117509264534 95
1683665460722 0.20564707292735795 96
1683665460734 0.20308636940173774 97
1683665460747 0.20053491678466367 98
1683665460760 0.19794131539633486 99
1683665460773 0.19529611178344902 100
1683665460785 0.19260149178408498 101
1683665460798 0.1898626740638636 102
1683665460811 0.1870847781290489 103
1683665460823 0.18427194933943636 104
1683665460836 0.18142749233129124 105
1683665460849 0.17855390288344192 106
1683665460861 0.17565330707721133 107
1683665460874 0.17272754953887282 108
1683665460887 0.16977850955379153 109
1683665460899 0.1668079750806289 110
1683665460912 0.1638180940904933 111
1683665460925 0.16081074342721918 112
1683665460937 0.1577879898948376 113
1683665460950 0.1547518811753375 114
1683665460963 0.15170426837827955 115
1683665460976 0.14864701358005922 116
1683665460989 0.1455816079982863 117
1683665461001 0.14250966827385714 118
1683665461014 0.13943236253812957 119
1683665461027 0.13635083064361958 120
1683665461039 0.13326596640393285 121
1683665461052 0.130178680738522 122
1683665461065 0.1270895928531417 123
1683665461077 0.12399930534656012 124
1683665461090 0.12090832043087923 125
1683665461103 0.1178171144827228 126
1683665461116 0.11472599698793806 127
1683665461128 0.11163534042212298 128
1683665461141 0.10854546310916763 129
1683665461154 0.10545651472305523 130
1683665461167 0.10236891304706486 131
1683665461180 0.0992827451711833 132
1683665461193 0.096198327909083 133
1683665461206 0.09311585961490387 134
1683665461219 0.09003555767311988 135
1683665461232 0.08695758725852087 136
1683665461245 0.08388214440442299 137
1683665461257 0.08080944587419103 138
1683665461270 0.07773968545325904 139
1683665461283 0.07467303722975127 140
1683665461296 0.07160969204203382 141
1683665461309 0.06854983139198845 142
1683665461321 0.06549360317722075 143
1683665461334 0.06244123349239372 144
1683665461347 0.05939274136824857 145
1683665461359 0.05634846903348956 146
1683665461372 0.05330851789643698 147
1683665461385 0.05027295747701521 148
1683665461398 0.047242000999330624 149
1683665461411 0.04421578287792516 150
1683665461424 0.041194460614673134 151
1683665461437 0.03817813503083223 152
1683665461450 0.03516695253146962 153
1683665461462 0.032161014574336066 154
1683665461476 0.029160604385299438 155
1683665461488 0.026165600124193 156
1683665461501 0.023176255421038294 157
1683665461514 0.020192612504206564 158
1683665461527 0.017214862407395892 159
1683665461540 0.014243005939956532 160
1683665461553 0.011277254866521758 161
1683665461565 0.00831763561446619 162
1683665461579 0.005364254045966854 163
1683665461591 0.002417173035167308 164
1683665461604 -0.0005234910255839109 165
1683665461617 -0.003457676874716098 166
1683665461630 -0.006385329596013345 167
1683665461643 -0.00930630478559391 168
1683665461655 -0.01222062801934376 169
1683665461668 -0.0151281394930729 170
1683665461681 -0.01802883286951451 171
1683665461694 -0.02092261102582571 172
1683665461707 -0.023809416389378613 173
1683665461719 -0.026689264512630873 174
1683665461733 -0.029562044352655636 175
1683665461746 -0.03242770212531643 176
1683665461758 -0.03528625654867146 177
1683665461771 -0.03813754920355539 178
1683665461784 -0.04098162844633568 179
1683665461797 -0.04381843472405844 180
1683665461810 -0.0466479184029992 181
1683665461823 -0.04947001285502739 182
1683665461836 -0.05228477160584466 183
1683665461848 -0.0550920905716048 184
1683665461861 -0.05789195852949558 185
1683665461874 -0.06068435646618853 186
1683665461887 -0.063469364950697 187
1683665461901 -0.06624673879608367 188
1683665461913 -0.06901655832850562 189
1683665461926 -0.07177889630361634 190
1683665461940 -0.07453367473151407 191
1683665461953 -0.07728077693012292 192
1683665461965 -0.08002023411933612 193
1683665461978 -0.0827521390894389 194
1683665461992 -0.08534318795575146 195
1683665462005 -0.08792634727529436 196
1683665462018 -0.09052755632005782 197
1683665462030 -0.09314860436858052 198
1683665462044 -0.09578468240646343 199
1683665462057 -0.09843037323191994 200
1683665462071 -0.10108111643541606 201
1683665462085 -0.10373363309300643 202
1683665462099 -0.10638602256658525 203
1683665462112 -0.1090367079327016 204
1683665462126 -0.11168471952156334 205
1683665462139 -0.1143294184420709 206
1683665462153 -0.11697015802028854 207
1683665462166 -0.11960640267958622 208
1683665462180 -0.12223748821555924 209
1683665462193 -0.12486286920291179 210
1683665462206 -0.12748207084560204 211
1683665462219 -0.1300944721422177 212
1683665462232 -0.13269983263501683 213
1683665462246 -0.13529780030806537 214
1683665462259 -0.13788804653292253 215
1683665462273 -0.1404705031307304 216
1683665462286 -0.14304500118044072 217
1683665462299 -0.14561155093877065 218
1683665462311 -0.14817009110916768 219
1683665462324 -0.15072069531261634 220
1683665462337 -0.15326330770540797 221
1683665462349 -0.15579798331047423 222
1683665462362 -0.15832486386136102 223
1683665462374 -0.16084404337178904 224
1683665462387 -0.16335551883380373 225
1683665462400 -0.1658593358986865 226
1683665462412 -0.16835556985238775 227
1683665462424 -0.17084433944812472 228
1683665462436 -0.17332563488345143 229
1683665462449 -0.17579952305177404 230
1683665462462 -0.17826596947850437 231
1683665462475 -0.1807250626503436 232
1683665462487 -0.1831769381628019 233
1683665462500 -0.18562151034078556 234
1683665462513 -0.18805882896321957 235
1683665462525 -0.19048894843953867 236
1683665462538 -0.1929119743848713 237
1683665462551 -0.19532777384740352 238
1683665462563 -0.19773647889735557 239
1683665462576 -0.20013815204562435 240
1683665462589 -0.20253278186148593 241
1683665462602 -0.20492039456584654 242
1683665462614 -0.20730103259981847 243
1683665462626 -0.20967476913150274 244
1683665462639 -0.2120415909034271 245
1683665462652 -0.21440161387472012 246
1683665462664 -0.21675480440928407 247
1683665462676 -0.21910121606244148 248
1683665462689 -0.2214408441260075 249
1683665462705 -0.2237738012880841 250
