1683664684232 1.3126879 1
1683664684245 1.2602506 2
1683664684259 1.2784176 3
1683664684272 1.3180425 4
1683664684286 1.3523923 5
1683664684300 1.3724817 6
1683664684314 1.3782564 7
1683664684327 1.3731096 8
1683664684341 1.3609712 9
1683664684355 1.3451145 10
1683664684369 1.3278855 11
1683664684381 1.3116643 12
1683664684394 1.2979939 13
1683664684407 1.2861583 14
1683664684420 1.2763163 15
1683664684433 1.2684262 16
1683664684445 1.2623192 17
1683664684458 1.2577507 18
1683664684471 1.2544357 19
1683664684485 1.2520759 20
1683664684498 1.2503811 21
1683664684512 1.2490842 22
1683664684525 1.2479527 23
1683664684538 1.2467947 24
1683664684551 1.245463 25
1683664684565 1.2438545 26
1683664684578 1.2419088 27
1683664684592 1.2396024 28
1683664684605 1.2369444 29
1683664684619 1.2339685 30
1683664684632 1.2307286 31
1683664684646 1.2272905 32
1683664684659 1.2237282 33
1683664684673 1.2201179 34
1683664684687 1.2165353 35
1683664684700 1.213052 36
1683664684714 1.209734 37
1683664684727 1.2066396 38
1683664684741 1.2038201 39
1683664684754 1.2013183 40
1683664684768 1.199169 41
1683664684781 1.1974001 42
1683664684793 1.1960325 43
1683664684807 1.1950811 44
1683664684821 1.1945554 45
1683664684834 1.1944609 46
1683664684847 1.1947988 47
1683664684860 1.1955671 48
1683664684874 1.1967611 49
1683664684886 1.1983743 50
1683664684898 1.2003982 51
1683664684911 1.2028241 52
1683664684924 1.2056416 53
1683664684937 1.2088406 54
1683664684949 1.2124106 55
1683664684962 1.2163409 56
1683664684975 1.220621 57
1683664684989 1.2252411 58
1683664685002 1.2301913 59
1683664685015 1.2354622 60
1683664685029 1.2410452 61
1683664685041 1.2469316 62
1683664685054 1.2531137 63
1683664685066 1.2595844 64
1683664685079 1.2663367 65
1683664685091 1.2733641 66
1683664685104 1.2806611 67
1683664685117 1.2882226 68
1683664685130 1.2960433 69
1683664685142 1.304119 70
1683664685154 1.3124456 71
1683664685167 1.3210196 72
1683664685180 1.3298373 73
1683664685192 1.3388956 74
1683664685205 1.3481917 75
1683664685217 1.357723 76
1683664685230 1.3674872 77
1683664685242 1.3774819 78
1683664685255 1.3877052 79
1683664685267 1.3981552 80
1683664685279 1.4088302 81
1683664685291 1.4197285 82
1683664685304 1.4308488 83
1683664685316 1.4421924 84
1683664685329 1.4537588 85
1683664685342 1.4655473 86
1683664685355 1.477557 87
1683664685367 1.4897866 88
1683664685380 1.5022354 89
1683664685393 1.5149019 90
1683664685405 1.5277853 91
1683664685418 1.5408843 92
1683664685430 1.5541978 93
1683664685443 1.5677245 94
1683664685456 1.5814629 95
1683664685468 1.5954118 96
1683664685480 1.6095693 97
1683664685493 1.623934 98
1683664685505 1.6385043 99
1683664685518 1.6532781 100
1683664685530 1.6682539 101
1683664685543 1.6834297 102
1683664685555 1.698804 103
1683664685568 1.7143748 104
1683664685580 1.7301402 105
1683664685593 1.7460988 106
1683664685606 1.7622484 107
1683664685618 1.7785878 108
1683664685631 1.7951151 109
1683664685644 1.8118289 110
1683664685656 1.8287275 111
1683664685668 1.8458095 112
1683664685681 1.8630733 113
1683664685694 1.8805177 114
1683664685707 1.8981411 115
1683664685720 1.9159422 116
1683664685732 1.9339197 117
1683664685745 1.9520723 118
1683664685758 1.9703985 119
1683664685771 1.9888971 120
1683664685783 2.0075672 121
1683664685796 2.026407 122
1683664685809 2.0454156 123
1683664685821 2.0645916 124
1683664685834 2.0839338 125
1683664685847 2.1034408 126
1683664685860 2.1231117 127
1683664685872 2.1429443 128
1683664685885 2.1629386 129
1683664685898 2.1830924 130
1683664685910 2.2034044 131
1683664685923 2.223874 132
1683664685935 2.2444992 133
1683664685949 2.2652788 134
1683664685961 2.2862115 135
1683664685974 2.3072958 136
1683664685986 2.3285303 137
1683664685999 2.3499136 138
1683664686012 2.3714442 139
1683664686024 2.3931208 140
1683664686036 2.414942 141
1683664686049 2.4369063 142
1683664686062 2.4590116 143
1683664686074 2.4812574 144
1683664686086 2.5036411 145
1683664686099 2.5261617 146
1683664686112 2.5488176 147
1683664686124 2.5716066 148
1683664686137 2.5945282 149
1683664686149 2.61758 150
1683664686162 2.64076 151
1683664686174 2.6640673 152
1683664686187 2.6874998 153
1683664686200 2.7110558 154
1683664686213 2.7347333 155
1683664686226 2.758531 156
1683664686238 2.7824473 157
1683664686251 2.8064795 158
1683664686263 2.8306265 159
1683664686276 2.8548865 160
1683664686288 2.8792572 161
1683664686300 2.9037368 162
1683664686313 2.9283237 163
1683664686325 2.9530158 164
1683664686337 2.9778113 165
1683664686350 3.002708 166
1683664686362 3.0277042 167
1683664686375 3.0527978 168
1683664686387 3.0779867 169
1683664686400 3.103269 170
1683664686412 3.1286426 171
1683664686425 3.1541052 172
1683664686437 3.1796556 173
1683664686449 3.2052908 174
1683664686462 3.231009 175
1683664686474 3.256808 176
1683664686487 3.2826862 177
1683664686499 3.3086407 178
1683664686511 3.33467 179
1683664686523 3.3607712 180
1683664686535 3.3869429 181
1683664686548 3.4131823 182
1683664686560 3.4394872 183
1683664686573 3.4658556 184
1683664686585 3.4922853 185
1683664686597 3.5187736 186
1683664686610 3.5453186 187
1683664686622 3.5719178 188
1683664686635 3.5985684 189
1683664686647 3.6252692 190
1683664686659 3.652017 191
1683664686672 3.6788094 192
1683664686685 3.7056444 193
1683664686697 3.7325194 194
1683664686709 3.759432 195
1683664686723 3.78638 196
1683664686735 3.8133612 197
1683664686747 3.840372 198
1683664686759 3.8674116 199
1683664686772 3.894485 200
1683664686784 3.9215922 201
1683664686796 3.9487298 202
1683664686808 3.9758935 203
1683664686821 4.00308 204
1683664686833 4.030285 205
1683664686846 4.0575056 206
1683664686858 4.0847387 207
1683664686871 4.1119814 208
1683664686883 4.1392317 209
1683664686895 4.166485 210
1683664686907 4.19374 211
1683664686919 4.2209935 212
1683664686933 4.248243 213
1683664686945 4.275486 214
1683664686958 4.30272 215
1683664686971 4.3299417 216
1683664686983 4.35715 217
1683664686995 4.3843412 218
1683664687008 4.4115133 219
1683664687021 4.4386635 220
1683664687033 4.465791 221
1683664687046 4.492893 222
1683664687058 4.519967 223
1683664687070 4.5470104 224
1683664687084 4.574023 225
1683664687097 4.601001 226
1683664687109 4.627943 227
1683664687122 4.654847 228
1683664687134 4.681711 229
1683664687147 4.708534 230
1683664687159 4.7353125 231
1683664687172 4.762046 232
1683664687185 4.7887325 233
1683664687198 4.81537 234
1683664687211 4.8419566 235
1683664687224 4.868491 236
1683664687237 4.894972 237
1683664687249 4.9213963 238
1683664687262 4.9477644 239
1683664687275 4.974073 240
1683664687288 5.0003223 241
1683664687301 5.0265093 242
1683664687313 5.0526342 243
1683664687326 5.0786943 244
1683664687339 5.1046886 245
1683664687352 5.130616 246
1683664687364 5.156475 247
1683664687377 5.1822653 248
1683664687390 5.207985 249
1683664687403 5.233633 250
