1683665852236 1.3090842 1
1683665852249 1.2088816 2
1683665852262 1.1854619 3
1683665852275 1.1865327 4
1683665852288 1.1834762 5
1683665852301 1.167118 6
1683665852314 1.1377966 7
1683665852327 1.0993011 8
1683665852340 1.0557868 9
1683665852353 1.01058 10
1683665852366 0.9659625 11
1683665852380 0.92333126 12
1683665852393 0.8834362 13
1683665852406 0.8465893 14
1683665852419 0.8128207 15
1683665852432 0.78198713 16
1683665852445 0.7538476 17
1683665852458 0.72811353 18
1683665852470 0.7044844 19
1683665852483 0.6826706 20
1683665852496 0.6624086 21
1683665852508 0.64346904 22
1683665852520 0.62566197 23
1683665852533 0.6088366 24
1683665852545 0.59287786 25
1683665852558 0.577703 26
1683665852571 0.56331515 27
1683665852584 0.5495925 28
1683665852596 0.5365033 29
1683665852609 0.5240464 30
1683665852622 0.512228 31
1683665852634 0.5010537 32
1683665852647 0.49052447 33
1683665852659 0.48063594 34
1683665852673 0.4713785 35
1683665852685 0.46273726 36
1683665852699 0.4547544 37
1683665852713 0.44734192 38
1683665852727 0.44046137 39
1683665852740 0.43409193 40
1683665852755 0.42820793 41
1683665852769 0.4227801 42
1683665852782 0.41777635 43
1683665852797 0.41316468 44
1683665852810 0.4089142 45
1683665852823 0.40499598 46
1683665852836 0.40138292 47
1683665852848 0.39804998 48
1683665852862 0.394974 49
1683665852876 0.39213365 50
1683665852889 0.38950935 51
1683665852903 0.387083 52
1683665852923 0.38483787 53
1683665852939 0.38275868 54
1683665852957 0.38083136 55
1683665852971 0.3790431 56
1683665852985 0.37738234 57
1683665852999 0.37583852 58
1683665853013 0.37440205 59
1683665853028 0.37306422 60
1683665853045 0.37181714 61
1683665853061 0.37065366 62
1683665853076 0.36956728 63
1683665853089 0.36855203 64
1683665853103 0.3676026 65
1683665853117 0.36671662 66
1683665853132 0.36588976 67
1683665853145 0.36511755 68
1683665853160 0.36439586 69
1683665853176 0.3637197 70
1683665853190 0.3630854 71
1683665853203 0.36248985 72
1683665853216 0.3619303 73
1683665853230 0.36140442 74
1683665853243 0.36090988 75
1683665853256 0.36044466 76
1683665853270 0.3600089 77
1683665853284 0.35960114 78
1683665853298 0.3592193 79
1683665853312 0.35886133 80
1683665853325 0.35852528 81
1683665853338 0.35820964 82
1683665853351 0.35791335 83
1683665853363 0.35763532 84
1683665853376 0.35737476 85
1683665853389 0.35713077 86
1683665853402 0.35690254 87
1683665853415 0.35668933 88
1683665853427 0.35649043 89
1683665853440 0.35630512 90
1683665853453 0.35613286 91
1683665853465 0.35597306 92
1683665853478 0.3558252 93
1683665853491 0.35568875 94
1683665853504 0.3555634 95
1683665853516 0.35544866 96
1683665853529 0.35534418 97
1683665853542 0.35524964 98
1683665853554 0.3551647 99
1683665853568 0.35508913 100
1683665853580 0.3550226 101
1683665853593 0.354965 102
1683665853605 0.35491604 103
1683665853618 0.35487556 104
1683665853631 0.35484344 105
1683665853643 0.35481957 106
1683665853656 0.3548038 107
1683665853669 0.3547961 108
1683665853681 0.3547964 109
1683665853696 0.35480472 110
1683665853709 0.35482106 111
1683665853722 0.35484546 112
1683665853734 0.354878 113
1683665853747 0.35491878 114
1683665853760 0.354968 115
1683665853772 0.35502583 116
1683665853785 0.35509244 117
1683665853798 0.35516816 118
1683665853810 0.3552534 119
1683665853825 0.35534847 120
1683665853838 0.35545385 121
1683665853851 0.35557002 122
1683665853864 0.3556977 123
1683665853876 0.35583735 124
1683665853889 0.35598987 125
1683665853901 0.35615543 126
1683665853914 0.3563341 127
1683665853926 0.35652596 128
1683665853939 0.3567311 129
1683665853953 0.35694972 130
1683665853966 0.35718197 131
1683665853978 0.35742798 132
1683665853991 0.35768783 133
1683665854003 0.35795736 134
1683665854016 0.35823524 135
1683665854029 0.35852158 136
1683665854041 0.35881656 137
1683665854054 0.35912043 138
1683665854067 0.35943303 139
1683665854080 0.35975417 140
1683665854093 0.3600833 141
1683665854105 0.36042 142
1683665854122 0.36076355 143
1683665854134 0.3611135 144
1683665854147 0.36146906 145
1683665854159 0.3618297 146
1683665854172 0.3621949 147
1683665854185 0.36256412 148
1683665854198 0.36293685 149
1683665854211 0.36331266 150
1683665854223 0.3636911 151
1683665854236 0.3640719 152
1683665854248 0.3644547 153
1683665854261 0.36483917 154
1683665854274 0.36522514 155
1683665854286 0.3656124 156
1683665854299 0.36600086 157
1683665854312 0.36639023 158
1683665854324 0.36678058 159
1683665854337 0.36717176 160
1683665854350 0.36756375 161
1683665854362 0.36795652 162
1683665854375 0.3683501 163
1683665854387 0.3687445 164
1683665854399 0.36913967 165
1683665854412 0.36953574 166
1683665854425 0.36993268 167
1683665854437 0.37033054 168
1683665854449 0.3707294 169
1683665854462 0.37112924 170
1683665854475 0.37153482 171
1683665854487 0.37194687 172
1683665854500 0.37236008 173
1683665854512 0.3727771 174
1683665854525 0.37319857 175
1683665854537 0.37362403 176
1683665854550 0.37405282 177
1683665854562 0.37448442 178
1683665854575 0.3749184 179
1683665854588 0.37535447 180
1683665854600 0.37579244 181
1683665854613 0.37623215 182
1683665854626 0.37667352 183
1683665854638 0.37711644 184
1683665854650 0.3775608 185
1683665854663 0.37800655 186
1683665854675 0.3784536 187
1683665854688 0.37890196 188
1683665854703 0.37935156 189
1683665854718 0.37980235 190
1683665854734 0.38025478 191
1683665854753 0.3807095 192
1683665854772 0.38116676 193
1683665854786 0.38162673 194
1683665854805 0.38208935 195
1683665854818 0.38255447 196
1683665854831 0.38302195 197
1683665854843 0.38349164 198
1683665854856 0.38396335 199
1683665854869 0.38443708 200
1683665854882 0.38491267 201
1683665854895 0.3853901 202
1683665854908 0.3858693 203
1683665854920 0.38635015 204
1683665854933 0.38683265 205
1683665854945 0.38731673 206
1683665854959 0.38780236 207
1683665854972 0.38828942 208
1683665854985 0.388778 209
1683665854997 0.38926798 210
1683665855011 0.38975948 211
1683665855024 0.39025238 212
1683665855037 0.3907467 213
1683665855050 0.39124256 214
1683665855063 0.39173985 215
1683665855075 0.39223868 216
1683665855088 0.39273903 217
1683665855101 0.39324093 218
1683665855114 0.3937444 219
1683665855126 0.39424947 220
1683665855139 0.39475617 221
1683665855152 0.3952645 222
1683665855165 0.39577454 223
1683665855178 0.3962862 224
1683665855190 0.3967996 225
1683665855203 0.3973147 226
1683665855216 0.39783156 227
1683665855230 0.39835015 228
1683665855242 0.39887053 229
1683665855255 0.39939266 230
1683665855268 0.39991665 231
1683665855281 0.40044242 232
1683665855294 0.40096998 233
1683665855307 0.40149945 234
1683665855320 0.4020307 235
1683665855333 0.40256387 236
1683665855346 0.40309888 237
1683665855358 0.4036358 238
1683665855371 0.40417463 239
1683665855384 0.40471533 240
1683665855397 0.40525797 241
1683665855410 0.40580252 242
1683665855423 0.40634906 243
1683665855436 0.40689752 244
1683665855448 0.40744793 245
1683665855461 0.40800032 246
1683665855474 0.40855467 247
1683665855487 0.40911102 248
1683665855499 0.40966934 249
1683665855512 0.41022968 250
