1683665421514 1.2699047 1
1683665421528 1.1417482 2
1683665421541 1.0930846 3
1683665421554 1.0735245 4
1683665421567 1.0547563 5
1683665421579 1.0272038 6
1683665421592 0.9905316 7
1683665421605 0.9477867 8
1683665421619 0.9024646 9
1683665421633 0.8573344 10
1683665421646 0.8142063 11
1683665421660 0.774081 12
1683665421674 0.7373891 13
1683665421688 0.7042076 14
1683665421702 0.6744201 15
1683665421716 0.64781725 16
1683665421730 0.6241459 17
1683665421744 0.6031244 18
1683665421757 0.58445334 19
1683665421771 0.56783295 20
1683665421785 0.552982 21
1683665421799 0.53965145 22
1683665421813 0.52763104 23
1683665421827 0.5167486 24
1683665421840 0.5068672 25
1683665421854 0.49787897 26
1683665421868 0.48970008 27
1683665421882 0.4822647 28
1683665421896 0.47551993 29
1683665421909 0.46942198 30
1683665421922 0.46393242 31
1683665421936 0.4590161 32
1683665421949 0.45463932 33
1683665421964 0.4507687 34
1683665421977 0.4473712 35
1683665421990 0.44441336 36
1683665422003 0.44186187 37
1683665422017 0.43968374 38
1683665422030 0.43784672 39
1683665422043 0.43631962 40
1683665422058 0.43507275 41
1683665422071 0.43407804 42
1683665422084 0.4333095 43
1683665422097 0.43274316 44
1683665422110 0.4323585 45
1683665422123 0.43213522 46
1683665422136 0.43205535 47
1683665422149 0.43210286 48
1683665422162 0.4322635 49
1683665422175 0.4325245 50
1683665422188 0.43287462 51
1683665422201 0.43330368 52
1683665422214 0.43380275 53
1683665422228 0.43436393 54
1683665422241 0.43498006 55
1683665422254 0.43564507 56
1683665422268 0.4363535 57
1683665422281 0.4371006 58
1683665422294 0.43788236 59
1683665422307 0.4386955 60
1683665422320 0.43953735 61
1683665422333 0.44040623 62
1683665422346 0.44130135 63
1683665422359 0.44222254 64
1683665422372 0.44317037 65
1683665422385 0.44414583 66
1683665422398 0.44515002 67
1683665422411 0.4461841 68
1683665422425 0.4472493 69
1683665422437 0.44834659 70
1683665422450 0.44947687 71
1683665422463 0.450641 72
1683665422477 0.4518396 73
1683665422490 0.45307314 74
1683665422503 0.4543422 75
1683665422516 0.455647 76
1683665422529 0.45698774 77
1683665422542 0.45836455 78
1683665422555 0.45977744 79
1683665422567 0.4612262 80
1683665422580 0.46271077 81
1683665422593 0.46423084 82
1683665422606 0.46578604 83
1683665422618 0.46737605 84
1683665422631 0.46900052 85
1683665422644 0.4706588 86
1683665422657 0.4723506 87
1683665422670 0.47407538 88
1683665422682 0.47583276 89
1683665422697 0.47762212 90
1683665422711 0.47944304 91
1683665422724 0.48129508 92
1683665422737 0.48317775 93
1683665422749 0.4850906 94
1683665422762 0.48703918 95
1683665422774 0.4890246 96
1683665422787 0.4910463 97
1683665422800 0.49310318 98
1683665422813 0.4951938 99
1683665422825 0.497317 100
1683665422838 0.49947175 101
1683665422851 0.50165707 102
1683665422863 0.5038722 103
1683665422876 0.5061163 104
1683665422889 0.50838876 105
1683665422901 0.5106886 106
1683665422914 0.51301545 107
1683665422926 0.51536846 108
1683665422939 0.5177471 109
1683665422952 0.5201508 110
1683665422964 0.52257895 111
1683665422977 0.5250311 112
1683665422990 0.5275069 113
1683665423003 0.5300059 114
1683665423016 0.53252774 115
1683665423028 0.53507227 116
1683665423041 0.5376391 117
1683665423054 0.540228 118
1683665423067 0.54283905 119
1683665423080 0.5454717 120
1683665423093 0.548126 121
1683665423106 0.5508018 122
1683665423119 0.5534991 123
1683665423131 0.5562175 124
1683665423145 0.5589571 125
1683665423158 0.56171775 126
1683665423171 0.5644994 127
1683665423184 0.56730175 128
1683665423197 0.570125 129
1683665423210 0.5729687 130
1683665423222 0.57583296 131
1683665423235 0.57871777 132
1683665423249 0.5816227 133
1683665423262 0.5845479 134
1683665423275 0.58749306 135
1683665423287 0.5904583 136
1683665423301 0.5934433 137
1683665423313 0.59644794 138
1683665423326 0.5994723 139
1683665423339 0.60251606 140
1683665423352 0.6055791 141
1683665423365 0.60866135 142
1683665423377 0.61176264 143
1683665423390 0.6148829 144
1683665423403 0.61802197 145
1683665423416 0.6211797 146
1683665423428 0.6243559 147
1683665423442 0.6275506 148
1683665423455 0.6307634 149
1683665423468 0.63399446 150
1683665423481 0.6372434 151
1683665423494 0.6405102 152
1683665423507 0.64379466 153
1683665423520 0.64709675 154
1683665423533 0.6504163 155
1683665423546 0.65375304 156
1683665423559 0.657107 157
1683665423572 0.660478 158
1683665423584 0.66386586 159
1683665423597 0.66727054 160
1683665423611 0.6706917 161
1683665423624 0.67412937 162
1683665423637 0.67758346 163
1683665423649 0.68105376 164
1683665423663 0.68454003 165
1683665423676 0.6880424 166
1683665423689 0.6915605 167
1683665423701 0.6950944 168
1683665423714 0.6986438 169
1683665423727 0.70220864 170
1683665423740 0.70578873 171
1683665423752 0.7093841 172
1683665423765 0.7129945 173
1683665423778 0.7166199 174
1683665423791 0.72026014 175
1683665423803 0.723915 176
1683665423816 0.7275845 177
1683665423829 0.731276 178
1683665423841 0.7349911 179
1683665423854 0.738729 180
1683665423867 0.74248755 181
1683665423879 0.74626553 182
1683665423892 0.7500615 183
1683665423905 0.7538745 184
1683665423917 0.75770366 185
1683665423930 0.76154846 186
1683665423943 0.7654085 187
1683665423956 0.7692832 188
1683665423968 0.7731721 189
1683665423982 0.7770747 190
1683665423994 0.7809908 191
1683665424007 0.78491986 192
1683665424020 0.7888616 193
1683665424032 0.7928157 194
1683665424045 0.7967819 195
1683665424058 0.80076003 196
1683665424070 0.8047498 197
1683665424083 0.80875105 198
1683665424095 0.81276387 199
1683665424108 0.8167879 200
1683665424121 0.8208232 201
1683665424133 0.82486963 202
1683665424146 0.8289273 203
1683665424159 0.83299595 204
1683665424171 0.83707553 205
1683665424184 0.84116614 206
1683665424197 0.84526765 207
1683665424209 0.8493799 208
1683665424222 0.85350305 209
1683665424235 0.8576369 210
1683665424248 0.8617815 211
1683665424260 0.8659367 212
1683665424274 0.8701024 213
1683665424286 0.87427866 214
1683665424299 0.878477 215
1683665424311 0.88268864 216
1683665424325 0.8869096 217
1683665424337 0.89115 218
1683665424350 0.89540124 219
1683665424363 0.89967096 220
1683665424376 0.90395 221
1683665424389 0.9082459 222
1683665424401 0.9125605 223
1683665424414 0.9168825 224
1683665424427 0.9212189 225
1683665424440 0.9255713 226
1683665424453 0.9299396 227
1683665424465 0.9343225 228
1683665424478 0.93871903 229
1683665424491 0.9431279 230
1683665424503 0.94754845 231
1683665424516 0.95198 232
1683665424529 0.95642227 233
1683665424542 0.9608748 234
1683665424555 0.96533716 235
1683665424567 0.96980894 236
1683665424581 0.97428995 237
1683665424593 0.97878015 238
1683665424606 0.9832789 239
1683665424619 0.9877863 240
1683665424632 0.99230206 241
1683665424644 0.996826 242
1683665424657 1.0013819 243
1683665424670 1.0059495 244
1683665424683 1.0105205 245
1683665424697 1.0151155 246
1683665424711 1.0197165 247
1683665424724 1.0243391 248
1683665424737 1.0289644 249
1683665424750 1.0336082 250
