1683664702747 1.247588 1
1683664702760 1.1997169 2
1683664702773 1.2186925 3
1683664702786 1.2581174 4
1683664702799 1.2927482 5
1683664702812 1.3140554 6
1683664702824 1.3219872 7
1683664702837 1.3197961 8
1683664702849 1.3112576 9
1683664702862 1.2995229 10
1683664702875 1.2868419 11
1683664702888 1.2746686 12
1683664702902 1.2638519 13
1683664702915 1.2548134 14
1683664702928 1.2477012 15
1683664702941 1.2424679 16
1683664702954 1.2389439 17
1683664702966 1.2368863 18
1683664702979 1.2360137 19
1683664702992 1.236033 20
1683664703004 1.236659 21
1683664703017 1.2376299 22
1683664703029 1.2387156 23
1683664703042 1.2397274 24
1683664703054 1.2405188 25
1683664703067 1.2409868 26
1683664703079 1.2410696 27
1683664703092 1.2407422 28
1683664703105 1.2400103 29
1683664703118 1.2389053 30
1683664703131 1.2374771 31
1683664703143 1.2357887 32
1683664703156 1.2339106 33
1683664703169 1.2319157 34
1683664703181 1.2298775 35
1683664703194 1.2278643 36
1683664703207 1.2259403 37
1683664703221 1.2241621 38
1683664703234 1.222579 39
1683664703247 1.2212329 40
1683664703260 1.2201571 41
1683664703273 1.2193793 42
1683664703286 1.2189207 43
1683664703299 1.218796 44
1683664703312 1.2190145 45
1683664703325 1.219581 46
1683664703338 1.2204964 47
1683664703351 1.2217591 48
1683664703364 1.2233646 49
1683664703377 1.2253063 50
1683664703390 1.22758 51
1683664703403 1.2301774 52
1683664703416 1.2330894 53
1683664703428 1.2363055 54
1683664703441 1.2398156 55
1683664703454 1.2436086 56
1683664703467 1.2476771 57
1683664703480 1.252012 58
1683664703493 1.2566047 59
1683664703506 1.2614458 60
1683664703518 1.2665268 61
1683664703531 1.2718396 62
1683664703544 1.2773765 63
1683664703557 1.2831303 64
1683664703569 1.2890941 65
1683664703582 1.2952614 66
1683664703595 1.3016264 67
1683664703608 1.3081837 68
1683664703620 1.3149277 69
1683664703633 1.3218536 70
1683664703646 1.3289566 71
1683664703659 1.3362325 72
1683664703672 1.3436773 73
1683664703684 1.3512868 74
1683664703697 1.3590577 75
1683664703710 1.3669864 76
1683664703723 1.3750695 77
1683664703735 1.383304 78
1683664703748 1.3916869 79
1683664703761 1.4002154 80
1683664703773 1.4088866 81
1683664703786 1.4176979 82
1683664703799 1.426647 83
1683664703812 1.4357309 84
1683664703824 1.4449477 85
1683664703837 1.4542948 86
1683664703850 1.46377 87
1683664703862 1.473371 88
1683664703875 1.4830959 89
1683664703888 1.4929423 90
1683664703900 1.5029082 91
1683664703913 1.5129914 92
1683664703925 1.5231901 93
1683664703938 1.5335023 94
1683664703950 1.543926 95
1683664703963 1.5544591 96
1683664703976 1.5651002 97
1683664703988 1.5758469 98
1683664704001 1.5866978 99
1683664704013 1.5976508 100
1683664704026 1.6087044 101
1683664704039 1.6198568 102
1683664704051 1.6311064 103
1683664704064 1.6424515 104
1683664704076 1.6538906 105
1683664704089 1.665422 106
1683664704101 1.6770444 107
1683664704114 1.6887565 108
1683664704127 1.7005565 109
1683664704139 1.7124436 110
1683664704152 1.7244164 111
1683664704164 1.7364738 112
1683664704177 1.7486148 113
1683664704189 1.7608385 114
1683664704202 1.773144 115
1683664704215 1.785531 116
1683664704227 1.7979988 117
1683664704240 1.8105471 118
1683664704252 1.8231757 119
1683664704265 1.8358848 120
1683664704277 1.8486745 121
1683664704290 1.861546 122
1683664704302 1.8744998 123
1683664704315 1.8875372 124
1683664704327 1.9006605 125
1683664704340 1.9138715 126
1683664704352 1.9271733 127
1683664704365 1.9405689 128
1683664704377 1.9540623 129
1683664704390 1.9676588 130
1683664704402 1.9813633 131
1683664704415 1.9951826 132
1683664704427 2.0091236 133
1683664704440 2.023193 134
1683664704452 2.0373983 135
1683664704465 2.0517468 136
1683664704477 2.0662446 137
1683664704490 2.080865 138
1683664704502 2.0955982 139
1683664704515 2.110441 140
1683664704527 2.1253905 141
1683664704540 2.1404443 142
1683664704553 2.1555977 143
1683664704565 2.1708448 144
1683664704578 2.186178 145
1683664704591 2.2015896 146
1683664704604 2.217071 147
1683664704616 2.2326133 148
1683664704629 2.2482076 149
1683664704642 2.2638464 150
1683664704654 2.279521 151
1683664704667 2.2952247 152
1683664704680 2.3109505 153
1683664704693 2.3266919 154
1683664704705 2.342444 155
1683664704718 2.3582015 156
1683664704731 2.37396 157
1683664704743 2.3897154 158
1683664704756 2.4054646 159
1683664704769 2.4212039 160
1683664704781 2.4369302 161
1683664704794 2.452641 162
1683664704807 2.4683342 163
1683664704819 2.4840071 164
1683664704832 2.499658 165
1683664704845 2.5152857 166
1683664704857 2.5308878 167
1683664704870 2.546463 168
1683664704883 2.5620103 169
1683664704895 2.577528 170
1683664704908 2.5930154 171
1683664704921 2.608471 172
1683664704933 2.6238928 173
1683664704946 2.6392808 174
1683664704959 2.6546698 175
1683664704971 2.6700659 176
1683664704984 2.6854644 177
1683664704996 2.7008572 178
1683664705009 2.7162368 179
1683664705021 2.7315962 180
1683664705034 2.746931 181
1683664705047 2.7622373 182
1683664705060 2.7775116 183
1683664705073 2.7927513 184
1683664705086 2.807954 185
1683664705099 2.8231175 186
1683664705112 2.8382387 187
1683664705125 2.853316 188
1683664705137 2.8683465 189
1683664705151 2.8833284 190
1683664705164 2.8982599 191
1683664705177 2.9131389 192
1683664705190 2.9279647 193
1683664705204 2.9427352 194
1683664705217 2.9574494 195
1683664705230 2.972107 196
1683664705243 2.9867063 197
1683664705256 3.001247 198
1683664705269 3.0157285 199
1683664705282 3.0301495 200
1683664705294 3.04451 201
1683664705307 3.0588098 202
1683664705320 3.0730472 203
1683664705332 3.0872226 204
1683664705345 3.1013355 205
1683664705358 3.115385 206
1683664705371 3.1293714 207
1683664705383 3.1432939 208
1683664705396 3.1571517 209
1683664705409 3.1709447 210
1683664705421 3.1846726 211
1683664705434 3.198335 212
1683664705447 3.2119317 213
1683664705460 3.2254624 214
1683664705472 3.238927 215
1683664705485 3.2523248 216
1683664705498 3.265656 217
1683664705511 3.27892 218
1683664705523 3.2921166 219
1683664705536 3.3052459 220
1683664705549 3.3183079 221
1683664705561 3.3313022 222
1683664705574 3.3442285 223
1683664705587 3.3570876 224
1683664705599 3.3698783 225
1683664705612 3.3826013 226
1683664705625 3.3952563 227
1683664705637 3.4078436 228
1683664705650 3.4203625 229
1683664705663 3.432814 230
1683664705675 3.445197 231
1683664705688 3.4575129 232
1683664705701 3.469761 233
1683664705713 3.4819412 234
1683664705726 3.4940543 235
1683664705739 3.5061 236
1683664705752 3.5180783 237
1683664705764 3.5299902 238
1683664705777 3.5418346 239
1683664705790 3.5536127 240
1683664705802 3.5653243 241
1683664705815 3.5769696 242
1683664705828 3.588549 243
1683664705840 3.6000628 244
1683664705853 3.6115112 245
1683664705866 3.6228948 246
1683664705878 3.6342127 247
1683664705891 3.6454668 248
1683664705904 3.6566563 249
1683664705916 3.6677823 250
