1683664702740 0.04410227354395187 1
1683664702754 0.06449134667625561 2
1683664702767 0.07952265611642641 3
1683664702780 0.092641722581911 4
1683664702793 0.10527363180554257 5
1683664702806 0.11730800039840356 6
1683664702818 0.12847487382159636 7
1683664702831 0.13867621965050994 8
1683664702844 0.14988654435600474 9
1683664702856 0.15977467072578275 10
1683664702869 0.16829549714281486 11
1683664702882 0.17574012435579925 12
1683664702896 0.18241832836790237 13
1683664702909 0.1885202583942068 14
1683664702922 0.1942577973945098 15
1683664702935 0.1997428572539123 16
1683664702948 0.20503102108673799 17
1683664702961 0.21014419167358186 18
1683664702973 0.21508503752010588 19
1683664702986 0.21984530938145289 20
1683664702998 0.22440995283365414 21
1683664703011 0.2287599628907998 22
1683664703024 0.2328745910696673 23
1683664703036 0.2367344002636134 24
1683664703048 0.24032327810671814 25
1683664703061 0.243629911105722 26
1683664703073 0.246649212596687 27
1683664703086 0.24938256223210156 28
1683664703099 0.25183728258770277 29
1683664703112 0.254026827914521 30
1683664703125 0.2559691882985722 31
1683664703138 0.25768640111434776 32
1683664703150 0.2592030891059735 33
1683664703163 0.26054552832499833 34
1683664703175 0.261740971880522 35
1683664703188 0.26281617660897866 36
1683664703201 0.2637973462272834 37
1683664703215 0.2647089806699314 38
1683664703228 0.2655740466609418 39
1683664703241 0.26617899841030546 40
1683664703254 0.26679800678934845 41
1683664703267 0.2674631781800733 42
1683664703280 0.2682060504772001 43
1683664703293 0.2690274315693199 44
1683664703306 0.26992423295066614 45
1683664703319 0.2708366238940802 46
1683664703332 0.2718186059878732 47
1683664703345 0.2728832256251222 48
1683664703358 0.27403366271779445 49
1683664703371 0.2752222265488818 50
1683664703384 0.2764850071073177 51
1683664703397 0.2778282090045948 52
1683664703410 0.2792534273040459 53
1683664703423 0.28076082039078515 54
1683664703435 0.2823502744889413 55
1683664703448 0.2839705765232652 56
1683664703461 0.28565608063569725 57
1683664703474 0.2874127053280993 58
1683664703487 0.2892421818439046 59
1683664703500 0.29114479453407793 60
1683664703513 0.2931202192367259 61
1683664703525 0.2951676373756151 62
1683664703538 0.2972860269949894 63
1683664703551 0.2994741889498219 64
1683664703564 0.3017309375220869 65
1683664703576 0.30405496606233123 66
1683664703589 0.3064451953268469 67
1683664703602 0.3089004319078067 68
1683664703615 0.3114194778131629 69
1683664703628 0.3140011846337107 70
1683664703640 0.3166443250429385 71
1683664703653 0.3193478086042209 72
1683664703666 0.3221104716428403 73
1683664703679 0.32493107971789814 74
1683664703691 0.3278085837786622 75
1683664703704 0.3307417986361432 76
1683664703717 0.333729542933758 77
1683664703730 0.33677075056348627 78
1683664703742 0.339864323026744 79
1683664703755 0.3430092032377298 80
1683664703768 0.3462042967004061 81
1683664703780 0.349448609744076 82
1683664703793 0.35274115263727296 83
1683664703806 0.356080840579876 84
1683664703818 0.3594667862946334 85
1683664703831 0.36289795814030446 86
1683664703844 0.36637346561024964 87
1683664703856 0.36989231314323173 88
1683664703869 0.37345367310033944 89
1683664703882 0.37705656987997055 90
1683664703895 0.3807000967424746 91
1683664703907 0.38438331194327113 92
1683664703920 0.38810541164046924 93
1683664703932 0.3918654974913352 94
1683664703945 0.39566267231852215 95
1683664703957 0.39949601920814926 96
1683664703970 0.40336484124364264 97
1683664703982 0.407268096625588 98
1683664703995 0.4112050566889699 99
1683664704008 0.4151747571046452 100
1683664704020 0.4191765011451555 101
1683664704033 0.4232093402927533 102
1683664704045 0.4272724773997888 103
1683664704058 0.431365101695019 104
1683664704071 0.4354863467012972 105
1683664704083 0.43963532868451394 106
1683664704096 0.44381131386306394 107
1683664704108 0.44801346331801734 108
1683664704121 0.45224081715204506 109
1683664704134 0.45649264429044717 110
1683664704146 0.46076805197475434 111
1683664704159 0.46506619151387985 112
1683664704171 0.46938616625217144 113
1683664704184 0.4737270971729561 114
1683664704196 0.4780880282055806 115
1683664704209 0.48246814947245054 116
1683664704221 0.4868663898087971 117
1683664704234 0.4912818012629271 118
1683664704247 0.4957132670604567 119
1683664704259 0.5001597816815878 120
1683664704271 0.5046200813586701 121
1683664704284 0.5090931270313027 122
1683664704296 0.5135774891209216 123
1683664704309 0.5180718325369711 124
1683664704321 0.5225748748730463 125
1683664704334 0.5270850119747185 126
1683664704347 0.5316007745485041 127
1683664704359 0.5361206293203257 128
1683664704372 0.5406430835970365 129
1683664704384 0.5451671593417546 130
1683664704397 0.5496920347988594 131
1683664704409 0.5542179331328295 132
1683664704421 0.5587460775238152 133
1683664704434 0.563279192662857 134
1683664704447 0.5678224149006064 135
1683664704459 0.5723832758036174 136
1683664704472 0.5770831604228851 137
1683664704484 0.581836867921314 138
1683664704496 0.5866322596799849 139
1683664704509 0.5914701062284682 140
1683664704521 0.5963545016422721 141
1683664704534 0.6012901873214841 142
1683664704547 0.6062808773357037 143
1683664704560 0.6113288892023804 144
1683664704572 0.6164348587349872 145
1683664704585 0.6215982834763878 146
1683664704598 0.626817286255352 147
1683664704610 0.632088987762035 148
1683664704623 0.6374098765013918 149
1683664704636 0.6427764300865588 150
1683664704649 0.6481842069571734 151
1683664704661 0.6536954082051327 152
1683664704674 0.659243426534885 153
1683664704687 0.6647462678426758 154
1683664704699 0.6703247475422168 155
1683664704712 0.6758605536702225 156
1683664704725 0.681402912386053 157
1683664704738 0.6869587969341183 158
1683664704750 0.6925274837904842 159
1683664704763 0.6981057209727284 160
1683664704775 0.7036900199049926 161
1683664704788 0.7092771561078433 162
1683664704801 0.7148644362970674 163
1683664704813 0.7204494276032176 164
1683664704826 0.7260303693803105 165
1683664704839 0.7316059000298165 166
1683664704851 0.737174626087097 167
1683664704864 0.742735560749666 168
1683664704877 0.7482880059199563 169
1683664704890 0.7538310968439216 170
1683664704903 0.7593643845075462 171
1683664704915 0.7648871028666466 172
1683664704928 0.7703985863328651 173
1683664704940 0.775827472866197 174
1683664704953 0.781250440838133 175
1683664704966 0.7866832269532176 176
1683664704978 0.7921272186025081 177
1683664704991 0.7975794016133743 178
1683664705003 0.8030360632816481 179
1683664705016 0.8084935192044106 180
1683664705028 0.8139492330340335 181
1683664705041 0.8194010422110595 182
1683664705054 0.8248472712623978 183
1683664705067 0.8302866253614246 184
1683664705080 0.8357180035660489 185
1683664705093 0.8411403034139997 186
1683664705106 0.8465522589844359 187
1683664705119 0.8519530220912673 188
1683664705132 0.8573412110772545 189
1683664705145 0.8627160139425781 190
1683664705158 0.8680763712371212 191
1683664705171 0.8734213560187741 192
1683664705184 0.8787504142394633 193
1683664705198 0.8840626216407332 194
1683664705211 0.8893573928858892 195
1683664705224 0.8946344580285986 196
1683664705237 0.8998931860836229 197
1683664705250 0.9051333503373689 198
1683664705263 0.9103547130735011 199
1683664705276 0.9155567762310296 200
1683664705289 0.9207395330087764 201
1683664705301 0.9259029865273203 202
1683664705314 0.9310465358508888 203
1683664705327 0.9361703652140655 204
1683664705339 0.9412743556196025 205
1683664705352 0.9463582410622514 206
1683664705365 0.9514221308159646 207
1683664705378 0.9564658532693722 208
1683664705390 0.9614892207763571 209
1683664705403 0.9664921782023789 210
1683664705416 0.9714747231967271 211
1683664705428 0.976436721692614 212
1683664705441 0.9813782204140227 213
1683664705454 0.986299116226357 214
1683664705466 0.991199355176176 215
1683664705479 0.9960789234628276 216
1683664705492 1.000937758100401 217
1683664705505 1.0057757480282428 218
1683664705517 1.0105929415646655 219
1683664705530 1.0153892855710194 220
1683664705543 1.0201649190406772 221
1683664705555 1.0249196997345138 222
1683664705568 1.029653604986772 223
1683664705581 1.0343669084342517 224
1683664705593 1.0390592261178977 225
1683664705606 1.043730883372835 226
1683664705619 1.0483818086430927 227
1683664705631 1.0530121177078307 228
1683664705644 1.0576216293981324 229
1683664705657 1.062210689446273 230
1683664705670 1.0667790965096475 231
1683664705682 1.0713271206298878 232
1683664705695 1.0758547382687451 233
1683664705708 1.0803619868357575 234
1683664705720 1.08484906244289 235
1683664705733 1.0893159215658226 236
1683664705746 1.0937626691591331 237
1683664705758 1.0981895891670417 238
1683664705771 1.1025964082156976 239
1683664705784 1.1069835791584255 240
1683664705796 1.1113510169081666 241
1683664705809 1.1156988716239142 242
1683664705822 1.1200272494098282 243
1683664705834 1.1243364205438937 244
1683664705847 1.1286263399526204 245
1683664705860 1.13289731229595 246
1683664705873 1.1371490976519953 247
1683664705885 1.1413822927138024 248
1683664705898 1.145596706357404 249
1683664705910 1.149792766162277 250
