1683664532487 1.1641872 1
1683664532501 1.0419801 2
1683664532517 0.99477214 3
1683664532531 0.9745099 4
1683664532544 0.9552891 5
1683664532557 0.92805696 6
1683664532571 0.8922739 7
1683664532585 0.85060406 8
1683664532598 0.80624974 9
1683664532611 0.7618624 10
1683664532624 0.7192792 11
1683664532637 0.6796026 12
1683664532649 0.6433826 13
1683664532662 0.61079955 14
1683664532675 0.58181053 15
1683664532688 0.55624574 16
1683664532703 0.53385997 17
1683664532717 0.51435924 18
1683664532730 0.49742305 19
1683664532743 0.48272854 20
1683664532755 0.46997267 21
1683664532768 0.45888647 22
1683664532781 0.44924006 23
1683664532794 0.44084254 24
1683664532806 0.43353766 25
1683664532819 0.4271979 26
1683664532832 0.42171884 27
1683664532845 0.41701356 28
1683664532857 0.41300827 29
1683664532869 0.40963864 30
1683664532882 0.40684706 31
1683664532894 0.40458098 32
1683664532907 0.4027914 33
1683664532919 0.40143228 34
1683664532932 0.40046006 35
1683664532945 0.39983386 36
1683664532957 0.3995151 37
1683664532969 0.39946783 38
1683664532982 0.39965877 39
1683664532995 0.4000575 40
1683664533008 0.40063626 41
1683664533020 0.40137032 42
1683664533034 0.40223753 43
1683664533047 0.4032185 44
1683664533059 0.40429592 45
1683664533072 0.40545517 46
1683664533085 0.4066837 47
1683664533098 0.40797114 48
1683664533111 0.40930867 49
1683664533124 0.4106891 50
1683664533137 0.4121066 51
1683664533149 0.41355652 52
1683664533162 0.41503498 53
1683664533174 0.41653922 54
1683664533187 0.41806704 55
1683664533200 0.41961676 56
1683664533212 0.42118734 57
1683664533225 0.42277798 58
1683664533238 0.42438823 59
1683664533251 0.42601785 60
1683664533263 0.4276669 61
1683664533276 0.42933542 62
1683664533289 0.43102378 63
1683664533302 0.43273216 64
1683664533314 0.43446094 65
1683664533327 0.43621057 66
1683664533340 0.43798143 67
1683664533352 0.43977395 68
1683664533365 0.44158852 69
1683664533377 0.44342557 70
1683664533390 0.44528547 71
1683664533402 0.44716853 72
1683664533414 0.44907516 73
1683664533427 0.45100564 74
1683664533440 0.4529602 75
1683664533452 0.45493925 76
1683664533465 0.45694286 77
1683664533477 0.45897126 78
1683664533490 0.46102482 79
1683664533503 0.46310347 80
1683664533515 0.46520743 81
1683664533527 0.46733683 82
1683664533540 0.46949184 83
1683664533552 0.4716724 84
1683664533565 0.4738786 85
1683664533577 0.47611052 86
1683664533590 0.4783681 87
1683664533603 0.4806515 88
1683664533615 0.48296055 89
1683664533628 0.4852953 90
1683664533641 0.48765576 91
1683664533653 0.49004176 92
1683664533665 0.49245328 93
1683664533678 0.4948902 94
1683664533691 0.4973526 95
1683664533706 0.4998402 96
1683664533719 0.502353 97
1683664533731 0.5048909 98
1683664533745 0.5074537 99
1683664533757 0.51004124 100
1683664533769 0.51265347 101
1683664533782 0.5152903 102
1683664533795 0.5179515 103
1683664533809 0.5206369 104
1683664533822 0.5233464 105
1683664533835 0.5260799 106
1683664533849 0.5288416 107
1683664533862 0.53163266 108
1683664533875 0.5344529 109
1683664533887 0.5373018 110
1683664533901 0.5401783 111
1683664533913 0.5430821 112
1683664533926 0.5460123 113
1683664533939 0.5489683 114
1683664533953 0.55194974 115
1683664533965 0.55495596 116
1683664533978 0.55798656 117
1683664533990 0.5610411 118
1683664534003 0.56411886 119
1683664534016 0.56721973 120
1683664534029 0.5703429 121
1683664534042 0.5734881 122
1683664534054 0.5766549 123
1683664534067 0.5798429 124
1683664534080 0.5830518 125
1683664534093 0.58628106 126
1683664534106 0.58953065 127
1683664534119 0.59280026 128
1683664534132 0.5960896 129
1683664534145 0.5993985 130
1683664534157 0.6027267 131
1683664534170 0.6060742 132
1683664534182 0.6094408 133
1683664534196 0.6128262 134
1683664534209 0.6162305 135
1683664534221 0.6196536 136
1683664534234 0.62309515 137
1683664534246 0.6265552 138
1683664534258 0.6300337 139
1683664534271 0.6335304 140
1683664534283 0.6370454 141
1683664534295 0.64057845 142
1683664534308 0.6441295 143
1683664534320 0.64769846 144
1683664534333 0.6512853 145
1683664534345 0.6548898 146
1683664534358 0.658512 147
1683664534370 0.6621517 148
1683664534383 0.6658088 149
1683664534395 0.6694833 150
1683664534408 0.67317504 151
1683664534420 0.6768839 152
1683664534433 0.68060976 153
1683664534445 0.68435264 154
1683664534457 0.68811226 155
1683664534469 0.69188863 156
1683664534481 0.6956816 157
1683664534493 0.6994912 158
1683664534506 0.7033171 159
1683664534518 0.7071594 160
1683664534531 0.71101785 161
1683664534543 0.71489245 162
1683664534556 0.718783 163
1683664534568 0.7226894 164
1683664534584 0.7266116 165
1683664534597 0.73054945 166
1683664534609 0.7345029 167
1683664534622 0.7384718 168
1683664534635 0.7424561 169
1683664534647 0.74645555 170
1683664534660 0.75047016 171
1683664534672 0.7544998 172
1683664534685 0.75854445 173
1683664534698 0.76260376 174
1683664534714 0.766678 175
1683664534728 0.77076674 176
1683664534743 0.7748699 177
1683664534761 0.77898765 178
1683664534777 0.78311956 179
1683664534794 0.78726566 180
1683664534806 0.791426 181
1683664534819 0.79560024 182
1683664534831 0.7997885 183
1683664534844 0.80399036 184
1683664534857 0.8082061 185
1683664534869 0.8124353 186
1683664534882 0.81667805 187
1683664534895 0.8209343 188
1683664534908 0.8252038 189
1683664534921 0.82948655 190
1683664534933 0.8337823 191
1683664534946 0.8380912 192
1683664534959 0.84241307 193
1683664534972 0.84674764 194
1683664534985 0.8510951 195
1683664534997 0.85545516 196
1683664535009 0.85982776 197
1683664535022 0.8642129 198
1683664535035 0.8686104 199
1683664535047 0.8730202 200
1683664535059 0.87744206 201
1683664535072 0.8818763 202
1683664535084 0.8863225 203
1683664535097 0.89078057 204
1683664535109 0.8952506 205
1683664535122 0.89973235 206
1683664535135 0.9042258 207
1683664535147 0.908731 208
1683664535160 0.91324764 209
1683664535173 0.91777575 210
1683664535185 0.9223153 211
1683664535198 0.9268661 212
1683664535211 0.9314281 213
1683664535223 0.9360013 214
1683664535237 0.9405855 215
1683664535250 0.9451901 216
1683664535262 0.94981706 217
1683664535275 0.9544651 218
1683664535288 0.95913213 219
1683664535301 0.9638162 220
1683664535315 0.96851575 221
1683664535328 0.9732299 222
1683664535341 0.97795767 223
1683664535354 0.98269844 224
1683664535367 0.9874518 225
1683664535381 0.9922172 226
1683664535394 0.9969943 227
1683664535406 1.0017828 228
1683664535419 1.0065819 229
1683664535432 1.0113916 230
1683664535445 1.0162113 231
1683664535458 1.0210409 232
1683664535471 1.0258801 233
1683664535484 1.0307287 234
1683664535497 1.0355866 235
1683664535509 1.0404536 236
1683664535522 1.0453296 237
1683664535536 1.0502144 238
1683664535549 1.0551083 239
1683664535562 1.060011 240
1683664535574 1.0649226 241
1683664535587 1.0698429 242
1683664535600 1.0747721 243
1683664535613 1.07971 244
1683664535625 1.0846567 245
1683664535639 1.089612 246
1683664535652 1.0945761 247
1683664535664 1.0995487 248
1683664535677 1.1045301 249
1683664535690 1.10952 250
