1683665656590 0.04638234110088015 1
1683665656604 0.07098844806949609 2
1683665656617 0.08947574782093606 3
1683665656630 0.10565057018199298 4
1683665656643 0.1221857296305514 5
1683665656656 0.13775276822614677 6
1683665656668 0.15196516544703367 7
1683665656683 0.16487722213514028 8
1683665656699 0.1766731536575093 9
1683665656719 0.1875494813640193 10
1683665656739 0.19767920589180313 11
1683665656760 0.20720568301468234 12
1683665656779 0.2162416135102945 13
1683665656798 0.224867742157234 14
1683665656819 0.23313086216007836 15
1683665656832 0.24104614323457235 16
1683665656845 0.248605719305014 17
1683665656859 0.25579142393626736 18
1683665656872 0.26258416809766194 19
1683665656885 0.2689663684458142 20
1683665656899 0.2749220579621075 21
1683665656913 0.2804361903072935 22
1683665656926 0.2854948423852313 23
1683665656939 0.29008672281691333 24
1683665656951 0.2942045733660107 25
1683665656964 0.2978467894723699 26
1683665656977 0.3010183375937366 27
1683665656989 0.3037310626735187 28
1683665657002 0.3060038619540923 29
1683665657015 0.3078618376858039 30
1683665657027 0.309335431095086 31
1683665657039 0.31045912268000875 32
1683665657052 0.3112700856097498 33
1683665657065 0.31180666140630436 34
1683665657077 0.3121077254424579 35
1683665657090 0.31221094294180857 36
1683665657102 0.31215246770246957 37
1683665657115 0.31196597146582344 38
1683665657127 0.31168261254898955 39
1683665657140 0.3113302465621116 40
1683665657152 0.31093387753299906 41
1683665657165 0.3105152835154825 42
1683665657177 0.3100934489399556 43
1683665657190 0.3096843407916701 44
1683665657203 0.30930166147937205 45
1683665657216 0.30866109343320947 46
1683665657229 0.3080754955055546 47
1683665657241 0.30784996366674167 48
1683665657254 0.307723967821094 49
1683665657266 0.30763400884971576 50
1683665657279 0.30759343746887513 51
1683665657291 0.3076150838462448 52
1683665657304 0.3077096004513032 53
1683665657316 0.30788382551644233 54
1683665657329 0.30814149067490954 55
1683665657341 0.30848386739461336 56
1683665657353 0.30891048315962244 57
1683665657366 0.30941994632750924 58
1683665657378 0.31001034408099726 59
1683665657391 0.31067940508661773 60
1683665657404 0.31142490164821546 61
1683665657416 0.3122445302850499 62
1683665657429 0.3131363250815704 63
1683665657442 0.31409795156000253 64
1683665657454 0.31512762726418564 65
1683665657467 0.3162234257550411 66
1683665657480 0.31738360341166083 67
1683665657493 0.3184493274267332 68
1683665657506 0.31972675766235215 69
1683665657518 0.32095192164052594 70
1683665657530 0.3223742959044495 71
1683665657543 0.32374735971433416 72
1683665657556 0.32513797459497557 73
1683665657568 0.3265609943631 74
1683665657581 0.32815632038481474 75
1683665657594 0.32968535772265883 76
1683665657606 0.3312286870969259 77
1683665657619 0.33294468456924287 78
1683665657632 0.3347308587814602 79
1683665657644 0.33642398732293083 80
1683665657657 0.33827157771797856 81
1683665657670 0.34003498642503593 82
1683665657683 0.34195754482820506 83
1683665657695 0.3438778436981807 84
1683665657708 0.34584191842655276 85
1683665657721 0.3477121086758621 86
1683665657734 0.34974882150748693 87
1683665657747 0.3518625884283882 88
1683665657760 0.3540392454187329 89
1683665657773 0.35613251915601707 90
1683665657785 0.3583888727203475 91
1683665657798 0.3607207155450834 92
1683665657811 0.3629741417923109 93
1683665657824 0.3653871477711879 94
1683665657836 0.36773323520766427 95
1683665657848 0.37023926394936274 96
1683665657860 0.37281525733754467 97
1683665657873 0.37530728074842495 98
1683665657885 0.3779492059784867 99
1683665657897 0.38051395753121425 100
1683665657909 0.38322821392960965 101
1683665657921 0.386000886449689 102
1683665657934 0.388815499313386 103
1683665657946 0.3915248734768673 104
1683665657958 0.39437102288440473 105
1683665657971 0.3972647401183089 106
1683665657984 0.40019033530272763 107
1683665657997 0.4031422907436429 108
1683665658009 0.4061175334381189 109
1683665658022 0.4091137914388733 110
1683665658034 0.4121289925803757 111
1683665658046 0.4151609912481476 112
1683665658059 0.4182077811812294 113
1683665658071 0.4212672205375573 114
1683665658083 0.424337118577919 115
1683665658095 0.42741543163116097 116
1683665658108 0.4305000056229767 117
1683665658120 0.43358863195788167 118
1683665658132 0.43667958504557913 119
1683665658144 0.4397710203566969 120
1683665658157 0.4428614881382165 121
1683665658169 0.4459500117926727 122
1683665658182 0.44903614133357017 123
1683665658194 0.4521202954825017 124
1683665658207 0.45520354207019614 125
1683665658219 0.4582880236669404 126
1683665658231 0.4613768572634245 127
1683665658244 0.4644742165360576 128
1683665658256 0.46758472607002144 129
1683665658269 0.47071370629370923 130
1683665658281 0.47386633732044964 131
1683665658294 0.47704751149717445 132
1683665658306 0.480261498574604 133
1683665658318 0.4835114453137356 134
1683665658331 0.48679937878979246 135
1683665658343 0.4901260811640387 136
1683665658356 0.4934914109828894 137
1683665658369 0.4968939248151141 138
1683665658381 0.5003317712603158 139
1683665658394 0.5038023106926881 140
1683665658407 0.5073028088136862 141
1683665658419 0.5108303759802034 142
1683665658432 0.5143820033328833 143
1683665658444 0.5179549486164539 144
1683665658457 0.5215466979919942 145
1683665658470 0.5251548225492011 146
1683665658483 0.52877724961668 147
1683665658496 0.5324121531398318 148
1683665658509 0.536057902555084 149
1683665658522 0.5397131807656842 150
1683665658534 0.5433767815293192 151
1683665658547 0.5470479133267223 152
1683665658560 0.5507255898226167 153
1683665658573 0.554409212543786 154
1683665658585 0.5580985024082856 155
1683665658598 0.5617927402509819 156
1683665658612 0.5654918823178486 157
1683665658625 0.5691955960797496 158
1683665658638 0.5729036879472175 159
1683665658652 0.5766160026359567 160
1683665658665 0.5803325674268267 161
1683665658677 0.5840530094445038 162
1683665658691 0.5877775507413534 163
1683665658704 0.5915058960066142 164
1683665658717 0.5952380330187854 165
1683665658731 0.5989740719403763 166
1683665658744 0.6027136535654358 167
1683665658757 0.6064569686225636 168
1683665658770 0.6102038841763572 169
1683665658784 0.6139540970493542 170
1683665658797 0.6177077715034809 171
1683665658811 0.6214648467829618 172
1683665658824 0.6252252426224761 173
1683665658837 0.6289887201248644 174
1683665658851 0.6327553559965711 175
1683665658864 0.6365251512964585 176
1683665658878 0.6402978517186765 177
1683665658891 0.6440735415871719 178
1683665658904 0.647852032933939 179
1683665658918 0.6516335015457586 180
1683665658931 0.6554175320612541 181
1683665658944 0.6592045138667162 182
1683665658956 0.6629940363908735 183
1683665658969 0.6667861792886202 184
1683665658981 0.6705810031295268 185
1683665658994 0.6743783502315315 186
1683665659007 0.6781781386443628 187
1683665659020 0.6819805834116435 188
1683665659033 0.6857853858395173 189
1683665659046 0.6895927593708406 190
1683665659059 0.6934024757593081 191
1683665659072 0.6972145999973235 192
1683665659085 0.7010289697365285 193
1683665659098 0.7048459115398209 194
1683665659111 0.7086651811810767 195
1683665659124 0.7124867607973765 196
1683665659136 0.7163105903720551 197
1683665659149 0.7201368939930951 198
1683665659162 0.7239655246250513 199
1683665659175 0.7277964020121692 200
1683665659189 0.731629682201226 201
1683665659201 0.7354651962956977 202
1683665659215 0.7393031361776096 203
1683665659228 0.7431433141580969 204
1683665659240 0.7469859064701406 205
1683665659253 0.7508307471693365 206
1683665659265 0.7546780899954321 207
1683665659278 0.7585276968825371 208
1683665659291 0.7623796457449197 209
1683665659305 0.7662340261195916 210
1683665659317 0.7700908330618867 211
1683665659330 0.7739499992669272 212
1683665659343 0.7777300948714578 213
1683665659356 0.7815932054594553 214
1683665659369 0.785395084150239 215
1683665659382 0.7892012943405001 216
1683665659394 0.793023623047945 217
1683665659408 0.7968620475953059 218
1683665659420 0.800713525535871 219
1683665659433 0.8045750883217005 220
1683665659445 0.8084443000952976 221
1683665659459 0.8123197758408719 222
1683665659472 0.8162003615855654 223
1683665659485 0.8200856101819876 224
1683665659498 0.8239748996535223 225
1683665659511 0.8278683148828344 226
1683665659524 0.8317652039582109 227
1683665659536 0.8356656985616712 228
1683665659549 0.8395693527295329 229
1683665659562 0.8434760195338828 230
1683665659574 0.8473856168560941 231
1683665659587 0.8512388781362105 232
1683665659600 0.8550946213761508 233
1683665659613 0.8589660164183884 234
1683665659626 0.8628550274189882 235
1683665659638 0.8667607922843837 236
1683665659652 0.8706810193826704 237
1683665659665 0.8746138037626124 238
1683665659677 0.8785573069695727 239
1683665659690 0.8825100985842325 240
1683665659703 0.8864710857087776 241
1683665659716 0.8904396636590662 242
1683665659729 0.8944149557596139 243
1683665659741 0.8983963357560845 244
1683665659754 0.9023833356495357 245
1683665659767 0.9063752625668677 246
1683665659780 0.9103719567025862 247
1683665659792 0.9143724227546274 248
1683665659805 0.9183763567740441 249
1683665659818 0.9223835180070532 250
