1683664513376 1.2948512459591355 1
1683664513389 1.2385007879840646 2
1683664513402 1.2492162696059108 3
1683664513414 1.281849832825227 4
1683664513428 1.3104169256831981 5
1683664513441 1.3256245747542355 6
1683664513453 1.3273274506134134 7
1683664513466 1.3188713278830972 8
1683664513479 1.3041084708370805 9
1683664513491 1.286202384000241 10
1683664513504 1.267375234579969 11
1683664513517 1.2490275471991346 12
1683664513530 1.2319477044435736 13
1683664513542 1.2165030775582 14
1683664513555 1.2027833250790623 15
1683664513567 1.1907023501844898 16
1683664513580 1.1800673760677838 17
1683664513592 1.1706291943287939 18
1683664513605 1.1621174387537492 19
1683664513618 1.154266938078852 20
1683664513630 1.1468350477474711 21
1683664513642 1.1396124443141264 22
1683664513655 1.1324290810619286 23
1683664513667 1.125155254343226 24
1683664513680 1.1177001585321489 25
1683664513693 1.1100087350209877 26
1683664513706 1.1020575842571634 27
1683664513718 1.0938504608616455 28
1683664513731 1.0854142033623053 29
1683664513744 1.076793243604259 30
1683664513756 1.0680451271072062 31
1683664513768 1.0592355242254006 32
1683664513781 1.0504339320025138 33
1683664513793 1.0417098065034482 34
1683664513806 1.0331295851726934 35
1683664513818 1.0247543141798967 36
1683664513830 1.0166381356107141 37
1683664513843 1.0088275909040938 38
1683664513856 1.0014312341750062 39
1683664513868 0.9944004710065104 40
1683664513880 0.9877448452817695 41
1683664513893 0.9814767880923705 42
1683664513906 0.9756235319099769 43
1683664513919 0.9701973467125871 44
1683664513933 0.9652016443387814 45
1683664513946 0.9606341304103847 46
1683664513959 0.9564889162452257 47
1683664513973 0.9527577603578479 48
1683664513987 0.949430349252126 49
1683664514000 0.9464954202460061 50
1683664514014 0.9439408718033068 51
1683664514027 0.9417542101490941 52
1683664514041 0.939922376185618 53
1683664514055 0.9384325490711695 54
1683664514068 0.9372718462489127 55
1683664514082 0.9364278674797236 56
1683664514096 0.935888544065126 57
1683664514109 0.9356418347146684 58
1683664514122 0.9356769038153954 59
1683664514135 0.9359829639587909 60
1683664514147 0.9365498603057081 61
1683664514162 0.9373681731570365 62
1683664514175 0.9384285269966506 63
1683664514188 0.9397226405825454 64
1683664514200 0.9412423036781234 65
1683664514213 0.9429797419637876 66
1683664514226 0.9449276437882945 67
1683664514238 0.9470792186194787 68
1683664514251 0.9494277347254658 69
1683664514263 0.951966965455153 70
1683664514275 0.9546911310234052 71
1683664514288 0.9575946725690605 72
1683664514300 0.9606725252888428 73
1683664514313 0.963919706768352 74
1683664514325 0.9673317490183468 75
1683664514338 0.9709045689828676 76
1683664514350 0.9746341357003325 77
1683664514362 0.9785167613900807 78
1683664514375 0.9825491864662412 79
1683664514387 0.986728051345465 80
1683664514400 0.9910504951565506 81
1683664514412 0.9955136677510301 82
1683664514425 1.0001148989464521 83
1683664514437 1.0048518261958064 84
1683664514450 1.0097222189710242 85
1683664514462 1.0147237415452153 86
1683664514475 1.019854564947346 87
1683664514487 1.0251125744004805 88
1683664514500 1.0304960793533846 89
1683664514512 1.0360033074585973 90
1683664514524 1.0416326969840657 91
1683664514537 1.0473824189169534 92
1683664514549 1.0532511801510707 93
1683664514561 1.0592374728175804 94
1683664514574 1.065513968376019 95
1683664514586 1.0719218048499948 96
1683664514599 1.0784275812884065 97
1683664514611 1.0850236268978404 98
1683664514624 1.0917093765290733 99
1683664514636 1.0984860057125316 100
1683664514648 1.1053551289617471 101
1683664514660 1.11231774350933 102
1683664514673 1.1193744519424402 103
1683664514685 1.1265253352000295 104
1683664514698 1.1337701981240742 105
1683664514711 1.1411087462867955 106
1683664514723 1.1485405589160838 107
1683664514736 1.1560653192256984 108
1683664514749 1.1636825557235433 109
1683664514761 1.171392056633835 110
1683664514774 1.179193171352186 111
1683664514787 1.1870857608700198 112
1683664514801 1.1950692495661677 113
1683664514813 1.2031430693911143 114
1683664514826 1.211306708033856 115
1683664514839 1.2195593150273916 116
1683664514852 1.2279003179826504 117
1683664514864 1.2363286106398679 118
1683664514877 1.2448435888473481 119
1683664514890 1.2534440009974106 120
1683664514903 1.2621290362377726 121
1683664514915 1.27089773670517 122
1683664514928 1.279749048472412 123
1683664514941 1.288681517018975 124
1683664514954 1.297694587171038 125
1683664514967 1.3067869485452244 126
1683664514980 1.3159574982332654 127
1683664514993 1.325205276987321 128
1683664515006 1.3345290552973266 129
1683664515019 1.3439280592659235 130
1683664515032 1.353400908487254 131
1683664515044 1.3629467149894265 132
1683664515057 1.3725645443499213 133
1683664515069 1.3822533546014628 134
1683664515082 1.3920121163757284 135
1683664515095 1.4018397372967488 136
1683664515108 1.4117352640650909 137
1683664515120 1.421697783482481 138
1683664515133 1.43172623896792 139
1683664515145 1.4418195838430536 140
1683664515158 1.4519771579836434 141
1683664515171 1.4621978298052203 142
1683664515184 1.4724804229150035 143
1683664515198 1.4828243199672437 144
1683664515211 1.4932284205307116 145
1683664515224 1.5036919169481342 146
1683664515237 1.5142137327975052 147
1683664515249 1.5247929881960134 148
1683664515262 1.5354288411684502 149
1683664515275 1.5461202956137425 150
1683664515288 1.5568666276518504 151
1683664515300 1.567666642572528 152
1683664515313 1.5785198512124898 153
1683664515326 1.5894250562103653 154
1683664515339 1.6003813163438325 155
1683664515351 1.6113879076448676 156
1683664515364 1.622444137181262 157
1683664515377 1.6335486908248145 158
1683664515390 1.644701129307317 159
1683664515402 1.6559004919408915 160
1683664515415 1.6671456217349014 161
1683664515427 1.6784362058466296 162
1683664515440 1.6897710567830098 163
1683664515453 1.701149360870831 164
1683664515466 1.712570228789194 165
1683664515478 1.7240332008967085 166
1683664515492 1.735537237075437 167
1683664515505 1.747081447056197 168
1683664515518 1.758665019334448 169
1683664515530 1.7702872007579487 170
1683664515543 1.7819473706130036 171
1683664515556 1.7936445839911745 172
1683664515569 1.8053778908388964 173
1683664515582 1.8171468848794823 174
1683664515595 1.8289505457830695 175
1683664515607 1.8407883309103583 176
1683664515620 1.8526592252494785 177
1683664515633 1.8645626905013422 178
1683664515646 1.8764978524101132 179
1683664515659 1.8884640354986584 180
1683664515671 1.900460590415301 181
1683664515684 1.9124866628417976 182
1683664515698 1.9245413430655982 183
1683664515711 1.936624446706478 184
1683664515724 1.948734997844444 185
1683664515736 1.96087221879439 186
1683664515749 1.9730356088996535 187
1683664515762 1.9852243555920972 188
1683664515774 1.9974377502660423 189
1683664515787 2.0096752533201814 190
1683664515800 2.021936226642949 191
1683664515812 2.034219681944357 192
1683664515826 2.0465255665752324 193
1683664515838 2.0588528921940825 194
1683664515851 2.0712010270549426 195
1683664515863 2.0835692315103183 196
1683664515876 2.095957219241953 197
1683664515888 2.108364225750875 198
1683664515900 2.120789521714947 199
1683664515913 2.133232818015851 200
1683664515925 2.145693477950214 201
1683664515938 2.1581706748892313 202
1683664515950 2.1706641007472065 203
1683664515962 2.1831727738997504 204
1683664515975 2.195697046132045 205
1683664515987 2.2082354304661123 206
1683664516000 2.2207877807437137 207
1683664516014 2.233353717011323 208
1683664516026 2.245932394841956 209
1683664516039 2.2585237482541967 210
1683664516051 2.2711268242046097 211
1683664516064 2.283741578872389 212
1683664516077 2.296367045981881 213
1683664516090 2.3090031877200534 214
1683664516103 2.3216492835750184 215
1683664516116 2.3343047977380893 216
1683664516128 2.3469695025152744 217
1683664516141 2.3596433441600997 218
1683664516154 2.3723248808913926 219
1683664516166 2.385014341457966 220
1683664516179 2.397711430387698 221
1683664516192 2.4104152116599353 222
1683664516205 2.423126110356601 223
1683664516217 2.4358431380271304 224
1683664516230 2.448565861968216 225
1683664516243 2.4612941923449823 226
1683664516255 2.4740274086221854 227
1683664516268 2.4867652795155033 228
1683664516281 2.499507993827992 229
1683664516293 2.5122543389508203 230
1683664516306 2.5250045563857983 231
1683664516319 2.537758363620418 232
1683664516332 2.550515050041734 233
1683664516344 2.5632747922519235 234
1683664516357 2.576036677788994 235
1683664516369 2.5888008745176236 236
1683664516382 2.6015671463104137 237
1683664516395 2.614334763209466 238
1683664516408 2.627103935007205 239
1683664516420 2.63987418243444 240
1683664516433 2.65264498632347 241
1683664516445 2.6654163673169093 242
1683664516458 2.6781882695486665 243
1683664516470 2.690960213985538 244
1683664516483 2.7037319466131944 245
1683664516496 2.716503668287985 246
1683664516508 2.7292742146259634 247
1683664516521 2.74204425264341 248
1683664516534 2.754813275604932 249
1683664516546 2.7675808453203268 250
