1683664702742 1.2381069454581888 1
1683664702756 1.1822489395586844 2
1683664702769 1.1925998027828169 3
1683664702782 1.223827833214671 4
1683664702795 1.250470512418597 5
1683664702808 1.2637419413539743 6
1683664702820 1.2636537548537228 7
1683664702833 1.2535773110217738 8
1683664702846 1.237778727591718 9
1683664702858 1.2187445004894677 10
1683664702871 1.1986473232656436 11
1683664702885 1.1789067999234262 12
1683664702898 1.160454050827968 13
1683664702911 1.143735601801429 14
1683664702924 1.1289825966188183 15
1683664702937 1.1161237906067913 16
1683664702950 1.1049545926052273 17
1683664702962 1.0952055408611603 18
1683664702975 1.0865842438587159 19
1683664702988 1.0788024467617805 20
1683664703000 1.0715936486949256 21
1683664703013 1.064724702213462 22
1683664703026 1.0580016647663488 23
1683664703038 1.0512737476397556 24
1683664703050 1.0444328685008744 25
1683664703063 1.0374112256830972 26
1683664703075 1.030177421329292 27
1683664703088 1.0227309277433145 28
1683664703101 1.015095552442657 29
1683664703114 1.0073142454625645 30
1683664703127 0.9994421901873923 31
1683664703139 0.99154217653876 32
1683664703152 0.9836795670354974 33
1683664703165 0.9759186697499949 34
1683664703177 0.9683205208525156 35
1683664703190 0.9609397934406219 36
1683664703203 0.9538246427704047 37
1683664703217 0.9470150872713741 38
1683664703230 0.94054371981768 39
1683664703243 0.9345252203681934 40
1683664703256 0.9288917909172651 41
1683664703269 0.9236503421120561 42
1683664703282 0.9187923021788276 43
1683664703295 0.9143192070343316 44
1683664703308 0.9102309782073625 45
1683664703321 0.9065488813474536 46
1683664703334 0.9032458216662245 47
1683664703347 0.9003075381144956 48
1683664703360 0.8977212024996373 49
1683664703373 0.8955174871826228 50
1683664703386 0.8936472858276284 51
1683664703399 0.8920909729475858 52
1683664703412 0.89083380341821 53
1683664703425 0.889861758234108 54
1683664703437 0.8891617298068473 55
1683664703450 0.8887606339780556 56
1683664703463 0.8886168332250592 57
1683664703476 0.8887136686617743 58
1683664703489 0.8890389879068754 59
1683664703502 0.8895819122128564 60
1683664703515 0.8903326785965762 61
1683664703527 0.8912821876936519 62
1683664703540 0.8924221074643933 63
1683664703553 0.893744686510323 64
1683664703566 0.895242706271869 65
1683664703578 0.8969093551848855 66
1683664703591 0.8987384790959094 67
1683664703604 0.900724273752093 68
1683664703617 0.902861275171812 69
1683664703629 0.9051443882668828 70
1683664703642 0.9075688349769552 71
1683664703655 0.9101303402743826 72
1683664703668 0.9128247857970566 73
1683664703681 0.9156482293502158 74
1683664703693 0.9185972547272357 75
1683664703706 0.9216683734453539 76
1683664703719 0.92485837333259 77
1683664703732 0.9281642681598673 78
1683664703744 0.9315831925766316 79
1683664703757 0.9351124929440962 80
1683664703770 0.9387494313810179 81
1683664703782 0.9424916475673444 82
1683664703795 0.9463367808647793 83
1683664703808 0.9502824223985928 84
1683664703820 0.9543265183434855 85
1683664703833 0.9584668577377449 86
1683664703846 0.9627014857060748 87
1683664703858 0.9670283636059545 88
1683664703871 0.9714456888367831 89
1683664703884 0.9759516130146599 90
1683664703897 0.9805443183003643 91
1683664703909 0.9852220327417636 92
1683664703921 0.9899832116963818 93
1683664703934 0.9948262202783749 94
1683664703947 0.9997494886294047 95
1683664703959 1.0047514526994474 96
1683664703972 1.0098308706151766 97
1683664703984 1.014986100273256 98
1683664703997 1.020215978746258 99
1683664704009 1.0255190520954571 100
1683664704022 1.030894265965527 101
1683664704035 1.0363403014384267 102
1683664704047 1.0418560761157072 103
1683664704060 1.0474405620949192 104
1683664704072 1.053092722599931 105
1683664704085 1.0588115461723941 106
1683664704098 1.0645962947732288 107
1683664704110 1.0704461976030994 108
1683664704123 1.0763603671417454 109
1683664704136 1.0823383575652668 110
1683664704148 1.088379595425791 111
1683664704161 1.094483674809593 112
1683664704173 1.1006502865925187 113
1683664704186 1.1068792968159549 114
1683664704198 1.1131705881317497 115
1683664704211 1.1195245512701537 116
1683664704223 1.1259413199317176 117
1683664704236 1.132421538460258 118
1683664704248 1.138965890993159 119
1683664704261 1.14557556035258 120
1683664704273 1.1522516882440352 121
1683664704286 1.1589963478210759 122
1683664704298 1.1658113153835319 123
1683664704311 1.1726992621244716 124
1683664704323 1.1796634313330183 125
1683664704336 1.1867072980219726 126
1683664704348 1.1938352256380906 127
1683664704361 1.2010520075145896 128
1683664704373 1.2083631204442873 129
1683664704386 1.215774985881203 130
1683664704398 1.2232940793812264 131
1683664704411 1.2309274232958152 132
1683664704423 1.2386816179955735 133
1683664704436 1.2465621214702518 134
1683664704448 1.2545729546121498 135
1683664704461 1.2627151946562871 136
1683664704473 1.2708761506986768 137
1683664704486 1.279112063724275 138
1683664704498 1.2874258325145447 139
1683664704511 1.2958132591261666 140
1683664704523 1.3042677598882852 141
1683664704536 1.3127817720993162 142
1683664704549 1.321346893056071 143
1683664704562 1.3299546433203462 144
1683664704574 1.338596760583644 145
1683664704587 1.3472660113214436 146
1683664704600 1.3559557925656787 147
1683664704612 1.3646601723971974 148
1683664704625 1.373374127917462 149
1683664704638 1.382093919608403 150
1683664704651 1.3908156551238844 151
1683664704663 1.3994745648900082 152
1683664704676 1.4081267462874418 153
1683664704689 1.4168433593471814 154
1683664704701 1.4255066902094966 155
1683664704714 1.4342232939484665 156
1683664704727 1.4429430187507117 157
1683664704739 1.451655688752846 158
1683664704752 1.460359188236732 159
1683664704765 1.4690532241648127 160
1683664704777 1.47773858672323 161
1683664704790 1.4864160066264787 162
1683664704803 1.4950861710251995 163
1683664704815 1.5037491589599745 164
1683664704828 1.5124052150553702 165
1683664704841 1.521054399709382 166
1683664704853 1.5296962475868399 167
1683664704866 1.538330521200792 168
1683664704879 1.546957088697797 169
1683664704892 1.555575396119456 170
1683664704904 1.5641853095048759 171
1683664704917 1.5727861947915864 172
1683664704930 1.581377305499212 173
1683664704942 1.5900266309897584 174
1683664704955 1.5986943055242815 175
1683664704967 1.6073715470109504 176
1683664704980 1.6160527350375862 177
1683664704993 1.6247332077888785 178
1683664705005 1.6334095846436805 179
1683664705018 1.6420789603169288 180
1683664705030 1.6507397734226859 181
1683664705043 1.6593904106157202 182
1683664705056 1.6680295881106075 183
1683664705069 1.6766561686072852 184
1683664705082 1.6852691235407302 185
1683664705095 1.693867371736045 186
1683664705108 1.702449621727541 187
1683664705121 1.7110151658257906 188
1683664705133 1.7195626521758762 189
1683664705147 1.7280915157115078 190
1683664705160 1.736600875796502 191
1683664705173 1.7450900822245998 192
1683664705186 1.7535588534261044 193
1683664705200 1.762006422669121 194
1683664705213 1.7704323195687701 195
1683664705226 1.7788365977467906 196
1683664705239 1.7872185623558243 197
1683664705252 1.7955781484663142 198
1683664705265 1.803915105589501 199
1683664705278 1.8122288462574274 200
1683664705290 1.8205193679263898 201
1683664705303 1.828786690746866 202
1683664705316 1.837029928532283 203
1683664705329 1.845249252744801 204
1683664705341 1.8534444549802047 205
1683664705354 1.861615094676786 206
1683664705367 1.8697612002164794 207
1683664705380 1.8778824892935748 208
1683664705392 1.885978523070952 209
1683664705405 1.894049229384172 210
1683664705418 1.902094431326065 211
1683664705430 1.910113913937825 212
1683664705443 1.9181076132490946 213
1683664705456 1.9260753792930574 214
1683664705468 1.934016966529914 215
1683664705481 1.9419323867038596 216
1683664705494 1.9498213767276769 217
1683664705507 1.9576837361337442 218
1683664705519 1.9655194919530017 219
1683664705532 1.973328459065086 220
1683664705545 1.9811108573553875 221
1683664705557 1.988866310423677 222
1683664705570 1.9965947572869254 223
1683664705583 2.0042965439590015 224
1683664705595 2.0119710523197454 225
1683664705608 2.0196186460215535 226
1683664705621 2.027239189646336 227
1683664705633 2.034832773428405 228
1683664705646 2.0423990629297575 229
1683664705659 2.0499384890321606 230
1683664705672 2.0574507013813976 231
1683664705684 2.0649359913064735 232
1683664705697 2.0723943054668172 233
1683664705710 2.0798255961224745 234
1683664705722 2.0872301019601562 235
1683664705735 2.094607664503728 236
1683664705748 2.1019583546479703 237
1683664705760 2.1092825457440703 238
1683664705773 2.116579772831819 239
1683664705786 2.123850590943933 240
1683664705798 2.131094812813961 241
1683664705811 2.1383126013733214 242
1683664705824 2.1455040286663767 243
1683664705836 2.152669416060807 244
1683664705849 2.1598086375911048 245
1683664705862 2.166922083066704 246
1683664705874 2.1740092741471386 247
1683664705887 2.1810710331716097 248
1683664705900 2.188107032776962 249
1683664705912 2.195117815494487 250
