1684616931618 2.0338107141472896 1
1684616931702 1.969129931013713 2
1684616931781 1.9132386758330817 3
1684616931854 1.8776608434764759 4
1684616931929 1.848623166233446 5
1684616932003 1.8156527164127478 6
1684616932077 1.7728972367462679 7
1684616932151 1.7182003324986082 8
1684616932228 1.6521587118311882 9
1684616932301 1.5771857446549098 10
1684616932376 1.4966396424308988 11
1684616932454 1.4140898136616762 12
1684616932527 1.332794136544694 13
1684616932602 1.255393186205215 14
1684616932675 1.1837883362178923 15
1684616932748 1.1191500796631768 16
1684616932825 1.0620046324211814 17
1684616932901 1.0123579594873644 18
1684616932975 0.9698281071082717 19
1684616933048 0.9337688342193047 20
1684616933120 0.9033757576901037 21
1684616933193 0.8777618283789339 22
1684616933265 0.8561755273742999 23
1684616933337 0.8377012683945991 24
1684616933412 0.8215588006320317 25
1684616933496 0.8070346754606266 26
1684616933570 0.7936323670638342 27
1684616933642 0.7809592259461082 28
1684616933716 0.7687415209004964 29
1684616933795 0.7568020996028066 30
1684616933867 0.7450972658449672 31
1684616933940 0.7337952011483924 32
1684616934013 0.7229555010188458 33
1684616934086 0.712765793035065 34
1684616934159 0.7034746736309977 35
1684616934232 0.6953512163184511 36
1684616934306 0.6886489752111098 37
1684616934379 0.683572189243049 38
1684616934454 0.6802483395694678 39
1684616934526 0.6787134425394064 40
1684616934597 0.6789140238318389 41
1684616934668 0.6807391753472989 42
1684616934740 0.6839934085870194 43
1684616934813 0.6884903395881643 44
1684616934896 0.694016906569641 45
1684616934972 0.7003899622266033 46
1684616935045 0.707395671364365 47
1684616935118 0.7149430345968535 48
1684616935190 0.7229501061952929 49
1684616935260 0.7314007284467985 50
1684616935332 0.7401956423876154 51
1684616935407 0.7492883522704898 52
1684616935488 0.758668127226804 53
1684616935560 0.7683505373157159 54
1684616935631 0.7783728114803765 55
1684616935705 0.788789693811413 56
1684616935776 0.799650351200805 57
1684616935850 0.8110328265087698 58
1684616935923 0.8230149603855579 59
1684616935996 0.8356709499017938 60
1684616936068 0.8490665603678528 61
1684616936138 0.8632548258912385 62
1684616936209 0.8782736254180286 63
1684616936280 0.8941419162942398 64
1684616936352 0.9108641059341991 65
1684616936424 0.9283322623837311 66
1684616936503 0.9465476285879957 67
1684616936581 0.9654731069740794 68
1684616936655 0.9850511608230548 69
1684616936728 1.005095925034301 70
1684616936799 1.025578892259595 71
1684616936873 1.046433397636358 72
1684616936945 1.0675803459791735 73
1684616937016 1.088937027951553 74
1684616937088 1.1104203449151726 75
1684616937158 1.1319484804210662 76
1684616937231 1.1534417917444975 77
1684616937304 1.1748236047229572 78
1684616937374 1.1960204736422988 79
1684616937446 1.2169630824461832 80
1684616937518 1.2375867770065498 81
1684616937591 1.2578323922271606 82
1684616937663 1.2776470404543416 83
1684616937736 1.2969845640768058 84
1684616937808 1.3158063201325327 85
1684616937883 1.3340816241859754 86
1684616937956 1.351787727428852 87
1684616938029 1.368910802335093 88
1684616938100 1.3854448797824206 89
1684616938172 1.4013924330172938 90
1684616938243 1.4167636195409599 91
1684616938314 1.4315759215091584 92
1684616938385 1.4458533579382113 93
1684616938458 1.4596259534160327 94
1684616938531 1.4729282341322463 95
1684616938604 1.4857988777418347 96
1684616938676 1.4982791668832203 97
1684616938748 1.5104124292553553 98
1684616938825 1.5222423109619339 99
1684616938901 1.5338127875286474 100
1684616938976 1.5451665693418943 101
1684616939050 1.5563291616376778 102
1684616939122 1.5673238576020785 103
1684616939194 1.578178883536078 104
1684616939266 1.5889238530290286 105
1684616939338 1.5995879661962247 106
1684616939410 1.6101983235887158 107
1684616939483 1.620779470952801 108
1684616939677 1.6313527147126874 109
1684616939839 1.6419363516584542 110
1684616939945 1.6525449790501023 111
1684616940022 1.6631911930489751 112
1684616940097 1.673884344819133 113
1684616940171 1.6846314129032423 114
1684616940245 1.6954376302304035 115
1684616940318 1.7063057823283252 116
1684616940392 1.7172372554079622 117
1684616940464 1.7282323387847625 118
1684616940536 1.7392898414966442 119
1684616940608 1.7504071270248955 120
1684616940679 1.761581656643558 121
1684616940752 1.772809669671441 122
1684616940823 1.7840868098951201 123
1684616940899 1.7954086656979973 124
1684616940974 1.806769637185098 125
1684616941048 1.8181647728741253 126
1684616941121 1.829587922812344 127
1684616941195 1.841033165499077 128
1684616941267 1.8524942543574732 129
1684616941340 1.8639644466268668 130
1684616941415 1.875436783821205 131
1684616941491 1.886904238061032 132
1684616941567 1.8983594641525943 133
1684616941641 1.909794784536045 134
1684616941714 1.9212028944750883 135
1684616941787 1.9325763223229924 136
1684616941859 1.9439091652006137 137
1684616941933 1.9551956977352418 138
1684616942005 1.9664325917853231 139
1684616942076 1.9778563878984814 140
1684616942148 1.9893065152788392 141
1684616942221 2.000745524817557 142
1684616942294 2.012159295615783 143
1684616942369 2.0235434370987004 144
1684616942442 2.0348981645459894 145
1684616942516 2.0462248592049743 146
1684616942589 2.0575254665667524 147
1684616942660 2.068802070232305 148
1684616942731 2.080056575472322 149
1684616942803 2.091290952953733 150
1684616942876 2.1025062217097386 151
1684616942952 2.113703679738581 152
1684616943037 2.124883959582754 153
1684616943113 2.1360469020000443 154
1684616943186 2.1471922718564116 155
1684616943257 2.1583190706788833 156
1684616943328 2.16942586999791 157
1684616943398 2.180510321243205 158
1684616943471 2.191570477585734 159
1684616943542 2.202603144476553 160
1684616943613 2.213604551081649 161
1684616943687 2.2245715172037706 162
1684616943758 2.2354996595186134 163
1684616943830 2.2463852934520947 164
1684616943904 2.2572245103098814 165
1684616943979 2.2680137355154972 166
1684616944056 2.278749902761949 167
1684616944133 2.289431203969266 168
1684616944205 2.30005552103314 169
1684616944275 2.31062244661189 170
1684616944346 2.321131823932756 171
1684616944420 2.3315844276341555 172
1684616944494 2.341981611730711 173
1684616944567 2.3523255256224953 174
1684616944638 2.362618466116991 175
1684616944709 2.372863062191974 176
1684616944780 2.383062384548195 177
1684616944850 2.3932194350466123 178
1684616944923 2.403337179006552 179
1684616945000 2.413418218318344 180
1684616945075 2.4234656088410595 181
1684616945146 2.4334816480128056 182
1684616945220 2.4434683237725503 183
1684616945290 2.453427858399027 184
1684616945361 2.463361480053329 185
1684616945433 2.4732706227192702 186
1684616945505 2.483156056130944 187
1684616945575 2.493018225380406 188
1684616945649 2.502857506134055 189
1684616945721 2.512673576828944 190
1684616945795 2.52246655569604 191
1684616945867 2.53223580495583 192
1684616945938 2.541979880202378 193
1684616946013 2.551698922075608 194
1684616946086 2.561391088346931 195
1684616946157 2.571055105038721 196
1684616946229 2.5806902313393287 197
1684616946300 2.5902945233054044 198
1684616946371 2.5998671761338024 199
1684616946442 2.609406493840683 200
1684616946517 2.6189114269949645 201
1684616946589 2.628380703098197 202
1684616946661 2.63781322224935 203
1684616946734 2.6472076685829613 204
1684616946806 2.6565635714950675 205
1684616946880 2.6658801914132013 206
1684616946952 2.6751567687888347 207
1684616947025 2.684393081983015 208
1684616947096 2.6935885766445433 209
1684616947169 2.702743877905081 210
1684616947243 2.7118587466024424 211
1684616947318 2.720932931356681 212
1684616947391 2.7299679728527915 213
1684616947462 2.7389636417410554 214
1684616947536 2.7479215337702088 215
1684616947609 2.7570194920392073 216
1684616947680 2.76613154174456 217
1684616947941 2.775224997780369 218
1684616948109 2.784285072791446 219
1684616948196 2.7933040517153906 220
1684616948269 2.802279143365936 221
1684616948342 2.811208127508664 222
1684616948415 2.820089901847969 223
1684616948486 2.8289242170704574 224
1684616948562 2.8377112196808185 225
1684616948636 2.846451657792022 226
1684616948709 2.855147359910328 227
1684616948781 2.863799850064021 228
1684616948857 2.872411402254781 229
1684616948929 2.880984862744114 230
1684616949004 2.889522428050091 231
1684616949077 2.8980278115547895 232
1684616949152 2.9065038734441653 233
1684616949227 2.9149537594022776 234
1684616949298 2.923380852915195 235
1684616949369 2.9317883453575657 236
1684616949440 2.9401792722543694 237
1684616949511 2.9485559947023683 238
1684616949582 2.9569218196164515 239
1684616949655 2.965278920679707 240
1684616949725 2.9736291607498018 241
1684616949796 2.9819749273539804 242
1684616949868 2.990317453974668 243
1684616949939 2.998658397017861 244
1684616950013 3.0069996871150435 245
1684616950085 3.0153409825022037 246
1684616950158 3.0236839714028014 247
1684616950231 3.0320295880126915 248
1684616950302 3.04037783781612 249
1684616950375 3.0487293809410447 250
