1684617394242 1.7329158 1
1684617394336 1.5274241 2
1684617394416 1.3536503 3
1684617394489 1.2276658 4
1684617394563 1.1260508 5
1684617394637 1.032218 6
1684617394713 0.9397128 7
1684617394792 0.8493786 8
1684617394867 0.7631899 9
1684617394943 0.6842861 10
1684617395016 0.6147323 11
1684617395094 0.5560048 12
1684617395167 0.50820017 13
1684617395240 0.4706835 14
1684617395313 0.44239625 15
1684617395387 0.42204472 16
1684617395460 0.40823755 17
1684617395533 0.39670986 18
1684617395606 0.38839483 19
1684617395677 0.38285276 20
1684617395752 0.37885997 21
1684617395823 0.3757181 22
1684617395895 0.37306812 23
1684617395968 0.37077454 24
1684617396041 0.36883524 25
1684617396119 0.36733395 26
1684617396195 0.366402 27
1684617396271 0.36618814 28
1684617396344 0.36682397 29
1684617396416 0.36839733 30
1684617396487 0.37094423 31
1684617396559 0.37445533 32
1684617396632 0.3788863 33
1684617396707 0.38416797 34
1684617396779 0.3902155 35
1684617396851 0.39693582 36
1684617396923 0.40423542 37
1684617396997 0.41202173 38
1684617397069 0.41445047 39
1684617397147 0.41572702 40
1684617397224 0.41701567 41
1684617397299 0.41829336 42
1684617397371 0.41953722 43
1684617397445 0.42072552 44
1684617397516 0.4218389 45
1684617397590 0.42286125 46
1684617397663 0.42378047 47
1684617397734 0.42458895 48
1684617397806 0.425284 49
1684617397877 0.4258678 50
1684617397949 0.42634723 51
1684617398021 0.42673302 52
1684617398092 0.42703897 53
1684617398168 0.42728105 54
1684617398240 0.42747664 55
1684617398312 0.42764357 56
1684617398383 0.42779988 57
1684617398464 0.42796302 58
1684617398541 0.4281494 59
1684617398619 0.42837453 60
1684617398692 0.42865267 61
1684617398765 0.42899725 62
1684617398838 0.4294203 63
1684617398910 0.42993215 64
1684617398988 0.43054152 65
1684617399063 0.43125525 66
1684617399139 0.43207887 67
1684617399211 0.43301636 68
1684617399288 0.43407086 69
1684617399361 0.43134326 70
1684617399434 0.43342873 71
1684617399507 0.43794167 72
1684617399577 0.43759155 73
1684617399652 0.4410688 74
1684617399724 0.44278604 75
1684617399795 0.441334 76
1684617399869 0.4465195 77
1684617399940 0.44852528 78
1684617400011 0.4488178 79
1684617400081 0.45279846 80
1684617400155 0.4550548 81
1684617400230 0.45738634 82
1684617400304 0.45979103 83
1684617400379 0.46168202 84
1684617400452 0.46480885 85
1684617400528 0.46741164 86
1684617400599 0.4700732 87
1684617400672 0.47279215 88
1684617400743 0.4755665 89
1684617400814 0.47478366 90
1684617400885 0.4812723 91
1684617400956 0.48419547 92
1684617401028 0.48262328 93
1684617401098 0.48914883 94
1684617401173 0.49321684 95
1684617401244 0.49533257 96
1684617401316 0.4985086 97
1684617401387 0.50163376 98
1684617401459 0.5034714 99
1684617401531 0.5036454 100
1684617401603 0.50225616 101
1684617401679 0.49962017 102
1684617401751 0.49610594 103
1684617401822 0.4920497 104
1684617401894 0.48772246 105
1684617401968 0.48332456 106
1684617402039 0.47899288 107
1684617402110 0.47481298 108
1684617402185 0.47083125 109
1684617402258 0.4670653 110
1684617402332 0.46351248 111
1684617402404 0.46015638 112
1684617402476 0.45697224 113
1684617402551 0.45393074 114
1684617402626 0.4510013 115
1684617402699 0.4481541 116
1684617402771 0.4453622 117
1684617402850 0.44260234 118
1684617402927 0.43985584 119
1684617402998 0.43710864 120
1684617403071 0.43435133 121
1684617403145 0.43157864 122
1684617403220 0.42878893 123
1684617403292 0.4259836 124
1684617403367 0.42316625 125
1684617403439 0.42034265 126
1684617403511 0.41751918 127
1684617403585 0.41470277 128
1684617403664 0.41190016 129
1684617403735 0.40911776 130
1684617403807 0.4063614 131
1684617403881 0.4036364 132
1684617403952 0.4009471 133
1684617404159 0.3982972 134
1684617404236 0.39568955 135
1684617404310 0.3931263 136
1684617404384 0.390609 137
1684617404499 0.3881386 138
1684617404571 0.38571554 139
1684617404644 0.38333997 140
1684617404719 0.38101178 141
1684617404790 0.37873057 142
1684617404862 0.37649584 143
1684617404935 0.37430704 144
1684617405007 0.37216353 145
1684617405078 0.3700648 146
1684617405150 0.36801025 147
1684617405223 0.36599937 148
1684617405295 0.36403173 149
1684617405366 0.36210692 150
1684617405438 0.3602245 151
1684617405509 0.3583843 152
1684617405579 0.35658586 153
1684617405653 0.35482907 154
1684617405726 0.35311353 155
1684617405798 0.35143912 156
1684617405870 0.34980547 157
1684617405944 0.34821227 158
1684617406016 0.34665924 159
1684617406086 0.34514606 160
1684617406157 0.34367228 161
1684617406230 0.34223747 162
1684617406303 0.34084123 163
1684617406376 0.339483 164
1684617406447 0.3381623 165
1684617406518 0.3368786 166
1684617406599 0.33563128 167
1684617406672 0.33441973 168
1684617406746 0.33324334 169
1684617406817 0.33210146 170
1684617406887 0.3309934 171
1684617406959 0.3299186 172
1684617407030 0.32887626 173
1684617407102 0.32786578 174
1684617407177 0.32688648 175
1684617407249 0.32593757 176
1684617407325 0.32501847 177
1684617407396 0.32412848 178
1684617407469 0.32326692 179
1684617407541 0.32243308 180
1684617407612 0.32162637 181
1684617407687 0.32084602 182
1684617407765 0.32009146 183
1684617407837 0.31936204 184
1684617407907 0.3186571 185
1684617407979 0.317976 186
1684617408051 0.31731814 187
1684617408124 0.31668293 188
1684617408199 0.31606972 189
1684617408271 0.31547797 190
1684617408343 0.31490707 191
1684617408416 0.31435645 192
1684617408488 0.31382558 193
1684617408562 0.31331384 194
1684617408639 0.31282082 195
1684617408713 0.3123459 196
1684617408786 0.31188858 197
1684617408858 0.31144837 198
1684617408929 0.31102476 199
1684617409003 0.31061724 200
1684617409073 0.31022543 201
1684617409143 0.30984876 202
1684617409216 0.30948684 203
1684617409288 0.30913922 204
1684617409360 0.3088055 205
1684617409431 0.30848515 206
1684617409501 0.30817783 207
1684617409572 0.30788314 208
1684617409644 0.30760068 209
1684617409716 0.30733 210
1684617409786 0.3070708 211
1684617409858 0.30682263 212
1684617409929 0.30658513 213
1684617410003 0.306358 214
1684617410075 0.3061402 215
1684617410146 0.3059312 216
1684617410218 0.30573076 217
1684617410289 0.30553883 218
1684617410366 0.3053555 219
1684617410452 0.3051806 220
1684617410534 0.30501425 221
1684617410616 0.30485624 222
1684617410705 0.30470634 223
1684617410787 0.30456436 224
1684617410867 0.30443007 225
1684617410947 0.30430302 226
1684617411028 0.30418307 227
1684617411115 0.30406976 228
1684617411194 0.3039628 229
1684617411441 0.30386186 230
1684617411617 0.30376652 231
1684617411743 0.3036765 232
1684617411818 0.30359146 233
1684617411890 0.30351105 234
1684617411962 0.30343497 235
1684617412034 0.30336285 236
1684617412108 0.30329448 237
1684617412182 0.30322954 238
1684617412254 0.30316776 239
1684617412325 0.30310893 240
1684617412401 0.30305278 241
1684617412472 0.3029991 242
1684617412543 0.3029477 243
1684617412614 0.3028984 244
1684617412685 0.30285105 245
1684617412757 0.3028054 246
1684617412827 0.3027614 247
1684617412899 0.30271888 248
1684617412970 0.30267775 249
1684617413041 0.30263785 250
