1684618075280 1.9396918 1
1684618075358 1.8853165 2
1684618075433 1.8444154 3
1684618075508 1.8250368 4
1684618075582 1.8126651 5
1684618075655 1.7965779 6
1684618075726 1.7704375 7
1684618075799 1.7314601 8
1684618075873 1.6796508 9
1684618075947 1.6169446 10
1684618076018 1.546353 11
1684618076093 1.4713063 12
1684618076168 1.3951006 13
1684618076244 1.3205671 14
1684618076319 1.2499048 15
1684618076390 1.1846354 16
1684618076527 1.1256433 17
1684618076694 1.0732642 18
1684618076765 1.0273972 19
1684618076839 0.9876166 20
1684618076910 0.95327765 21
1684618076982 0.92360264 22
1684618077052 0.89775205 23
1684618077125 0.874879 24
1684618077198 0.85416734 25
1684618077275 0.83486795 26
1684618077349 0.8163227 27
1684618077421 0.7979792 28
1684618077492 0.77940136 29
1684618077567 0.76027757 30
1684618077638 0.7404134 31
1684618077709 0.71972513 32
1684618077779 0.6982317 33
1684618077852 0.6760423 34
1684618077924 0.65334284 35
1684618077994 0.63038063 36
1684618078066 0.60744864 37
1684618078138 0.5848698 38
1684618078210 0.5629817 39
1684618078284 0.54212266 40
1684618078357 0.52261865 41
1684618078429 0.5047724 42
1684618078500 0.4888545 43
1684618078578 0.47509667 44
1684618078656 0.4636879 45
1684618078732 0.4547723 46
1684618078805 0.44844952 47
1684618078881 0.44477713 48
1684618078953 0.4437742 49
1684618079026 0.44542626 50
1684618079099 0.4496906 51
1684618079172 0.45650238 52
1684618079244 0.4657798 53
1684618079317 0.47743022 54
1684618079390 0.4913541 55
1684618079464 0.50745 56
1684618079537 0.5256171 57
1684618079616 0.54575837 58
1684618079693 0.56778145 59
1684618079768 0.5915998 60
1684618079841 0.61713254 61
1684618079913 0.6443044 62
1684618079987 0.6730446 63
1684618080065 0.70328677 64
1684618080139 0.734967 65
1684618080210 0.7680235 66
1684618080283 0.80240035 67
1684618080355 0.83803254 68
1684618080428 0.87485456 69
1684618080500 0.9127979 70
1684618080576 0.9517895 71
1684618080651 0.99175066 72
1684618080725 1.0325966 73
1684618080797 1.0742364 74
1684618080869 1.1165718 75
1684618080940 1.1594986 76
1684618081012 1.2029054 77
1684618081088 1.2466738 78
1684618081161 1.2906787 79
1684618081233 1.3347887 80
1684618081305 1.3788669 81
1684618081377 1.422772 82
1684618081450 1.4663596 83
1684618081522 1.5094826 84
1684618081598 1.5519927 85
1684618081671 1.5937417 86
1684618081742 1.6345824 87
1684618081814 1.6743696 88
1684618081983 1.7129614 89
1684618082057 1.7502202 90
1684618082133 1.7860136 91
1684618082205 1.8202167 92
1684618082276 1.8527119 93
1684618082350 1.8833922 94
1684618082420 1.9121603 95
1684618082491 1.938931 96
1684618082563 1.9636325 97
1684618082638 1.986207 98
1684618082715 2.0066116 99
1684618082787 2.0248194 100
1684618082858 2.0408196 101
1684618082937 2.0546188 102
1684618083014 2.066239 103
1684618083085 2.0757203 104
1684618083157 2.0831172 105
1684618083228 2.0885026 106
1684618083304 2.0919635 107
1684618083374 2.093597 108
1684618083446 2.093513 109
1684618083517 2.0918295 110
1684618083588 2.0886714 111
1684618083662 2.0841694 112
1684618083737 2.0784569 113
1684618083809 2.0716686 114
1684618083880 2.0639377 115
1684618083951 2.0553956 116
1684618084022 2.0461693 117
1684618084095 2.0363798 118
1684618084166 2.0261416 119
1684618084237 2.0155616 120
1684618084312 2.004738 121
1684618084384 1.9937605 122
1684618084456 1.9827094 123
1684618084527 1.9716561 124
1684618084599 1.9606633 125
1684618084835 1.9497843 126
1684618084917 1.939064 127
1684618084989 1.9285398 128
1684618085062 1.9182422 129
1684618085134 1.9081956 130
1684618085207 1.8984175 131
1684618085280 1.8889216 132
1684618085356 1.8797164 133
1684618085430 1.8708066 134
1684618085502 1.8621938 135
1684618085577 1.853877 136
1684618085653 1.8458524 137
1684618085726 1.8381151 138
1684618085798 1.8306129 139
1684618085868 1.8233172 140
1684618085938 1.8162112 141
1684618086011 1.8092864 142
1684618086084 1.8025385 143
1684618086154 1.795965 144
1684618086226 1.789563 145
1684618086299 1.7833306 146
1684618086373 1.7772655 147
1684618086443 1.7713655 148
1684618086521 1.7656283 149
1684618086592 1.7600517 150
1684618086665 1.7546334 151
1684618086736 1.7493716 152
1684618086812 1.7442642 153
1684618086888 1.7393098 154
1684618086961 1.7345061 155
1684618087035 1.7298517 156
1684618087108 1.725345 157
1684618087181 1.7209847 158
1684618087256 1.7167686 159
1684618087328 1.7126954 160
1684618087402 1.7087635 161
1684618087475 1.7049704 162
1684618087786 1.7013147 163
1684618087875 1.6977937 164
1684618087951 1.6944052 165
1684618088023 1.6911466 166
1684618088098 1.6880147 167
1684618088172 1.6850066 168
1684618088243 1.6821189 169
1684618088317 1.679348 170
1684618088389 1.6766903 171
1684618088464 1.6741419 172
1684618088538 1.6716987 173
1684618088609 1.6693571 174
1684618088685 1.6671132 175
1684618088760 1.6649632 176
1684618088831 1.6629037 177
1684618088904 1.6609311 178
1684618088976 1.6590419 179
1684618089048 1.6572331 180
1684618089119 1.6555018 181
1684618089191 1.6538453 182
1684618089263 1.6522609 183
1684618089336 1.6507462 184
1684618089409 1.6492989 185
1684618089481 1.647917 186
1684618089554 1.6465981 187
1684618089631 1.6453407 188
1684618089706 1.6441426 189
1684618089781 1.643002 190
1684618089851 1.6419173 191
1684618089924 1.6408868 192
1684618089995 1.6399087 193
1684618090066 1.6389816 194
1684618090140 1.6381035 195
1684618090212 1.6372732 196
1684618090285 1.6364889 197
1684618090358 1.6357493 198
1684618090431 1.6350529 199
1684618090504 1.634398 200
1684618090576 1.633783 201
1684618090648 1.6332067 202
1684618090723 1.6326678 203
1684618090794 1.6321645 204
1684618090868 1.6316953 205
1684618090943 1.6312592 206
1684618091014 1.6308545 207
1684618091103 1.63048 208
1684618091181 1.6301343 209
1684618091256 1.6298158 210
1684618091329 1.6295235 211
1684618091404 1.6292559 212
1684618091478 1.6290116 213
1684618091551 1.6287898 214
1684618091622 1.6285887 215
1684618091695 1.6284074 216
1684618091768 1.6282443 217
1684618091839 1.6280985 218
1684618091911 1.627969 219
1684618091983 1.6278541 220
1684618092054 1.6277533 221
1684618092126 1.627665 222
1684618092198 1.6275883 223
1684618092270 1.627522 224
1684618092344 1.6274652 225
1684618092416 1.6274171 226
1684618092487 1.627376 227
1684618092559 1.6273414 228
1684618092630 1.6273122 229
1684618092704 1.6272874 230
1684618092778 1.6272664 231
1684618092989 1.6272477 232
1684618093101 1.6272308 233
1684618093217 1.6272147 234
1684618093309 1.6271985 235
1684618093386 1.6271813 236
1684618093468 1.6271625 237
1684618093547 1.627141 238
1684618093618 1.6271162 239
1684618093700 1.6270871 240
1684618093777 1.6270533 241
1684618093848 1.6270138 242
1684618093919 1.6269679 243
1684618093991 1.6269151 244
1684618094062 1.6268544 245
1684618094133 1.6267853 246
1684618094208 1.6267072 247
1684618094280 1.6266196 248
1684618094352 1.6265217 249
1684618094424 1.6264131 250
