1684618202842 1.957767 1
1684618202918 1.8636822 2
1684618202991 1.7865154 3
1684618203070 1.7329949 4
1684618203144 1.6869562 5
1684618203219 1.638212 6
1684618203294 1.5823432 7
1684618203368 1.5187821 8
1684618203441 1.4492685 9
1684618203511 1.3765736 10
1684618203584 1.3036565 11
1684618203659 1.2331973 12
1684618203733 1.1673777 13
1684618203815 1.1077938 14
1684618203892 1.0554482 15
1684618203964 1.0107881 16
1684618204037 0.9738035 17
1684618204114 0.9440931 18
1684618204188 0.92097276 19
1684618204264 0.90358603 20
1684618204336 0.89100075 21
1684618204408 0.88228756 22
1684618204480 0.876578 23
1684618204553 0.87310183 24
1684618204628 0.87120867 25
1684618204704 0.8703745 26
1684618204776 0.87020004 27
1684618204853 0.8704012 28
1684618204926 0.8707965 29
1684618204998 0.8712906 30
1684618205083 0.8718576 31
1684618205167 0.8725232 32
1684618205241 0.8733497 33
1684618205315 0.874421 34
1684618205388 0.87583125 35
1684618205460 0.877675 36
1684618205531 0.8800408 37
1684618205603 0.88300574 38
1684618205675 0.88663286 39
1684618205746 0.8909693 40
1684618205820 0.89605707 41
1684618205891 0.901919 42
1684618205963 0.9085599 43
1684618206033 0.91597056 44
1684618206108 0.9241301 45
1684618206179 0.93300897 46
1684618206251 0.942588 47
1684618206324 0.9528395 48
1684618206396 0.9637286 49
1684618206470 0.97521746 50
1684618206541 0.9872679 51
1684618206613 0.9998438 52
1684618206686 1.0129026 53
1684618206757 1.0263513 54
1684618206828 1.0401146 55
1684618206900 1.0541754 56
1684618206973 1.0685189 57
1684618207045 1.0831292 58
1684618207117 1.0979918 59
1684618207194 1.1130959 60
1684618207267 1.1283872 61
1684618207342 1.1438702 62
1684618207418 1.1595509 63
1684618207491 1.1753844 64
1684618207562 1.1913844 65
1684618207633 1.2075654 66
1684618207705 1.2238867 67
1684618207777 1.2403702 68
1684618207854 1.257035 69
1684618207925 1.2738967 70
1684618207996 1.2909125 71
1684618208067 1.3080525 72
1684618208144 1.3253505 73
1684618208218 1.3428338 74
1684618208291 1.3605211 75
1684618208363 1.3783779 76
1684618208436 1.3964295 77
1684618208507 1.4146538 78
1684618208578 1.4330809 79
1684618208652 1.4516957 80
1684618208730 1.4704906 81
1684618208805 1.4894685 82
1684618208879 1.5086378 83
1684618208952 1.5280087 84
1684618209023 1.5475914 85
1684618209094 1.5673935 86
1684618209171 1.5874195 87
1684618209245 1.6076703 88
1684618209317 1.6281447 89
1684618209392 1.648838 90
1684618209463 1.6697435 91
1684618209535 1.690853 92
1684618209606 1.7121563 93
1684618209679 1.7336426 94
1684618209750 1.7553 95
1684618209824 1.7771167 96
1684618209900 1.7990794 97
1684618209970 1.8211758 98
1684618210167 1.8433928 99
1684618210242 1.8657179 100
1684618210321 1.888138 101
1684618210395 1.9106414 102
1684618210470 1.933215 103
1684618210544 1.9558473 104
1684618210615 1.9785266 105
1684618210688 2.0012414 106
1684618210759 2.0239806 107
1684618210832 2.0467331 108
1684618210903 2.0694885 109
1684618210978 2.092236 110
1684618211050 2.114966 111
1684618211121 2.137668 112
1684618211197 2.1603322 113
1684618211267 2.182949 114
1684618211339 2.2055097 115
1684618211411 2.2280045 116
1684618211490 2.2504249 117
1684618211560 2.2727613 118
1684618211633 2.2950063 119
1684618211707 2.3171508 120
1684618211779 2.3391871 121
1684618211851 2.3611076 122
1684618211922 2.382904 123
1684618211996 2.4045696 124
1684618212068 2.426097 125
1684618212140 2.4474797 126
1684618212212 2.4687116 127
1684618212284 2.4897866 128
1684618212363 2.5106995 129
1684618212435 2.531445 130
1684618212507 2.55202 131
1684618212578 2.5724213 132
1684618212650 2.5926456 133
1684618212722 2.612691 134
1684618212794 2.6325548 135
1684618212868 2.6522362 136
1684618212940 2.6717343 137
1684618213016 2.691049 138
1684618213087 2.7101812 139
1684618213159 2.7291317 140
1684618213245 2.7479024 141
1684618213322 2.7664962 142
1684618213397 2.7849154 143
1684618213470 2.8031633 144
1684618213541 2.8212435 145
1684618213612 2.8391604 146
1684618213685 2.8569179 147
1684618213757 2.8745203 148
1684618213834 2.891972 149
1684618213906 2.9092774 150
1684618213979 2.9264405 151
1684618214051 2.9434657 152
1684618214123 2.9603572 153
1684618214195 2.977118 154
1684618214270 2.9937515 155
1684618214342 3.0102615 156
1684618214417 3.02665 157
1684618214492 3.0429196 158
1684618214564 3.0590718 159
1684618214637 3.075108 160
1684618214709 3.0910296 161
1684618214783 3.1068373 162
1684618214861 3.122531 163
1684618214934 3.138111 164
1684618215010 3.1535769 165
1684618215084 3.168928 166
1684618215155 3.1841636 167
1684618215227 3.199282 168
1684618215301 3.2142828 169
1684618215374 3.2291646 170
1684618215445 3.2439256 171
1684618215519 3.258565 172
1684618215591 3.273081 173
1684618215665 3.287473 174
1684618215739 3.3017397 175
1684618215811 3.3158813 176
1684618215885 3.3298962 177
1684618215957 3.3437853 178
1684618216029 3.3575478 179
1684618216100 3.3711848 180
1684618216172 3.3846965 181
1684618216243 3.3980846 182
1684618216318 3.4113507 183
1684618216388 3.4244957 184
1684618216460 3.437522 185
1684618216659 3.4504309 186
1684618216824 3.463225 187
1684618216904 3.475906 188
1684618216976 3.4884768 189
1684618217048 3.5009394 190
1684618217119 3.513296 191
1684618217190 3.5255482 192
1684618217264 3.537699 193
1684618217337 3.5497503 194
1684618217409 3.5617042 195
1684618217485 3.5735626 196
1684618217559 3.5853276 197
1684618217632 3.597002 198
1684618217704 3.6085877 199
1684618217777 3.620087 200
1684618217850 3.6315022 201
1684618217924 3.6428356 202
1684618217999 3.6540904 203
1684618218070 3.6652684 204
1684618218141 3.6763732 205
1684618218371 3.6874073 206
1684618218540 3.698373 207
1684618218632 3.7092743 208
1684618218706 3.7201138 209
1684618218778 3.7308948 210
1684618218865 3.74162 211
1684618218937 3.752293 212
1684618219009 3.7629175 213
1684618219080 3.7734962 214
1684618219154 3.7840312 215
1684618219227 3.7945251 216
1684618219300 3.804981 217
1684618219376 3.8154016 218
1684618219448 3.8257904 219
1684618219521 3.8361514 220
1684618219596 3.846487 221
1684618219669 3.856802 222
1684618219744 3.8670988 223
1684618219817 3.8773806 224
1684618219896 3.8876514 225
1684618219971 3.897914 226
1684618220042 3.9081717 227
1684618220115 3.9184272 228
1684618220188 3.9286835 229
1684618220259 3.9389434 230
1684618220334 3.9492097 231
1684618220408 3.959484 232
1684618220479 3.9697697 233
1684618220552 3.9800687 234
1684618220626 3.9903822 235
1684618220697 4.0007133 236
1684618220771 4.0110626 237
1684618220844 4.0214334 238
1684618220917 4.0318265 239
1684618220990 4.042243 240
1684618221063 4.052684 241
1684618221137 4.063153 242
1684618221211 4.0736494 243
1684618221284 4.084175 244
1684618221372 4.0947313 245
1684618221450 4.1053195 246
1684618221523 4.11594 247
1684618221597 4.126595 248
1684618221671 4.1372843 249
1684618221743 4.14801 250
