1684619095154 1.7675548 1
1684619095228 1.6826888 2
1684619095288 1.6109779 3
1684619095368 1.5592632 4
1684619095438 1.5132698 5
1684619095507 1.46387 6
1684619095600 1.4071655 7
1684619095685 1.3429114 8
1684619095754 1.273062 9
1684619095830 1.2005305 10
1684619095903 1.1283416 11
1684619095970 1.0591633 12
1684619096039 0.99509525 13
1684619096108 0.9376005 14
1684619096186 0.8875221 15
1684619096255 0.84514993 16
1684619096323 0.810318 17
1684619096401 0.7825577 18
1684619096471 0.76115155 19
1684619096540 0.7452427 20
1684619096609 0.7339299 21
1684619096687 0.72633815 22
1684619096756 0.72166693 23
1684619096839 0.71921706 24
1684619096903 0.7184052 25
1684619096972 0.718765 26
1684619097041 0.71994185 27
1684619097110 0.72168267 28
1684619097188 0.72382224 29
1684619097257 0.7262684 30
1684619097326 0.7289864 31
1684619097403 0.7319838 32
1684619097473 0.73529685 33
1684619097542 0.73897886 34
1684619097611 0.7430898 35
1684619097689 0.74768865 36
1684619097758 0.752828 37
1684619097827 0.75855285 38
1684619097886 0.7648951 39
1684619097967 0.7718727 40
1684619098028 0.77949023 41
1684619098112 0.78773993 42
1684619098175 0.79660344 43
1684619098260 0.8060533 44
1684619098329 0.81605464 45
1684619098391 0.8265672 46
1684619098469 0.8375541 47
1684619098529 0.84898 48
1684619098607 0.8608072 49
1684619098676 0.8729921 50
1684619098745 0.8854939 51
1684619098814 0.89826477 52
1684619098892 0.9112632 53
1684619098969 0.9244552 54
1684619099030 0.93781275 55
1684619099108 0.9513133 56
1684619099177 0.9649394 57
1684619099246 0.97867846 58
1684619099315 0.99252164 59
1684619099393 1.0064634 60
1684619099469 1.0205011 61
1684619099531 1.0346352 62
1684619099609 1.0488682 63
1684619099678 1.0632063 64
1684619099747 1.0776579 65
1684619099816 1.0922333 66
1684619099879 1.1069443 67
1684619099948 1.1217394 68
1684619100035 1.1365755 69
1684619100098 1.1514862 70
1684619100179 1.1664982 71
1684619100248 1.1815565 72
1684619100333 1.1966867 73
1684619100411 1.2118351 74
1684619100480 1.2270308 75
1684619100551 1.2422961 76
1684619100633 1.2576455 77
1684619100696 1.2730882 78
1684619100765 1.288551 79
1684619100834 1.3040588 80
1684619100912 1.3196326 81
1684619100981 1.3352864 82
1684619101052 1.3509488 83
1684619101122 1.3666469 84
1684619101185 1.3824037 85
1684619101269 1.3981586 86
1684619101338 1.413943 87
1684619101401 1.4297836 88
1684619101470 1.445627 89
1684619101539 1.4615076 90
1684619101739 1.4773872 91
1684619101940 1.4932449 92
1684619102024 1.5091344 93
1684619102102 1.5250369 94
1684619102167 1.5409421 95
1684619102240 1.5568495 96
1684619102318 1.5727656 97
1684619102387 1.5886995 98
1684619102456 1.6046604 99
1684619102525 1.6206563 100
1684619102603 1.6366942 101
1684619102681 1.6527786 102
1684619102741 1.6689129 103
1684619102819 1.6850986 104
1684619102888 1.7013361 105
1684619102957 1.7176247 106
1684619103120 1.7339628 107
1684619103305 1.7503481 108
1684619103390 1.7667785 109
1684619103459 1.7832508 110
1684619103528 1.7997627 111
1684619103606 1.8163111 112
1684619103675 1.832894 113
1684619103747 1.8495088 114
1684619103828 1.8661536 115
1684619103907 1.882827 116
1684619103976 1.8995272 117
1684619104045 1.9162533 118
1684619104123 1.9330046 119
1684619104192 1.94978 120
1684619104263 1.966579 121
1684619104329 1.9834008 122
1684619104408 2.0002456 123
1684619104477 2.0171134 124
1684619104546 2.0340037 125
1684619104624 2.0509167 126
1684619104693 2.0678518 127
1684619104765 2.0848083 128
1684619104831 2.101786 129
1684619104893 2.1187835 130
1684619104962 2.1358008 131
1684619105031 2.1528366 132
1684619105110 2.16989 133
1684619105179 2.1869602 134
1684619105248 2.2040462 135
1684619105328 2.2211466 136
1684619105392 2.238261 137
1684619105464 2.2553875 138
1684619105533 2.272526 139
1684619105611 2.289675 140
1684619105680 2.3068335 141
1684619105749 2.3240008 142
1684619105831 2.3411756 143
1684619105894 2.3583577 144
1684619105965 2.3755457 145
1684619106034 2.3927393 146
1684619106097 2.4099379 147
1684619106166 2.4271407 148
1684619106235 2.4443471 149
1684619106313 2.461557 150
1684619106390 2.4787693 151
1684619106451 2.495984 152
1684619106535 2.5132005 153
1684619106598 2.5304184 154
1684619106667 2.5476375 155
1684619106736 2.5648565 156
1684619106814 2.582076 157
1684619106885 2.5992951 158
1684619106952 2.6165128 159
1684619107014 2.6337292 160
1684619107083 2.6509433 161
1684619107152 2.6681542 162
1684619107230 2.6853619 163
1684619107299 2.7025647 164
1684619107368 2.7197623 165
1684619107440 2.7369537 166
1684619107502 2.7541385 167
1684619107584 2.7713146 168
1684619107653 2.788482 169
1684619107716 2.8056393 170
1684619107785 2.8227851 171
1684619107854 2.8399189 172
1684619107932 2.8570392 173
1684619108002 2.874145 174
1684619108070 2.8912349 175
1684619108139 2.908308 176
1684619108201 2.925363 177
1684619108270 2.9423985 178
1684619108339 2.959414 179
1684619108418 2.9764075 180
1684619108703 2.9933786 181
1684619108803 3.0103254 182
1684619108872 3.0272477 183
1684619108941 3.044144 184
1684619109017 3.0610137 185
1684619109084 3.0778556 186
1684619109157 3.0946689 187
1684619109219 3.1114535 188
1684619109289 3.1282082 189
1684619109358 3.144933 190
1684619109436 3.161627 191
1684619109505 3.1782906 192
1684619109582 3.1949227 193
1684619109642 3.211524 194
1684619109720 3.228094 195
1684619109789 3.2446332 196
1684619109859 3.2611415 197
1684619109937 3.2776196 198
1684619110006 3.2940671 199
1684619110070 3.3104854 200
1684619110143 3.3268743 201
1684619110206 3.343235 202
1684619110275 3.3595676 203
1684619110360 3.3758729 204
1684619110422 3.392152 205
1684619110507 3.4084053 206
1684619110576 3.424634 207
1684619110644 3.4408386 208
1684619110707 3.4570196 209
1684619110776 3.4731789 210
1684619110845 3.4893167 211
1684619110923 3.5054345 212
1684619110992 3.5215325 213
1684619111061 3.537613 214
1684619111131 3.5536754 215
1684619111194 3.569722 216
1684619111261 3.5857532 217
1684619111340 3.6017709 218
1684619111409 3.6177752 219
1684619111478 3.633768 220
1684619111547 3.6497502 221
1684619111625 3.665723 222
1684619111702 3.681688 223
1684619111763 3.6976461 224
1684619111841 3.7135985 225
1684619111910 3.729546 226
1684619111979 3.745491 227
1684619112048 3.7614336 228
1684619112126 3.7773757 229
1684619112196 3.7933178 230
1684619112264 3.8092618 231
1684619112326 3.8252082 232
1684619112411 3.8411589 233
1684619112480 3.8571138 234
1684619112549 3.8730752 235
1684619112611 3.8890429 236
1684619112696 3.9050188 237
1684619112762 3.9210033 238
1684619112825 3.9369977 239
1684619112912 3.9530025 240
1684619112981 3.9690185 241
1684619113050 3.9850464 242
1684619113128 4.001087 243
1684619113197 4.0171413 244
1684619113260 4.03321 245
1684619113340 4.0492935 246
1684619113413 4.065393 247
1684619113482 4.0815086 248
1684619113551 4.09764 249
1684619113614 4.113787 250
