1684618408612 0.08858075401583859 1
1684618408713 0.14398535720912406 2
1684618408791 0.1872103626909294 3
1684618408863 0.22477790188952576 4
1684618408936 0.2583140899905301 5
1684618409007 0.2885731174725317 6
1684618409079 0.3148384286198913 7
1684618409154 0.3356013604148745 8
1684618409227 0.34963780566243896 9
1684618409298 0.3565347606983287 10
1684618409370 0.3566805238522811 11
1684618409451 0.35104945522408976 12
1684618409525 0.34093997962025546 13
1684618409602 0.3277336057454612 14
1684618409675 0.312720575682484 15
1684618409752 0.29677638319249616 16
1684618409824 0.28100688325970097 17
1684618409897 0.26612008841524815 18
1684618409969 0.25254951575933765 19
1684618410043 0.24050486194892784 20
1684618410116 0.23001601560870913 21
1684618410194 0.22098072672020952 22
1684618410268 0.21321660115513386 23
1684618410340 0.20647100608121083 24
1684618410411 0.20048703301358417 25
1684618410488 0.19501083053490081 26
1684618410562 0.18979852083226684 27
1684618410633 0.18461827635455058 28
1684618410705 0.17925476328928722 29
1684618410780 0.17356390705151298 30
1684618410850 0.16740873759349106 31
1684618410920 0.16077795966167588 32
1684618410992 0.153782670772002 33
1684618411063 0.14662916488850555 34
1684618411138 0.1395804602337584 35
1684618411212 0.13292687337495696 36
1684618411284 0.12698038543229764 37
1684618411359 0.12200721621777243 38
1684618411431 0.11862282078352566 39
1684618411505 0.11670568418288647 40
1684618411578 0.11621367130368802 41
1684618411650 0.1170637095285556 42
1684618411723 0.11908249780270648 43
1684618411795 0.12204881702367425 44
1684618411868 0.12570634143905926 45
1684618411939 0.13001739960247696 46
1684618412013 0.1347381121335755 47
1684618412085 0.13954717373630596 48
1684618412158 0.1442784132961649 49
1684618412233 0.14884584113119864 50
1684618412305 0.15322141118669305 51
1684618412378 0.15742510710334487 52
1684618412450 0.16151722002032948 53
1684618412523 0.1649822545582239 54
1684618412599 0.16825418900127512 55
1684618412670 0.17155017234635447 56
1684618412743 0.17413751797866772 57
1684618412819 0.1766471119382324 58
1684618412890 0.17934420289033068 59
1684618412962 0.18241254565951784 60
1684618413033 0.18600537512312582 61
1684618413107 0.19024464147811332 62
1684618413246 0.1952070471733264 63
1684618413441 0.20090902030218907 64
1684618413534 0.20730263046045247 65
1684618413609 0.21428930228748055 66
1684618413680 0.221746240714753 67
1684618413756 0.22955432942322165 68
1684618413828 0.23761663371626277 69
1684618413899 0.24584958828117348 70
1684618413972 0.25421172818055915 71
1684618414043 0.2626813615262772 72
1684618414115 0.2712489349896022 73
1684618414189 0.27988476115046457 74
1684618414262 0.2885940748614588 75
1684618414334 0.2973727758924812 76
1684618414406 0.30620954469708933 77
1684618414479 0.3150863989247806 78
1684618414552 0.32397961866197483 79
1684618414627 0.33286054098516227 80
1684618414700 0.34169707376316377 81
1684618414773 0.3504549884862102 82
1684618414850 0.3590993703316268 83
1684618414924 0.3675959216384668 84
1684618414996 0.3759123723319051 85
1684618415066 0.3840192150174325 86
1684618415137 0.391890847309519 87
1684618415211 0.39950576081711003 88
1684618415284 0.4068471366035248 89
1684618415355 0.413902910998872 90
1684618415427 0.42066579691091516 91
1684618415501 0.4271335180810634 92
1684618415574 0.43330906926801965 93
1684618415645 0.43920102726587074 94
1684618415718 0.44482325884381474 95
1684618415790 0.45019475636583645 96
1684618415865 0.45533864858539813 97
1684618415937 0.46028120687356894 98
1684618416010 0.46505045939435985 99
1684618416080 0.4696752401153218 100
1684618416152 0.47418434348149885 101
1684618416224 0.4786055801444425 102
1684618416296 0.4829655233201236 103
1684618416368 0.48728896585993203 104
1684618416441 0.4915985318854139 105
1684618416518 0.4959147075850035 106
1684618416592 0.5002553941013054 107
1684618416663 0.5046361661462033 108
1684618416736 0.509070008024444 109
1684618416821 0.5135676795276721 110
1684618416903 0.5181375241409231 111
1684618416974 0.5227859090606798 112
1684618417047 0.5275171936078258 113
1684618417118 0.5323342553120733 114
1684618417191 0.5372382107859638 115
1684618417263 0.5422290379227768 116
1684618417335 0.547305783956155 117
1684618417406 0.552466310332385 118
1684618417479 0.557708237784692 119
1684618417550 0.5630282504825613 120
1684618417625 0.5684228684143451 121
1684618417700 0.5738882320570312 122
1684618417773 0.5794204456988846 123
1684618417846 0.5850153838142819 124
1684618417921 0.5906691630415891 125
1684618417994 0.5963777332382337 126
1684618418065 0.6021372946263431 127
1684618418135 0.6079440882727364 128
1684618418206 0.6137946075516929 129
1684618418278 0.6196853869411415 130
1684618418353 0.625613282734067 131
1684618418425 0.6315754838424541 132
1684618418498 0.6375688798962957 133
1684618418570 0.6435910732730442 134
1684618418644 0.6496394919880184 135
1684618418716 0.6557119392648001 136
1684618418792 0.6618064266895135 137
1684618418868 0.6679209722173055 138
1684618418942 0.6740537906169961 139
1684618419015 0.6802032856877946 140
1684618419088 0.6863680242247002 141
1684618419160 0.6925464060324013 142
1684618419233 0.6987510492308796 143
1684618419305 0.7049684333372308 144
1684618419377 0.7111941039049586 145
1684618419450 0.7174259088256602 146
1684618419522 0.7236621916077273 147
1684618419596 0.7299018522013103 148
1684618419668 0.7361441313322736 149
1684618419740 0.7423881991995915 150
1684618419814 0.7486335318793704 151
1684618419889 0.7548794716591325 152
1684618419961 0.7611255982373826 153
1684618420033 0.7673716271962245 154
1684618420105 0.7736172083599442 155
1684618420179 0.7798619965168294 156
1684618420253 0.786105709843976 157
1684618420323 0.7923482706006818 158
1684618420394 0.7985890468904532 159
1684618420468 0.8048280728361799 160
1684618420542 0.8110646966140129 161
1684618420614 0.8172988201038436 162
1684618420687 0.8235298930286227 163
1684618420759 0.829757580492067 164
1684618420830 0.8359813897045996 165
1684618420903 0.8422007804840707 166
1684618420974 0.8484152763148853 167
1684618421048 0.8546245012372065 168
1684618421120 0.8608277719114112 169
1684618421193 0.8670247575766713 170
1684618421273 0.8732148308363662 171
1684618421547 0.8793978158057062 172
1684618421648 0.885573161402543 173
1684618421723 0.8917405819548594 174
1684618421800 0.8978998435765513 175
1684618421872 0.9040507767297676 176
1684618421948 0.9101933037536805 177
1684618422022 0.9163274427724554 178
1684618422093 0.9224532548564329 179
1684618422166 0.9285708223793341 180
1684618422242 0.9346803521895848 181
1684618422317 0.9407824481987401 182
1684618422389 0.9468770601516086 183
1684618422461 0.9529649250116123 184
1684618422533 0.9590464266520887 185
1684618422604 0.9651222076504319 186
1684618422676 0.9711926671759707 187
1684618422805 0.9772586437108468 188
1684618422877 0.9833205759688673 189
1684618422951 0.9893793795518572 190
1684618423032 0.995435447040169 191
1684618423108 1.0014894709226603 192
1684618423180 1.0075420671824842 193
1684618423253 1.0135941071839802 194
1684618423324 1.0196458059639524 195
1684618423396 1.0256978807892179 196
1684618423467 1.0317508518000302 197
1684618423539 1.0378051966374882 198
1684618423611 1.0438612133983596 199
1684618423682 1.0499194155237377 200
1684618423753 1.055980108979431 201
1684618423827 1.0620436415256094 202
1684618423901 1.0681100942273147 203
1684618423974 1.0741799579028712 204
1684618424069 1.0802532279031947 205
1684618424145 1.0863300909963483 206
1684618424217 1.0924107453761853 207
1684618424290 1.0984953303339309 208
1684618424362 1.1045838958209542 209
1684618424433 1.110676487207461 210
1684618424506 1.116773309730682 211
1684618424577 1.122874350095893 212
1684618424649 1.1289797409392972 213
1684618424718 1.1350896201127767 214
1684618424788 1.1412041253283964 215
1684618424860 1.1473231860540045 216
1684618424947 1.1534472327164593 217
1684618425024 1.1595762931968638 218
1684618425096 1.1657104972374028 219
1684618425169 1.1718502427202846 220
1684618425243 1.1779953766004463 221
1684618425317 1.18414652709223 222
1684618425393 1.1903038465593443 223
1684618425467 1.1964675063113321 224
1684618425541 1.202637658388742 225
1684618425614 1.2088146068353816 226
1684618425693 1.214998844860142 227
1684618425779 1.2211905254096385 228
1684618425854 1.2273899601961396 229
1684618425926 1.233597276201904 230
1684618426001 1.2398128262939625 231
1684618426072 1.2460370398203728 232
1684618426144 1.2522696020300506 233
1684618426215 1.2585111300695697 234
1684618426287 1.2647616081068196 235
1684618426359 1.2710213413491553 236
1684618426431 1.2772904470173594 237
1684618426503 1.283568920998671 238
1684618426576 1.2898568895720544 239
1684618426651 1.296154641094412 240
1684618426723 1.3024618202189542 241
1684618426796 1.3087787425127233 242
1684618426868 1.3150500407218624 243
1684618426940 1.3213143830613205 244
1684618427014 1.3275815909960187 245
1684618427086 1.3338566934292047 246
1684618427158 1.340141969064453 247
1684618427229 1.346439284124317 248
1684618427301 1.3527495539588867 249
1684618427373 1.3590734208130664 250
