1684617352211 1.8534050450547384 1
1684617352293 1.7965874135810382 2
1684617352369 1.749662355048552 3
1684617352445 1.721990004407646 4
1684617352518 1.7002072146605467 5
1684617352591 1.6742661255298246 6
1684617352663 1.6386164560362624 7
1684617352737 1.591124819332132 8
1684617352810 1.53232838056852 9
1684617352884 1.464561660709004 10
1684617352957 1.3910782989120898 11
1684617353031 1.3153370011625403 12
1684617353103 1.2405067756304053 13
1684617353176 1.1691721609292107 14
1684617353250 1.1032034849322305 15
1684617353327 1.0437539334439243 16
1684617353400 0.9913407069347534 17
1684617353477 0.9459701867373116 18
1684617353559 0.907235220433452 19
1684617353633 0.8745554567161797 20
1684617353706 0.8471767359210729 21
1684617353783 0.8242622181642059 22
1684617353856 0.8049947435373366 23
1684617353930 0.7885921997200468 24
1684617354004 0.77434374291956 25
1684617354250 0.7616309044367542 26
1684617354339 0.7499401111375338 27
1684617354411 0.7388701314740678 28
1684617354485 0.7281348838552193 29
1684617354562 0.7175629116800307 30
1684617354636 0.7070944818292859 31
1684617354710 0.696846255418537 32
1684617354782 0.6869090254885731 33
1684617354855 0.6775808533517838 34
1684617354928 0.6690913484665878 35
1684617355001 0.6617739130853596 36
1684617355074 0.6559943022533326 37
1684617355147 0.6520920273616504 38
1684617355218 0.6503196993383623 39
1684617355288 0.6507810053213096 40
1684617355361 0.6533725547498426 41
1684617355433 0.6579181506950944 42
1684617355506 0.6641347249045954 43
1684617355580 0.6717283857644428 44
1684617355652 0.6802947115404269 45
1684617355724 0.6895293024584437 46
1684617355798 0.6992934937626982 47
1684617355870 0.7094410551873707 48
1684617355941 0.7198549143540628 49
1684617356013 0.7304496227754728 50
1684617356084 0.7411731241258708 51
1684617356158 0.7520079233421872 52
1684617356231 0.762993517718461 53
1684617356301 0.7742243118615686 54
1684617356373 0.7854324578624285 55
1684617356446 0.7967460255260002 56
1684617356519 0.8081358456952641 57
1684617356596 0.8196831453073522 58
1684617356668 0.8314171829537053 59
1684617356742 0.8434026144266489 60
1684617356816 0.8557150391607344 61
1684617356888 0.8684337619822549 62
1684617356965 0.8816379978284039 63
1684617357036 0.8954037527493793 64
1684617357109 0.9098014778237512 65
1684617357184 0.9248932493410953 66
1684617357258 0.9407299601556942 67
1684617357330 0.9573487299388579 68
1684617357404 0.9747703814265367 69
1684617357477 0.9928715742588361 70
1684617357550 1.0116918746293306 71
1684617357623 1.0312176324403386 72
1684617357696 1.0514059790518369 73
1684617357781 1.0721948287632892 74
1684617357862 1.0935065320325712 75
1684617357934 1.1152533227033552 76
1684617358006 1.1373428173838451 77
1684617358083 1.1596834702983878 78
1684617358156 1.1821883867598308 79
1684617358232 1.2045049926832114 80
1684617358304 1.226696239501154 81
1684617358376 1.2487304449167111 82
1684617358448 1.2705482569407498 83
1684617358521 1.292079871157506 84
1684617358597 1.3132492013903128 85
1684617358670 1.3339759283366817 86
1684617358743 1.3541767824104896 87
1684617358814 1.3737672385579838 88
1684617358885 1.3926633005000253 89
1684617358957 1.4107843650777836 90
1684617359029 1.428056327107122 91
1684617359105 1.4444146344347235 92
1684617359176 1.4598074748186616 93
1684617359248 1.4741973606773704 94
1684617359320 1.4875630427445063 95
1684617359394 1.4998993092761332 96
1684617359468 1.5112156695137493 97
1684617359549 1.5215354619240442 98
1684617359657 1.5308933185968387 99
1684617359747 1.539333855334985 100
1684617359836 1.5469108248438048 101
1684617359917 1.5536866359531036 102
1684617359998 1.5597316268295254 103
1684617360091 1.565123568720776 104
1684617360175 1.5699458429875306 105
1684617360259 1.574284005087145 106
1684617360344 1.578223802178622 107
1684617360439 1.5823060935440636 108
1684617360540 1.5863099982173963 109
1684617360623 1.5902287745447075 110
1684617360711 1.5940941307804377 111
1684617360800 1.5979463970879806 112
1684617360871 1.601824176973984 113
1684617360942 1.6057597861218293 114
1684617361016 1.6097787541201622 115
1684617361088 1.613900109112592 116
1684617361159 1.618137067927162 117
1684617361234 1.6224975540505229 118
1684617361305 1.626984936206659 119
1684617361379 1.6315991641383383 120
1684617361452 1.6363370052308026 121
1684617361525 1.6411933230299112 122
1684617361598 1.6461610825768929 123
1684617361672 1.6512325343872618 124
1684617361745 1.6563993542631663 125
1684617361817 1.6616533410695769 126
1684617361888 1.6669866556464408 127
1684617361959 1.672392109221582 128
1684617362031 1.6778636226727048 129
1684617362103 1.6833960176788816 130
1684617362186 1.6889853232508583 131
1684617362258 1.6946284524857878 132
1684617362330 1.7003238841842594 133
1684617362401 1.7060707381865747 134
1684617362474 1.7118689296727982 135
1684617362549 1.7177195704028516 136
1684617362621 1.7236237252703874 137
1684617362697 1.7295833484485166 138
1684617362770 1.7356005299272457 139
1684617362841 1.7416773238344847 140
1684617362913 1.747815977290053 141
1684617362987 1.7540182990287925 142
1684617363059 1.7602866902723346 143
1684617363132 1.7666221980133505 144
1684617363206 1.7730263734872822 145
1684617363279 1.7794999848884236 146
1684617363351 1.7860436887935989 147
1684617363424 1.7926575870036947 148
1684617363498 1.7993413856102791 149
1684617363575 1.8060946115432732 150
1684617363649 1.812916062374197 151
1684617363724 1.8198048487951266 152
1684617363797 1.82675931946566 153
1684617363871 1.8337776537738857 154
1684617363945 1.8408579100796234 155
1684617364017 1.8479981934977392 156
1684617364089 1.8551962620189846 157
1684617364162 1.8624500369820294 158
1684617364234 1.869757016484634 159
1684617364305 1.8771153637598026 160
1684617364376 1.8845226532078438 161
1684617364447 1.8919768462475632 162
1684617364519 1.8994761880644258 163
1684617364591 1.907018364975118 164
1684617364662 1.9146021287788568 165
1684617364735 1.9222257859234781 166
1684617364807 1.9298878323928625 167
1684617365020 1.9375868680681314 168
1684617365175 1.9453221821630273 169
1684617365270 1.9530923556542032 170
1684617365341 1.9608968429020237 171
1684617365416 1.968734889887522 172
1684617365487 1.9766057035550983 173
1684617365562 1.9845092276029548 174
1684617365635 1.9924446536693146 175
1684617365711 2.000411888223893 176
1684617365783 2.008410839486669 177
1684617365856 2.016441241008398 178
1684617365940 2.024503006984633 179
1684617366014 2.03259617117144 180
1684617366085 2.040720671924716 181
1684617366156 2.0488765476420396 182
1684617366227 2.057063728778991 183
1684617366343 2.0652825092309914 184
1684617366423 2.0735326944066896 185
1684617366498 2.081814392124933 186
1684617366571 2.090127640896669 187
1684617366643 2.0984726424689177 188
1684617366715 2.1068490183122717 189
1684617366789 2.1152568456632075 190
1684617366860 2.123695929194636 191
1684617366931 2.132166498841834 192
1684617367002 2.140668249305725 193
1684617367073 2.1492009028997257 194
1684617367144 2.157764161574273 195
1684617367218 2.166358207501437 196
1684617367335 2.174982253575289 197
1684617367409 2.1836361989484434 198
1684617367482 2.192319922505239 199
1684617367554 2.2010327479464005 200
1684617367628 2.209774440623554 201
1684617367701 2.2185443018888655 202
1684617367776 2.227342318731993 203
1684617367848 2.2361678848527293 204
1684617367920 2.2450202435722093 205
1684617367991 2.253898941450324 206
1684617368063 2.262803863904846 207
1684617368133 2.2717342013977277 208
1684617368205 2.2806894225545835 209
1684617368277 2.2896687923676042 210
1684617368349 2.298672269950461 211
1684617368420 2.3076990556694743 212
1684617368492 2.316748573781658 213
1684617368567 2.325820468576756 214
1684617368645 2.334914173801586 215
1684617368716 2.3440293445849845 216
1684617368794 2.35316531110934 217
1684617368867 2.3623216984556255 218
1684617368940 2.371498298260085 219
1684617369015 2.3806943996954715 220
1684617369087 2.389909679952683 221
1684617369162 2.399143885991955 222
1684617369234 2.4083967107937636 223
1684617369307 2.417667595469399 224
1684617369378 2.4269564524587306 225
1684617369450 2.4362628492230134 226
1684617369523 2.4455865546175466 227
1684617369595 2.454927603314299 228
1684617369668 2.464285283915349 229
1684617369739 2.473659680646272 230
1684617369815 2.483050274219564 231
1684617369886 2.4924574143498464 232
1684617369957 2.5018803120290816 233
1684617370030 2.511319345588031 234
1684617370103 2.5207739489531282 235
1684617370174 2.530244079612144 236
1684617370245 2.539729706910191 237
1684617370318 2.5492308311147838 238
1684617370394 2.5587468154694983 239
1684617370465 2.568278036871158 240
1684617370541 2.577824171193587 241
1684617370612 2.5873849177849224 242
1684617370684 2.5969604601074834 243
1684617370755 2.6065506240825282 244
1684617370829 2.6161552009000673 245
1684617370902 2.625774118287019 246
1684617370974 2.6354072181021957 247
1684617371046 2.6450543852341686 248
1684617371117 2.6547155900290096 249
1684617371188 2.6645650041953965 250
