1684618031403 1.920243 1
1684618031480 1.8148621 2
1684618031554 1.7235885 3
1684618031629 1.6542108 4
1684618031701 1.5913244 5
1684618031776 1.5254447 6
1684618031849 1.4529784 7
1684618031927 1.374255 8
1684618032002 1.291723 9
1684618032074 1.2085265 10
1684618032148 1.1276529 11
1684618032223 1.0515543 12
1684618032297 0.98203945 13
1684618032372 0.9202832 14
1684618032444 0.8668837 15
1684618032517 0.8219415 16
1684618032588 0.78519094 17
1684618032659 0.7560519 18
1684618032732 0.7337376 19
1684618032810 0.7173525 20
1684618032883 0.7059704 21
1684618032960 0.6986933 22
1684618033038 0.6946921 23
1684618033111 0.6932328 24
1684618033187 0.6936914 25
1684618033264 0.69555676 26
1684618033338 0.6984336 27
1684618033409 0.70203143 28
1684618033482 0.70615166 29
1684618033554 0.71067226 30
1684618033627 0.7155324 31
1684618033700 0.720719 32
1684618033774 0.72625947 33
1684618033849 0.73220277 34
1684618033923 0.73860687 35
1684618034002 0.7455318 36
1684618034083 0.75303227 37
1684618034158 0.7611538 38
1684618034235 0.76993036 39
1684618034310 0.77938277 40
1684618034383 0.78951913 41
1684618034456 0.80033505 42
1684618034528 0.8118156 43
1684618034602 0.82393605 44
1684618034674 0.8366636 45
1684618034746 0.8499594 46
1684618034821 0.86377954 47
1684618034890 0.8780774 48
1684618034963 0.8928039 49
1684618035035 0.90791 50
1684618035106 0.9233465 51
1684618035177 0.9390663 52
1684618035248 0.95502394 53
1684618035320 0.9711775 54
1684618035392 0.9874885 55
1684618035464 1.0039235 56
1684618035535 1.0204537 57
1684618035608 1.0370559 58
1684618035679 1.053711 59
1684618035756 1.0704044 60
1684618035830 1.0871234 61
1684618035903 1.1038566 62
1684618035977 1.1205938 63
1684618036048 1.1373258 64
1684618036120 1.1540442 65
1684618036191 1.1707425 66
1684618036264 1.1874157 67
1684618036336 1.2040607 68
1684618036411 1.2206756 69
1684618036482 1.2372601 70
1684618036555 1.2538159 71
1684618036631 1.2703452 72
1684618036704 1.2868512 73
1684618036777 1.3033364 74
1684618036848 1.3198024 75
1684618036924 1.3362505 76
1684618036999 1.3526809 77
1684618037072 1.3690932 78
1684618037143 1.3854868 79
1684618037214 1.4018617 80
1684618037287 1.418217 81
1684618037364 1.434552 82
1684618037441 1.4508657 83
1684618037514 1.4671576 84
1684618037586 1.4834261 85
1684618037660 1.4996698 86
1684618037733 1.5158864 87
1684618037805 1.5320741 88
1684618037877 1.5482297 89
1684618037951 1.5643501 90
1684618038025 1.5804318 91
1684618038097 1.5964708 92
1684618038169 1.6124625 93
1684618038243 1.628402 94
1684618038370 1.6442842 95
1684618038442 1.6601033 96
1684618038514 1.6758534 97
1684618038585 1.691497 98
1684618038655 1.707012 99
1684618038727 1.7223864 100
1684618038797 1.7376142 101
1684618038870 1.7526921 102
1684618038943 1.7676178 103
1684618039015 1.7823892 104
1684618039087 1.797004 105
1684618039158 1.8114598 106
1684618039230 1.8257543 107
1684618039302 1.8398851 108
1684618039375 1.8538504 109
1684618039446 1.8676484 110
1684618039517 1.881277 111
1684618039593 1.8947357 112
1684618039665 1.9080235 113
1684618039739 1.9211397 114
1684618039813 1.9340844 115
1684618039888 1.9468582 116
1684618039962 1.9594615 117
1684618040039 1.9718951 118
1684618040113 1.9841605 119
1684618040194 1.9962593 120
1684618040271 2.008193 121
1684618040345 2.0199633 122
1684618040417 2.031572 123
1684618040490 2.043022 124
1684618040562 2.0543149 125
1684618040633 2.0654533 126
1684618040707 2.0764394 127
1684618040778 2.0872757 128
1684618040849 2.0979652 129
1684618040920 2.1085105 130
1684618040991 2.1189146 131
1684618041069 2.1291802 132
1684618041141 2.1393106 133
1684618041215 2.1493092 134
1684618041289 2.1591792 135
1684618041363 2.168924 136
1684618041436 2.1785474 137
1684618041510 2.1880531 138
1684618041583 2.1974447 139
1684618041656 2.2067258 140
1684618041727 2.2159004 141
1684618041799 2.224972 142
1684618041872 2.2339444 143
1684618041944 2.242821 144
1684618042015 2.251605 145
1684618042088 2.2603002 146
1684618042173 2.2689095 147
1684618042251 2.2774355 148
1684618042322 2.2858815 149
1684618042393 2.2942498 150
1684618042465 2.302543 151
1684618042536 2.3107631 152
1684618042607 2.3189127 153
1684618042678 2.3269935 154
1684618042752 2.3350065 155
1684618042823 2.3429525 156
1684618042895 2.3508332 157
1684618042969 2.3586497 158
1684618043040 2.366404 159
1684618043114 2.3740973 160
1684618043188 2.381732 161
1684618043259 2.3893094 162
1684618043333 2.396832 163
1684618043410 2.404302 164
1684618043482 2.4117212 165
1684618043554 2.4190927 166
1684618043624 2.4264188 167
1684618043695 2.4337025 168
1684618043960 2.4409468 169
1684618044108 2.448155 170
1684618044190 2.4553297 171
1684618044261 2.4624748 172
1684618044333 2.4695928 173
1684618044404 2.476687 174
1684618044475 2.4837604 175
1684618044547 2.4908156 176
1684618044623 2.4978552 177
1684618044694 2.5048811 178
1684618044861 2.5118952 179
1684618044995 2.5188987 180
1684618045069 2.5258932 181
1684618045144 2.5328782 182
1684618045217 2.5398538 183
1684618045289 2.5468194 184
1684618045361 2.5537734 185
1684618045434 2.5607142 186
1684618045505 2.5676384 187
1684618045577 2.574543 188
1684618045648 2.5814233 189
1684618045720 2.588274 190
1684618045791 2.5950902 191
1684618045863 2.6018653 192
1684618045934 2.608593 193
1684618046005 2.6152668 194
1684618046076 2.6218815 195
1684618046153 2.628431 196
1684618046224 2.634912 197
1684618046297 2.6413212 198
1684618046369 2.6476557 199
1684618046441 2.6539142 200
1684618046515 2.6600945 201
1684618046586 2.666195 202
1684618046661 2.6722128 203
1684618046732 2.6781461 204
1684618046803 2.683992 205
1684618046874 2.6897492 206
1684618046945 2.6954193 207
1684618047019 2.7010067 208
1684618047090 2.7065191 209
1684618047162 2.7119696 210
1684618047232 2.7173748 211
1684618047304 2.722756 212
1684618047377 2.7281373 213
1684618047448 2.7335453 214
1684618047520 2.7390082 215
1684618047591 2.744556 216
1684618047670 2.750218 217
1684618047744 2.7560222 218
1684618047818 2.761996 219
1684618047891 2.7681632 220
1684618047966 2.7745461 221
1684618048037 2.7811627 222
1684618048108 2.7880273 223
1684618048182 2.7951522 224
1684618048254 2.8025446 225
1684618048327 2.8102078 226
1684618048401 2.8181424 227
1684618048474 2.8263469 228
1684618048548 2.8348165 229
1684618048621 2.8435452 230
1684618048694 2.8525257 231
1684618048766 2.8617482 232
1684618048839 2.871203 233
1684618048909 2.880879 234
1684618048980 2.8907654 235
1684618049051 2.9008515 236
1684618049122 2.9111252 237
1684618049200 2.9215767 238
1684618049270 2.9321952 239
1684618049341 2.9429708 240
1684618049412 2.9538944 241
1684618049484 2.9649577 242
1684618049556 2.976153 243
1684618049629 2.987473 244
1684618049700 2.998911 245
1684618049772 3.0104623 246
1684618049844 3.0221214 247
1684618049915 3.033884 248
1684618049989 3.0457473 249
1684618050060 3.0577073 250
