1684685244114 59.25424 1
1684685244196 58.84266 2
1684685244271 58.203167 3
1684685244344 53.977673 4
1684685244416 46.70688 5
1684685244490 39.824486 6
1684685244563 34.975708 7
1684685244637 32.058147 8
1684685244710 28.820513 9
1684685244785 26.59636 10
1684685244862 25.026144 11
1684685244938 22.010704 12
1684685245011 18.258125 13
1684685245088 14.964832 14
1684685245163 13.049344 15
1684685245237 12.52961 16
1684685245312 12.450198 17
1684685245387 11.954788 18
1684685245462 11.102213 19
1684685245540 10.602651 20
1684685245614 10.484337 21
1684685245693 10.249295 22
1684685245769 9.851993 23
1684685245843 9.563488 24
1684685245919 9.54664 25
1684685245993 9.641766 26
1684685246068 9.651538 27
1684685246141 9.552602 28
1684685246215 9.429456 29
1684685246292 9.383509 30
1684685246367 9.402861 31
1684685246443 9.407502 32
1684685246518 9.370471 33
1684685246591 9.336701 34
1684685246665 9.3382015 35
1684685246739 9.356329 36
1684685246814 9.365591 37
1684685246887 9.361435 38
1684685246960 9.35309 39
1684685247032 9.349531 40
1684685247105 9.352441 41
1684685247177 9.359008 42
1684685247250 9.366813 43
1684685247320 9.374945 44
1684685247393 9.383478 45
1684685247465 9.394328 46
1684685247538 9.416616 47
1684685247610 9.45433 48
1684685247683 9.507387 49
1684685247758 9.57083 50
1684685247830 9.6308155 51
1684685247905 9.69082 52
1684685247978 9.756685 53
1684685248049 9.82766 54
1684685248121 9.895977 55
1684685248194 9.971233 56
1684685248266 10.059065 57
1684685248337 10.149792 58
1684685248411 10.222492 59
1684685248485 10.25103 60
1684685248557 10.223112 61
1684685248629 10.153794 62
1684685248704 10.066594 63
1684685248779 9.97987 64
1684685248852 9.905657 65
1684685248927 9.853665 66
1684685248999 9.831441 67
1684685249072 9.839125 68
1684685249145 9.86927 69
1684685249218 9.90963 70
1684685249292 9.946729 71
1684685249365 9.970872 72
1684685249440 9.979071 73
1684685249513 9.974015 74
1684685249585 9.961283 75
1684685249658 9.947061 76
1684685249731 9.936862 77
1684685249802 9.934616 78
1684685249875 9.941681 79
1684685249950 9.956321 80
1684685250024 9.974528 81
1684685250099 9.991743 82
1684685250173 10.004442 83
1684685250247 10.011011 84
1684685250319 10.011771 85
1684685250390 10.008347 86
1684685250464 10.002827 87
1684685250537 9.9970665 88
1684685250608 9.992302 89
1684685250681 9.989065 90
1684685250758 9.9872875 91
1684685250831 9.9865 92
1684685250902 9.986056 93
1684685250976 9.985339 94
1684685251047 9.983923 95
1684685251120 9.981655 96
1684685251193 9.978649 97
1684685251265 9.975206 98
1684685251339 9.971715 99
1684685251416 9.968525 100
1684685251490 9.96587 101
1684685251564 9.963823 102
1684685251647 9.962315 103
1684685251729 9.961158 104
1684685251803 9.960127 105
1684685251876 9.959011 106
1684685251951 9.957672 107
1684685252022 9.95606 108
1684685252094 9.954222 109
1684685252165 9.952269 110
1684685252237 9.950348 111
1684685252311 9.948598 112
1684685252383 9.94712 113
1684685252460 9.945959 114
1684685252540 9.945105 115
1684685252615 9.944495 116
1684685252691 9.94404 117
1684685252766 9.943644 118
1684685252838 9.943224 119
1684685252911 9.94273 120
1684685253000 9.94215 121
1684685253153 9.941502 122
1684685253226 9.940826 123
1684685253298 9.940178 124
1684685253370 9.939599 125
1684685253445 9.939124 126
1684685253518 9.938768 127
1684685253592 9.938526 128
1684685253666 9.938381 129
1684685253741 9.938309 130
1684685253814 9.93828 131
1684685253884 9.938272 132
1684685253955 9.938264 133
1684685254028 9.938248 134
1684685254100 9.938216 135
1684685254172 9.938175 136
1684685254251 9.938129 137
1684685254328 9.938087 138
1684685254402 9.93806 139
1684685254475 9.938051 140
1684685254546 9.9380665 141
1684685254618 9.938109 142
1684685254690 9.93818 143
1684685254761 9.938276 144
1684685254833 9.938395 145
1684685254904 9.938528 146
1684685254980 9.938671 147
1684685255053 9.938816 148
1684685255126 9.938959 149
1684685255197 9.939094 150
1684685255270 9.939219 151
1684685255347 9.939336 152
1684685255418 9.939444 153
1684685255492 9.939549 154
1684685255563 9.939655 155
1684685255635 9.939764 156
1684685255710 9.93988 157
1684685255781 9.940007 158
1684685255854 9.940144 159
1684685255925 9.9402895 160
1684685255998 9.94044 161
1684685256068 9.940592 162
1684685256138 9.9407425 163
1684685256210 9.940887 164
1684685256281 9.941023 165
1684685256351 9.941153 166
1684685256425 9.941275 167
1684685256500 9.941389 168
1684685256574 9.9415 169
1684685256647 9.941608 170
1684685256720 9.941719 171
1684685256792 9.94183 172
1684685256866 9.941946 173
1684685256941 9.942063 174
1684685257015 9.942184 175
1684685257088 9.942305 176
1684685257161 9.942423 177
1684685257235 9.942539 178
1684685257308 9.94265 179
1684685257381 9.942757 180
1684685257453 9.942856 181
1684685257527 9.94295 182
1684685257599 9.943041 183
1684685257672 9.943129 184
1684685257748 9.943214 185
1684685257822 9.9433 186
1684685257899 9.943386 187
1684685257973 9.943472 188
1684685258047 9.943558 189
1684685258119 9.943644 190
1684685258192 9.9437275 191
1684685258264 9.9438095 192
1684685258338 9.94389 193
1684685258411 9.943967 194
1684685258660 9.944042 195
1684685258788 9.944115 196
1684685258866 9.944185 197
1684685258941 9.944253 198
1684685259013 9.944319 199
1684685259086 9.944382 200
1684685259159 9.944445 201
1684685259231 9.944505 202
1684685259302 9.944565 203
1684685259375 9.944624 204
1684685259447 9.944681 205
1684685259519 9.944738 206
1684685259592 9.944793 207
1684685259664 9.944845 208
1684685259738 9.944897 209
1684685259870 9.944946 210
1684685259942 9.944994 211
1684685260013 9.945039 212
1684685260082 9.945084 213
1684685260156 9.9451275 214
1684685260226 9.945169 215
1684685260298 9.945211 216
1684685260373 9.945251 217
1684685260446 9.94529 218
1684685260518 9.945328 219
1684685260590 9.945364 220
1684685260661 9.945401 221
1684685260735 9.945435 222
1684685260806 9.945471 223
1684685260878 9.945501 224
1684685260949 9.945534 225
1684685261020 9.945564 226
1684685261090 9.945593 227
1684685261407 9.9456215 228
1684685261528 9.94565 229
1684685261600 9.945679 230
1684685261673 9.945706 231
1684685261754 9.945733 232
1684685261829 9.94576 233
1684685261901 9.945785 234
1684685261973 9.945808 235
1684685262046 9.945831 236
1684685262119 9.945854 237
1684685262191 9.945875 238
1684685262264 9.945896 239
1684685262336 9.945916 240
1684685262407 9.945936 241
1684685262478 9.945956 242
1684685262589 9.945974 243
1684685262686 9.945992 244
1684685262783 9.946011 245
1684685262855 9.946026 246
1684685262928 9.946042 247
1684685263000 9.946057 248
1684685263073 9.946073 249
1684685263144 9.946087 250
