1684681970258 40.26014 1
1684681970335 29.058413 2
1684681970413 21.890343 3
1684681970489 18.753899 4
1684681970564 17.284798 5
1684681970637 15.9331 6
1684681970709 13.341606 7
1684681970783 10.882572 8
1684681970859 10.403339 9
1684681970933 10.986729 10
1684681971009 10.722282 11
1684681971090 9.737223 12
1684681971164 9.38995 13
1684681971246 9.771475 14
1684681971320 10.291098 15
1684681971394 10.267308 16
1684681971468 9.53757 17
1684681971544 8.813135 18
1684681971617 8.614807 19
1684681971691 8.784145 20
1684681971762 8.843308 21
1684681971837 8.685666 22
1684681971910 8.5752735 23
1684681971984 8.616258 24
1684681972060 8.726154 25
1684681972137 8.83306 26
1684681972213 8.911861 27
1684681972288 8.965849 28
1684681972364 9.005654 29
1684681972438 9.035797 30
1684681972520 9.05759 31
1684681972599 9.067996 32
1684681972672 9.060341 33
1684681972744 9.053325 34
1684681972817 9.062954 35
1684681972889 9.089024 36
1684681972963 9.127433 37
1684681973037 9.126001 38
1684681973111 9.037638 39
1684681973185 8.929988 40
1684681973258 8.811771 41
1684681973331 8.705366 42
1684681973406 8.647802 43
1684681973480 8.62697 44
1684681973556 8.625922 45
1684681973628 8.636267 46
1684681973702 8.64799 47
1684681973774 8.629551 48
1684681973848 8.58615 49
1684681973920 8.555962 50
1684681973993 8.550709 51
1684681974070 8.552723 52
1684681974146 8.550753 53
1684681974218 8.546826 54
1684681974291 8.546799 55
1684681974366 8.554333 56
1684681974439 8.569404 57
1684681974513 8.586912 58
1684681974586 8.595053 59
1684681974724 8.586614 60
1684681974794 8.569951 61
1684681974869 8.557135 62
1684681974940 8.551481 63
1684681975012 8.549812 64
1684681975085 8.550453 65
1684681975158 8.554528 66
1684681975232 8.563349 67
1684681975307 8.576302 68
1684681975381 8.590025 69
1684681975453 8.599162 70
1684681975525 8.599756 71
1684681975598 8.592833 72
1684681975673 8.583292 73
1684681975745 8.57562 74
1684681975819 8.5717125 75
1684681975894 8.571676 76
1684681975966 8.575011 77
1684681976039 8.580874 78
1684681976112 8.587866 79
1684681976184 8.594011 80
1684681976257 8.597313 81
1684681976331 8.596682 82
1684681976404 8.5925865 83
1684681976477 8.586761 84
1684681976549 8.581188 85
1684681976624 8.577217 86
1684681976697 8.575365 87
1684681976771 8.575556 88
1684681976844 8.577362 89
1684681976917 8.580116 90
1684681976989 8.5829735 91
1684681977062 8.585071 92
1684681977135 8.585792 93
1684681977207 8.584982 94
1684681977394 8.582998 95
1684681977479 8.580516 96
1684681977565 8.578236 97
1684681977652 8.576656 98
1684681977744 8.575994 99
1684681977822 8.576196 100
1684681977898 8.577014 101
1684681977973 8.578066 102
1684681978048 8.578934 103
1684681978122 8.579259 104
1684681978196 8.578856 105
1684681978270 8.577763 106
1684681978344 8.576224 107
1684681978420 8.574595 108
1684681978492 8.573212 109
1684681978565 8.572298 110
1684681978688 8.571919 111
1684681978764 8.571995 112
1684681978839 8.572328 113
1684681978917 8.572668 114
1684681978990 8.572775 115
1684681979070 8.572493 116
1684681979143 8.571798 117
1684681979217 8.570799 118
1684681979291 8.569687 119
1684681979363 8.568663 120
1684681979439 8.567881 121
1684681979512 8.567401 122
1684681979591 8.5672 123
1684681979665 8.567182 124
1684681979739 8.567213 125
1684681979813 8.567165 126
1684681979887 8.566955 127
1684681979960 8.56656 128
1684681980041 8.566032 129
1684681980113 8.565466 130
1684681980189 8.56496 131
1684681980263 8.56459 132
1684681980336 8.564391 133
1684681980409 8.564345 134
1684681980484 8.564404 135
1684681980558 8.564494 136
1684681980645 8.564553 137
1684681980724 8.564542 138
1684681980796 8.564453 139
1684681980869 8.564314 140
1684681980941 8.56417 141
1684681981014 8.564065 142
1684681981088 8.564031 143
1684681981165 8.564072 144
1684681981239 8.564177 145
1684681981309 8.56431 146
1684681981383 8.564442 147
1684681981457 8.564542 148
1684681981533 8.564598 149
1684681981606 8.564613 150
1684681981679 8.564606 151
1684681981753 8.564596 152
1684681981827 8.564603 153
1684681981904 8.564634 154
1684681981977 8.564689 155
1684681982050 8.564755 156
1684681982127 8.564819 157
1684681982201 8.564868 158
1684681982273 8.564892 159
1684681982347 8.564892 160
1684681982423 8.564875 161
1684681982503 8.56485 162
1684681982578 8.564827 163
1684681982654 8.564815 164
1684681982730 8.564816 165
1684681982803 8.564827 166
1684681982875 8.564843 167
1684681982947 8.564856 168
1684681983018 8.564861 169
1684681983094 8.564859 170
1684681983170 8.56485 171
1684681983245 8.564836 172
1684681983318 8.564822 173
1684681983395 8.564812 174
1684681983470 8.564806 175
1684681983545 8.564806 176
1684681983619 8.56481 177
1684681983693 8.564813 178
1684681983766 8.564815 179
1684681983842 8.564812 180
1684681983916 8.564808 181
1684681983990 8.564799 182
1684681984065 8.564791 183
1684681984138 8.564784 184
1684681984215 8.564777 185
1684681984286 8.564774 186
1684681984361 8.56477 187
1684681984433 8.564768 188
1684681984520 8.564767 189
1684681984594 8.564763 190
1684681984667 8.564758 191
1684681984752 8.564753 192
1684681984827 8.564747 193
1684681984901 8.564741 194
1684681984973 8.564735 195
1684681985048 8.564731 196
1684681985121 8.564726 197
1684681985194 8.564724 198
1684681985265 8.564721 199
1684681985337 8.564718 200
1684681985410 8.564714 201
1684681985484 8.564711 202
1684681985559 8.564707 203
1684681985632 8.564702 204
1684681985706 8.564697 205
1684681985779 8.564693 206
1684681985853 8.564691 207
1684681985925 8.564688 208
1684681985999 8.564685 209
1684681986075 8.564683 210
1684681986152 8.56468 211
1684681986225 8.564678 212
1684681986298 8.564674 213
1684681986372 8.564672 214
1684681986449 8.56467 215
1684681986523 8.564667 216
1684681986599 8.564665 217
1684681986673 8.564662 218
1684681986748 8.56466 219
1684681986823 8.564658 220
1684681986898 8.564656 221
1684681986972 8.564655 222
1684681987046 8.564653 223
1684681987119 8.5646515 224
1684681987193 8.56465 225
1684681987267 8.564649 226
1684681987342 8.564647 227
1684681987419 8.564645 228
1684681987491 8.564644 229
1684681987565 8.564642 230
1684681987638 8.564641 231
1684681987713 8.564639 232
1684681987787 8.564638 233
1684681987861 8.564637 234
1684681987935 8.564636 235
1684681988009 8.564635 236
1684681988082 8.564634 237
1684681988156 8.564633 238
1684681988232 8.564632 239
1684681988305 8.564631 240
1684681988377 8.564631 241
1684681988453 8.5646305 242
1684681988525 8.56463 243
1684681988599 8.564629 244
1684681988670 8.564628 245
1684681988752 8.564627 246
1684681988830 8.564627 247
1684681988905 8.564625 248
1684681988981 8.564625 249
1684681989054 8.564625 250
