1684685156601 57.06698 1
1684685156684 56.762527 2
1684685156758 56.532692 3
1684685156832 56.046562 4
1684685156906 55.035206 5
1684685156981 54.012436 6
1684685157051 53.062927 7
1684685157122 50.90596 8
1684685157195 47.24638 9
1684685157267 43.9739 10
1684685157340 40.378235 11
1684685157416 36.901894 12
1684685157488 32.252514 13
1684685157568 25.68717 14
1684685157643 20.025116 15
1684685157718 17.615051 16
1684685157792 16.866634 17
1684685157865 16.190817 18
1684685157938 14.141041 19
1684685158012 12.109521 20
1684685158085 10.933486 21
1684685158158 10.654941 22
1684685158231 10.662134 23
1684685158304 10.343895 24
1684685158376 9.860931 25
1684685158450 9.581818 26
1684685158525 9.49769 27
1684685158600 9.503374 28
1684685158673 9.512752 29
1684685158745 9.513695 30
1684685158817 9.51501 31
1684685158890 9.521336 32
1684685158966 9.529802 33
1684685159042 9.539104 34
1684685159113 9.55511 35
1684685159186 9.578598 36
1684685159259 9.598988 37
1684685159332 9.599253 38
1684685159404 9.58132 39
1684685159477 9.554364 40
1684685159550 9.51935 41
1684685159623 9.471789 42
1684685159696 9.413477 43
1684685159772 9.355473 44
1684685159844 9.3091 45
1684685159919 9.279241 46
1684685159991 9.2640085 47
1684685160070 9.257838 48
1684685160145 9.255833 49
1684685160217 9.2560425 50
1684685160288 9.258403 51
1684685160361 9.262738 52
1684685160435 9.267992 53
1684685160512 9.272738 54
1684685160587 9.27597 55
1684685160665 9.277397 56
1684685160740 9.277275 57
1684685160812 9.276127 58
1684685160885 9.274586 59
1684685160959 9.273025 60
1684685161032 9.271147 61
1684685161104 9.268673 62
1684685161177 9.266051 63
1684685161250 9.264102 64
1684685161321 9.26343 65
1684685161395 9.2642765 66
1684685161469 9.266592 67
1684685161542 9.270028 68
1684685161616 9.273879 69
1684685161692 9.27718 70
1684685161766 9.279053 71
1684685161838 9.279103 72
1684685161913 9.277601 73
1684685161989 9.2752905 74
1684685162063 9.272989 75
1684685162154 9.271282 76
1684685162233 9.270419 77
1684685162309 9.270374 78
1684685162382 9.270943 79
1684685162457 9.271819 80
1684685162532 9.272678 81
1684685162608 9.273268 82
1684685162682 9.273471 83
1684685162754 9.273332 84
1684685162826 9.273028 85
1684685162898 9.272767 86
1684685162977 9.272662 87
1684685163050 9.272705 88
1684685163125 9.272813 89
1684685163198 9.272885 90
1684685163270 9.272812 91
1684685163342 9.272404 92
1684685163414 9.271637 93
1684685163486 9.270685 94
1684685163558 9.269771 95
1684685163630 9.269063 96
1684685163703 9.268632 97
1684685163775 9.268459 98
1684685163846 9.268465 99
1684685163929 9.268549 100
1684685164002 9.268609 101
1684685164075 9.26858 102
1684685164150 9.268442 103
1684685164223 9.268211 104
1684685164296 9.267926 105
1684685164407 9.267635 106
1684685164577 9.267373 107
1684685164653 9.267159 108
1684685164728 9.266995 109
1684685164801 9.26687 110
1684685164874 9.266764 111
1684685164949 9.266661 112
1684685165023 9.266554 113
1684685165096 9.26644 114
1684685165167 9.266332 115
1684685165242 9.266246 116
1684685165314 9.266216 117
1684685165385 9.266276 118
1684685165459 9.266455 119
1684685165532 9.26674 120
1684685165604 9.267073 121
1684685165680 9.26738 122
1684685165753 9.26759 123
1684685165824 9.267668 124
1684685165895 9.267614 125
1684685165969 9.267465 126
1684685166041 9.267263 127
1684685166113 9.2670555 128
1684685166186 9.266867 129
1684685166260 9.266712 130
1684685166331 9.266596 131
1684685166403 9.266525 132
1684685166476 9.266525 133
1684685166548 9.266633 134
1684685166619 9.266887 135
1684685166692 9.267267 136
1684685166765 9.267689 137
1684685166839 9.268069 138
1684685166911 9.268425 139
1684685166985 9.268867 140
1684685167056 9.269493 141
1684685167130 9.270512 142
1684685167204 9.272634 143
1684685167279 9.276361 144
1684685167354 9.281241 145
1684685167427 9.286325 146
1684685167501 9.289745 147
1684685167577 9.288946 148
1684685167656 9.283659 149
1684685167739 9.276283 150
1684685167813 9.2696085 151
1684685167885 9.265045 152
1684685167958 9.262674 153
1684685168036 9.26211 154
1684685168110 9.26293 155
1684685168181 9.264605 156
1684685168256 9.266441 157
1684685168328 9.267769 158
1684685168401 9.268221 159
1684685168478 9.267862 160
1684685168551 9.267048 161
1684685168623 9.2662 162
1684685168697 9.265631 163
1684685168769 9.2655 164
1684685168840 9.265843 165
1684685168912 9.266592 166
1684685168988 9.267593 167
1684685169058 9.26865 168
1684685169130 9.269575 169
1684685169201 9.270245 170
1684685169275 9.27063 171
1684685169347 9.270782 172
1684685169418 9.270791 173
1684685169495 9.2707405 174
1684685169571 9.270668 175
1684685169643 9.270551 176
1684685169718 9.270313 177
1684685169789 9.269871 178
1684685169863 9.269205 179
1684685169935 9.268394 180
1684685170012 9.267565 181
1684685170085 9.266849 182
1684685170159 9.266321 183
1684685170244 9.265999 184
1684685170322 9.265845 185
1684685170394 9.265795 186
1684685170469 9.2657795 187
1684685170545 9.265748 188
1684685170617 9.265678 189
1684685170690 9.265577 190
1684685170763 9.265472 191
1684685170834 9.265394 192
1684685170904 9.265364 193
1684685170977 9.2653885 194
1684685171049 9.265457 195
1684685171122 9.265544 196
1684685171306 9.265621 197
1684685171416 9.265662 198
1684685171504 9.265654 199
1684685171578 9.265594 200
1684685171652 9.265499 201
1684685171728 9.265394 202
1684685171800 9.265301 203
1684685171873 9.26524 204
1684685171947 9.26522 205
1684685172020 9.265241 206
1684685172095 9.265291 207
1684685172167 9.265358 208
1684685172243 9.265423 209
1684685172317 9.265472 210
1684685172391 9.265497 211
1684685172465 9.265495 212
1684685172537 9.265472 213
1684685172656 9.265437 214
1684685172729 9.265397 215
1684685172801 9.265364 216
1684685172874 9.265343 217
1684685172946 9.265339 218
1684685173018 9.2653475 219
1684685173092 9.2653675 220
1684685173166 9.265393 221
1684685173240 9.265417 222
1684685173313 9.265436 223
1684685173386 9.2654505 224
1684685173458 9.265454 225
1684685173530 9.265451 226
1684685173608 9.265445 227
1684685173681 9.265436 228
1684685173754 9.265428 229
1684685173826 9.265421 230
1684685173899 9.265419 231
1684685173973 9.265421 232
1684685174046 9.265425 233
1684685174124 9.26543 234
1684685174196 9.265437 235
1684685174268 9.265442 236
1684685174339 9.265447 237
1684685174411 9.265449 238
1684685174485 9.2654505 239
1684685174558 9.265451 240
1684685174633 9.2654505 241
1684685174705 9.26545 242
1684685174778 9.26545 243
1684685174850 9.265449 244
1684685174923 9.265449 245
1684685174994 9.26545 246
1684685175067 9.26545 247
1684685175140 9.26545 248
1684685175210 9.26545 249
1684685175283 9.265451 250
