1684682701964 59.55609 1
1684682702062 59.5543 2
1684682702140 59.55596 3
1684682702217 59.558372 4
1684682702290 59.555584 5
1684682702364 59.401962 6
1684682702436 58.912643 7
1684682702511 57.78912 8
1684682702585 56.332478 9
1684682702658 55.103252 10
1684682702732 54.285774 11
1684682702807 53.685707 12
1684682702880 53.29549 13
1684682702954 53.03515 14
1684682703028 52.787636 15
1684682703102 52.56106 16
1684682703174 52.365387 17
1684682703246 52.078552 18
1684682703320 51.566666 19
1684682703394 49.937183 20
1684682703622 46.564003 21
1684682703701 41.566547 22
1684682703774 36.63485 23
1684682703853 32.377937 24
1684682703933 28.6647 25
1684682704007 25.252071 26
1684682704083 22.812927 27
1684682704156 21.052069 28
1684682704231 19.164186 29
1684682704307 16.42998 30
1684682704382 16.596119 31
1684682704455 16.781658 32
1684682704532 16.97868 33
1684682704612 17.1624 34
1684682704686 17.324013 35
1684682704777 17.304543 36
1684682704856 16.832985 37
1684682704930 16.031525 38
1684682705003 15.292839 39
1684682705075 14.910789 40
1684682705147 15.12043 41
1684682705221 15.337267 42
1684682705293 15.559233 43
1684682705367 15.784136 44
1684682705439 16.010887 45
1684682705512 16.239979 46
1684682705587 16.473291 47
1684682705661 16.713367 48
1684682705734 16.962173 49
1684682705808 17.219843 50
1684682705882 17.483957 51
1684682705953 17.751328 52
1684682706025 18.020462 53
1684682706099 18.291523 54
1684682706172 18.565384 55
1684682706245 18.842861 56
1684682706318 19.124548 57
1684682706392 19.410988 58
1684682706465 19.70271 59
1684682706607 20.000044 60
1684682706679 20.302895 61
1684682706753 20.610863 62
1684682706827 20.923485 63
1684682706901 21.23908 64
1684682706975 21.550907 65
1684682707053 21.844524 66
1684682707125 22.105698 67
1684682707198 22.333155 68
1684682707268 22.538055 69
1684682707339 22.731684 70
1684682707413 22.9148 71
1684682707489 23.074398 72
1684682707562 23.190231 73
1684682707635 23.251602 74
1684682707708 23.271088 75
1684682707779 23.282106 76
1684682707850 23.31802 77
1684682707925 23.37978 78
1684682708000 23.424076 79
1684682708071 23.395119 80
1684682708144 23.276123 81
1684682708219 23.10065 82
1684682708291 22.917585 83
1684682708363 22.755106 84
1684682708438 22.611279 85
1684682708513 22.466442 86
1684682708595 22.305866 87
1684682708672 22.136192 88
1684682708747 21.984982 89
1684682708819 21.885502 90
1684682708891 21.844763 91
1684682708968 21.821625 92
1684682709042 21.749165 93
1684682709117 21.5899 94
1684682709189 21.362522 95
1684682709262 21.116278 96
1684682709336 20.890385 97
1684682709418 20.695816 98
1684682709499 20.52125 99
1684682709582 20.350716 100
1684682709660 20.17961 101
1684682709742 20.0196 102
1684682709822 19.890928 103
1684682709901 19.800783 104
1684682709981 19.72428 105
1684682710060 19.617165 106
1684682710140 19.450943 107
1684682710222 19.231075 108
1684682710301 18.985947 109
1684682710381 18.744003 110
1684682710461 18.519466 111
1684682710544 18.31248 112
1684682710623 18.117493 113
1684682710704 17.931393 114
1684682710784 17.75609 115
1684682710862 17.593939 116
1684682710943 17.438942 117
1684682711021 17.273975 118
1684682711098 17.081532 119
1684682711170 16.856874 120
1684682711245 16.609943 121
1684682711317 16.357105 122
1684682711390 16.111805 123
1684682711464 15.880266 124
1684682711539 15.662573 125
1684682711612 15.455909 126
1684682711685 15.256897 127
1684682711760 15.0620165 128
1684682711833 14.867143 129
1684682711905 14.668051 130
1684682711978 14.462422 131
1684682712052 14.251616 132
1684682712124 14.040365 133
1684682712196 13.834685 134
1684682712270 13.639589 135
1684682712343 13.457852 136
1684682712416 13.289982 137
1684682712499 13.134894 138
1684682712571 12.990791 139
1684682712643 12.855915 140
1684682712716 12.729149 141
1684682712788 12.610343 142
1684682712869 12.50028 143
1684682712948 12.400274 144
1684682713026 12.311573 145
1684682713101 12.234835 146
1684682713175 12.169891 147
1684682713248 12.115807 148
1684682713321 12.071141 149
1684682713598 12.034301 150
1684682713723 12.003838 151
1684682713799 11.9786625 152
1684682713871 11.958124 153
1684682713944 11.941959 154
1684682714016 11.93014 155
1684682714088 11.92267 156
1684682714160 11.919435 157
1684682714232 11.920106 158
1684682714308 11.924158 159
1684682714381 11.930943 160
1684682714454 11.939802 161
1684682714526 11.950174 162
1684682714613 11.9616585 163
1684682714687 11.974032 164
1684682714760 11.987227 165
1684682714832 12.001239 166
1684682714904 12.016065 167
1684682714976 12.031627 168
1684682715049 12.047743 169
1684682715123 12.064138 170
1684682715196 12.080484 171
1684682715270 12.096453 172
1684682715344 12.111763 173
1684682715415 12.126215 174
1684682715488 12.13969 175
1684682715561 12.152134 176
1684682715634 12.163515 177
1684682715708 12.173789 178
1684682715782 12.1828785 179
1684682715858 12.190649 180
1684682715930 12.196938 181
1684682716001 12.201554 182
1684682716073 12.204332 183
1684682716147 12.205133 184
1684682716219 12.203877 185
1684682716292 12.200535 186
1684682716367 12.195118 187
1684682716438 12.187666 188
1684682716511 12.178232 189
1684682716582 12.166876 190
1684682716657 12.153662 191
1684682716728 12.138676 192
1684682716801 12.122038 193
1684682716874 12.103914 194
1684682716945 12.084539 195
1684682717018 12.064222 196
1684682717091 12.043331 197
1684682717165 12.022299 198
1684682717237 12.001598 199
1684682717310 11.9817295 200
1684682717382 11.96319 201
1684682717453 11.946466 202
1684682717526 11.932016 203
1684682717597 11.920244 204
1684682717670 11.911501 205
1684682717742 11.906064 206
1684682717814 11.904127 207
1684682717886 11.905807 208
1684682717958 11.911131 209
1684682718032 11.9200535 210
1684682718103 11.932457 211
1684682718174 11.9481735 212
1684682718247 11.966987 213
1684682718319 11.98866 214
1684682718392 12.012943 215
1684682718463 12.039587 216
1684682718536 12.068342 217
1684682718613 12.098984 218
1684682718687 12.13129 219
1684682718761 12.165063 220
1684682718833 12.200113 221
1684682718906 12.236261 222
1684682718978 12.273346 223
1684682719050 12.311206 224
1684682719122 12.349696 225
1684682719196 12.388678 226
1684682719271 12.4280205 227
1684682719347 12.467607 228
1684682719420 12.507327 229
1684682719491 12.54708 230
1684682719562 12.586775 231
1684682719636 12.626322 232
1684682719710 12.665647 233
1684682719782 12.70467 234
1684682719854 12.743327 235
1684682719926 12.781551 236
1684682719998 12.819286 237
1684682720070 12.856481 238
1684682720144 12.893088 239
1684682720216 12.929071 240
1684682720291 12.964394 241
1684682720365 12.999023 242
1684682720439 13.032936 243
1684682720513 13.066111 244
1684682720587 13.098527 245
1684682720660 13.130173 246
1684682720732 13.161036 247
1684682720804 13.191112 248
1684682720876 13.220393 249
1684682720948 13.24888 250
