1684682571272 54.96617 1
1684682571354 49.65438 2
1684682571429 41.315544 3
1684682571506 31.929224 4
1684682571584 24.311344 5
1684682571659 20.8841 6
1684682571732 20.07198 7
1684682571806 19.942457 8
1684682571884 19.791714 9
1684682571957 19.566233 10
1684682572034 19.356766 11
1684682572107 19.2261 12
1684682572181 19.15886 13
1684682572256 19.148636 14
1684682572332 19.176243 15
1684682572407 19.2237 16
1684682572483 19.288588 17
1684682572559 19.366375 18
1684682572633 19.422226 19
1684682572708 19.419205 20
1684682572782 19.36525 21
1684682572855 19.160494 22
1684682572927 18.956398 23
1684682572999 18.829084 24
1684682573073 18.786036 25
1684682573183 18.805733 26
1684682573257 18.85525 27
1684682573332 18.851835 28
1684682573408 18.70883 29
1684682573480 18.375662 30
1684682573554 17.828232 31
1684682573630 17.027733 32
1684682573702 15.968242 33
1684682573776 14.867165 34
1684682573849 13.974964 35
1684682573921 13.336744 36
1684682573996 12.872573 37
1684682574070 12.464245 38
1684682574142 11.995913 39
1684682574215 11.38451 40
1684682574288 10.6212015 41
1684682574361 9.832441 42
1684682574438 9.243958 43
1684682574515 8.914871 44
1684682574593 8.787662 45
1684682574677 8.7475195 46
1684682574752 8.721619 47
1684682574824 8.692558 48
1684682574898 8.666597 49
1684682574970 8.648808 50
1684682575041 8.633904 51
1684682575115 8.609303 52
1684682575189 8.56559 53
1684682575262 8.502088 54
1684682575337 8.427168 55
1684682575410 8.355249 56
1684682575482 8.299704 57
1684682575555 8.26431 58
1684682575628 8.240872 59
1684682575705 8.218678 60
1684682575778 8.19376 61
1684682575852 8.169685 62
1684682575925 8.152239 63
1684682575999 8.144165 64
1684682576073 8.144155 65
1684682576147 8.148592 66
1684682576219 8.153256 67
1684682576293 8.154688 68
1684682576366 8.15164 69
1684682576438 8.145496 70
1684682576511 8.138891 71
1684682576586 8.133806 72
1684682576660 8.130894 73
1684682576734 8.130037 74
1684682576807 8.130964 75
1684682576881 8.133287 76
1684682576953 8.136278 77
1684682577024 8.138886 78
1684682577099 8.14015 79
1684682577171 8.139714 80
1684682577245 8.137972 81
1684682577321 8.135727 82
1684682577393 8.133712 83
1684682577465 8.132334 84
1684682577536 8.131697 85
1684682577609 8.131701 86
1684682577683 8.132122 87
1684682577755 8.13266 88
1684682577829 8.133041 89
1684682577903 8.133123 90
1684682577977 8.132919 91
1684682578050 8.132556 92
1684682578123 8.132164 93
1684682578195 8.131819 94
1684682578268 8.131523 95
1684682578346 8.131232 96
1684682578538 8.130904 97
1684682578654 8.130535 98
1684682578766 8.130175 99
1684682578880 8.129908 100
1684682578961 8.129809 101
1684682579033 8.129917 102
1684682579107 8.130211 103
1684682579179 8.130609 104
1684682579251 8.131004 105
1684682579326 8.1313 106
1684682579401 8.131456 107
1684682579473 8.131507 108
1684682579547 8.131554 109
1684682579620 8.13171 110
1684682579692 8.1320715 111
1684682579764 8.132669 112
1684682579837 8.133476 113
1684682579910 8.134396 114
1684682579982 8.135304 115
1684682580062 8.136076 116
1684682580134 8.136629 117
1684682580206 8.136942 118
1684682580286 8.137064 119
1684682580376 8.137081 120
1684682580453 8.137077 121
1684682580527 8.137083 122
1684682580601 8.137064 123
1684682580675 8.1369705 124
1684682580750 8.136805 125
1684682580822 8.136649 126
1684682580897 8.136632 127
1684682580972 8.136855 128
1684682581046 8.137323 129
1684682581120 8.137915 130
1684682581194 8.138415 131
1684682581266 8.138613 132
1684682581343 8.138398 133
1684682581418 8.137831 134
1684682581491 8.137104 135
1684682581565 8.136456 136
1684682581638 8.136077 137
1684682581711 8.136062 138
1684682581783 8.136391 139
1684682581857 8.136953 140
1684682581928 8.137572 141
1684682582000 8.13806 142
1684682582072 8.138274 143
1684682582144 8.138169 144
1684682582218 8.137806 145
1684682582289 8.13732 146
1684682582364 8.13687 147
1684682582436 8.136581 148
1684682582512 8.136511 149
1684682582586 8.136652 150
1684682582660 8.136933 151
1684682582739 8.137254 152
1684682582820 8.137511 153
1684682582894 8.137636 154
1684682582967 8.137611 155
1684682583040 8.1374655 156
1684682583112 8.137264 157
1684682583184 8.137075 158
1684682583255 8.136953 159
1684682583328 8.136924 160
1684682583406 8.13698 161
1684682583484 8.137091 162
1684682583557 8.137215 163
1684682583633 8.13731 164
1684682583706 8.137354 165
1684682583776 8.13734 166
1684682583851 8.137281 167
1684682583925 8.137205 168
1684682583996 8.137136 169
1684682584070 8.137096 170
1684682584143 8.137091 171
1684682584215 8.1371155 172
1684682584289 8.137159 173
1684682584363 8.137206 174
1684682584437 8.13724 175
1684682584511 8.137255 176
1684682584583 8.137248 177
1684682584655 8.137228 178
1684682584727 8.1372 179
1684682584798 8.137177 180
1684682584872 8.137163 181
1684682584943 8.137161 182
1684682585017 8.137169 183
1684682585090 8.137181 184
1684682585163 8.137196 185
1684682586044 8.137205 186
1684682586207 8.137209 187
1684682586282 8.137207 188
1684682586356 8.137202 189
1684682586430 8.137197 190
1684682586501 8.137192 191
1684682586572 8.137192 192
1684682586809 8.137193 193
1684682586885 8.137195 194
1684682586957 8.1371975 195
1684682587031 8.137199 196
1684682587104 8.1371975 197
1684682587176 8.137197 198
1684682587250 8.137194 199
1684682587323 8.137192 200
1684682587397 8.13719 201
1684682587471 8.137192 202
1684682587545 8.137194 203
1684682587617 8.137197 204
1684682587689 8.137199 205
1684682587761 8.137201 206
1684682587834 8.137201 207
1684682587907 8.137199 208
1684682587984 8.137197 209
1684682588060 8.137194 210
1684682588134 8.137193 211
1684682588209 8.137192 212
1684682588282 8.137191 213
1684682588355 8.137192 214
1684682588440 8.137194 215
1684682588514 8.137197 216
1684682588588 8.1371975 217
1684682588661 8.137198 218
1684682588734 8.1371975 219
1684682588807 8.1371975 220
1684682588882 8.137196 221
1684682588955 8.137194 222
1684682589027 8.137194 223
1684682589100 8.137194 224
1684682589173 8.137194 225
1684682589243 8.137194 226
1684682589319 8.137194 227
1684682589394 8.137195 228
1684682589466 8.137195 229
1684682589540 8.137195 230
1684682589612 8.137195 231
1684682589685 8.137194 232
1684682589759 8.137193 233
1684682589832 8.137193 234
1684682589905 8.137193 235
1684682589978 8.137193 236
1684682590050 8.137193 237
1684682590122 8.137193 238
1684682590195 8.137193 239
1684682590268 8.137193 240
1684682590339 8.137193 241
1684682590413 8.137193 242
1684682590486 8.137193 243
1684682590667 8.137193 244
1684682590825 8.137193 245
1684682590929 8.137193 246
1684682591004 8.137193 247
1684682591076 8.137192 248
1684682591148 8.137192 249
1684682591221 8.137192 250
