1684682658962 53.60391344342913 1
1684682659061 49.608079637799946 2
1684682659141 46.52293750217983 3
1684682659217 44.68133980887277 4
1684682659294 43.17376545497349 5
1684682659367 40.90204674857004 6
1684682659442 38.20111574445452 7
1684682659517 35.77034786769322 8
1684682659594 34.1244272504534 9
1684682659667 33.1801518031529 10
1684682659743 32.428352628435405 11
1684682659822 31.658159800938197 12
1684682659897 30.96174280984061 13
1684682659985 29.93562207903181 14
1684682660061 28.192881856645858 15
1684682660134 26.102798461914062 16
1684682660206 24.19309629712786 17
1684682660281 22.676086289542063 18
1684682660357 21.805117062159947 19
1684682660430 21.24424593789237 20
1684682660505 21.004679952348983 21
1684682660578 20.9894437789917 22
1684682660651 20.959062576293945 23
1684682660724 20.746549606323242 24
1684682660797 20.38822787148612 25
1684682660870 20.000292369297572 26
1684682660946 19.741883414132253 27
1684682661018 19.644952637808665 28
1684682661092 19.600714138575963 29
1684682661164 19.537237848554337 30
1684682661237 19.45037637438093 31
1684682661313 19.297041211809432 32
1684682661387 19.06186839512416 33
1684682661461 18.799192837306432 34
1684682661537 18.572666031973704 35
1684682661612 18.389946392604283 36
1684682661684 18.208128792898997 37
1684682661757 17.96224308013916 38
1684682661830 17.526738575526647 39
1684682661901 16.71003614153181 40
1684682661972 15.479262215750557 41
1684682662045 14.162061146327428 42
1684682662117 13.253035409109932 43
1684682662190 12.675054141453334 44
1684682662264 12.245683670043945 45
1684682662338 11.962269101824079 46
1684682662410 11.657202856881279 47
1684682662482 11.356740270342145 48
1684682662556 11.114450590951103 49
1684682662630 10.92916556767055 50
1684682662703 10.761333738054548 51
1684682662783 10.534669467381068 52
1684682662856 10.304827417646136 53
1684682662931 10.15310559953962 54
1684682663003 10.060207775660924 55
1684682663080 9.99082429068429 56
1684682663156 9.923151424952916 57
1684682663230 9.852101870945521 58
1684682663302 9.782946450369698 59
1684682663374 9.721946035112653 60
1684682663446 9.671526908874512 61
1684682663518 9.63070719582694 62
1684682663593 9.597190584455218 63
1684682663666 9.568728719438825 64
1684682663739 9.543488366263253 65
1684682663811 9.520080021449498 66
1684682663884 9.497678620474678 67
1684682663957 9.476127215794154 68
1684682664030 9.455802645002093 69
1684682664123 9.437249456133161 70
1684682664203 9.420813696725029 71
1684682664275 9.406498500279017 72
1684682664348 9.39405768258231 73
1684682664419 9.383170672825404 74
1684682664492 9.373583929879326 75
1684682664566 9.365169661385673 76
1684682664641 9.357924733843122 77
1684682664713 9.351922307695661 78
1684682664785 9.347235134669713 79
1684682664858 9.3438538142613 80
1684682664929 9.341633251735143 81
1684682665003 9.340288434709821 82
1684682665076 9.339437484741211 83
1684682665149 9.338680812290736 84
1684682665224 9.337669372558594 85
1684682665295 9.336165836879186 86
1684682665370 9.334057399204799 87
1684682665441 9.331347329275948 88
1684682665516 9.3281067439488 89
1684682665589 9.324421201433454 90
1684682665671 9.320372309003558 91
1684682665747 9.316098621913365 92
1684682665822 9.311914716448102 93
1684682665895 9.308440344674247 94
1684682665968 9.30676691872733 95
1684682666040 9.308715002877372 96
1684682666114 9.31627437046596 97
1684682666186 9.329895973205566 98
1684682666258 9.346617153712682 99
1684682666330 9.36124392918178 100
1684682666402 9.370277677263532 101
1684682666474 9.373692103794642 102
1684682666546 9.373595646449498 103
1684682666618 9.372292518615723 104
1684682666692 9.37119552067348 105
1684682666766 9.370800699506487 106
1684682666839 9.371343067714147 107
1684682666912 9.373246465410505 108
1684682666985 9.376877648489815 109
1684682667061 9.382139478410993 110
1684682667134 9.3884368624006 111
1684682667208 9.394942692347936 112
1684682667280 9.40089225769043 113
1684682667354 9.40579114641462 114
1684682667427 9.4095059803554 115
1684682667498 9.412203516278948 116
1684682667570 9.414190019880023 117
1684682667642 9.415773936680385 118
1684682667714 9.417200769696917 119
1684682667787 9.418640272957939 120
1684682667860 9.420188631330218 121
1684682667931 9.421880177089147 122
1684682668003 9.423685891287667 123
1684682668075 9.425519943237305 124
1684682668147 9.42725236075265 125
1684682668220 9.42873900277274 126
1684682668292 9.42984676361084 127
1684682668369 9.430475643702916 128
1684682668444 9.430567332676478 129
1684682668520 9.430105890546526 130
1684682668598 9.429116794041224 131
1684682668672 9.427650451660156 132
1684682668746 9.425766399928502 133
1684682668823 9.42351804460798 134
1684682668897 9.420941489083427 135
1684682668973 9.418054444449288 136
1684682669046 9.414860725402832 137
1684682669120 9.411356789725167 138
1684682669195 9.407536915370397 139
1684682669271 9.403396333966937 140
1684682669345 9.39893899645124 141
1684682669424 9.394182750156947 142
1684682669497 9.389163562229701 143
1684682669570 9.383935110909599 144
1684682669644 9.37856674194336 145
1684682669717 9.373133250645228 146
1684682669800 9.367708614894322 147
1684682669873 9.3623594556536 148
1684682669945 9.35714054107666 149
1684682670018 9.352096285138812 150
1684682670092 9.347258567810059 151
1684682670166 9.342651639665876 152
1684682670238 9.338293756757464 153
1684682670311 9.334199360438756 154
1684682670387 9.330380031040736 155
1684682670459 9.326844215393066 156
1684682670533 9.323601586478096 157
1684682670605 9.320657048906599 158
1684682670679 9.318015098571777 159
1684682670754 9.315676144191197 160
1684682670826 9.313636098589216 161
1684682670901 9.311888286045619 162
1684682670974 9.310421671186175 163
1684682671047 9.309223447527204 164
1684682671121 9.308278220040458 165
1684682671195 9.307571138654437 166
1684682671272 9.307086399623326 167
1684682671345 9.306809834071569 168
1684682671420 9.306726864406041 169
1684682671492 9.306824547903878 170
1684682671567 9.307089669363839 171
1684682671641 9.307510648454938 172
1684682671715 9.3080746786935 173
1684682671790 9.3087705884661 174
1684682671863 9.30958706992013 175
1684682671935 9.310512951442174 176
1684682672008 9.311538287571498 177
1684682672081 9.312652451651436 178
1684682672154 9.313846724373954 179
1684682672239 9.315111024039131 180
1684682672317 9.316438947405134 181
1684682672394 9.317821230207171 182
1684682672604 9.319251877920967 183
1684682672807 9.320723261151995 184
1684682672886 9.322229657854352 185
1684682672958 9.323763847351074 186
1684682673029 9.325321061270577 187
1684682673104 9.326895305088588 188
1684682673178 9.328480856759208 189
1684682673252 9.33007390158517 190
1684682673326 9.331669671194893 191
1684682673399 9.333264759608678 192
1684682673472 9.334856169564384 193
1684682673547 9.336441040039062 194
1684682673620 9.338016101292201 195
1684682673695 9.339580263410296 196
1684682673766 9.34113039289202 197
1684682673923 9.34266471862793 198
1684682674019 9.34418146950858 199
1684682674094 9.345678056989398 200
1684682674197 9.347153391156878 201
1684682674271 9.34860624585833 202
1684682674344 9.350034305027553 203
1684682674418 9.351437977382115 204
1684682674489 9.352815491812569 205
1684682674564 9.354166984558105 206
1684682674635 9.355492455618721 207
1684682674707 9.356791360037667 208
1684682674782 9.358062744140625 209
1684682674854 9.359307561601911 210
1684682674927 9.360525812421526 211
1684682675000 9.361716679164342 212
1684682675072 9.362881660461426 213
1684682675147 9.36401925768171 214
1684682675233 9.36513124193464 215
1684682675308 9.366216250828334 216
1684682675381 9.36727523803711 217
1684682675456 9.368308203560966 218
1684682675528 9.369315692356654 219
1684682675600 9.370297840663365 220
1684682675673 9.371256283351354 221
1684682675745 9.372190202985491 222
1684682675817 9.373101506914411 223
1684682675892 9.373989377702985 224
1684682675965 9.374855450221471 225
1684682676039 9.375699588230678 226
1684682676111 9.376521927969796 227
1684682676185 9.37732424054827 228
1684682676257 9.378105163574219 229
1684682676330 9.378866876874651 230
1684682676404 9.379608971732003 231
1684682676476 9.380332129342216 232
1684682676549 9.381037439618792 233
1684682676622 9.38172449384417 234
1684682676694 9.38239438193185 235
1684682676781 9.383047648838588 236
1684682676853 9.383684839521136 237
1684682676927 9.384306226457868 238
1684682677000 9.384911809648786 239
1684682677073 9.385502542768206 240
1684682677146 9.38607897077288 241
1684682677219 9.386642047337123 242
1684682677293 9.387190682547432 243
1684682677366 9.38772691999163 244
1684682677439 9.388250350952148 245
1684682677513 9.38876097542899 246
1684682677584 9.389259610857282 247
1684682677656 9.389746257237025 248
1684682677729 9.39022159576416 249
1684682677801 9.390685762677874 250
