1684683869502 50.950447 1
1684683869587 48.01828 2
1684683869661 43.555824 3
1684683869735 37.29026 4
1684683869808 29.074425 5
1684683869883 21.86035 6
1684683869960 18.64221 7
1684683870034 17.757019 8
1684683870109 17.580807 9
1684683870184 17.45839 10
1684683870259 17.202044 11
1684683870335 16.551205 12
1684683870416 15.489689 13
1684683870497 14.01247 14
1684683870575 12.31867 15
1684683870649 10.87553 16
1684683870722 9.939173 17
1684683870798 9.507378 18
1684683870872 9.253998 19
1684683870946 9.06551 20
1684683871022 9.053532 21
1684683871097 9.208443 22
1684683871168 9.3843975 23
1684683871241 9.507599 24
1684683871315 9.576932 25
1684683871388 9.616711 26
1684683871465 9.632856 27
1684683871540 9.605104 28
1684683871614 9.571172 29
1684683871691 9.549332 30
1684683871763 9.537468 31
1684683871839 9.525491 32
1684683871913 9.524018 33
1684683871985 9.546418 34
1684683872058 9.5845585 35
1684683872134 9.598167 36
1684683872209 9.538092 37
1684683872284 9.396632 38
1684683872359 9.203984 39
1684683872433 9.004384 40
1684683872505 8.841545 41
1684683872578 8.737382 42
1684683872649 8.687669 43
1684683872722 8.68248 44
1684683872795 8.716021 45
1684683872869 8.781572 46
1684683872943 8.87302 47
1684683873017 8.985628 48
1684683873094 9.116369 49
1684683873166 9.260699 50
1684683873238 9.402527 51
1684683873311 9.483065 52
1684683873385 9.476917 53
1684683873462 9.387417 54
1684683873536 9.22089 55
1684683873611 8.993523 56
1684683873685 8.767584 57
1684683873756 8.604153 58
1684683873830 8.514301 59
1684683873902 8.475748 60
1684683873976 8.465922 61
1684683874050 8.473335 62
1684683874123 8.494143 63
1684683874200 8.526693 64
1684683874273 8.568741 65
1684683874347 8.616952 66
1684683874420 8.66738 67
1684683874495 8.716147 68
1684683874569 8.76009 69
1684683874643 8.797199 70
1684683874717 8.826687 71
1684683874791 8.848753 72
1684683874865 8.8644085 73
1684683874939 8.875616 74
1684683875013 8.885227 75
1684683875087 8.896076 76
1684683875160 8.910105 77
1684683875235 8.927985 78
1684683875307 8.949186 79
1684683875380 8.972303 80
1684683875459 8.995518 81
1684683875533 9.017069 82
1684683875606 9.035648 83
1684683875679 9.050613 84
1684683875753 9.061988 85
1684683875827 9.070283 86
1684683875899 9.076241 87
1684683875973 9.080597 88
1684683876044 9.083951 89
1684683876117 9.086739 90
1684683876190 9.089259 91
1684683876267 9.091707 92
1684683876353 9.094177 93
1684683876429 9.096645 94
1684683876502 9.098985 95
1684683876578 9.100988 96
1684683876653 9.10243 97
1684683876728 9.103139 98
1684683876801 9.103033 99
1684683876875 9.102156 100
1684683876949 9.100647 101
1684683877022 9.09871 102
1684683877095 9.096549 103
1684683877167 9.094321 104
1684683877239 9.092106 105
1684683877315 9.089901 106
1684683877389 9.087637 107
1684683877462 9.08522 108
1684683877537 9.082582 109
1684683877611 9.079723 110
1684683877687 9.076722 111
1684683877758 9.073729 112
1684683877833 9.070915 113
1684683877907 9.06843 114
1684683877979 9.06636 115
1684683878050 9.064728 116
1684683878122 9.063509 117
1684683878193 9.062644 118
1684683878265 9.062078 119
1684683878338 9.061758 120
1684683878412 9.061622 121
1684683878487 9.061599 122
1684683878562 9.061597 123
1684683878634 9.06152 124
1684683878707 9.061283 125
1684683878778 9.060838 126
1684683878851 9.060174 127
1684683879088 9.059319 128
1684683879237 9.058331 129
1684683879309 9.05728 130
1684683879382 9.056236 131
1684683879455 9.055254 132
1684683879530 9.054373 133
1684683879603 9.053612 134
1684683879678 9.052971 135
1684683879751 9.052443 136
1684683879826 9.05201 137
1684683879898 9.051652 138
1684683879972 9.05135 139
1684683880045 9.051088 140
1684683880119 9.050854 141
1684683880192 9.050632 142
1684683880326 9.050421 143
1684683880510 9.050212 144
1684683880588 9.050003 145
1684683880663 9.049791 146
1684683880737 9.049582 147
1684683880810 9.049374 148
1684683880881 9.049174 149
1684683880954 9.048985 150
1684683881026 9.048811 151
1684683881097 9.0486555 152
1684683881169 9.048518 153
1684683881241 9.0484 154
1684683881313 9.048298 155
1684683881434 9.04821 156
1684683881506 9.048133 157
1684683881579 9.048064 158
1684683881651 9.048002 159
1684683881724 9.047943 160
1684683881795 9.047882 161
1684683881867 9.047821 162
1684683881942 9.047758 163
1684683882013 9.04769 164
1684683882085 9.047621 165
1684683882158 9.047551 166
1684683882230 9.0474825 167
1684683882304 9.047417 168
1684683882376 9.047357 169
1684683882449 9.047304 170
1684683882523 9.047256 171
1684683882595 9.047218 172
1684683882670 9.047183 173
1684683882741 9.047154 174
1684683882813 9.047126 175
1684683882887 9.047096 176
1684683882960 9.047065 177
1684683883032 9.047028 178
1684683883105 9.046989 179
1684683883178 9.046947 180
1684683883251 9.046903 181
1684683883323 9.04686 182
1684683883394 9.04682 183
1684683883467 9.046782 184
1684683883540 9.046749 185
1684683883611 9.0467205 186
1684683883684 9.046696 187
1684683883755 9.046673 188
1684683883827 9.046652 189
1684683883899 9.04663 190
1684683883972 9.046606 191
1684683884042 9.046579 192
1684683884114 9.046553 193
1684683884190 9.046526 194
1684683884264 9.046497 195
1684683884336 9.046471 196
1684683884420 9.046444 197
1684683884502 9.04642 198
1684683884579 9.046398 199
1684683884654 9.046377 200
1684683884732 9.046358 201
1684683884804 9.046341 202
1684683884877 9.046324 203
1684683884951 9.046305 204
1684683885027 9.0462885 205
1684683885103 9.04627 206
1684683885178 9.046253 207
1684683885253 9.046238 208
1684683885326 9.046221 209
1684683885404 9.0462055 210
1684683885480 9.046191 211
1684683885557 9.046177 212
1684683885629 9.046164 213
1684683885703 9.046151 214
1684683885781 9.046139 215
1684683885853 9.046126 216
1684683885926 9.046115 217
1684683886000 9.046105 218
1684683886073 9.046095 219
1684683886145 9.046086 220
1684683886218 9.046077 221
1684683886293 9.046068 222
1684683886366 9.046058 223
1684683886439 9.046047 224
1684683886511 9.046037 225
1684683886586 9.046026 226
1684683886659 9.046017 227
1684683886734 9.046008 228
1684683886806 9.046 229
1684683886878 9.045992 230
1684683886951 9.045986 231
1684683887023 9.045979 232
1684683887108 9.045972 233
1684683887182 9.045965 234
1684683887255 9.045959 235
1684683887328 9.045954 236
1684683887401 9.045948 237
1684683887475 9.045941 238
1684683887550 9.045935 239
1684683887622 9.045929 240
1684683887696 9.045921 241
1684683887769 9.045916 242
1684683887842 9.04591 243
1684683887915 9.045907 244
1684683887987 9.045903 245
1684683888061 9.0459 246
1684683888132 9.0458975 247
1684683888207 9.045897 248
1684683888281 9.045893 249
1684683888353 9.045891 250
