1683931708823 1.2686780809248528 1
1683931708894 1.1053954349809731 2
1683931708963 0.9332035463455366 3
1683931709028 0.7721609026398015 4
1683931709093 0.6410559981006781 5
1683931709158 0.549629128323056 6
1683931709223 0.49754967527306965 7
1683931709288 0.47694675683284454 8
1683931709353 0.4760582306833224 9
1683931709418 0.48167950516593333 10
1683931709486 0.48410984962183307 11
1683931709551 0.4829279785786981 12
1683931709616 0.47729659340137515 13
1683931709681 0.46677600189518814 14
1683931709741 0.45258327460385706 15
1683931709806 0.4374249000223057 16
1683931709866 0.4242295998086343 17
1683931709933 0.4152030544562534 18
1683931710071 0.4114983014804181 19
1683931710136 0.41324410570097625 20
1683931710201 0.4197691524233324 21
1683931710261 0.42994347674363737 22
1683931710321 0.4424857685857728 23
1683931710386 0.45615744206709247 24
1683931710451 0.46984718148175314 25
1683931710518 0.482579522579514 26
1683931710578 0.49352441654253476 27
1683931710643 0.5020371330805236 28
1683931710703 0.507720413131862 29
1683931710768 0.5104801060025793 30
1683931710833 0.5105236643908295 31
1683931710898 0.5083176556443976 32
1683931710963 0.5044823261517857 33
1683931711027 0.49965237848321564 34
1683931711090 0.4943629868852431 35
1683931711150 0.48899689542337943 36
1683931711215 0.48378667546051235 37
1683931711280 0.4788549446788253 38
1683931711340 0.4742598107902021 39
1683931711415 0.4700330320451578 40
1683931711485 0.4662017525510508 41
1683931711551 0.4627925769674928 42
1683931711613 0.4598212686011109 43
1683931711673 0.45727626416259914 44
1683931711738 0.45510348874664297 45
1683931711803 0.4531998659426472 46
1683931711868 0.45144755456963037 47
1683931711933 0.44971499191236 48
1683931712003 0.44787319005494386 49
1683931712067 0.445809636968131 50
1683931712132 0.4434384790503305 51
1683931712197 0.4406818926635718 52
1683931712257 0.43750258362975886 53
1683931712322 0.4338987870378849 54
1683931712382 0.4299000998824786 55
1683931712447 0.42556119172675544 56
1683931712512 0.42098569469856034 57
1683931712577 0.4162788475347977 58
1683931712642 0.41153884064927243 59
1683931712712 0.4068458965099974 60
1683931712772 0.4022558322206731 61
1683931712832 0.39779778631625073 62
1683931712897 0.39347661580387383 63
1683931712957 0.3892774752820077 64
1683931713017 0.3851730830163607 65
1683931713077 0.38113021441741707 66
1683931713143 0.3771158197223515 67
1683931713206 0.373101084510118 68
1683931713266 0.3690640399917713 69
1683931713331 0.3650065703331978 70
1683931713396 0.36093337489254895 71
1683931713456 0.35685336962576525 72
1683931713516 0.35277780550078175 73
1683931713581 0.34871828477092726 74
1683931713641 0.3446845940149417 75
1683931713702 0.3406826665602618 76
1683931713767 0.33671351709608144 77
1683931713827 0.3327732256360389 78
1683931713887 0.3288536413232937 79
1683931713947 0.32494392570134856 80
1683931714012 0.3210329948514113 81
1683931714077 0.3171108919634627 82
1683931714137 0.31317091097187844 83
1683931714203 0.3092101750611561 84
1683931714266 0.30523024673670107 85
1683931714332 0.30123689765832673 86
1683931714396 0.2972388853187665 87
1683931714457 0.2932473031858063 88
1683931714521 0.2892739208216635 89
1683931714581 0.28533033296037147 90
1683931714641 0.28142684778709837 91
1683931714706 0.2775717572675003 92
1683931714770 0.27377113584334245 93
1683931714835 0.2700286117295878 94
1683931714900 0.2663460278289208 95
1683931714965 0.2627237471623426 96
1683931715030 0.25916128774320113 97
1683931715095 0.255657845053458 98
1683931715160 0.25221266606548165 99
1683931715225 0.2488250822537379 100
1683931715289 0.24549458474118346 101
1683931715549 0.2422202830815393 102
1683931715669 0.23900023770871281 103
1683931715769 0.23583118322139174 104
1683931715837 0.2327081293836717 105
1683931715897 0.2296237380485565 106
1683931715962 0.22656909033557993 107
1683931716022 0.2235336597300963 108
1683931716082 0.2205059828895024 109
1683931716192 0.21747454695456758 110
1683931716257 0.2144289278555166 111
1683931716318 0.21135980468270044 112
1683931716382 0.2082601197546421 113
1683931716442 0.20512532670860772 114
1683931716502 0.201953112850621 115
1683931716562 0.1987451322523186 116
1683931716627 0.19550443147572283 117
1683931716687 0.1922354823339708 118
1683931716752 0.18894309220258598 119
1683931716812 0.18563291659800563 120
1683931716876 0.1823104725661554 121
1683931716936 0.1789809718636236 122
1683931717001 0.17564927265491104 123
1683931717061 0.1723199837029331 124
1683931717126 0.16899700584911548 125
1683931717186 0.1656839416274789 126
1683931717246 0.16238378375586449 127
1683931717306 0.15909933901869033 128
1683931717371 0.1558326583684293 129
1683931717428 0.15258546236416026 130
1683931717493 0.14935883740773115 131
1683931717558 0.1461530180113565 132
1683931717613 0.14296764236692305 133
1683931717678 0.1398013633780404 134
1683931717738 0.13665206256611717 135
1683931717803 0.13351676416205105 136
1683931717863 0.13039186906733624 137
1683931717926 0.12727329081926853 138
1683931717987 0.12415680569765375 139
1683931718052 0.1210381561861138 140
1683931718112 0.11791331468796307 141
1683931718172 0.11477864797693771 142
1683931718232 0.11163127239355397 143
1683931718297 0.10846899237855001 144
1683931718357 0.10529020346374351 145
1683931718417 0.10209404853014825 146
1683931718482 0.09888045972426618 147
1683931718542 0.0956499013397153 148
1683931718602 0.0924031136486988 149
1683931718662 0.08914134485845082 150
1683931718727 0.08586611151441825 151
1683931718792 0.0825789614688901 152
1683931718852 0.07928174613959471 153
1683931718912 0.07597580765082612 154
1683931718978 0.07266313015306036 155
1683931719042 0.0693449776920465 156
1683931719102 0.0660229091187029 157
1683931719162 0.06269798545825689 158
1683931719222 0.05937107617900739 159
1683931719287 0.05604278009101804 160
1683931719347 0.052713540524044866 161
1683931719407 0.049383438755507436 162
1683931719472 0.04605198741050598 163
1683931719546 0.04271848088271024 164
1683931719611 0.039382018195340374 165
1683931719676 0.03604135413883425 166
1683931719736 0.03269507060744781 167
1683931719796 0.02934174133877243 168
1683931719861 0.025979694644683637 169
1683931719926 0.022607590803002786 170
1683931719991 0.01922391860165129 171
1683931720052 0.015827587121039155 172
1683931720117 0.012417654762810093 173
1683931720182 0.008993258222386391 174
1683931720247 0.0055540198319378176 175
1683931720312 0.002099813529296446 176
1683931720372 -0.001369577109027409 177
1683931720437 -0.0048537656688807385 178
1683931720502 -0.008352472333313488 179
1683931720570 -0.011864904548369748 180
1683931720633 -0.015390652822261708 181
1683931720693 -0.018928897955920676 182
1683931720758 -0.022478938491723444 183
1683931720823 -0.026039914751279314 184
1683931720883 -0.029610920025037624 185
1683931720948 -0.03319130275240567 186
1683931721013 -0.03678051329184173 187
1683931721079 -0.040377851970598067 188
1683931721142 -0.04398279393817739 189
1683931721202 -0.047595063994395614 190
1683931721267 -0.05121433702976086 191
1683931721327 -0.054840648062468134 192
1683931721387 -0.058473965786578264 193
1683931721447 -0.062114517475281295 194
1683931721512 -0.06576257502200411 195
1683931721572 -0.06941850119100978 196
1683931721632 -0.07308272278159267 197
1683931721697 -0.07675579035336066 198
1683931721757 -0.08043806985789725 199
1683931721817 -0.0841300739745603 200
1683931721882 -0.08783224409183221 201
1683931721942 -0.09154494055719886 202
1683931722002 -0.09526838165922613 203
1683931722067 -0.09900282740393251 204
1683931722179 -0.10274826422463934 205
1683931722253 -0.10650479584240724 206
1683931722318 -0.11027228336506933 207
1683931722378 -0.1140505944789072 208
1683931722443 -0.1178395136639685 209
1683931722508 -0.1216387794270799 210
1683931722568 -0.12544795707207967 211
1683931722633 -0.12926672657857075 212
1683931722697 -0.13309466391413238 213
1683931722757 -0.13693139790380893 214
1683931722822 -0.14077660607546005 215
1683931722887 -0.1446296874146764 216
1683931722947 -0.14849053248705824 217
1683931723007 -0.15235879052375711 218
1683931723072 -0.15623395427595677 219
1683931723137 -0.16011603246677852 220
1683931723205 -0.16400480854636412 221
1683931723274 -0.16790034356986716 222
1683931723334 -0.17180228544723586 223
1683931723394 -0.17571089780659 224
1683931723454 -0.17962619744928165 225
1683931723519 -0.18354825627409177 226
1683931723579 -0.1874771620539637 227
1683931723639 -0.19141308793408895 228
1683931723704 -0.19535630815516325 229
1683931723766 -0.19930681266318406 230
1683931723836 -0.20326479231605799 231
1683931723896 -0.20723038318319187 232
1683931723956 -0.21120354329250812 233
1683931724016 -0.21518445002212694 234
1683931724081 -0.21917326235456125 235
1683931724146 -0.22316963054905048 236
1683931724211 -0.22717359353911992 237
1683931724275 -0.23118521304798278 238
1683931724336 -0.23520430725258246 239
1683931724396 -0.23923072107993204 240
1683931724461 -0.24326424969870253 241
1683931724521 -0.24730471395590747 242
1683931724586 -0.25135192045228716 243
1683931724646 -0.25540565435886897 244
1683931724706 -0.25946575025240426 245
1683931724766 -0.26353210400290084 246
1683931724829 -0.26760425104888763 247
1683931724894 -0.27168223983631523 248
1683931724959 -0.2757657093864898 249
1683931725024 -0.27985482965396535 250
