1683932841784 1.2820468484193657 1
1683932841863 1.1139694889618732 2
1683932841928 0.9362207675920093 3
1683932842008 0.7678077242714539 4
1683932842076 0.6271696510637618 5
1683932842141 0.5243584181014637 6
1683932842206 0.45988681482827254 7
1683932842271 0.4271355607603987 8
1683932842336 0.4158764942335029 9
1683932842401 0.41545157853952625 10
1683932842461 0.41709915003760517 11
1683932842526 0.4157741014438547 12
1683932842594 0.4101387081818781 13
1683932842659 0.40075710737380943 14
1683932842724 0.38947676234806344 15
1683932842794 0.3788385802472065 16
1683932842859 0.3712534904341591 17
1683932842924 0.36841467129223576 18
1683932842994 0.3710592575382646 19
1683932843069 0.3790008412077162 20
1683932843151 0.39136693101219056 21
1683932843226 0.40689150479025027 22
1683932843306 0.424177715453411 23
1683932843386 0.44187647888831855 24
1683932843461 0.4587681151238903 25
1683932843531 0.4738050935919279 26
1683932843596 0.486160128803256 27
1683932843664 0.49529157385069383 28
1683932843729 0.5009907286638272 29
1683932843789 0.5033851807793206 30
1683932843854 0.5028806436256216 31
1683932843914 0.5000872034641279 32
1683932843974 0.4957043975080466 33
1683932844039 0.4904070936650517 34
1683932844114 0.48475650021213523 35
1683932844187 0.4791604095840173 36
1683932844252 0.47387986650169345 37
1683932844317 0.4690618088664026 38
1683932844382 0.4647731713026132 39
1683932844442 0.4610229512071798 40
1683932844502 0.4577686123732231 41
1683932844562 0.4549138752275166 42
1683932844627 0.45230814573632105 43
1683932844694 0.4497878801241667 44
1683932844755 0.44718558542690434 45
1683932844820 0.44434782214981705 46
1683932844885 0.4411251331895917 47
1683932844945 0.43741659422401497 48
1683932845010 0.4331637299537347 49
1683932845070 0.42834694743373164 50
1683932845135 0.4229822632638781 51
1683932845200 0.4171192336324656 52
1683932845263 0.41083814632103355 53
1683932845323 0.4042447694105149 54
1683932845388 0.39746053354678595 55
1683932845448 0.3906093337623962 56
1683932845508 0.38384792695342806 57
1683932845573 0.3772983738093345 58
1683932845633 0.37104129342113384 59
1683932845698 0.36511150692237615 60
1683932845759 0.3595043276279757 61
1683932845819 0.35420866269820833 62
1683932845889 0.34920892414767485 63
1683932845949 0.3444906291949328 64
1683932846009 0.34004366976648576 65
1683932846074 0.33586338880020067 66
1683932846139 0.3319483719927662 67
1683932846199 0.3282949021990372 68
1683932846265 0.3248896304990234 69
1683932846328 0.32170127287187156 70
1683932846393 0.3186740278569348 71
1683932846453 0.3157158107298695 72
1683932846513 0.31273783854632003 73
1683932846578 0.3096583350451601 74
1683932846643 0.3064093367383009 75
1683932846713 0.30294170500132134 76
1683932846774 0.29922718959957856 77
1683932846840 0.2952592078652496 78
1683932846905 0.29105077496255993 79
1683932846965 0.2866312384705427 80
1683932847030 0.28204181008141804 81
1683932847090 0.27733070296618134 82
1683932847155 0.2725479784759275 83
1683932847220 0.26774081566088115 84
1683932847285 0.2629500180038673 85
1683932847350 0.2582073273050751 86
1683932847410 0.25353420425390705 87
1683932847852 0.2489420721225184 88
1683932848041 0.24443299092735793 89
1683932848226 0.2400023229307775 90
1683932848321 0.2356402809660071 91
1683932848389 0.2313346809344511 92
1683932848452 0.227072791501003 93
1683932848517 0.22284252107008684 94
1683932848577 0.218633842162265 95
1683932848642 0.21443889139885752 96
1683932848707 0.21025230527235872 97
1683932848767 0.206070515542904 98
1683932848832 0.20189192687818136 99
1683932848892 0.19772224575361463 100
1683932848960 0.19356755304415463 101
1683932849022 0.1894359513139996 102
1683932849087 0.18533429925466094 103
1683932849152 0.1812676276988492 104
1683932849212 0.17723829910135058 105
1683932849277 0.1732460658507896 106
1683932849337 0.16928745704900816 107
1683932849402 0.16535612095680352 108
1683932849467 0.16144309891476205 109
1683932849672 0.15753935379943995 110
1683932849787 0.15363554539732183 111
1683932849852 0.14972393954388685 112
1683932849917 0.1457990048030796 113
1683932849986 0.14185760853690454 114
1683932850050 0.13789942430429292 115
1683932850110 0.13392647726894102 116
1683932850175 0.12994266577988078 117
1683932850240 0.12595152242226348 118
1683932850305 0.1219594521540408 119
1683932850370 0.1179741069358401 120
1683932850435 0.11400380978532776 121
1683932850498 0.11005660730998257 122
1683932850557 0.10613992247300275 123
1683932850622 0.10225961599549416 124
1683932850687 0.09842018615049342 125
1683932850752 0.09462469319359479 126
1683932850817 0.0908744778284516 127
1683932850947 0.08716934371991436 128
1683932851082 0.08350782167778081 129
1683932851207 0.0798870785439485 130
1683932851277 0.07630286179286982 131
1683932851342 0.07274991737786551 132
1683932851407 0.06922191059306204 133
1683932851472 0.06571160589154312 134
1683932851532 0.06221145064335054 135
1683932851597 0.058713715038462455 136
1683932851667 0.05521096659966673 137
1683932851727 0.05169658728112125 138
1683932851792 0.04816498972118688 139
1683932851852 0.044612327912635474 140
1683932851917 0.04103619400403968 141
1683932851982 0.03743613279606672 142
1683932852042 0.033813352304816746 143
1683932852110 0.030170604864677264 144
1683932852175 0.026511831124004126 145
1683932852245 0.022842114646127176 146
1683932852315 0.01916673529154056 147
1683932852380 0.015491186345621522 148
1683932852445 0.011820804507067573 149
1683932852505 0.008160390168907239 150
1683932852575 0.004513814622465917 151
1683932852639 0.000884196530897996 152
1683932852703 -0.002726399769897303 153
1683932852763 -0.006316907673552863 154
1683932852828 -0.009887269488829453 155
1683932852888 -0.013438474858771032 156
1683932852953 -0.01697219650257975 157
1683932853018 -0.020491088231882504 158
1683932853078 -0.023998286829703508 159
1683932853231 -0.027497673566071468 160
1683932853326 -0.030993404668132385 161
1683932853386 -0.03449002839138626 162
1683932853451 -0.03799210419974042 163
1683932853511 -0.041504281376196994 164
1683932853571 -0.04503067321551235 165
1683932853631 -0.04857509563328932 166
1683932853699 -0.052140591796075775 167
1683932853764 -0.05572959946897926 168
1683932853824 -0.059343571966262276 169
1683932853884 -0.06298305383815395 170
1683932853949 -0.06664759933533815 171
1683932854009 -0.07033604277152228 172
1683932854069 -0.07404633698617502 173
1683932854134 -0.07777595053222641 174
1683932854194 -0.08152183737820429 175
1683932854260 -0.08528085601935076 176
1683932854320 -0.0890496927586184 177
1683932854385 -0.09282520691998597 178
1683932854445 -0.09660446250191979 179
1683932854510 -0.10038499181023952 180
1683932854570 -0.10416477409845126 181
1683932854635 -0.10794220252390074 182
1683932854700 -0.11171634154797805 183
1683932854763 -0.1154868111016274 184
1683932854828 -0.11925382211922653 185
1683932854893 -0.12301808137886483 186
1683932854973 -0.12678066438355384 187
1683932855048 -0.13054318469733084 188
1683932855125 -0.13430769689050037 189
1683932855195 -0.1380764037947 190
1683932855272 -0.14185148932559244 191
1683932855341 -0.14563549185327407 192
1683932855411 -0.14943065801491406 193
1683932855486 -0.1532393282280362 194
1683932855556 -0.15706344210468548 195
1683932855626 -0.16090442998093502 196
1683932855696 -0.1647638515837766 197
1683932855766 -0.16864200832872234 198
1683932855836 -0.17253954021697027 199
1683932855911 -0.17645609741253998 200
1683932855986 -0.1803910188791349 201
1683932856056 -0.18434338710685938 202
1683932856126 -0.1883116311505293 203
1683932856201 -0.19229443734581708 204
1683932856271 -0.1962896375396257 205
1683932856345 -0.20029588095965822 206
1683932856416 -0.2043113651618731 207
1683932856486 -0.20833420567220262 208
1683932856551 -0.21236296234290464 209
1683932856621 -0.2163965958637899 210
1683932856696 -0.2204337942895911 211
1683932856766 -0.22447427851911472 212
1683932856836 -0.22851737654796023 213
1683932856904 -0.2325631616643844 214
1683932856974 -0.23661175838932103 215
1683932857044 -0.2406638821018614 216
1683932857114 -0.2447200741501454 217
1683932857189 -0.24878134578722677 218
1683932857264 -0.2528487720438162 219
1683932857334 -0.25692339809973896 220
1683932857409 -0.2610066676414293 221
1683932857477 -0.26509970209263223 222
1683932857547 -0.2692034369188747 223
1683932857622 -0.27331909138345045 224
1683932857697 -0.2774473425594919 225
1683932857767 -0.2815887989616994 226
1683932857837 -0.28574396310132655 227
1683932857912 -0.28991294921102484 228
1683932857985 -0.29409567119545965 229
1683932858060 -0.2982917139109098 230
1683932858130 -0.30250061794318706 231
1683932858200 -0.30672188283670265 232
1683932858273 -0.31095435492334933 233
1683932858342 -0.3151975626409309 234
1683932858410 -0.31945005863628584 235
1683932858485 -0.3237113192376482 236
1683932858558 -0.32798019443264237 237
1683932858626 -0.33225617338327185 238
1683932858701 -0.3365381045460565 239
1683932858781 -0.3408257299683797 240
1683932858856 -0.34511857528736933 241
1683932858921 -0.34941627159521227 242
1683932858988 -0.3537187614683801 243
1683932859054 -0.35802607106444073 244
1683932859119 -0.3623385171152531 245
1683932859179 -0.36665637359624337 246
1683932859254 -0.3709800698640966 247
1683932859319 -0.3753099212590716 248
1683932859394 -0.37964674750767147 249
1683932859469 -0.3839909102717769 250
