1683931746554 1.32803 1
1683931746623 1.1591926 2
1683931746688 0.9825349 3
1683931746753 0.81684655 4
1683931746818 0.67999613 5
1683931746883 0.5810436 6
1683931746943 0.5194447 7
1683931747008 0.4880206 8
1683931747074 0.47687876 9
1683931747139 0.47662184 10
1683931747199 0.48022234 11
1683931747264 0.48359394 12
1683931747329 0.4852758 13
1683931747394 0.485682 14
1683931747454 0.48625517 15
1683931747519 0.48873824 16
1683931747584 0.49466187 17
1683931747652 0.50506335 18
1683931747712 0.52039856 19
1683931747777 0.5405899 20
1683931747842 0.56514955 21
1683931747907 0.59332657 22
1683931747972 0.6242461 23
1683931748037 0.65702057 24
1683931748102 0.6908274 25
1683931748170 0.724957 26
1683931748235 0.75883424 27
1683931748295 0.7920238 28
1683931748365 0.8242219 29
1683931748425 0.85524136 30
1683931748490 0.88499355 31
1683931748555 0.9134685 32
1683931748620 0.94071484 33
1683931748684 0.96682245 34
1683931748749 0.9919058 35
1683931748809 1.0160896 36
1683931748874 1.0394968 37
1683931748934 1.0622404 38
1683931748994 1.084416 39
1683931749059 1.1060995 40
1683931749124 1.1273451 41
1683931749188 1.1481857 42
1683931749250 1.1686363 43
1683931749310 1.1886954 44
1683931749370 1.2083497 45
1683931749580 1.2275767 46
1683931749660 1.2463493 47
1683931749726 1.2646388 48
1683931749788 1.2824192 49
1683931749848 1.2996702 50
1683931749913 1.316381 51
1683931749978 1.3325505 52
1683931750043 1.348192 53
1683931750108 1.3633302 54
1683931750168 1.3780036 55
1683931750229 1.3922617 56
1683931750298 1.4061629 57
1683931750358 1.419773 58
1683931750423 1.4331616 59
1683931750488 1.4463991 60
1683931750548 1.4595542 61
1683931750613 1.4726913 62
1683931750678 1.485868 63
1683931750738 1.4991333 64
1683931750808 1.512527 65
1683931750873 1.5260789 66
1683931750933 1.5398089 67
1683931750998 1.5537269 68
1683931751063 1.5678347 69
1683931751128 1.5821265 70
1683931751193 1.5965905 71
1683931751253 1.6112106 72
1683931751316 1.625967 73
1683931751376 1.6408395 74
1683931751436 1.655806 75
1683931751501 1.6708462 76
1683931751561 1.6859412 77
1683931751621 1.7010741 78
1683931751686 1.716231 79
1683931751746 1.7314007 80
1683931751811 1.7465749 81
1683931751875 1.7617482 82
1683931751935 1.7769166 83
1683931752000 1.7920784 84
1683931752065 1.8072326 85
1683931752145 1.8223797 86
1683931752210 1.8375208 87
1683931752270 1.8526572 88
1683931752335 1.8677907 89
1683931752401 1.8829241 90
1683931752461 1.8980598 91
1683931752526 1.9132011 92
1683931752586 1.928352 93
1683931752651 1.9435167 94
1683931752711 1.9587004 95
1683931752771 1.973908 96
1683931752836 1.9891458 97
1683931752901 2.004419 98
1683931752963 2.0197353 99
1683931753023 2.035101 100
1683931753088 2.0505216 101
1683931753148 2.066004 102
1683931753238 2.0815535 103
1683931753308 2.0971754 104
1683931753374 2.1128738 105
1683931753438 2.1286526 106
1683931753541 2.1445143 107
1683931753606 2.1604607 108
1683931753666 2.1764925 109
1683931753731 2.1926103 110
1683931753791 2.2088134 111
1683931753856 2.2251012 112
1683931753916 2.241472 113
1683931753982 2.257925 114
1683931754042 2.2744584 115
1683931754117 2.291071 116
1683931754182 2.307762 117
1683931754247 2.3245306 118
1683931754312 2.3413768 119
1683931754372 2.3583004 120
1683931754432 2.3753028 121
1683931754499 2.392385 122
1683931754564 2.4095488 123
1683931754624 2.4267955 124
1683931754684 2.444128 125
1683931754744 2.4615483 126
1683931754804 2.4790592 127
1683931754869 2.4966636 128
1683931754934 2.5143633 129
1683931754999 2.532161 130
1683931755063 2.5500584 131
1683931755128 2.568057 132
1683931755193 2.5861578 133
1683931755253 2.604361 134
1683931755318 2.6226664 135
1683931755383 2.6410728 136
1683931755448 2.6595786 137
1683931755508 2.6781812 138
1683931755578 2.6968775 139
1683931755638 2.715663 140
1683931755703 2.7345343 141
1683931755768 2.7534854 142
1683931755833 2.7725117 143
1683931755893 2.7916083 144
1683931755953 2.810769 145
1683931756018 2.829989 146
1683931756084 2.8492634 147
1683931756142 2.8685877 148
1683931756207 2.8879578 149
1683931756267 2.90737 150
1683931756332 2.9268227 151
1683931756392 2.946313 152
1683931756452 2.9658403 153
1683931756512 2.985404 154
1683931756577 3.0050051 155
1683931756639 3.0246444 156
1683931756704 3.044324 157
1683931756764 3.0640464 158
1683931756829 3.0838137 159
1683931756894 3.1036298 160
1683931756959 3.1234977 161
1683931757019 3.1434207 162
1683931757084 3.1634018 163
1683931757153 3.183445 164
1683931757216 3.2035518 165
1683931757276 3.2237253 166
1683931757346 3.2439673 167
1683931757406 3.264279 168
1683931757466 3.2846603 169
1683931757531 3.3051126 170
1683931757591 3.3256345 171
1683931757658 3.3462253 172
1683931757720 3.366883 173
1683931757780 3.3876069 174
1683931757845 3.4083931 175
1683931757905 3.4292412 176
1683931757965 3.450147 177
1683931758025 3.471109 178
1683931758085 3.4921246 179
1683931758145 3.5131912 180
1683931758210 3.5343077 181
1683931758266 3.5554721 182
1683931758331 3.5766826 183
1683931758391 3.5979393 184
1683931758451 3.6192417 185
1683931758511 3.6405895 186
1683931758571 3.661983 187
1683931758631 3.683424 188
1683931758694 3.704913 189
1683931758752 3.7264512 190
1683931758817 3.7480402 191
1683931758907 3.7696824 192
1683931759002 3.7913795 193
1683931759067 3.8131323 194
1683931759132 3.8349428 195
1683931759192 3.8568125 196
1683931759258 3.8787427 197
1683931759318 3.9007335 198
1683931759383 3.9227858 199
1683931759443 3.9448996 200
1683931759503 3.9670756 201
1683931759563 3.989312 202
1683931759623 4.0116086 203
1683931759683 4.033965 204
1683931759743 4.0563784 205
1683931759810 4.078849 206
1683931759875 4.1013737 207
1683931759940 4.1239524 208
1683931760010 4.1465816 209
1683931760075 4.1692624 210
1683931760135 4.1919913 211
1683931760205 4.2147675 212
1683931760275 4.237591 213
1683931760427 4.2604604 214
1683931760492 4.2833743 215
1683931760557 4.3063335 216
1683931760617 4.329337 217
1683931760677 4.352386 218
1683931760742 4.3754797 219
1683931760802 4.3986197 220
1683931760864 4.4218054 221
1683931760924 4.445039 222
1683931760989 4.4683194 223
1683931761049 4.4916487 224
1683931761114 4.515027 225
1683931761174 4.5384555 226
1683931761239 4.5619335 227
1683931761299 4.5854626 228
1683931761359 4.6090417 229
1683931761422 4.632672 230
1683931761487 4.656353 231
1683931761552 4.6800833 232
1683931761617 4.703864 233
1683931761677 4.7276936 234
1683931761742 4.751571 235
1683931761807 4.775496 236
1683931761872 4.799467 237
1683931761933 4.8234835 238
1683931761998 4.847544 239
1683931762063 4.871649 240
1683931762128 4.8957953 241
1683931762188 4.919984 242
1683931762253 4.9442134 243
1683931762313 4.968483 244
1683931762378 4.992793 245
1683931762439 5.0171423 246
1683931762504 5.041531 247
1683931762564 5.065959 248
1683931762629 5.0904264 249
1683931762689 5.114933 250
