1683931063857 1.3225913 1
1683931063936 1.154267 2
1683931064002 0.9734603 3
1683931064067 0.80170506 4
1683931064132 0.65759236 5
1683931064197 0.55162793 6
1683931064262 0.48475862 7
1683931064327 0.45064974 8
1683931064392 0.4390483 9
1683931064455 0.43901226 10
1683931064520 0.44132483 11
1683931064595 0.43989643 12
1683931064660 0.4321784 13
1683931064725 0.41880354 14
1683931064790 0.40275073 15
1683931064855 0.38826865 16
1683931064920 0.37972802 17
1683931064981 0.3805592 18
1683931065046 0.39247668 19
1683931065156 0.40249175 20
1683931065216 0.41210216 21
1683931065276 0.4255389 22
1683931065341 0.44185367 23
1683931065401 0.45999938 24
1683931065460 0.47892606 25
1683931065528 0.49766135 26
1683931065588 0.51536375 27
1683931065653 0.5313526 28
1683931065713 0.54511786 29
1683931065773 0.55631274 30
1683931065833 0.5647391 31
1683931065898 0.56288683 32
1683931065963 0.540866 33
1683931066030 0.5193501 34
1683931066090 0.49988386 35
1683931066150 0.483605 36
1683931066215 0.47120807 37
1683931066275 0.46301234 38
1683931066335 0.45908505 39
1683931066400 0.45936117 40
1683931066460 0.4637155 41
1683931066525 0.47197062 42
1683931066587 0.48383957 43
1683931066652 0.49882174 44
1683931066717 0.49412823 45
1683931066777 0.48658684 46
1683931066837 0.47964957 47
1683931066897 0.47342598 48
1683931066957 0.46802974 49
1683931067022 0.46355605 50
1683931067088 0.46006954 51
1683931067150 0.4576019 52
1683931067210 0.45614526 53
1683931067270 0.45565462 54
1683931067335 0.4560542 55
1683931067395 0.45723933 56
1683931067460 0.45907718 57
1683931067520 0.4614069 58
1683931067587 0.46404147 59
1683931067646 0.4667724 60
1683931067711 0.46938074 61
1683931067776 0.47165146 62
1683931067836 0.4613551 63
1683931067901 0.45109048 64
1683931067961 0.44280282 65
1683931068021 0.43652457 66
1683931068086 0.4322613 67
1683931068154 0.43000275 68
1683931068215 0.42972332 69
1683931068280 0.4313676 70
1683931068340 0.4348216 71
1683931068410 0.4398744 72
1683931068475 0.4461821 73
1683931068535 0.44639263 74
1683931068600 0.4416322 75
1683931068663 0.43691847 76
1683931068733 0.43234715 77
1683931068803 0.4280091 78
1683931068868 0.42398623 79
1683931068933 0.4203468 80
1683931069003 0.41714162 81
1683931069063 0.4144016 82
1683931069128 0.4121362 83
1683931069192 0.41033363 84
1683931069256 0.40896165 85
1683931069316 0.40796933 86
1683931069376 0.40728965 87
1683931069436 0.40684307 88
1683931069496 0.4065419 89
1683931069561 0.40629578 90
1683931069621 0.40601736 91
1683931069681 0.40562806 92
1683931069742 0.40196693 93
1683931069807 0.39667934 94
1683931069867 0.3919825 95
1683931069932 0.3878926 96
1683931069997 0.38443363 97
1683931070057 0.38163447 98
1683931070117 0.37952277 99
1683931070177 0.37811494 100
1683931070241 0.37740394 101
1683931070301 0.3773464 102
1683931070366 0.37785244 103
1683931070431 0.3787806 104
1683931070491 0.37994123 105
1683931070556 0.37772226 106
1683931070616 0.3751646 107
1683931070676 0.372707 108
1683931070736 0.37037134 109
1683931070802 0.36817467 110
1683931070867 0.36612874 111
1683931070932 0.36423993 112
1683931070992 0.3625087 113
1683931071057 0.3609302 114
1683931071122 0.3594942 115
1683931071182 0.35818586 116
1683931071247 0.35698646 117
1683931071308 0.35587487 118
1683931071372 0.35482854 119
1683931071432 0.35168675 120
1683931071492 0.34854078 121
1683931071557 0.3456887 122
1683931071617 0.34316647 123
1683931071677 0.34100527 124
1683931071737 0.33923307 125
1683931071938 0.33787426 126
1683931072103 0.33694792 127
1683931072183 0.3364635 128
1683931072248 0.33641547 129
1683931072308 0.33677673 130
1683931072378 0.33749345 131
1683931072439 0.3384816 132
1683931072499 0.33921236 133
1683931072564 0.3380276 134
1683931072624 0.33687407 135
1683931072689 0.33576274 136
1683931072754 0.33470303 137
1683931072814 0.33370256 138
1683931072874 0.3327667 139
1683931072934 0.33189827 140
1683931072999 0.33109742 141
1683931073059 0.33036166 142
1683931073124 0.32968575 143
1683931073214 0.3290623 144
1683931073279 0.32848218 145
1683931073344 0.32793498 146
1683931073407 0.32740998 147
1683931073471 0.3265066 148
1683931073531 0.3247037 149
1683931073716 0.32311973 150
1683931073871 0.32178342 151
1683931073942 0.32071593 152
1683931074008 0.31993228 153
1683931074068 0.31944185 154
1683931074133 0.31924757 155
1683931074198 0.3193435 156
1683931074263 0.31971124 157
1683931074328 0.32026803 158
1683931074393 0.31946814 159
1683931074458 0.3186768 160
1683931074518 0.31790546 161
1683931074588 0.31716377 162
1683931074653 0.3164595 163
1683931074713 0.31579864 164
1683931074778 0.3151853 165
1683931074843 0.31462193 166
1683931074903 0.314109 167
1683931074968 0.31364515 168
1683931075033 0.3132275 169
1683931075095 0.31285158 170
1683931075155 0.31251168 171
1683931075220 0.31220132 172
1683931075280 0.31191337 173
1683931075340 0.3116409 174
1683931075405 0.3113772 175
1683931075465 0.31111628 176
1683931075528 0.31085327 177
1683931075590 0.31058446 178
1683931075650 0.30989498 179
1683931075710 0.30920333 180
1683931075770 0.30869102 181
1683931075835 0.3083688 182
1683931075900 0.30823946 183
1683931075965 0.30829832 184
1683931076025 0.3079164 185
1683931076086 0.30739248 186
1683931076144 0.3068646 187
1683931076209 0.30634758 188
1683931076269 0.3058532 189
1683931076329 0.30539 190
1683931076394 0.3049639 191
1683931076454 0.3045783 192
1683931076514 0.30423468 193
1683931076574 0.3039328 194
1683931076639 0.30367088 195
1683931076699 0.30344605 196
1683931076759 0.30325443 197
1683931076819 0.30309123 198
1683931076899 0.30295128 199
1683931076964 0.30282903 200
1683931077024 0.30271876 201
1683931077089 0.30261505 202
1683931077154 0.3025127 203
1683931077214 0.30185628 204
1683931077504 0.30093026 205
1683931077609 0.30008823 206
1683931077675 0.2993445 207
1683931077739 0.29870933 208
1683931077799 0.29818958 209
1683931077864 0.29778868 210
1683931077929 0.29750603 211
1683931077989 0.29733607 212
1683931078054 0.29726672 213
1683931078119 0.29727846 214
1683931078181 0.29734355 215
1683931078241 0.2974261 216
1683931078301 0.2974372 217
1683931078366 0.29686767 218
1683931078426 0.29630747 219
1683931078491 0.29576316 220
1683931078551 0.2952388 221
1683931078616 0.29473606 222
1683931078681 0.2942548 223
1683931078742 0.2937935 224
1683931078804 0.2933495 225
1683931078864 0.29233044 226
1683931078929 0.29108876 227
1683931078994 0.28980863 228
1683931079059 0.2885347 229
1683931079119 0.28731227 230
1683931079189 0.2861841 231
1683931079254 0.28518784 232
1683931079317 0.28435406 233
1683931079382 0.28370476 234
1683931079447 0.2832522 235
1683931079507 0.28299806 236
1683931079572 0.2829327 237
1683931079637 0.28303477 238
1683931079702 0.2832713 239
1683931079766 0.28359857 240
1683931079827 0.2839639 241
1683931079897 0.28430834 242
1683931079957 0.2845499 243
1683931080022 0.28402293 244
1683931080092 0.28350526 245
1683931080157 0.28299987 246
1683931080217 0.28250873 247
1683931080277 0.2820326 248
1683931080339 0.28157115 249
1683931080404 0.28112316 250
