1683932841770 1.2855579512459892 1
1683932841853 1.1204502582550049 2
1683932841918 0.9466472268104553 3
1683932841998 0.7820765972137451 4
1683932842066 0.6442152857780457 5
1683932842131 0.5424556817327227 6
1683932842196 0.47708308696746826 7
1683932842261 0.44176727533340454 8
1683932842326 0.42709702253341675 9
1683932842391 0.4236605720860617 10
1683932842456 0.42404651641845703 11
1683932842516 0.42367795961243765 12
1683932842584 0.4207309101309095 13
1683932842649 0.4154917980943407 14
1683932842714 0.4095045413289751 15
1683932842784 0.40476431591170176 16
1683932842849 0.40309894510677885 17
1683932842914 0.4057860587324415 18
1683932842979 0.41340008803776335 19
1683932843059 0.42582817162786213 20
1683932843141 0.4424070545605251 21
1683932843216 0.46210530400276184 22
1683932843291 0.48371332032339914 23
1683932843376 0.5060172379016876 24
1683932843451 0.5279280287878854 25
1683932843521 0.5485655069351196 26
1683932843586 0.567299451146807 27
1683932843649 0.5837575537817818 28
1683932843719 0.5978020174162728 29
1683932843779 0.6094915270805359 30
1683932843844 0.6190315357276371 31
1683932843904 0.6267357128007072 32
1683932843969 0.6329762978213174 33
1683932844029 0.6381361484527588 34
1683932844099 0.6425691374710628 35
1683932844177 0.6465774561677661 36
1683932844242 0.6504060328006744 37
1683932844307 0.6542472924504962 38
1683932844372 0.6582480839320591 39
1683932844432 0.6625129750796727 40
1683932844492 0.6671022602490017 41
1683932844552 0.6720256422247205 42
1683932844617 0.6772363398756299 43
1683932844684 0.6826488886560712 44
1683932844750 0.6881433980805534 45
1683932844810 0.6935790947505406 46
1683932844875 0.6987963659422738 47
1683932844935 0.7036581209727696 48
1683932845000 0.7080625636237008 49
1683932845060 0.7119526394775936 50
1683932845125 0.7153182881219047 51
1683932845190 0.7181920834950039 52
1683932845253 0.7206405316080365 53
1683932845318 0.7227520218917302 54
1683932845378 0.7246239738804954 55
1683932845438 0.7263513037136623 56
1683932845503 0.7280428963048118 57
1683932845563 0.7297814318111965 58
1683932845623 0.7316223851272038 59
1683932845688 0.7335947496550423 60
1683932845749 0.7357061888490405 61
1683932845809 0.7379620841571263 62
1683932845879 0.7403662587915149 63
1683932845939 0.7429235236985343 64
1683932845999 0.7456408781664712 65
1683932846064 0.7485272118023464 66
1683932846129 0.7515915632247925 67
1683932846189 0.7548395906175885 68
1683932846254 0.7582688885075706 69
1683932846318 0.7618636872087207 70
1683932846383 0.7655907060418811 71
1683932846443 0.7693911237376077 72
1683932846503 0.7732033686978477 73
1683932846568 0.7769652690206256 74
1683932846633 0.7806195318698883 75
1683932846703 0.784118230853762 76
1683932846764 0.787426050220217 77
1683932846830 0.7905219835894448 78
1683932846895 0.7933998874255589 79
1683932846955 0.7960669568606785 80
1683932847020 0.7985414947782244 81
1683932847080 0.8008500295025962 82
1683932847145 0.8030235299042293 83
1683932847210 0.8050946422985622 84
1683932847275 0.8070945186274392 85
1683932847339 0.8090509516852242 86
1683932847400 0.8109871659960065 87
1683932847460 0.8129212728568486 88
1683932848011 0.8148665385586875 89
1683932848201 0.8168321464742933 90
1683932848311 0.8188239506312779 91
1683932848378 0.8208458168166024 92
1683932848442 0.8229002441678729 93
1683932848507 0.8249892336981637 94
1683932848567 0.8271147395883288 95
1683932848632 0.8292787500790187 96
1683932848697 0.8314834960869381 97
1683932848757 0.8337313064507076 98
1683932848822 0.8360243907996586 99
1683932848887 0.838368181671415 100
1683932848950 0.8407674474375588 101
1683932849012 0.8432272715227944 102
1683932849077 0.845750881092889 103
1683932849142 0.848339421408517 104
1683932849202 0.8509915896824428 105
1683932849267 0.853703362601144 106
1683932849327 0.85646795800754 107
1683932849397 0.8592761882713863 108
1683932849460 0.8621168264320919 109
1683932849652 0.8649778280939374 110
1683932849777 0.8678473702498845 111
1683932849842 0.8707146005971091 112
1683932849907 0.873570476259504 113
1683932849976 0.8764084109238216 114
1683932850040 0.8792245217732021 115
1683932850100 0.8820174889905112 116
1683932850165 0.8847885727882385 117
1683932850230 0.8875400849751064 118
1683932850295 0.8902769344193595 119
1683932850355 0.8930061204092843 120
1683932850425 0.8957354468958718 121
1683932850485 0.8984732329845428 122
1683932850547 0.9012272783688137 123
1683932850612 0.9040049357073647 124
1683932850677 0.906812024968011 125
1683932850742 0.9096533783844539 126
1683932850807 0.9125323167869023 127
1683932850922 0.9154508199010577 128
1683932851067 0.9184094326836723 129
1683932851187 0.9214074441364833 130
1683932851267 0.9244429085935865 131
1683932851332 0.9275128969124385 132
1683932851397 0.9306133730070931 133
1683932851462 0.9337397558348519 134
1683932851522 0.9368869406836373 135
1683932851587 0.9400496482849121 136
1683932851652 0.9432226376874107 137
1683932851717 0.946401229926518 138
1683932851782 0.9495812952518463 139
1683932851842 0.952759827886309 140
1683932851907 0.9559347331523895 141
1683932851972 0.9591051042079926 142
1683932852032 0.9622712390763419 143
1683932852101 0.9654345001493182 144
1683932852165 0.9685969948768616 145
1683932852230 0.9717615715094975 146
1683932852305 0.9749314018658229 147
1683932852370 0.9781099345002856 148
1683932852435 0.981300583907536 149
1683932852500 0.9845063516071865 150
1683932852565 0.9877301752567291 151
1683932852630 0.990974234683173 152
1683932852693 0.9942403648580823 153
1683932852753 0.9975296769823346 154
1683932852818 1.0008429203714644 155
1683932852878 1.0041802653244563 156
1683932852943 1.0075412605490004 157
1683932853008 1.0109252503940038 158
1683932853068 1.014330919299807 159
1683932853206 1.0177567388330186 160
1683932853311 1.021200725010463 161
1683932853376 1.0246607576097762 162
1683932853441 1.0281346014567785 163
1683932853501 1.0316197574138641 164
1683932853561 1.0351139179297857 165
1683932853621 1.038614741393498 166
1683932853690 1.0421202353068761 167
1683932853754 1.0456286541053228 168
1683932853814 1.0491388653005873 169
1683932853874 1.052649825811386 170
1683932853939 1.0561611822673254 171
1683932853999 1.0596730538776942 172
1683932854064 1.0631858110427856 173
1683932854124 1.0667004074369157 174
1683932854189 1.0702178861413683 175
1683932854250 1.0737396095480238 176
1683932854310 1.0772670081683569 177
1683932854375 1.0808016657829285 178
1683932854435 1.0843449320111955 179
1683932854500 1.087898279939379 180
1683932854565 1.0914630719593592 181
1683932854625 1.095040227685656 182
1683932854690 1.0986305900982447 183
1683932854756 1.1022349808897292 184
1683932854818 1.1058537789753504 185
1683932854883 1.1094872270311629 186
1683932854958 1.1131351292133331 187
1683932855038 1.1167974088873183 188
1683932855110 1.1204735253538405 189
1683932855185 1.1241629081112998 190
1683932855260 1.127864577940532 191
1683932855331 1.1315775726522719 192
1683932855401 1.1353008917399816 193
1683932855476 1.1390333899429865 194
1683932855546 1.1427739347730363 195
1683932855616 1.146521440574101 196
1683932855686 1.1502750601087297 197
1683932855756 1.1540337375232153 198
1683932855826 1.1577970257827215 199
1683932855901 1.1615643458706992 200
1683932855976 1.1653354040213995 201
1683932856046 1.169110187462398 202
1683932856116 1.1728887174810683 203
1683932856191 1.176671326160431 204
1683932856261 1.1804582987512862 205
1683932856334 1.1842502398150307 206
1683932856401 1.1880478433200292 207
1683932856471 1.1918515988758631 208
1683932856541 1.1956621153014046 209
1683932856611 1.1994802866663252 210
1683932856686 1.2033064109938485 211
1683932856756 1.2071413142340524 212
1683932856826 1.2109853497573309 213
1683932856894 1.214838866676603 214
1683932856964 1.2187022737094335 215
1683932857029 1.2225756772926875 216
1683932857104 1.2264592221805029 217
1683932857179 1.23035272530147 218
1683932857249 1.2342561270509447 219
1683932857324 1.2381691123758043 220
1683932857397 1.242091336420604 221
1683932857467 1.2460224500724248 222
1683932857537 1.2499617721353258 223
1683932857607 1.2539089662688119 224
1683932857687 1.2578633895942144 225
1683932857757 1.2618245439870017 226
1683932857827 1.2657919824123383 227
1683932857902 1.269765236548015 228
1683932857975 1.2737439487661635 229
1683932858045 1.2777277060917445 230
1683932858120 1.281716376543045 231
1683932858190 1.2857099728924888 232
1683932858263 1.2897081332547324 233
1683932858335 1.293711245059967 234
1683932858403 1.2977190187999181 235
1683932858475 1.3017320122037614 236
1683932858548 1.3057501316070557 237
1683932858616 1.309773943253926 238
1683932858686 1.3138033875397273 239
1683932858766 1.317839013678687 240
1683932858846 1.3218809919697898 241
1683932858911 1.3259295736040388 242
1683932858978 1.3299850906644548 243
1683932859044 1.334047679390226 244
1683932859109 1.3381175654275077 245
1683932859169 1.3421948850154877 246
1683932859239 1.3462796594415392 247
1683932859304 1.3503717354365758 248
1683932859374 1.3544713003294808 249
1683932859459 1.3585780305521828 250
