1683931023871 1.390183 1
1683931023939 1.2195052 2
1683931024009 1.0388427 3
1683931024069 0.86635554 4
1683931024136 0.7200676 5
1683931024198 0.61002326 6
1683931024268 0.5370787 7
1683931024328 0.4952751 8
1683931024393 0.47536027 9
1683931024458 0.46791595 10
1683931024528 0.4654056 11
1683931024588 0.4630402 12
1683931024661 0.45870775 13
1683931024724 0.45236477 14
1683931024784 0.44522724 15
1683931024849 0.43900722 16
1683931024914 0.43534172 17
1683931024979 0.43541744 18
1683931025044 0.43982488 19
1683931025109 0.44855624 20
1683931025177 0.46110383 21
1683931025240 0.47661036 22
1683931025305 0.49402982 23
1683931025365 0.5122704 24
1683931025430 0.530329 25
1683931025495 0.5473607 26
1683931025555 0.56271577 27
1683931025620 0.57594687 28
1683931025685 0.5868077 29
1683931025750 0.5952241 30
1683931025809 0.6012652 31
1683931025874 0.60510886 32
1683931025939 0.6070072 33
1683931025999 0.60725415 34
1683931026059 0.6061581 35
1683931026124 0.6040205 36
1683931026184 0.6011204 37
1683931026252 0.5977041 38
1683931026311 0.5939803 39
1683931026371 0.59011817 40
1683931026436 0.58624923 41
1683931026496 0.58247024 42
1683931026556 0.5788477 43
1683931026616 0.5754226 44
1683931026681 0.5722152 45
1683931026741 0.5692299 46
1683931026808 0.5664592 47
1683931026871 0.56388783 48
1683931026931 0.5614961 49
1683931026996 0.55926275 50
1683931027056 0.5571667 51
1683931027121 0.55518913 52
1683931027186 0.5533142 53
1683931027246 0.55152947 54
1683931027307 0.5498264 55
1683931027374 0.54819983 56
1683931027439 0.546648 57
1683931027499 0.54517174 58
1683931027564 0.54377365 59
1683931027629 0.5424578 60
1683931027694 0.5412291 61
1683931027759 0.54009235 62
1683931027819 0.5390522 63
1683931027881 0.5381124 64
1683931027946 0.53727615 65
1683931028006 0.53654504 66
1683931028076 0.5359199 67
1683931028146 0.53540015 68
1683931028211 0.5349842 69
1683931028271 0.5346693 70
1683931028331 0.5344519 71
1683931028394 0.5343278 72
1683931028473 0.53429186 73
1683931028538 0.5343388 74
1683931028598 0.5344628 75
1683931028658 0.534658 76
1683931028723 0.5349183 77
1683931028788 0.5352379 78
1683931028848 0.53561074 79
1683931028913 0.5360313 80
1683931028981 0.53649414 81
1683931029041 0.5369942 82
1683931029106 0.5375267 83
1683931029166 0.53808725 84
1683931029231 0.53867185 85
1683931029291 0.5392766 86
1683931029351 0.53989834 87
1683931029411 0.5405338 88
1683931029477 0.5411803 89
1683931029542 0.5418354 90
1683931029602 0.5424971 91
1683931029667 0.5431636 92
1683931029727 0.54383343 93
1683931029792 0.5445056 94
1683931029857 0.54517925 95
1683931029922 0.5458539 96
1683931029990 0.54652953 97
1683931030053 0.5472063 98
1683931030113 0.54788435 99
1683931030173 0.5485646 100
1683931030238 0.54924786 101
1683931030298 0.5499351 102
1683931030358 0.55062747 103
1683931030418 0.5513264 104
1683931030478 0.5520331 105
1683931030543 0.55274916 106
1683931030603 0.553476 107
1683931030668 0.5542151 108
1683931030733 0.5549679 109
1683931030793 0.5557357 110
1683931030978 0.5565201 111
1683931031038 0.5573222 112
1683931031105 0.55814326 113
1683931031165 0.5589843 114
1683931031225 0.5598464 115
1683931031290 0.5607305 116
1683931031350 0.56163734 117
1683931031410 0.5625676 118
1683931031475 0.56352186 119
1683931031631 0.56450063 120
1683931031746 0.5655044 121
1683931031811 0.56653327 122
1683931031871 0.5675876 123
1683931031936 0.5686674 124
1683931031996 0.56977296 125
1683931032061 0.570904 126
1683931032129 0.5720605 127
1683931032199 0.5732425 128
1683931032274 0.57444966 129
1683931032339 0.5756817 130
1683931032404 0.5769384 131
1683931032469 0.5782195 132
1683931032534 0.5795245 133
1683931032594 0.5808532 134
1683931032659 0.5822051 135
1683931032724 0.5835798 136
1683931032794 0.58497685 137
1683931032874 0.58639574 138
1683931032934 0.58783615 139
1683931032999 0.58929753 140
1683931033064 0.5907794 141
1683931033127 0.5922813 142
1683931033188 0.5938027 143
1683931033253 0.59534323 144
1683931033318 0.5969024 145
1683931033383 0.59847957 146
1683931033448 0.6000745 147
1683931033513 0.60168666 148
1683931033578 0.6033156 149
1683931033643 0.60496086 150
1683931033712 0.6066221 151
1683931033777 0.60829884 152
1683931033842 0.6099907 153
1683931033902 0.6116973 154
1683931033977 0.61341834 155
1683931034037 0.6151533 156
1683931034097 0.616902 157
1683931034157 0.6186639 158
1683931034223 0.62043893 159
1683931034283 0.62222654 160
1683931034343 0.6240266 161
1683931034408 0.6258387 162
1683931034468 0.62766266 163
1683931034528 0.6294981 164
1683931034593 0.6313449 165
1683931034653 0.6332028 166
1683931034716 0.63507146 167
1683931034780 0.63695073 168
1683931034845 0.6388404 169
1683931034905 0.64074016 170
1683931034970 0.64265 171
1683931035035 0.6445695 172
1683931035100 0.64649874 173
1683931035160 0.6484374 174
1683931035220 0.65038526 175
1683931035282 0.6523423 176
1683931035347 0.6543083 177
1683931035407 0.6562831 178
1683931035467 0.65826654 179
1683931035527 0.6602586 180
1683931035592 0.66225904 181
1683931035652 0.6642678 182
1683931035717 0.6662847 183
1683931035778 0.66830975 184
1683931035838 0.67034274 185
1683931035903 0.6723836 186
1683931035963 0.6744323 187
1683931036023 0.6764885 188
1683931036088 0.67855245 189
1683931036148 0.68062377 190
1683931036223 0.6827026 191
1683931036293 0.6847887 192
1683931036361 0.68688214 193
1683931036421 0.6889827 194
1683931036481 0.69109046 195
1683931036541 0.6932052 196
1683931036606 0.6953269 197
1683931036666 0.6974555 198
1683931036726 0.69959104 199
1683931036786 0.7017333 200
1683931036847 0.70388234 201
1683931036915 0.70603794 202
1683931036975 0.70820034 203
1683931037035 0.7103692 204
1683931037095 0.7125446 205
1683931037155 0.71472657 206
1683931037215 0.7169149 207
1683931037280 0.71910965 208
1683931037340 0.7213107 209
1683931037404 0.723518 210
1683931037467 0.72573155 211
1683931037526 0.72795135 212
1683931037591 0.73017734 213
1683931037651 0.7324095 214
1683931037812 0.73464763 215
1683931037921 0.73689187 216
1683931037984 0.73914206 217
1683931038048 0.7413982 218
1683931038114 0.74366033 219
1683931038178 0.7459282 220
1683931038238 0.7482021 221
1683931038303 0.7504817 222
1683931038368 0.75276715 223
1683931038432 0.7550583 224
1683931038494 0.7573551 225
1683931038559 0.7596575 226
1683931038624 0.7619656 227
1683931038689 0.7642793 228
1683931038754 0.7665986 229
1683931038814 0.7689232 230
1683931038879 0.7712535 231
1683931038951 0.77358913 232
1683931039010 0.7759302 233
1683931039075 0.7782767 234
1683931039140 0.78062844 235
1683931039200 0.7829855 236
1683931039265 0.78534794 237
1683931039325 0.78771555 238
1683931039390 0.79008836 239
1683931039455 0.7924664 240
1683931039518 0.7948495 241
1683931039577 0.79723775 242
1683931039642 0.7996311 243
1683931039702 0.8020295 244
1683931039762 0.8044328 245
1683931039822 0.8068412 246
1683931039887 0.8092544 247
1683931039947 0.8116727 248
1683931040012 0.8140956 249
1683931040074 0.81652355 250
