1683933045600 1.3615596 1
1683933045672 1.199093 2
1683933045740 1.0292615 3
1683933045825 0.8687319 4
1683933045890 0.7336558 5
1683933045955 0.6324338 6
1683933046020 0.5649919 7
1683933046086 0.5253787 8
1683933046149 0.5051886 9
1683933046214 0.49634302 10
1683933046274 0.4927015 11
1683933046339 0.4905651 12
1683933046404 0.48844314 13
1683933046469 0.48641127 14
1683933046529 0.48539376 15
1683933046594 0.48655188 16
1683933046661 0.4908607 17
1683933046726 0.49888378 18
1683933046791 0.51071286 19
1683933046856 0.5260205 20
1683933046921 0.5441747 21
1683933046986 0.5643697 22
1683933047046 0.58574826 23
1683933047111 0.60749555 24
1683933047179 0.62890357 25
1683933047244 0.6494072 26
1683933047309 0.6685965 27
1683933047369 0.68621224 28
1683933047434 0.7021296 29
1683933047504 0.7163363 30
1683933047579 0.72890675 31
1683933047655 0.73997724 32
1683933047719 0.7497235 33
1683933047779 0.75834084 34
1683933047839 0.76602876 35
1683933047904 0.7729783 36
1683933047969 0.7793643 37
1683933048029 0.78533965 38
1683933048094 0.7910327 39
1683933048154 0.79654634 40
1683933048221 0.8019596 41
1683933048278 0.80732894 42
1683933048343 0.8126919 43
1683933048403 0.8180695 44
1683933048463 0.8234702 45
1683933048523 0.82889175 46
1683933048708 0.83432496 47
1683933048860 0.8397554 48
1683933048925 0.84516585 49
1683933048990 0.85053736 50
1683933049055 0.8558516 51
1683933049120 0.86109155 52
1683933049185 0.8662426 53
1683933049249 0.87129384 54
1683933049305 0.876238 55
1683933049365 0.8810721 56
1683933049430 0.8857971 57
1683933049490 0.8904176 58
1683933049550 0.8949417 59
1683933049610 0.89937973 60
1683933049670 0.9037441 61
1683933049735 0.9080482 62
1683933049797 0.9123056 63
1683933049860 0.91652966 64
1683933049920 0.9207327 65
1683933049985 0.92492557 66
1683933050050 0.9291176 67
1683933050110 0.93331593 68
1683933050175 0.93752563 69
1683933050240 0.94175005 70
1683933050300 0.94599044 71
1683933050361 0.95024633 72
1683933050421 0.95451593 73
1683933050481 0.958796 74
1683933050546 0.96308243 75
1683933050608 0.96737003 76
1683933050673 0.97165304 77
1683933050733 0.9759252 78
1683933050798 0.9801799 79
1683933050860 0.9844105 80
1683933050919 0.9886106 81
1683933050979 0.992774 82
1683933051039 0.9968952 83
1683933051104 1.000969 84
1683933051164 1.0049915 85
1683933051229 1.0089592 86
1683933051289 1.0128694 87
1683933051354 1.01672 88
1683933051417 1.0205104 89
1683933051477 1.0242401 90
1683933051542 1.0279093 91
1683933051607 1.0315187 92
1683933051667 1.0350697 93
1683933051732 1.0385641 94
1683933051797 1.0420036 95
1683933051857 1.0453906 96
1683933051920 1.0487273 97
1683933051987 1.0520159 98
1683933052052 1.055259 99
1683933052112 1.0584588 100
1683933052172 1.0616176 101
1683933052232 1.0647377 102
1683933052292 1.067821 103
1683933052357 1.0708694 104
1683933052417 1.0738848 105
1683933052480 1.0768689 106
1683933052545 1.079823 107
1683933052605 1.0827484 108
1683933052670 1.0856466 109
1683933052730 1.0885184 110
1683933052795 1.0913649 111
1683933052855 1.0941869 112
1683933052915 1.0969852 113
1683933052983 1.0997605 114
1683933053042 1.1025133 115
1683933053107 1.1052443 116
1683933053167 1.1079537 117
1683933053227 1.1106421 118
1683933053287 1.1133096 119
1683933053347 1.1159568 120
1683933053412 1.1185838 121
1683933053472 1.1211909 122
1683933053535 1.1237783 123
1683933053595 1.1263461 124
1683933053655 1.1288947 125
1683933053725 1.131424 126
1683933053785 1.1339343 127
1683933053845 1.1364257 128
1683933053905 1.1388986 129
1683933053970 1.1413528 130
1683933054032 1.1437887 131
1683933054096 1.1462063 132
1683933054161 1.1486057 133
1683933054226 1.1509874 134
1683933054286 1.1533513 135
1683933054351 1.1556978 136
1683933054411 1.1580267 137
1683933054585 1.1603386 138
1683933054703 1.1626334 139
1683933054773 1.1649114 140
1683933054838 1.1671727 141
1683933054903 1.1694171 142
1683933054963 1.1716452 143
1683933055028 1.1738566 144
1683933055093 1.1760517 145
1683933055153 1.1782305 146
1683933055213 1.1803926 147
1683933055278 1.1825383 148
1683933055343 1.1846676 149
1683933055403 1.1867802 150
1683933055468 1.1888763 151
1683933055528 1.1909556 152
1683933055593 1.1930183 153
1683933055663 1.1950641 154
1683933055733 1.1970929 155
1683933055798 1.1991048 156
1683933055858 1.2010999 157
1683933055918 1.2030778 158
1683933055983 1.205039 159
1683933056048 1.2069833 160
1683933056113 1.2089108 161
1683933056179 1.2108215 162
1683933056244 1.2127159 163
1683933056304 1.2145935 164
1683933056364 1.216455 165
1683933056424 1.2183003 166
1683933056489 1.2201297 167
1683933056554 1.2219434 168
1683933056619 1.2237412 169
1683933056682 1.2255235 170
1683933056884 1.2272905 171
1683933056979 1.2290422 172
1683933057049 1.2307787 173
1683933057114 1.2325001 174
1683933057179 1.2342062 175
1683933057241 1.2358974 176
1683933057306 1.2375736 177
1683933057371 1.2392347 178
1683933057431 1.2408807 179
1683933057496 1.2425115 180
1683933057556 1.2441273 181
1683933057621 1.2457278 182
1683933057686 1.247313 183
1683933057747 1.248883 184
1683933057814 1.2504379 185
1683933057874 1.2519772 186
1683933057939 1.2535017 187
1683933058004 1.2550107 188
1683933058109 1.2565048 189
1683933058273 1.2579839 190
1683933058335 1.2594482 191
1683933058400 1.2608979 192
1683933058460 1.2623329 193
1683933058525 1.2637537 194
1683933058585 1.2651603 195
1683933058650 1.2665532 196
1683933058710 1.2679323 197
1683933058775 1.269298 198
1683933058840 1.2706504 199
1683933058903 1.2719896 200
1683933058963 1.2733161 201
1683933059028 1.2746298 202
1683933059088 1.2759311 203
1683933059153 1.2772198 204
1683933059218 1.2784964 205
1683933059288 1.2797606 206
1683933059352 1.2810129 207
1683933059412 1.282253 208
1683933059482 1.2834812 209
1683933059547 1.2846974 210
1683933059607 1.2859018 211
1683933059677 1.2870944 212
1683933059737 1.288275 213
1683933059802 1.2894441 214
1683933059867 1.2906015 215
1683933059930 1.2917471 216
1683933059990 1.2928813 217
1683933060060 1.294004 218
1683933060120 1.2951155 219
1683933060185 1.2962157 220
1683933060250 1.2973049 221
1683933060310 1.2983831 222
1683933060376 1.2994506 223
1683933060437 1.3005077 224
1683933060497 1.3015543 225
1683933060562 1.3025906 226
1683933060622 1.3036171 227
1683933060712 1.3046336 228
1683933060787 1.3056405 229
1683933060852 1.3066379 230
1683933060917 1.307626 231
1683933060976 1.308605 232
1683933061041 1.3095746 233
1683933061106 1.3105356 234
1683933061166 1.3114874 235
1683933061226 1.3124307 236
1683933061286 1.3133655 237
1683933061351 1.3142914 238
1683933061411 1.3152087 239
1683933061475 1.3161178 240
1683933061533 1.3170183 241
1683933061593 1.3179104 242
1683933061658 1.3187944 243
1683933061723 1.31967 244
1683933061783 1.3205373 245
1683933061843 1.3213966 246
1683933061908 1.3222479 247
1683933061968 1.3230911 248
1683933062037 1.3239266 249
1683933062099 1.3247542 250
