1683933718985 1.3601074532670545 1
1683933719060 1.1934381747476452 2
1683933719126 1.018890407854737 3
1683933719197 0.8539549874138661 4
1683933719259 0.7156528539006003 5
1683933719324 0.612865009447532 6
1683933719389 0.5454717551170765 7
1683933719449 0.5070959434656853 8
1683933719514 0.4887935183977079 9
1683933719579 0.4820575907243527 10
1683933719644 0.48048856903931053 11
1683933719710 0.4800554152033577 12
1683933719768 0.47882099417843027 13
1683933719838 0.4767169643280817 14
1683933719898 0.4747959584179642 15
1683933719958 0.47446378914902154 16
1683933720028 0.4770440011264743 17
1683933720093 0.4835691643836085 18
1683933720153 0.49468708051149174 19
1683933720218 0.5105966929862967 20
1683933720281 0.5309660424257853 21
1683933720342 0.5549048121189838 22
1683933720402 0.5811085322698941 23
1683933720467 0.6081636614643497 24
1683933720532 0.6348682082618272 25
1683933720597 0.6604375481866371 26
1683933720662 0.6845403783407736 27
1683933720722 0.7071866721540983 28
1683933720787 0.7285401852493302 29
1683933720852 0.7487691363604879 30
1683933720912 0.7679517700452889 31
1683933720977 0.7860843190076883 32
1683933721037 0.8031369658146397 33
1683933721102 0.8191158514822936 34
1683933721162 0.8340953307160279 35
1683933721227 0.8482144264136269 36
1683933721282 0.8616517222540847 37
1683933721345 0.8745947853765677 38
1683933721410 0.8872166509340477 39
1683933721475 0.8996604462119469 40
1683933721540 0.9120320026303405 41
1683933721605 0.9243970362488618 42
1683933721670 0.9367799501983934 43
1683933721730 0.9491664319632679 44
1683933721795 0.9615078876219967 45
1683933721855 0.9737368624403036 46
1683933721915 0.9857769977319949 47
1683933721980 0.997554914445698 48
1683933722045 1.009010875112928 49
1683933722105 1.0201059973313216 50
1683933722165 1.0308254901710265 51
1683933722225 1.0411781843834231 52
1683933722285 1.05119264362561 53
1683933722351 1.0609122274825271 54
1683933722414 1.070388520336087 55
1683933722474 1.0796765633197316 56
1683933722544 1.0888297135011689 57
1683933722614 1.097897236678251 58
1683933722679 1.106921690196023 59
1683933722744 1.1159387045914615 60
1683933722809 1.1249763251656142 61
1683933722874 1.1340549619867175 62
1683933722938 1.1431883342208273 63
1683933723003 1.15238346923819 64
1683933723068 1.161641517333422 65
1683933723128 1.170959288701517 66
1683933723188 1.1803287009065164 67
1683933723248 1.1897390675363195 68
1683933723313 1.1991771130134954 69
1683933723378 1.2086286587514725 70
1683933723440 1.218078888552698 71
1683933723499 1.2275137440541561 72
1683933723559 1.236920242519332 73
1683933723624 1.2462874507228268 74
1683933723689 1.255606800787084 75
1683933723749 1.2648721837180124 76
1683933723809 1.2740802797690283 77
1683933723874 1.2832309563757207 78
1683933723934 1.2923263062956343 79
1683933724000 1.3013705021133466 80
1683933724065 1.310370153435957 81
1683933724130 1.3193330463036474 82
1683933724190 1.3282682654488704 83
1683933724250 1.3371857520618273 84
1683933724310 1.3460949996867155 85
1683933724375 1.3550054424350122 86
1683933724440 1.3639249111747165 87
1683933724500 1.372859876037401 88
1683933724565 1.3818149625097993 89
1683933724625 1.3907925081282504 90
1683933724685 1.3997928140789242 91
1683933724750 1.4088142529816268 92
1683933724810 1.417852818894402 93
1683933724870 1.42690267794574 94
1683933724930 1.4359572651558405 95
1683933724995 1.4450081583390288 96
1683933725058 1.4540468110023754 97
1683933725123 1.4630640045774532 98
1683933725178 1.4720511660203277 99
1683933725238 1.481000091965504 100
1683933725298 1.4899038063386922 101
1683933725363 1.498756573647782 102
1683933725423 1.5075544299209804 103
1683933725483 1.5162951855755753 104
1683933725542 1.5249785475321778 105
1683933725610 1.5336058892786415 106
1683933725670 1.5421809392952812 107
1683933725730 1.5507080607354817 108
1683933725800 1.5591941440102104 109
1683933725860 1.567646523526494 110
1683933725925 1.5760729405857532 111
1683933725985 1.584482384106448 112
1683933726052 1.5928829908630147 113
1683933726112 1.6012830638996984 114
1683933726177 1.6096902318248376 115
1683933726237 1.618110958408984 116
1683933726302 1.6265507520563747 117
1683933726362 1.6350139868025235 118
1683933726422 1.6435038501446493 119
1683933726487 1.6520222718912831 120
1683933726552 1.6605696341707294 121
1683933726617 1.6691456896477357 122
1683933726706 1.6777487978949286 123
1683933726771 1.6863774710303456 124
1683933726831 1.6950284669288487 125
1683933726896 1.7036989853247633 126
1683933726961 1.7123857298335494 127
1683933727021 1.7210859358568698 128
1683933727086 1.7297964897732956 129
1683933727149 1.7385155154087637 130
1683933727210 1.7472409950595955 131
1683933727270 1.7559721712974148 132
1683933727330 1.7647090528929534 133
1683933727395 1.7734518850440333 134
1683933727455 1.7822024112386639 135
1683933727515 1.7909626833154546 136
1683933727580 1.7997355267764776 137
1683933727640 1.8085241151548277 138
1683933727702 1.8173320551725642 139
1683933727767 1.8261631078260592 140
1683933727827 1.8350208892922948 141
1683933727892 1.8439093905684474 142
1683933727957 1.8528314677679911 143
1683933728022 1.8617906517178775 144
1683933728087 1.8707889200998093 145
1683933728147 1.8798282536635051 146
1683933728213 1.8889102858069626 147
1683933728274 1.8980356528768292 148
1683933728339 1.9072044595171493 149
1683933728404 1.9164165037272722 150
1683933728464 1.925670928871571 151
1683933728524 1.9349667364417487 152
1683933728589 1.944302191982004 153
1683933728649 1.9536759978400267 154
1683933728711 1.9630860581897718 155
1683933728773 1.9725306486126462 156
1683933728833 1.9820079992013033 157
1683933728898 1.9915166962935282 158
1683933728958 2.001055171201051 159
1683933729018 2.0106222838873027 160
1683933729083 2.020217548399782 161
1683933729143 2.029840657415642 162
1683933729203 2.0394914849414594 163
1683933729264 2.049170191234189 164
1683933729327 2.0588779065306078 165
1683933729387 2.0686157113085106 166
1683933729447 2.0783846139674926 167
1683933729507 2.0881861886086153 168
1683933729572 2.09802179124971 169
1683933729632 2.107893626790316 170
1683933729692 2.1178030115815023 171
1683933729757 2.1277513651507203 172
1683933729818 2.1377398683311126 173
1683933729883 2.147770088948004 174
1683933729943 2.157842717532467 175
1683933730008 2.167958438978923 176
1683933730068 2.178117427799976 177
1683933730133 2.1883198756312905 178
1683933730198 2.198565707713174 179
1683933730253 2.208854514669317 180
1683933730318 2.2191850045839754 181
1683933730376 2.2295573455733506 182
1683933730441 2.2399698107945296 183
1683933730501 2.250421692144924 184
1683933730556 2.260911999463962 185
1683933730621 2.271439080941999 186
1683933730691 2.282002642767768 187
1683933730761 2.292601292309602 188
1683933730821 2.3032343182906727 189
1683933730889 2.3139010124915282 190
1683933730949 2.324601108290586 191
1683933731009 2.3353340558265634 192
1683933731069 2.346099635186511 193
1683933731134 2.3568985131765023 194
1683933731189 2.3677298751909683 195
1683933731249 2.3785947894043535 196
1683933731309 2.3894932240786098 197
1683933731374 2.4004255309435503 198
1683933731433 2.411392919838726 199
1683933731498 2.422395601607584 200
1683933731558 2.4334338014577157 201
1683933731618 2.4445084262885004 202
1683933731678 2.4556194873625765 203
1683933731738 2.4667675719616016 204
1683933731803 2.4779526288459754 205
1683933731863 2.489174757236806 206
1683933731927 2.500434305335812 207
1683933731988 2.511730280938522 208
1683933732048 2.523062800287781 209
1683933732108 2.5344315343374433 210
1683933732168 2.545835977877165 211
1683933732228 2.5572753300726694 212
1683933732288 2.568749045676377 213
1683933732353 2.580256498571213 214
1683933732418 2.5917971340861383 215
1683933732478 2.603370120342249 216
1683933732543 2.614974639270598 217
1683933732608 2.62661053593017 218
1683933732673 2.6382770527890473 219
1683933732738 2.649973880043846 220
1683933732798 2.6617009373008615 221
1683933732953 2.6734572728172563 222
1683933733030 2.685243117812293 223
1683933733095 2.697058743079474 224
1683933733160 2.708903659181243 225
1683933733225 2.72077771905248 226
1683933733285 2.7326812760735466 227
1683933733350 2.744614622072924 228
1683933733410 2.756577592418099 229
1683933733475 2.7685700694933355 230
1683933733536 2.7805928694284106 231
1683933733601 2.7926455889922517 232
1683933733661 2.8047283273142956 233
1683933733726 2.8168411595705916 234
1683933733786 2.828983678614509 235
1683933733846 2.8411566339054932 236
1683933733906 2.8533593023380055 237
1683933733966 2.8655910691740636 238
1683933734033 2.877852573991385 239
1683933734091 2.890142899320325 240
1683933734156 2.9024617322242685 241
1683933734216 2.9148088178826854 242
1683933734281 2.9271838596332906 243
1683933734346 2.939586348600883 244
1683933734406 2.9520162114375976 245
1683933734466 2.964472193416436 246
1683933734526 2.9769549836682776 247
1683933734589 2.9894635528016646 248
1683933734654 3.0019980916658353 249
1683933734714 3.014558119188098 250
