1683931429258 1.4301128229658802 1
1683931429333 1.2515588187526008 2
1683931429403 1.0612898813163871 3
1683931429468 0.8787834460644844 4
1683931429538 0.7233465128513579 5
1683931429607 0.6059168334634358 6
1683931429672 0.5278393476235098 7
1683931429737 0.4832339588211801 8
1683931429802 0.46246291907397563 9
1683931429867 0.45530047069971014 10
1683931429932 0.4532087104937457 11
1683931429997 0.45052976167038544 12
1683931430062 0.4446607780117889 13
1683931430128 0.4356800018817202 14
1683931430193 0.4256341101671618 15
1683931430258 0.4175000197455436 16
1683931430323 0.4141328477973143 17
1683931430388 0.4173550125540597 18
1683931430453 0.42733129556191196 19
1683931430518 0.4425810181253351 20
1683931430583 0.46088560954880914 21
1683931430645 0.4805798070832838 22
1683931430712 0.5009541788293674 23
1683931430772 0.5217273971809696 24
1683931430837 0.5425002011117728 25
1683931430902 0.562521130075878 26
1683931430962 0.5806511724228479 27
1683931431027 0.5954712449154648 28
1683931431087 0.6056171551966978 29
1683931431157 0.6102765972216109 30
1683931431217 0.6095480334811086 31
1683931431282 0.6043686371020703 32
1683931431342 0.5960858809833199 33
1683931431407 0.5860529099000122 34
1683931431472 0.5754233576686666 35
1683931431532 0.5650272191930039 36
1683931431592 0.555367902514005 37
1683931431657 0.546689543317374 38
1683931431720 0.5390713745413033 39
1683931431784 0.5325130373311746 40
1683931431844 0.5269887091802509 41
1683931431909 0.522469005683491 42
1683931431969 0.518916646467062 43
1683931432034 0.5162676672583788 44
1683931432099 0.514408382722506 45
1683931432159 0.5131531825026949 46
1683931432219 0.5122356441905411 47
1683931432282 0.5113454565602686 48
1683931432347 0.5102239773138826 49
1683931432412 0.5086714298362889 50
1683931432472 0.5065534277212707 51
1683931432537 0.5037597586394431 52
1683931432597 0.5002503185022548 53
1683931432657 0.49603284782094403 54
1683931432717 0.4911508193512794 55
1683931432783 0.4856741325916729 56
1683931432841 0.4796927765886926 57
1683931432906 0.473310725447078 58
1683931432966 0.4666394669318861 59
1683931433026 0.4597893278747796 60
1683931433091 0.4528931145257404 61
1683931433156 0.44605802570911757 62
1683931433216 0.4393617565271723 63
1683931433284 0.4328485355050217 64
1683931433346 0.42653180776396876 65
1683931433411 0.4204012362754004 66
1683931433471 0.41445566232185765 67
1683931433531 0.40869938442340087 68
1683931433596 0.40314193443050367 69
1683931433661 0.39779718345173987 70
1683931433726 0.3926826331345424 71
1683931433786 0.38781826036027894 72
1683931433849 0.3832237270300186 73
1683931433914 0.3789145927497098 74
1683931433974 0.37489697274939915 75
1683931434034 0.3711613268022084 76
1683931434094 0.3676766471353466 77
1683931434154 0.36438670496392433 78
1683931434219 0.3612105515395439 79
1683931434279 0.35804910715342825 80
1683931434349 0.3547941261502488 81
1683931434408 0.3513640508990963 82
1683931434473 0.34770495202506 83
1683931434538 0.3437919331476942 84
1683931434603 0.3396263254895026 85
1683931434668 0.335230902400195 86
1683931434743 0.33064369902072044 87
1683931434813 0.3259124893056133 88
1683931434876 0.3210887996286256 89
1683931434939 0.3162230369614035 90
1683931435004 0.3113608353476286 91
1683931435064 0.3065405927875541 92
1683931435134 0.3017916185669053 93
1683931435199 0.2971343628732073 94
1683931435259 0.2925771437142701 95
1683931435319 0.2881302508428172 96
1683931435384 0.2838043766067885 97
1683931435448 0.2796100297756591 98
1683931435508 0.2755571204857985 99
1683931435573 0.27165448545337656 100
1683931435638 0.26790947479664007 101
1683931435703 0.26432676291452517 102
1683931435768 0.2609071897937183 103
1683931435863 0.25764570225699024 104
1683931435923 0.25452961321375756 105
1683931435991 0.2515369852853009 106
1683931436051 0.248636189114956 107
1683931436116 0.2457867806273144 108
1683931436176 0.24294218091183684 109
1683931436236 0.24005330650808776 110
1683931436301 0.23707899898329643 111
1683931436361 0.23398842355830196 112
1683931436426 0.23076245740185564 113
1683931436491 0.22739414416203863 114
1683931436550 0.22388762373695137 115
1683931436615 0.2202564472596521 116
1683931436675 0.21652055817078586 117
1683931436735 0.21270405096064948 118
1683931436795 0.2088325142828007 119
1683931436860 0.2049308713844442 120
1683931436920 0.20101765330288102 121
1683931436980 0.19711293253275397 122
1683931437043 0.1932361519720046 123
1683931437108 0.18940563065149063 124
1683931437168 0.18563736662195118 125
1683931437233 0.1819445735688605 126
1683931437298 0.17833765931290724 127
1683931437358 0.1748237230781825 128
1683931437423 0.1714069019568092 129
1683931437488 0.16808776193018327 130
1683931437551 0.16486288712701225 131
1683931437613 0.16172459471560097 132
1683931437673 0.15865985271613892 133
1683931437738 0.15565058986171065 134
1683931437798 0.1526740448341124 135
1683931437863 0.1497032970132216 136
1683931437923 0.14670952851590557 137
1683931437983 0.14366370254533845 138
1683931438049 0.14053918925729936 139
1683931438111 0.1373136637493444 140
1683931438176 0.13397090211525786 141
1683931438241 0.13050185390776492 142
1683931438301 0.12690475941323598 143
1683931438386 0.12318505630387333 144
1683931438451 0.11935390241044419 145
1683931438511 0.1154271920924318 146
1683931438579 0.11142374838144464 147
1683931438642 0.10736405832717655 148
1683931438707 0.10326834081661418 149
1683931438772 0.09915567675622505 150
1683931438832 0.09504325850925732 151
1683931438892 0.0909456162752077 152
1683931438952 0.08687455581926051 153
1683931439017 0.08283920214334706 154
1683931439077 0.07884616092603491 155
1683931439145 0.07489971302079268 156
1683931439205 0.07100240962309123 157
1683931439265 0.06715508550588056 158
1683931439325 0.06335715519531449 159
1683931439390 0.05960652306967518 160
1683931439450 0.05590017682268855 161
1683931439510 0.05223362957299349 162
1683931439575 0.04860117009031284 163
1683931439643 0.04499580709837925 164
1683931439706 0.04140977374089938 165
1683931439771 0.037834245148263945 166
1683931439831 0.03426004276580297 167
1683931439896 0.030677994325864266 168
1683931439966 0.027079223151032727 169
1683931440031 0.023455702699885506 170
1683931440096 0.019800662119366153 171
1683931440161 0.01610872590690704 172
1683931440224 0.012376536690596018 173
1683931440289 0.008602216018648745 174
1683931440349 0.004785852813098179 175
1683931440414 0.0009290797088756797 176
1683931440479 -0.002965228926041341 177
1683931440539 -0.0068928854631449266 178
1683931440604 -0.01084929300323556 179
1683931440669 -0.014829133941280936 180
1683931440729 -0.018827299549074583 181
1683931440792 -0.022838643676297288 182
1683931440857 -0.026858402801543058 183
1683931440917 -0.030882415910815864 184
1683931440982 -0.0349070902262163 185
1683931441042 -0.038929677355243886 186
1683931441102 -0.0429481169912338 187
1683931441167 -0.04696115957608771 188
1683931441230 -0.0509684084707418 189
1683931441452 -0.05497035311870757 190
1683931441612 -0.05896792236380777 191
1683931441682 -0.06296305012391246 192
1683931441752 -0.06695815478215272 193
1683931441815 -0.07095617936269627 194
1683931441875 -0.07496041633865436 195
1683931441940 -0.07897422192966541 196
1683931442000 -0.08300142487829487 197
1683931442065 -0.08704508088408969 198
1683931442130 -0.09110852881789855 199
1683931442195 -0.09519421690943375 200
1683931442255 -0.09930419521135359 201
1683931442321 -0.10343995752311863 202
1683931442382 -0.10760202401789853 203
1683931442447 -0.11179028862912133 204
1683931442512 -0.11600425393982183 205
1683931442572 -0.12024238481801852 206
1683931442727 -0.12450313581288208 207
1683931442865 -0.12878422651281674 208
1683931442936 -0.13308341758819386 209
1683931443001 -0.13739797063340653 210
1683931443066 -0.14172566212312598 211
1683931443126 -0.14606399127784453 212
1683931443191 -0.1504106015697646 213
1683931443251 -0.15476383536962834 214
1683931443316 -0.1591219932491521 215
1683931443380 -0.1634838746289149 216
1683931443441 -0.16784842795463417 217
1683931443506 -0.17221545095932123 218
1683931443571 -0.1765847088425634 219
1683931443631 -0.18095657330152948 220
1683931443696 -0.18533163277496123 221
1683931443761 -0.18971084417852468 222
1683931443821 -0.1940955090002323 223
1683931443883 -0.19848731644357165 224
1683931444111 -0.20288732327983272 225
1683931444301 -0.2072973083951266 226
1683931444412 -0.2117191277955397 227
1683931444474 -0.21615403742493045 228
1683931444539 -0.22060319952023177 229
1683931444604 -0.22506815960605797 230
1683931444669 -0.22954929570137317 231
1683931444734 -0.23404749163174854 232
1683931444794 -0.23856265272908161 233
1683931444864 -0.24309504570435259 234
1683931444929 -0.24764395630141367 235
1683931444991 -0.25220897914981055 236
1683931445051 -0.2567892263846936 237
1683931445116 -0.26138363915228524 238
1683931445181 -0.2659910163283816 239
1683931445246 -0.2706103219302374 240
1683931445306 -0.2752402898840822 241
1683931445436 -0.2798798266215292 242
1683931445584 -0.2845277096625134 243
1683931445649 -0.28918321081904774 244
1683931445714 -0.2938453619313224 245
1683931445774 -0.2985133818359793 246
1683931445839 -0.30318706122764016 247
1683931445904 -0.3078662129995027 248
1683931445969 -0.31255047535841607 249
1683931446035 -0.3172400420221966 250
