1683931670671 1.2410638 1
1683931670756 1.0838729 2
1683931670825 0.9208416 3
1683931670890 0.76965934 4
1683931670955 0.6469184 5
1683931671020 0.5606745 6
1683931671085 0.5097451 7
1683931671150 0.48659176 8
1683931671210 0.4811263 9
1683931671279 0.4838312 10
1683931671344 0.48759162 11
1683931671409 0.4883101 12
1683931671469 0.48464188 13
1683931671539 0.47725916 14
1683931671599 0.46797723 15
1683931671669 0.45898432 16
1683931671734 0.4522655 17
1683931671803 0.4492602 18
1683931671866 0.45073104 19
1683931671931 0.45679218 20
1683931671996 0.46703514 21
1683931672061 0.4806955 22
1683931672126 0.49681377 23
1683931672191 0.5144119 24
1683931672256 0.5325813 25
1683931672325 0.5505396 26
1683931672389 0.5676597 27
1683931672454 0.58347565 28
1683931672519 0.5976995 29
1683931672584 0.6101906 30
1683931672654 0.6209377 31
1683931672724 0.63003516 32
1683931672789 0.63765365 33
1683931672852 0.64401245 34
1683931672920 0.64935267 35
1683931672985 0.65391433 36
1683931673050 0.657919 37
1683931673115 0.6615561 38
1683931673180 0.66497606 39
1683931673245 0.66828656 40
1683931673310 0.67155254 41
1683931673372 0.6747993 42
1683931673440 0.67801714 43
1683931673505 0.68116957 44
1683931673570 0.68420255 45
1683931673630 0.68705344 46
1683931673690 0.6896603 47
1683931673755 0.6919704 48
1683931673820 0.69394696 49
1683931673880 0.69557285 50
1683931673949 0.6968534 51
1683931674012 0.69781584 52
1683931674077 0.6985066 53
1683931674142 0.6989889 54
1683931674207 0.69933707 55
1683931674267 0.69963276 56
1683931674332 0.6999594 57
1683931674397 0.70039785 58
1683931674463 0.7010229 59
1683931674526 0.70189863 60
1683931674586 0.7030767 61
1683931674651 0.7045936 62
1683931674711 0.70646924 63
1683931674776 0.70870674 64
1683931674836 0.71129215 65
1683931674901 0.7141956 66
1683931674964 0.7173722 67
1683931675031 0.7207643 68
1683931675096 0.72430354 69
1683931675161 0.7279148 70
1683931675221 0.7315191 71
1683931675286 0.73503876 72
1683931675351 0.7384014 73
1683931675411 0.74154484 74
1683931675471 0.74442077 75
1683931675538 0.7469971 76
1683931675596 0.74926037 77
1683931675656 0.7512155 78
1683931675721 0.7528851 79
1683931675786 0.7543075 80
1683931675846 0.7555337 81
1683931675911 0.75662404 82
1683931675976 0.7576444 83
1683931676037 0.75866246 84
1683931676104 0.7597438 85
1683931676164 0.7609498 86
1683931676224 0.7623341 87
1683931676289 0.7639415 88
1683931676349 0.7658063 89
1683931676409 0.7679515 90
1683931676469 0.77038777 91
1683931676534 0.77311414 92
1683931676597 0.7761173 93
1683931676662 0.77937305 94
1683931676722 0.78284705 95
1683931676787 0.78649664 96
1683931676847 0.79027224 97
1683931676907 0.7941197 98
1683931676972 0.79798293 99
1683931677032 0.80180615 100
1683931677096 0.80553687 101
1683931677353 0.8091288 102
1683931677493 0.8125437 103
1683931677563 0.8157536 104
1683931677626 0.81874204 105
1683931677688 0.8215048 106
1683931677753 0.82404923 107
1683931677813 0.82639396 108
1683931677878 0.82856697 109
1683931677938 0.8306041 110
1683931677998 0.83254594 111
1683931678063 0.834437 112
1683931678128 0.83632195 113
1683931678190 0.8382442 114
1683931678255 0.8402436 115
1683931678380 0.8423553 116
1683931678500 0.8446085 117
1683931678565 0.84702516 118
1683931678630 0.84961975 119
1683931678696 0.85239863 120
1683931678759 0.8553599 121
1683931678829 0.85849303 122
1683931678904 0.8617796 123
1683931678969 0.8651937 124
1683931679034 0.8687037 125
1683931679099 0.8722724 126
1683931679164 0.87586 127
1683931679229 0.8794251 128
1683931679291 0.88292783 129
1683931679356 0.88633096 130
1683931679416 0.8896029 131
1683931679481 0.8927182 132
1683931679546 0.89565986 133
1683931679611 0.89841926 134
1683931679671 0.9009964 135
1683931679734 0.9033998 136
1683931679797 0.9056454 137
1683931679862 0.9077556 138
1683931679927 0.9097576 139
1683931679992 0.91168225 140
1683931680057 0.91356164 141
1683931680122 0.91542816 142
1683931680182 0.9173129 143
1683931680247 0.91924405 144
1683931680311 0.92124605 145
1683931680376 0.92333883 146
1683931680436 0.9255371 147
1683931680496 0.92785025 148
1683931680561 0.9302821 149
1683931680626 0.93283135 150
1683931680686 0.9354911 151
1683931680746 0.938249 152
1683931680814 0.9410884 153
1683931680878 0.9439883 154
1683931680943 0.94692415 155
1683931681003 0.94986904 156
1683931681063 0.952795 157
1683931681128 0.9556743 158
1683931681188 0.95848095 159
1683931681248 0.96119213 160
1683931681308 0.96378934 161
1683931681373 0.966259 162
1683931681438 0.9685936 163
1683931681498 0.9707912 164
1683931681558 0.9728557 165
1683931681623 0.9747966 166
1683931681688 0.9766278 167
1683931681748 0.97836727 168
1683931681813 0.98003536 169
1683931681874 0.98165464 170
1683931681937 0.9832479 171
1683931682002 0.98483753 172
1683931682062 0.9864447 173
1683931682122 0.98808837 174
1683931682187 0.98978424 175
1683931682252 0.99154484 176
1683931682317 0.99337816 177
1683931682377 0.9952877 178
1683931682443 0.99727243 179
1683931682508 0.99932665 180
1683931682573 1.0014403 181
1683931682638 1.0035998 182
1683931682698 1.0057882 183
1683931682763 1.0079868 184
1683931682828 1.0101756 185
1683931682888 1.0123343 186
1683931682956 1.0144439 187
1683931683016 1.0164874 188
1683931683076 1.0184504 189
1683931683141 1.020323 190
1683931683201 1.0220996 191
1683931683261 1.0237793 192
1683931683326 1.0253658 193
1683931683386 1.0268677 194
1683931683450 1.0282978 195
1683931683513 1.0296714 196
1683931683573 1.0310073 197
1683931683638 1.0323247 198
1683931683698 1.033644 199
1683931683758 1.0349839 200
1683931683828 1.0363622 201
1683931683888 1.0377932 202
1683931684095 1.0392878 203
1683931684220 1.0408533 204
1683931684285 1.0424919 205
1683931684345 1.0442022 206
1683931684410 1.0459781 207
1683931684470 1.0478095 208
1683931684536 1.0496839 209
1683931684598 1.0515859 210
1683931684663 1.0534986 211
1683931684728 1.0554045 212
1683931684788 1.0572869 213
1683931684853 1.0591304 214
1683931684918 1.0609224 215
1683931684983 1.0626535 216
1683931685050 1.0643187 217
1683931685118 1.0659165 218
1683931685183 1.0674503 219
1683931685243 1.0689268 220
1683931685308 1.0703566 221
1683931685373 1.0717529 222
1683931685433 1.0731306 223
1683931685498 1.074506 224
1683931685560 1.0758953 225
1683931685628 1.0773145 226
1683931685688 1.0787777 227
1683931685748 1.0802972 228
1683931685808 1.0818822 229
1683931685873 1.0835388 230
1683931685938 1.0852687 231
1683931685998 1.0870702 232
1683931686058 1.0889378 233
1683931686123 1.0908629 234
1683931686182 1.0928345 235
1683931686242 1.0948402 236
1683931686307 1.0968664 237
1683931686372 1.0988994 238
1683931686432 1.1009264 239
1683931686492 1.1029358 240
1683931686552 1.104917 241
1683931686617 1.1068623 242
1683931686679 1.1087654 243
1683931686744 1.1106226 244
1683931686804 1.1124327 245
1683931686869 1.1141958 246
1683931686934 1.1159148 247
1683931687009 1.1175936 248
1683931687079 1.1192375 249
1683931687139 1.1208531 250
