1683933480714 1.2896252 1
1683933480784 1.1244154 2
1683933480854 0.9506808 3
1683933480914 0.7871487 4
1683933480974 0.6519021 5
1683933481039 0.5545715 6
1683933481104 0.49522173 7
1683933481164 0.46686816 8
1683933481225 0.45916253 9
1683933481293 0.46171927 10
1683933481353 0.4663276 11
1683933481413 0.46791306 12
1683933481478 0.46445635 13
1683933481543 0.45626655 14
1683933481608 0.4450444 15
1683933481673 0.43303835 16
1683933481739 0.42242554 17
1683933481800 0.41491675 18
1683933481865 0.4115753 19
1683933481925 0.41281307 20
1683933481990 0.41852146 21
1683933482055 0.42822254 22
1683933482115 0.4411937 23
1683933482180 0.4565666 24
1683933482245 0.47341406 25
1683933482309 0.49082053 26
1683933482369 0.5079365 27
1683933482434 0.52401745 28
1683933482499 0.5384474 29
1683933482564 0.5507417 30
1683933482629 0.56055874 31
1683933482694 0.5677012 32
1683933482759 0.5721376 33
1683933482826 0.5739769 34
1683933482886 0.5734457 35
1683933482951 0.5708473 36
1683933483016 0.5665294 37
1683933483076 0.5608547 38
1683933483141 0.55417705 39
1683933483201 0.54682404 40
1683933483266 0.53908515 41
1683933483326 0.53120524 42
1683933483394 0.523382 43
1683933483454 0.5157674 44
1683933483519 0.50848764 45
1683933483584 0.50167 46
1683933483644 0.49544346 47
1683933483714 0.4899325 48
1683933483779 0.48525274 49
1683933483839 0.48148745 50
1683933483907 0.47867984 51
1683933483967 0.47683084 52
1683933484027 0.47590047 53
1683933484087 0.47581106 54
1683933484152 0.47644943 55
1683933484212 0.4776694 56
1683933484272 0.4792927 57
1683933484332 0.4811197 58
1683933484400 0.4829408 59
1683933484463 0.4845513 60
1683933484523 0.4857677 61
1683933484583 0.48643476 62
1683933484648 0.48645654 63
1683933484708 0.4857903 64
1683933484773 0.4844401 65
1683933484833 0.48244682 66
1683933484893 0.47987872 67
1683933484954 0.4768209 68
1683933485017 0.47336698 69
1683933485077 0.46961188 70
1683933485137 0.4656464 71
1683933485197 0.46155336 72
1683933485262 0.45740527 73
1683933485322 0.4532715 74
1683933485382 0.44922042 75
1683933485443 0.44531712 76
1683933485504 0.4416205 77
1683933485564 0.43818015 78
1683933485629 0.4350338 79
1683933485689 0.43220556 80
1683933485749 0.42970508 81
1683933485809 0.4275275 82
1683933485869 0.42565417 83
1683933485929 0.42405435 84
1683933485992 0.42268693 85
1683933486055 0.42150313 86
1683933486175 0.42044973 87
1683933486235 0.41947243 88
1683933486295 0.41851893 89
1683933486355 0.41754243 90
1683933486420 0.41650367 91
1683933486485 0.4153619 92
1683933486551 0.41409314 93
1683933486612 0.41268685 94
1683933486677 0.41114426 95
1683933486752 0.40947598 96
1683933486822 0.4076991 97
1683933486887 0.4058348 98
1683933486947 0.4039064 99
1683933487012 0.40193737 100
1683933487075 0.39995015 101
1683933487134 0.3979652 102
1683933487199 0.3960005 103
1683933487264 0.3940711 104
1683933487324 0.39218915 105
1683933487384 0.39036405 106
1683933487449 0.3886093 107
1683933487514 0.3869354 108
1683933487578 0.38535014 109
1683933487640 0.3838577 110
1683933487705 0.38245896 111
1683933487765 0.38115114 112
1683933487830 0.37992835 113
1683933487890 0.3787818 114
1683933487950 0.377697 115
1683933488010 0.3766613 116
1683933488070 0.37566414 117
1683933488135 0.37469676 118
1683933488197 0.37375262 119
1683933488257 0.37282687 120
1683933488322 0.37191617 121
1683933488387 0.37101844 122
1683933488447 0.37013245 123
1683933488507 0.3692577 124
1683933488567 0.36839426 125
1683933488633 0.36754236 126
1683933488694 0.36670268 127
1683933488754 0.36587572 128
1683933488819 0.36506212 129
1683933488884 0.36426252 130
1683933488944 0.36347738 131
1683933489004 0.36270702 132
1683933489069 0.3619517 133
1683933489129 0.3612115 134
1683933489191 0.36048642 135
1683933489252 0.35977617 136
1683933489352 0.35908055 137
1683933489417 0.35839915 138
1683933489477 0.35773158 139
1683933489542 0.35707727 140
1683933489602 0.35643572 141
1683933489667 0.35580635 142
1683933489732 0.35518855 143
1683933489792 0.35458183 144
1683933489857 0.35398564 145
1683933489917 0.3533994 146
1683933489977 0.35282263 147
1683933490042 0.3522548 148
1683933490102 0.35169548 149
1683933490162 0.3511442 150
1683933490227 0.35060054 151
1683933490292 0.35006413 152
1683933490352 0.3495347 153
1683933490412 0.34901178 154
1683933490472 0.3484952 155
1683933490537 0.34798467 156
1683933490597 0.34748006 157
1683933490657 0.34698105 158
1683933490717 0.34648752 159
1683933490784 0.34599936 160
1683933490844 0.34551644 161
1683933490904 0.34503865 162
1683933490964 0.3445659 163
1683933491029 0.34409815 164
1683933491089 0.34363526 165
1683933491149 0.34317726 166
1683933491209 0.34272414 167
1683933491268 0.3422758 168
1683933491336 0.3418323 169
1683933491396 0.34139356 170
1683933491456 0.3409596 171
1683933491521 0.34053046 172
1683933491741 0.34010607 173
1683933491899 0.3396865 174
1683933491964 0.33927172 175
1683933492024 0.33886173 176
1683933492094 0.33845657 177
1683933492159 0.3380561 178
1683933492224 0.33766043 179
1683933492289 0.33726948 180
1683933492349 0.33688325 181
1683933492412 0.33650166 182
1683933492477 0.33612466 183
1683933492542 0.33575228 184
1683933492612 0.33538443 185
1683933492672 0.335021 186
1683933492737 0.334662 187
1683933492797 0.33430737 188
1683933492865 0.33395702 189
1683933492964 0.3336109 190
1683933493029 0.33326897 191
1683933493089 0.33293122 192
1683933493149 0.33259743 193
1683933493214 0.33226776 194
1683933493274 0.33194202 195
1683933493334 0.33162022 196
1683933493397 0.33130226 197
1683933493456 0.33098814 198
1683933493521 0.33067787 199
1683933493581 0.33037132 200
1683933493646 0.33006853 201
1683933493706 0.32976943 202
1683933493771 0.32947397 203
1683933493831 0.32918227 204
1683933493891 0.32889405 205
1683933493955 0.32860953 206
1683933494013 0.32832852 207
1683933494073 0.32805103 208
1683933494133 0.32777703 209
1683933494198 0.32750648 210
1683933494258 0.32723933 211
1683933494323 0.32697558 212
1683933494383 0.32671517 213
1683933494443 0.32645804 214
1683933494506 0.32620412 215
1683933494571 0.32595342 216
1683933494631 0.32570586 217
1683933494691 0.32546142 218
1683933494756 0.32522002 219
1683933494816 0.3249817 220
1683933494891 0.3247463 221
1683933494956 0.32451388 222
1683933495017 0.32428437 223
1683933495082 0.32405776 224
1683933495147 0.323834 225
1683933495212 0.32361305 226
1683933495272 0.32339495 227
1683933495337 0.32317963 228
1683933495397 0.3229671 229
1683933495462 0.32275733 230
1683933495526 0.32255033 231
1683933495589 0.3223461 232
1683933495654 0.32214457 233
1683933495719 0.3219458 234
1683933495784 0.32174972 235
1683933495844 0.3215564 236
1683933495909 0.3213657 237
1683933495969 0.32117775 238
1683933496029 0.32099247 239
1683933496099 0.32080984 240
1683933496159 0.32062986 241
1683933496219 0.32045254 242
1683933496284 0.3202778 243
1683933496349 0.32010567 244
1683933496414 0.3199361 245
1683933496479 0.31976908 246
1683933496539 0.31960455 247
1683933496606 0.31944254 248
1683933496666 0.31928298 249
1683933496731 0.3191259 250
