1684530011638 26.246674 1
1684530011716 21.593342 2
1684530011789 14.671596 3
1684530011862 11.86673 4
1684530011934 10.9452305 5
1684530012007 10.760963 6
1684530012079 10.810989 7
1684530012154 10.765313 8
1684530012228 10.838396 9
1684530012300 10.969351 10
1684530012371 10.995747 11
1684530012445 10.339489 12
1684530012518 10.07791 13
1684530012593 9.983309 14
1684530012674 9.861338 15
1684530012759 9.409137 16
1684530012831 9.382854 17
1684530012902 9.378483 18
1684530012975 9.380234 19
1684530013048 9.3648815 20
1684530013118 9.361722 21
1684530013189 9.3663025 22
1684530013260 9.368811 23
1684530013331 9.365791 24
1684530013402 9.365084 25
1684530013475 9.366123 26
1684530013550 9.366112 27
1684530013621 9.365507 28
1684530013700 9.365337 29
1684530013772 9.365343 30
1684530013843 9.36524 31
1684530013914 9.3651085 32
1684530013988 9.365032 33
1684530014060 9.364986 34
1684530014131 9.364932 35
1684530014204 9.364872 36
1684530014275 9.364823 37
1684530014346 9.3647785 38
1684530014417 9.36473 39
1684530014488 9.364682 40
1684530014557 9.364637 41
1684530014626 9.3645935 42
1684530014701 9.364552 43
1684530014809 9.364512 44
1684530014951 9.364474 45
1684530015022 9.364438 46
1684530015091 9.364405 47
1684530015161 9.364373 48
1684530015230 9.364344 49
1684530015300 9.364317 50
1684530015369 9.364292 51
1684530015440 9.364269 52
1684530015510 9.364248 53
1684530015578 9.36423 54
1684530015647 9.364214 55
1684530015716 9.364199 56
1684530015788 9.364185 57
1684530015859 9.364173 58
1684530015927 9.364163 59
1684530015997 9.364155 60
1684530016066 9.364146 61
1684530016138 9.36414 62
1684530016235 9.364134 63
1684530016306 9.364129 64
1684530016376 9.364124 65
1684530016446 9.364121 66
1684530016516 9.364119 67
1684530016586 9.364117 68
1684530016657 9.364115 69
1684530016730 9.364113 70
1684530016803 9.364112 71
1684530016874 9.364111 72
1684530016944 9.364111 73
1684530017015 9.364111 74
1684530017098 9.364112 75
1684530017176 9.364113 76
1684530017247 9.364113 77
1684530017318 9.364115 78
1684530017387 9.364117 79
1684530017455 9.364118 80
1684530017525 9.36412 81
1684530017596 9.3641205 82
1684530017671 9.364123 83
1684530017745 9.364125 84
1684530017817 9.364128 85
1684530017888 9.36413 86
1684530017962 9.364132 87
1684530018033 9.364136 88
1684530018103 9.364138 89
1684530018175 9.364141 90
1684530018265 9.364143 91
1684530018384 9.364147 92
1684530018515 9.364149 93
1684530018600 9.364152 94
1684530018683 9.364155 95
1684530018761 9.364157 96
1684530018947 9.364159 97
1684530019070 9.364161 98
1684530019181 9.364162 99
1684530019276 9.364164 100
1684530019385 9.364164 101
1684530019480 9.364165 102
1684530019570 9.364166 103
1684530019658 9.364164 104
1684530019748 9.364164 105
1684530019832 9.364163 106
1684530019911 9.364162 107
1684530019987 9.364161 108
1684530020065 9.364159 109
1684530020211 9.364156 110
1684530020293 9.364154 111
1684530020368 9.364151 112
1684530020441 9.364148 113
1684530020515 9.364145 114
1684530020596 9.364141 115
1684530020670 9.364138 116
1684530020747 9.364134 117
1684530020823 9.36413 118
1684530020897 9.364126 119
1684530020977 9.364122 120
1684530021052 9.364117 121
1684530021124 9.364113 122
1684530021200 9.364108 123
1684530021275 9.364102 124
1684530021350 9.364098 125
1684530021423 9.364094 126
1684530021495 9.364088 127
1684530021568 9.364082 128
1684530021640 9.364077 129
1684530021710 9.364072 130
1684530021785 9.364066 131
1684530021857 9.364061 132
1684530021927 9.364055 133
1684530021997 9.36405 134
1684530022069 9.364044 135
1684530022141 9.3640375 136
1684530022211 9.364031 137
1684530022284 9.364026 138
1684530022355 9.364019 139
1684530022424 9.364014 140
1684530022496 9.364008 141
1684530022565 9.364002 142
1684530022634 9.363996 143
1684530022704 9.363991 144
1684530022776 9.363984 145
1684530022848 9.363977 146
1684530022923 9.363972 147
1684530022998 9.363966 148
1684530023070 9.36396 149
1684530023142 9.363954 150
1684530023212 9.363948 151
1684530023284 9.363942 152
1684530023354 9.3639345 153
1684530023426 9.36393 154
1684530023497 9.363924 155
1684530023567 9.363917 156
1684530023637 9.363913 157
1684530023709 9.363905 158
1684530023781 9.363899 159
1684530023854 9.363893 160
1684530023926 9.363887 161
1684530023997 9.363881 162
1684530024070 9.363874 163
1684530024141 9.363869 164
1684530024212 9.363862 165
1684530024284 9.363855 166
1684530024356 9.36385 167
1684530024427 9.363844 168
1684530024499 9.363836 169
1684530024570 9.363831 170
1684530024640 9.363825 171
1684530024716 9.363817 172
1684530024789 9.363811 173
1684530024863 9.363804 174
1684530024933 9.363798 175
1684530025003 9.363791 176
1684530025073 9.363786 177
1684530025143 9.363779 178
1684530025222 9.363772 179
1684530025302 9.363768 180
1684530025372 9.36376 181
1684530025443 9.363756 182
1684530025516 9.36375 183
1684530025587 9.363744 184
1684530025659 9.363739 185
1684530025730 9.363733 186
1684530025803 9.363729 187
1684530025878 9.363723 188
1684530025950 9.363718 189
1684530026025 9.363712 190
1684530026100 9.3637085 191
1684530026178 9.363704 192
1684530026250 9.363699 193
1684530026322 9.363694 194
1684530026393 9.363689 195
1684530026464 9.363686 196
1684530026537 9.363682 197
1684530026612 9.363678 198
1684530026691 9.363674 199
1684530026768 9.363672 200
1684530026845 9.363668 201
1684530026920 9.363667 202
1684530026992 9.363665 203
1684530027672 9.363664 204
1684530027744 9.363663 205
1684530027816 9.363663 206
1684530027892 9.363665 207
1684530027963 9.3636675 208
1684530028036 9.36367 209
1684530028107 9.363676 210
1684530028180 9.36368 211
1684530028258 9.363684 212
1684530028335 9.363686 213
1684530028410 9.363682 214
1684530028484 9.363675 215
1684530028557 9.363665 216
1684530028632 9.363649 217
1684530028709 9.363634 218
1684530028779 9.363619 219
1684530028854 9.3636055 220
1684530028928 9.363593 221
1684530028999 9.3635845 222
1684530029072 9.363576 223
1684530029145 9.36357 224
1684530029220 9.363566 225
1684530029295 9.3635645 226
1684530029367 9.363564 227
1684530029438 9.3635645 228
1684530029510 9.363567 229
1684530029581 9.363571 230
1684530029653 9.363578 231
1684530029725 9.363585 232
1684530029797 9.363598 233
1684530029869 9.363613 234
1684530029939 9.363634 235
1684530030010 9.363662 236
1684530030080 9.3637 237
1684530030149 9.363756 238
1684530030221 9.363835 239
1684530030293 9.363955 240
1684530030365 9.364136 241
1684530030436 9.364406 242
1684530030507 9.3647995 243
1684530030578 9.365362 244
1684530030648 9.366165 245
1684530030719 9.367262 246
1684530030792 9.368502 247
1684530030862 9.36934 248
1684530030940 9.369381 249
1684530031013 9.3689575 250
