1684529882869 24.118675 1
1684529882959 21.070444 2
1684529883033 19.57996 3
1684529883104 13.675574 4
1684529883177 11.229078 5
1684529883248 10.65929 6
1684529883319 9.421423 7
1684529883392 8.804006 8
1684529883468 8.4984 9
1684529883540 8.445289 10
1684529883611 8.355891 11
1684529883688 8.335049 12
1684529883763 8.338983 13
1684529883837 8.265759 14
1684529883910 8.234316 15
1684529883989 8.230478 16
1684529884061 8.229174 17
1684529884132 8.196353 18
1684529884206 8.182047 19
1684529884277 7.95238 20
1684529884355 7.9803104 21
1684529884425 7.9864798 22
1684529884499 7.9017954 23
1684529884571 7.870079 24
1684529884642 7.8664002 25
1684529884714 7.8636293 26
1684529884791 7.857316 27
1684529884865 7.850778 28
1684529884938 7.8453026 29
1684529885008 7.8406925 30
1684529885079 7.8368697 31
1684529885149 7.833895 32
1684529885221 7.8316994 33
1684529885295 7.830036 34
1684529885365 7.8289604 35
1684529885435 7.8289123 36
1684529885505 7.8294907 37
1684529885578 7.8301234 38
1684529885648 7.830754 39
1684529885720 7.8315406 40
1684529885792 7.8324986 41
1684529885862 7.833536 42
1684529885936 7.834592 43
1684529886013 7.835643 44
1684529886085 7.836673 45
1684529886156 7.8376603 46
1684529886228 7.8385916 47
1684529886300 7.8394585 48
1684529886372 7.8402596 49
1684529886443 7.840991 50
1684529886513 7.841654 51
1684529886585 7.8422513 52
1684529886656 7.842787 53
1684529886729 7.843267 54
1684529886799 7.8436966 55
1684529886871 7.844082 56
1684529886945 7.8444285 57
1684529887026 7.844741 58
1684529887110 7.845023 59
1684529887187 7.8452787 60
1684529887260 7.8455086 61
1684529887333 7.845717 62
1684529887406 7.8459024 63
1684529887475 7.8460674 64
1684529887545 7.8462124 65
1684529887619 7.846339 66
1684529887690 7.846447 67
1684529887760 7.846539 68
1684529887831 7.8466144 69
1684529887902 7.846675 70
1684529887974 7.8467226 71
1684529888046 7.8467574 72
1684529888116 7.8467827 73
1684529888188 7.846799 74
1684529888259 7.8468065 75
1684529888328 7.846808 76
1684529888398 7.846804 77
1684529888472 7.846796 78
1684529888542 7.846783 79
1684529888615 7.846769 80
1684529888686 7.846752 81
1684529888759 7.846733 82
1684529888828 7.8467135 83
1684529888901 7.846692 84
1684529888977 7.846671 85
1684529889049 7.8466496 86
1684529889119 7.846629 87
1684529889188 7.846608 88
1684529889262 7.846588 89
1684529889337 7.846569 90
1684529889414 7.84655 91
1684529889487 7.846532 92
1684529889559 7.8465157 93
1684529889631 7.846499 94
1684529889702 7.8464828 95
1684529889774 7.8464684 96
1684529889845 7.8464546 97
1684529889916 7.8464413 98
1684529889990 7.84643 99
1684529890061 7.8464193 100
1684529890132 7.846409 101
1684529890202 7.8464003 102
1684529890274 7.846392 103
1684529890343 7.846384 104
1684529890414 7.8463764 105
1684529890484 7.8463697 106
1684529890554 7.8463635 107
1684529890623 7.8463583 108
1684529890693 7.8463535 109
1684529891026 7.8463492 110
1684529891133 7.846345 111
1684529891230 7.8463416 112
1684529891321 7.8463387 113
1684529891391 7.8463354 114
1684529891463 7.846333 115
1684529891532 7.8463306 116
1684529891604 7.84633 117
1684529891675 7.8463287 118
1684529891746 7.846328 119
1684529891816 7.846326 120
1684529891887 7.8463254 121
1684529891958 7.8463244 122
1684529892032 7.846324 123
1684529892105 7.846324 124
1684529892179 7.846323 125
1684529892250 7.8463235 126
1684529892322 7.8463225 127
1684529892393 7.846323 128
1684529892465 7.846323 129
1684529892535 7.846323 130
1684529892606 7.8463235 131
1684529892677 7.846323 132
1684529892747 7.8463235 133
1684529892817 7.846325 134
1684529892888 7.846325 135
1684529892959 7.8463244 136
1684529893033 7.846325 137
1684529893104 7.846325 138
1684529893177 7.8463254 139
1684529893247 7.8463254 140
1684529893316 7.846326 141
1684529893387 7.8463264 142
1684529893477 7.846327 143
1684529893551 7.846327 144
1684529893621 7.8463273 145
1684529893692 7.846328 146
1684529893764 7.8463287 147
1684529893836 7.8463287 148
1684529893907 7.8463287 149
1684529893981 7.8463297 150
1684529894060 7.8463306 151
1684529894131 7.8463306 152
1684529894203 7.8463316 153
1684529894273 7.8463316 154
1684529894343 7.846332 155
1684529894417 7.846332 156
1684529894490 7.846333 157
1684529894564 7.8463335 158
1684529894635 7.8463335 159
1684529894708 7.8463335 160
1684529894779 7.846334 161
1684529894851 7.8463354 162
1684529894924 7.8463345 163
1684529894994 7.8463354 164
1684529895068 7.846336 165
1684529895138 7.846337 166
1684529895219 7.8463373 167
1684529895296 7.8463373 168
1684529895367 7.8463383 169
1684529895438 7.8463383 170
1684529895509 7.8463383 171
1684529895580 7.8463387 172
1684529895651 7.8463383 173
1684529895724 7.8463383 174
1684529895797 7.8463387 175
1684529895867 7.846339 176
1684529895939 7.84634 177
1684529896010 7.84634 178
1684529896082 7.846339 179
1684529896157 7.846339 180
1684529896230 7.846339 181
1684529896304 7.846339 182
1684529896374 7.846339 183
1684529896448 7.8463387 184
1684529896519 7.8463383 185
1684529896590 7.846339 186
1684529896661 7.8463387 187
1684529896732 7.846339 188
1684529896803 7.84634 189
1684529896873 7.84634 190
1684529896945 7.8463407 191
1684529897017 7.8463407 192
1684529897092 7.846341 193
1684529897165 7.846341 194
1684529897238 7.8463407 195
1684529897310 7.8463407 196
1684529897382 7.8463407 197
1684529897454 7.8463407 198
1684529897527 7.8463407 199
1684529897600 7.8463407 200
1684529897672 7.8463407 201
1684529897743 7.8463407 202
1684529897814 7.8463416 203
1684529897884 7.8463416 204
1684529897957 7.846341 205
1684529898027 7.846341 206
1684529898099 7.8463407 207
1684529898171 7.8463416 208
1684529898243 7.8463416 209
1684529898312 7.8463416 210
1684529898382 7.846342 211
1684529898456 7.8463416 212
1684529898529 7.846342 213
1684529898600 7.8463416 214
1684529898673 7.846342 215
1684529898747 7.846342 216
1684529898817 7.846342 217
1684529899035 7.846342 218
1684529899231 7.8463426 219
1684529899347 7.8463426 220
1684529899427 7.846343 221
1684529899508 7.846343 222
1684529899579 7.846343 223
1684529899649 7.846343 224
1684529899722 7.846343 225
1684529899799 7.846343 226
1684529899870 7.846343 227
1684529899942 7.846343 228
1684529900011 7.8463435 229
1684529900083 7.846344 230
1684529900160 7.8463435 231
1684529900232 7.846344 232
1684529900304 7.846343 233
1684529900375 7.846343 234
1684529900446 7.846343 235
1684529900518 7.846343 236
1684529900596 7.846343 237
1684529900678 7.846343 238
1684529900757 7.846343 239
1684529900839 7.846343 240
1684529900919 7.846342 241
1684529901008 7.846342 242
1684529901105 7.846342 243
1684529901187 7.846342 244
1684529901270 7.846343 245
1684529901357 7.846342 246
1684529901444 7.846342 247
1684529901529 7.846342 248
1684529901617 7.846342 249
1684529901706 7.846342 250
