1684528552904 51.506462 1
1684528552985 33.539783 2
1684528553057 21.387146 3
1684528553129 13.492334 4
1684528553200 14.977644 5
1684528553273 14.766554 6
1684528553345 14.480122 7
1684528553417 14.169947 8
1684528553489 13.936324 9
1684528553560 13.777557 10
1684528553631 13.030867 11
1684528553704 11.46109 12
1684528553776 10.577789 13
1684528553847 10.037444 14
1684528553920 9.698556 15
1684528553991 9.546321 16
1684528554062 9.460022 17
1684528554133 9.399358 18
1684528554205 9.353952 19
1684528554279 9.312562 20
1684528554356 9.2662115 21
1684528554426 9.20375 22
1684528554498 9.114899 23
1684528554567 8.99349 24
1684528554639 8.8359585 25
1684528554709 8.626614 26
1684528554784 8.403089 27
1684528554856 8.355854 28
1684528554928 8.345594 29
1684528554999 8.344182 30
1684528555070 8.3452 31
1684528555146 8.346416 32
1684528555218 8.34725 33
1684528555287 8.347716 34
1684528555362 8.347895 35
1684528555433 8.347779 36
1684528555504 8.347298 37
1684528555576 8.346316 38
1684528555647 8.344748 39
1684528555718 8.342832 40
1684528555788 8.340982 41
1684528555859 8.339543 42
1684528555928 8.338257 43
1684528555999 8.337151 44
1684528556070 8.336521 45
1684528556142 8.336177 46
1684528556212 8.335939 47
1684528556291 8.335765 48
1684528556364 8.335655 49
1684528556436 8.3356 50
1684528556507 8.33558 51
1684528556580 8.335578 52
1684528556652 8.335582 53
1684528556721 8.335581 54
1684528556795 8.33557 55
1684528556870 8.335546 56
1684528556942 8.3355055 57
1684528557013 8.335449 58
1684528557086 8.335393 59
1684528557155 8.335355 60
1684528557228 8.3353405 61
1684528557301 8.335334 62
1684528557375 8.335327 63
1684528557447 8.335321 64
1684528557519 8.335316 65
1684528557589 8.335315 66
1684528557663 8.335319 67
1684528557740 8.335327 68
1684528557815 8.335338 69
1684528557887 8.335352 70
1684528557964 8.335366 71
1684528558037 8.335382 72
1684528558111 8.335397 73
1684528558182 8.335409 74
1684528558254 8.3354225 75
1684528558324 8.335433 76
1684528558395 8.335443 77
1684528558467 8.33545 78
1684528558538 8.335457 79
1684528558608 8.335463 80
1684528558680 8.335468 81
1684528558752 8.335472 82
1684528558822 8.335477 83
1684528558899 8.33548 84
1684528558971 8.335483 85
1684528559044 8.335486 86
1684528559115 8.335488 87
1684528559187 8.335491 88
1684528559259 8.335495 89
1684528559329 8.335496 90
1684528559404 8.335499 91
1684528559476 8.335501 92
1684528559546 8.335503 93
1684528559617 8.335505 94
1684528559686 8.335505 95
1684528559757 8.335506 96
1684528559828 8.335508 97
1684528559901 8.335508 98
1684528559971 8.335509 99
1684528560046 8.335509 100
1684528560117 8.33551 101
1684528560188 8.33551 102
1684528560261 8.33551 103
1684528560341 8.33551 104
1684528560414 8.33551 105
1684528560488 8.335509 106
1684528560559 8.335509 107
1684528560630 8.335509 108
1684528560709 8.335508 109
1684528560789 8.335508 110
1684528560863 8.335507 111
1684528560935 8.335506 112
1684528561006 8.3355055 113
1684528561080 8.3355055 114
1684528561154 8.3355055 115
1684528561225 8.335505 116
1684528561301 8.335504 117
1684528561378 8.335503 118
1684528561452 8.335503 119
1684528561525 8.335503 120
1684528561597 8.335501 121
1684528561669 8.335501 122
1684528561741 8.335499 123
1684528561812 8.335499 124
1684528561882 8.335499 125
1684528561953 8.335498 126
1684528562024 8.335497 127
1684528562094 8.335497 128
1684528562164 8.335495 129
1684528562232 8.335495 130
1684528562303 8.335494 131
1684528562375 8.335493 132
1684528562446 8.335493 133
1684528562518 8.335492 134
1684528562589 8.335492 135
1684528562659 8.335491 136
1684528562729 8.335491 137
1684528562800 8.335491 138
1684528562873 8.33549 139
1684528562946 8.335489 140
1684528563016 8.335489 141
1684528563086 8.335489 142
1684528563157 8.335488 143
1684528563229 8.335488 144
1684528563299 8.335488 145
1684528563370 8.335487 146
1684528563446 8.335486 147
1684528563519 8.335486 148
1684528563590 8.335486 149
1684528563659 8.335486 150
1684528563731 8.335485 151
1684528563806 8.335485 152
1684528563877 8.335485 153
1684528563948 8.3354845 154
1684528564018 8.3354845 155
1684528564090 8.3354845 156
1684528564161 8.335484 157
1684528564231 8.3354845 158
1684528564429 8.335484 159
1684528564598 8.335484 160
1684528564670 8.335484 161
1684528564741 8.335484 162
1684528564811 8.335484 163
1684528564884 8.335484 164
1684528564955 8.335484 165
1684528565025 8.335484 166
1684528565096 8.335483 167
1684528565165 8.335482 168
1684528565236 8.335482 169
1684528565308 8.335482 170
1684528565408 8.335482 171
1684528565484 8.335482 172
1684528565554 8.335482 173
1684528565628 8.335482 174
1684528565699 8.335481 175
1684528565771 8.335481 176
1684528565841 8.335481 177
1684528565914 8.335482 178
1684528565986 8.335481 179
1684528566057 8.335481 180
1684528566128 8.335481 181
1684528566199 8.335482 182
1684528566273 8.335481 183
1684528566344 8.335481 184
1684528566417 8.335481 185
1684528566487 8.335481 186
1684528566557 8.335481 187
1684528566632 8.335481 188
1684528566701 8.335481 189
1684528566772 8.335481 190
1684528566843 8.335481 191
1684528566915 8.33548 192
1684528566987 8.33548 193
1684528567058 8.33548 194
1684528567130 8.33548 195
1684528567201 8.33548 196
1684528567272 8.33548 197
1684528567343 8.33548 198
1684528567416 8.33548 199
1684528567503 8.33548 200
1684528567578 8.33548 201
1684528567649 8.33548 202
1684528567722 8.33548 203
1684528567795 8.33548 204
1684528567865 8.33548 205
1684528567936 8.33548 206
1684528568008 8.33548 207
1684528568079 8.33548 208
1684528568150 8.33548 209
1684528568223 8.33548 210
1684528568294 8.33548 211
1684528568363 8.33548 212
1684528568433 8.33548 213
1684528568507 8.33548 214
1684528568579 8.33548 215
1684528568651 8.33548 216
1684528568721 8.33548 217
1684528568794 8.33548 218
1684528568879 8.335479 219
1684528568952 8.33548 220
1684528569023 8.33548 221
1684528569093 8.33548 222
1684528569166 8.33548 223
1684528569239 8.335479 224
1684528569310 8.335479 225
1684528569383 8.335479 226
1684528569453 8.335479 227
1684528569527 8.335479 228
1684528569598 8.335479 229
1684528569669 8.335479 230
1684528569741 8.335479 231
1684528569814 8.335479 232
1684528569885 8.335479 233
1684528569957 8.335479 234
1684528570028 8.335479 235
1684528570099 8.335479 236
1684528570185 8.335479 237
1684528570281 8.335479 238
1684528570365 8.335479 239
1684528570443 8.335479 240
1684528570524 8.335479 241
1684528570602 8.335479 242
1684528570679 8.33548 243
1684528570755 8.335479 244
1684528570835 8.335479 245
1684528570914 8.335479 246
1684528570989 8.335479 247
1684528571070 8.335479 248
1684528571150 8.335479 249
1684528571231 8.335479 250
