1684531178993 24.014553 1
1684531179062 18.091324 2
1684531179146 11.699924 3
1684531179224 10.360997 4
1684531179309 9.484409 5
1684531179394 9.132529 6
1684531179478 9.1060705 7
1684531179563 9.140368 8
1684531179632 9.148061 9
1684531179710 9.096823 10
1684531179795 9.088873 11
1684531179880 9.07342 12
1684531179949 9.043772 13
1684531180033 9.011328 14
1684531180112 8.982786 15
1684531180181 8.965694 16
1684531180265 8.945445 17
1684531180350 8.9188385 18
1684531180428 8.881426 19
1684531180513 8.837458 20
1684531180598 8.777774 21
1684531180667 8.692173 22
1684531180751 8.592272 23
1684531180830 8.493966 24
1684531180899 8.40601 25
1684531180983 8.333736 26
1684531181052 8.278575 27
1684531181137 8.237592 28
1684531181215 8.206146 29
1684531181284 8.180116 30
1684531181369 8.156669 31
1684531181454 8.134222 32
1684531181516 8.112099 33
1684531181585 8.090244 34
1684531181654 8.068895 35
1684531181732 8.048592 36
1684531181801 8.030113 37
1684531181871 8.014026 38
1684531181933 8.000565 39
1684531182002 7.9897184 40
1684531182071 7.981255 41
1684531182140 7.9747763 42
1684531182203 7.969847 43
1684531182272 7.966116 44
1684531182341 7.9633455 45
1684531182419 7.961371 46
1684531182488 7.9600487 47
1684531182557 7.9592423 48
1684531182620 7.958827 49
1684531182689 7.9586973 50
1684531182758 7.9587693 51
1684531182836 7.9589744 52
1684531182905 7.95926 53
1684531182974 7.9595833 54
1684531183043 7.9599113 55
1684531183106 7.960222 56
1684531183175 7.960498 57
1684531183244 7.9607344 58
1684531183306 7.9609284 59
1684531183375 7.961083 60
1684531183444 7.961205 61
1684531183523 7.9613 62
1684531183592 7.961377 63
1684531183661 7.9614415 64
1684531183723 7.9615016 65
1684531183792 7.96156 66
1684531183861 7.96162 67
1684531183924 7.9616823 68
1684531183993 7.961749 69
1684531184062 7.961818 70
1684531184124 7.961891 71
1684531184194 7.961965 72
1684531184263 7.962038 73
1684531184325 7.9621115 74
1684531184394 7.962181 75
1684531184463 7.9622474 76
1684531184541 7.962311 77
1684531184610 7.962368 78
1684531184680 7.9624214 79
1684531184749 7.96247 80
1684531184927 7.9625134 81
1684531185012 7.9625525 82
1684531185081 7.9625883 83
1684531185150 7.962618 84
1684531185228 7.962645 85
1684531185297 7.9626684 86
1684531185366 7.9626884 87
1684531185429 7.962706 88
1684531185498 7.962721 89
1684531185567 7.9627333 90
1684531185645 7.9627438 91
1684531185714 7.9627514 92
1684531185783 7.9627576 93
1684531185852 7.9627624 94
1684531185915 7.9627657 95
1684531185984 7.962768 96
1684531186053 7.9627686 97
1684531186115 7.9627676 98
1684531186184 7.9627666 99
1684531186253 7.962764 100
1684531186316 7.962761 101
1684531186385 7.962757 102
1684531186470 7.9627533 103
1684531186532 7.962749 104
1684531186601 7.9627438 105
1684531186670 7.9627385 106
1684531186748 7.9627323 107
1684531186817 7.9627266 108
1684531186871 7.9627204 109
1684531186949 7.962714 110
1684531187018 7.9627085 111
1684531187087 7.962702 112
1684531187156 7.9626956 113
1684531187234 7.9626894 114
1684531187288 7.962683 115
1684531187373 7.9626775 116
1684531187435 7.9626713 117
1684531187520 7.962666 118
1684531187604 7.962661 119
1684531187674 7.962654 120
1684531187736 7.9626484 121
1684531187805 7.9626427 122
1684531187874 7.9626374 123
1684531187952 7.9626327 124
1684531188021 7.962627 125
1684531188075 7.9626226 126
1684531188153 7.962618 127
1684531188222 7.962613 128
1684531188275 7.9626083 129
1684531188354 7.962604 130
1684531188423 7.9626 131
1684531188708 7.962597 132
1684531188839 7.962593 133
1684531188908 7.9625893 134
1684531188977 7.9625854 135
1684531189040 7.962582 136
1684531189109 7.9625793 137
1684531189178 7.962576 138
1684531189256 7.962573 139
1684531189325 7.96257 140
1684531189394 7.9625673 141
1684531189463 7.9625645 142
1684531189526 7.962562 143
1684531189595 7.9625597 144
1684531189664 7.962558 145
1684531189726 7.962555 146
1684531189864 7.962553 147
1684531190027 7.9625506 148
1684531190081 7.9625487 149
1684531190166 7.9625463 150
1684531190228 7.962545 151
1684531190297 7.9625435 152
1684531190366 7.962542 153
1684531190444 7.96254 154
1684531190513 7.9625382 155
1684531190582 7.9625373 156
1684531190645 7.962536 157
1684531190730 7.9625344 158
1684531190799 7.9625344 159
1684531190868 7.962532 160
1684531190930 7.962531 161
1684531190999 7.9625306 162
1684531191068 7.962529 163
1684531191131 7.962528 164
1684531191215 7.9625273 165
1684531191284 7.9625263 166
1684531191347 7.9625254 167
1684531191416 7.9625244 168
1684531191501 7.9625235 169
1684531191570 7.9625225 170
1684531191632 7.9625216 171
1684531191701 7.962521 172
1684531191770 7.9625206 173
1684531191833 7.9625196 174
1684531191902 7.962519 175
1684531191971 7.962519 176
1684531192034 7.962519 177
1684531192103 7.9625177 178
1684531192172 7.9625177 179
1684531192234 7.962517 180
1684531192303 7.962516 181
1684531192372 7.962516 182
1684531192435 7.9625154 183
1684531192520 7.9625154 184
1684531192589 7.962515 185
1684531192651 7.9625144 186
1684531192720 7.9625144 187
1684531192789 7.962514 188
1684531192852 7.962513 189
1684531192921 7.962513 190
1684531192990 7.962513 191
1684531193068 7.962513 192
1684531193121 7.9625125 193
1684531193190 7.962512 194
1684531193268 7.9625115 195
1684531193338 7.9625115 196
1684531193407 7.9625115 197
1684531193476 7.962511 198
1684531193538 7.96251 199
1684531193607 7.96251 200
1684531193676 7.96251 201
1684531193754 7.96251 202
1684531193823 7.9625096 203
1684531193893 7.96251 204
1684531193955 7.96251 205
1684531194040 7.9625096 206
1684531194109 7.96251 207
1684531194178 7.96251 208
1684531194240 7.9625096 209
1684531194310 7.9625096 210
1684531194379 7.962509 211
1684531194441 7.962509 212
1684531194510 7.962509 213
1684531194579 7.962508 214
1684531194657 7.962508 215
1684531194726 7.962508 216
1684531194780 7.962508 217
1684531194858 7.962508 218
1684531194927 7.962508 219
1684531194996 7.962508 220
1684531195059 7.962508 221
1684531195128 7.962508 222
1684531195197 7.962508 223
1684531195428 7.962508 224
1684531195582 7.962508 225
1684531195660 7.962508 226
1684531195745 7.962508 227
1684531195814 7.962508 228
1684531195883 7.9625077 229
1684531195946 7.9625077 230
1684531196015 7.9625077 231
1684531196084 7.9625077 232
1684531196162 7.9625077 233
1684531196231 7.9625077 234
1684531196300 7.9625077 235
1684531196363 7.9625077 236
1684531196432 7.9625077 237
1684531196501 7.9625072 238
1684531196585 7.9625072 239
1684531196648 7.9625072 240
1684531196717 7.9625072 241
1684531196802 7.9625072 242
1684531196864 7.9625072 243
1684531196933 7.9625072 244
1684531197002 7.9625072 245
1684531197080 7.9625072 246
1684531197149 7.9625072 247
1684531197219 7.9625063 248
1684531197288 7.9625063 249
1684531197350 7.9625063 250
