1684528638687 58.967487 1
1684528638766 58.39173 2
1684528638841 58.268707 3
1684528638913 58.281178 4
1684528638984 58.306988 5
1684528639055 57.62946 6
1684528639128 57.116493 7
1684528639200 57.031593 8
1684528639271 56.937164 9
1684528639343 56.693752 10
1684528639416 56.593212 11
1684528639493 56.522614 12
1684528639567 55.935562 13
1684528639647 55.161648 14
1684528639720 54.804096 15
1684528639794 53.44532 16
1684528639869 52.755676 17
1684528639941 51.9564 18
1684528640015 51.017464 19
1684528640089 50.215347 20
1684528640161 48.233974 21
1684528640232 47.146446 22
1684528640303 43.23474 23
1684528640374 40.278217 24
1684528640452 38.62802 25
1684528640529 36.8813 26
1684528640604 35.721436 27
1684528640676 34.788277 28
1684528640748 33.795906 29
1684528640882 32.897186 30
1684528640963 31.630915 31
1684528641033 30.187119 32
1684528641103 28.082066 33
1684528641174 25.268877 34
1684528641247 20.232998 35
1684528641318 15.072322 36
1684528641390 11.686116 37
1684528641465 9.612529 38
1684528641540 8.7427635 39
1684528641609 9.150703 40
1684528641685 9.21792 41
1684528641760 9.274654 42
1684528641831 9.305393 43
1684528641903 9.189077 44
1684528641976 8.950193 45
1684528642059 8.737806 46
1684528642136 8.611427 47
1684528642208 8.537509 48
1684528642280 8.484221 49
1684528642351 8.439659 50
1684528642424 8.398959 51
1684528642495 8.355148 52
1684528642567 8.302534 53
1684528642636 8.247465 54
1684528642706 8.2025795 55
1684528642776 8.1719475 56
1684528642846 8.152409 57
1684528642920 8.13998 58
1684528642995 8.132055 59
1684528643066 8.127157 60
1684528643137 8.1244 61
1684528643210 8.12319 62
1684528643285 8.12311 63
1684528643355 8.123844 64
1684528643425 8.125139 65
1684528643500 8.12677 66
1684528643573 8.128534 67
1684528643644 8.130253 68
1684528643716 8.13179 69
1684528643788 8.133058 70
1684528643859 8.134017 71
1684528643932 8.134672 72
1684528644005 8.135064 73
1684528644075 8.135248 74
1684528644148 8.1352825 75
1684528644223 8.135226 76
1684528644293 8.135122 77
1684528644362 8.135006 78
1684528644433 8.134898 79
1684528644508 8.134809 80
1684528644583 8.134734 81
1684528644656 8.134663 82
1684528644728 8.134576 83
1684528644800 8.1344595 84
1684528644873 8.134333 85
1684528644945 8.134251 86
1684528645016 8.134302 87
1684528645088 8.134523 88
1684528645159 8.134844 89
1684528645229 8.135173 90
1684528645303 8.135479 91
1684528645373 8.135755 92
1684528645443 8.135992 93
1684528645515 8.136185 94
1684528645587 8.1363325 95
1684528645658 8.13644 96
1684528645727 8.136517 97
1684528645799 8.136565 98
1684528645869 8.136597 99
1684528645938 8.136618 100
1684528646009 8.136632 101
1684528646080 8.136645 102
1684528646155 8.136662 103
1684528646226 8.136679 104
1684528646297 8.136702 105
1684528646367 8.136726 106
1684528646441 8.136754 107
1684528646513 8.136783 108
1684528646589 8.13681 109
1684528646664 8.136838 110
1684528646735 8.136864 111
1684528646808 8.1368885 112
1684528646878 8.1369095 113
1684528646948 8.1369295 114
1684528647019 8.136948 115
1684528647089 8.136961 116
1684528647161 8.136974 117
1684528647232 8.136985 118
1684528647304 8.136994 119
1684528647375 8.137002 120
1684528647446 8.13701 121
1684528647516 8.137016 122
1684528647590 8.137022 123
1684528647660 8.137028 124
1684528647731 8.137033 125
1684528647802 8.137039 126
1684528647871 8.137044 127
1684528647943 8.137048 128
1684528648013 8.137053 129
1684528648085 8.137056 130
1684528648156 8.13706 131
1684528648226 8.137065 132
1684528648296 8.137069 133
1684528648365 8.137072 134
1684528648436 8.137075 135
1684528648506 8.137079 136
1684528648580 8.137083 137
1684528648650 8.137087 138
1684528648720 8.137091 139
1684528648794 8.1370945 140
1684528648866 8.137097 141
1684528648937 8.137102 142
1684528649011 8.137106 143
1684528649083 8.13711 144
1684528649156 8.137114 145
1684528649228 8.137119 146
1684528649300 8.137123 147
1684528649372 8.137127 148
1684528649445 8.137133 149
1684528649519 8.137138 150
1684528649593 8.137144 151
1684528649665 8.137151 152
1684528649734 8.137158 153
1684528649806 8.137165 154
1684528649876 8.137175 155
1684528649950 8.137184 156
1684528650020 8.137194 157
1684528650091 8.137206 158
1684528650169 8.137219 159
1684528650349 8.137236 160
1684528650439 8.137257 161
1684528650528 8.13728 162
1684528650624 8.13731 163
1684528650695 8.137346 164
1684528650765 8.137392 165
1684528650835 8.137452 166
1684528650907 8.13753 167
1684528650977 8.137632 168
1684528651048 8.137764 169
1684528651119 8.137931 170
1684528651190 8.138136 171
1684528651266 8.138379 172
1684528651344 8.138682 173
1684528651417 8.139129 174
1684528651488 8.139954 175
1684528651561 8.141598 176
1684528651769 8.144222 177
1684528651854 8.1473 178
1684528651926 8.150442 179
1684528652041 8.15333 180
1684528652130 8.155675 181
1684528652218 8.157394 182
1684528652298 8.158557 183
1684528652373 8.159265 184
1684528652446 8.159616 185
1684528652518 8.159706 186
1684528652590 8.159616 187
1684528652664 8.159418 188
1684528652736 8.159166 189
1684528652806 8.158906 190
1684528652876 8.158661 191
1684528652949 8.158447 192
1684528653019 8.158273 193
1684528653091 8.158136 194
1684528653163 8.158033 195
1684528653233 8.157959 196
1684528653304 8.157906 197
1684528653375 8.157867 198
1684528653447 8.157839 199
1684528653518 8.157815 200
1684528653592 8.157794 201
1684528653666 8.157774 202
1684528653737 8.157753 203
1684528653808 8.15773 204
1684528653881 8.157707 205
1684528653952 8.157682 206
1684528654025 8.157658 207
1684528654096 8.157635 208
1684528654169 8.15761 209
1684528654239 8.157586 210
1684528654310 8.157564 211
1684528654382 8.157542 212
1684528654454 8.157521 213
1684528654524 8.157503 214
1684528654595 8.157484 215
1684528654669 8.157468 216
1684528654738 8.157452 217
1684528654810 8.157437 218
1684528654880 8.157423 219
1684528654951 8.15741 220
1684528655020 8.157398 221
1684528655091 8.157386 222
1684528655161 8.157375 223
1684528655230 8.157366 224
1684528655300 8.157356 225
1684528655370 8.157349 226
1684528655442 8.157342 227
1684528655513 8.157335 228
1684528655584 8.15733 229
1684528655663 8.157324 230
1684528655735 8.157318 231
1684528655804 8.157313 232
1684528655874 8.15731 233
1684528655946 8.157306 234
1684528656016 8.157302 235
1684528656088 8.157299 236
1684528656161 8.157296 237
1684528656231 8.157293 238
1684528656301 8.157291 239
1684528656372 8.1572895 240
1684528656445 8.157288 241
1684528656516 8.157287 242
1684528656585 8.157286 243
1684528656662 8.157284 244
1684528656736 8.157283 245
1684528656806 8.157282 246
1684528656875 8.157281 247
1684528656945 8.15728 248
1684528657013 8.15728 249
1684528657083 8.157278 250
