1684528381327 23.781567 1
1684528381512 22.27253 2
1684528381611 15.803966 3
1684528381698 12.71293 4
1684528381775 10.987614 5
1684528381846 9.301872 6
1684528381916 8.795046 7
1684528381990 9.113138 8
1684528382062 8.936888 9
1684528382133 8.88228 10
1684528382207 8.8016815 11
1684528382282 8.593553 12
1684528382356 8.336514 13
1684528382427 8.347284 14
1684528382498 8.274512 15
1684528382572 8.2939 16
1684528382644 8.2957735 17
1684528382713 8.287468 18
1684528382784 8.293303 19
1684528382857 8.297684 20
1684528382929 8.301615 21
1684528383005 8.306591 22
1684528383075 8.267065 23
1684528383146 8.187677 24
1684528383216 8.145217 25
1684528383288 8.13743 26
1684528383359 8.137439 27
1684528383431 8.138028 28
1684528383502 8.138295 29
1684528383572 8.138297 30
1684528383641 8.138192 31
1684528383711 8.138072 32
1684528383781 8.137953 33
1684528383851 8.137803 34
1684528383920 8.13754 35
1684528383993 8.136966 36
1684528384064 8.135849 37
1684528384135 8.134659 38
1684528384204 8.134138 39
1684528384277 8.134086 40
1684528384347 8.133992 41
1684528384419 8.133614 42
1684528384490 8.13302 43
1684528384561 8.132839 44
1684528384633 8.132994 45
1684528384704 8.133214 46
1684528384774 8.133341 47
1684528384845 8.133385 48
1684528384916 8.1333885 49
1684528384991 8.133358 50
1684528385063 8.1333 51
1684528385135 8.133223 52
1684528385206 8.133138 53
1684528385279 8.133053 54
1684528385350 8.132975 55
1684528385423 8.132902 56
1684528385493 8.13284 57
1684528385564 8.132788 58
1684528385635 8.132741 59
1684528385707 8.132698 60
1684528385779 8.132656 61
1684528385850 8.132612 62
1684528385926 8.132565 63
1684528386000 8.132509 64
1684528386077 8.132452 65
1684528386148 8.132393 66
1684528386219 8.132336 67
1684528386291 8.132286 68
1684528386361 8.132248 69
1684528386436 8.132223 70
1684528386508 8.13221 71
1684528386580 8.132211 72
1684528386651 8.132263 73
1684528386722 8.132496 74
1684528386793 8.08243 75
1684528386862 7.990121 76
1684528386934 7.8748913 77
1684528387008 7.7664475 78
1684528387081 7.679968 79
1684528387152 7.6199255 80
1684528387223 7.6046066 81
1684528387293 7.605941 82
1684528387366 7.604796 83
1684528387436 7.6038375 84
1684528387506 7.6034203 85
1684528387577 7.6032 86
1684528387648 7.603057 87
1684528387717 7.602964 88
1684528387788 7.602909 89
1684528387858 7.60288 90
1684528387929 7.602864 91
1684528388001 7.6028566 92
1684528388077 7.602854 93
1684528388148 7.602853 94
1684528388223 7.602853 95
1684528388296 7.602854 96
1684528388369 7.602854 97
1684528388441 7.602855 98
1684528388649 7.6028557 99
1684528388748 7.6028576 100
1684528388829 7.60286 101
1684528388906 7.6028614 102
1684528388978 7.6028647 103
1684528389055 7.6028686 104
1684528389127 7.6028724 105
1684528389197 7.602876 106
1684528389267 7.60288 107
1684528389339 7.6028843 108
1684528389407 7.602889 109
1684528389478 7.602892 110
1684528389548 7.6028957 111
1684528389621 7.6028986 112
1684528389692 7.6029024 113
1684528389761 7.6029053 114
1684528389846 7.6029077 115
1684528389922 7.602911 116
1684528389998 7.602914 117
1684528390074 7.6029167 118
1684528390145 7.6029186 119
1684528390216 7.602921 120
1684528390289 7.6029224 121
1684528390363 7.6029253 122
1684528390435 7.6029263 123
1684528390505 7.6029277 124
1684528390577 7.60293 125
1684528390649 7.602931 126
1684528390723 7.602932 127
1684528390794 7.602934 128
1684528390863 7.6029344 129
1684528390933 7.602936 130
1684528391008 7.6029363 131
1684528391087 7.6029367 132
1684528391159 7.6029377 133
1684528391231 7.602938 134
1684528391303 7.602939 135
1684528391378 7.602939 136
1684528391451 7.6029406 137
1684528391524 7.60294 138
1684528391596 7.602941 139
1684528391666 7.602941 140
1684528391736 7.602941 141
1684528391806 7.602941 142
1684528391878 7.6029415 143
1684528391949 7.6029415 144
1684528392020 7.6029425 145
1684528392096 7.6029425 146
1684528392167 7.602943 147
1684528392237 7.602943 148
1684528392307 7.602943 149
1684528392379 7.602943 150
1684528392452 7.6029434 151
1684528392521 7.6029434 152
1684528392593 7.6029434 153
1684528392666 7.602943 154
1684528392737 7.6029434 155
1684528392807 7.6029444 156
1684528392879 7.6029444 157
1684528392951 7.6029444 158
1684528393021 7.6029444 159
1684528393093 7.6029444 160
1684528393165 7.6029444 161
1684528393236 7.6029444 162
1684528393305 7.6029444 163
1684528393378 7.6029444 164
1684528393448 7.6029444 165
1684528393517 7.602944 166
1684528393588 7.602944 167
1684528393658 7.6029444 168
1684528393729 7.6029444 169
1684528393800 7.6029444 170
1684528393874 7.6029444 171
1684528393946 7.6029444 172
1684528394017 7.6029444 173
1684528394092 7.6029444 174
1684528394161 7.6029444 175
1684528394233 7.6029444 176
1684528394303 7.6029444 177
1684528394373 7.6029444 178
1684528394444 7.6029444 179
1684528394515 7.6029444 180
1684528394586 7.6029444 181
1684528394658 7.6029444 182
1684528394728 7.6029444 183
1684528394798 7.6029444 184
1684528394869 7.6029444 185
1684528394943 7.6029444 186
1684528395014 7.6029444 187
1684528395084 7.6029444 188
1684528395161 7.6029444 189
1684528395231 7.6029444 190
1684528395451 7.6029444 191
1684528395609 7.6029444 192
1684528395687 7.6029444 193
1684528395760 7.6029444 194
1684528395830 7.6029444 195
1684528395902 7.6029444 196
1684528395974 7.6029444 197
1684528396049 7.6029444 198
1684528396124 7.6029444 199
1684528396196 7.6029444 200
1684528396266 7.6029444 201
1684528396335 7.6029444 202
1684528396407 7.6029444 203
1684528396484 7.6029444 204
1684528396555 7.6029444 205
1684528396625 7.6029444 206
1684528396714 7.6029444 207
1684528396784 7.6029444 208
1684528396855 7.6029444 209
1684528396926 7.6029444 210
1684528396997 7.6029444 211
1684528397071 7.6029444 212
1684528397146 7.6029444 213
1684528397220 7.6029444 214
1684528397290 7.6029444 215
1684528397363 7.6029444 216
1684528397437 7.6029444 217
1684528397507 7.6029444 218
1684528397578 7.6029444 219
1684528397648 7.6029444 220
1684528397720 7.6029444 221
1684528397789 7.6029444 222
1684528397858 7.6029444 223
1684528397941 7.6029444 224
1684528398019 7.6029444 225
1684528398090 7.6029444 226
1684528398164 7.6029444 227
1684528398237 7.6029444 228
1684528398309 7.6029444 229
1684528398381 7.6029444 230
1684528398453 7.6029444 231
1684528398523 7.6029444 232
1684528398593 7.6029444 233
1684528398667 7.6029444 234
1684528398738 7.6029444 235
1684528398809 7.6029444 236
1684528398878 7.6029444 237
1684528398948 7.6029444 238
1684528399018 7.6029444 239
1684528399088 7.6029444 240
1684528399160 7.6029444 241
1684528399248 7.6029444 242
1684528399320 7.6029444 243
1684528399393 7.6029444 244
1684528399467 7.6029444 245
1684528399541 7.6029444 246
1684528399611 7.6029444 247
1684528399681 7.6029444 248
1684528399754 7.6029444 249
1684528399825 7.6029444 250
