1684529452007 23.42492 1
1684529452082 15.099823 2
1684529452154 17.174393 3
1684529452226 16.404058 4
1684529452302 15.55491 5
1684529452376 15.187141 6
1684529452446 15.050861 7
1684529452515 14.989173 8
1684529452586 14.992319 9
1684529452658 15.021441 10
1684529452732 15.031189 11
1684529452805 15.01816 12
1684529452882 14.972136 13
1684529452955 14.943174 14
1684529453029 14.888558 15
1684529453104 14.846518 16
1684529453176 14.847851 17
1684529453255 14.881574 18
1684529453363 14.935049 19
1684529453450 15.005791 20
1684529453546 15.092796 21
1684529453637 15.195478 22
1684529453709 15.312325 23
1684529453779 15.440271 24
1684529453852 15.5764265 25
1684529453929 15.7180195 26
1684529454002 15.861547 27
1684529454073 16.007162 28
1684529454146 16.153767 29
1684529454217 16.298271 30
1684529454308 16.437595 31
1684529454395 16.569149 32
1684529454467 16.689825 33
1684529454538 16.795393 34
1684529454608 16.880726 35
1684529454678 16.939991 36
1684529454749 16.96648 37
1684529454822 16.95277 38
1684529454896 16.891487 39
1684529454969 16.776283 40
1684529455038 16.602724 41
1684529455108 16.369156 42
1684529455178 16.077572 43
1684529455249 15.734287 44
1684529455322 15.35003 45
1684529455394 14.93908 46
1684529455465 14.517425 47
1684529455537 14.100315 48
1684529455618 13.700045 49
1684529455703 13.32473 50
1684529455778 12.978365 51
1684529455852 12.661762 52
1684529455924 12.373674 53
1684529455996 12.111769 54
1684529456071 11.873243 55
1684529456145 11.655172 56
1684529456215 11.454687 57
1684529456285 11.269053 58
1684529456358 11.095687 59
1684529456430 10.932135 60
1684529456501 10.776033 61
1684529456573 10.625055 62
1684529456648 10.476831 63
1684529456722 10.32888 64
1684529456795 10.178595 65
1684529456869 10.02327 66
1684529456941 9.8603325 67
1684529457011 9.687845 68
1684529457082 9.50547 69
1684529457153 9.315915 70
1684529457223 9.126519 71
1684529457296 8.949913 72
1684529457370 8.800963 73
1684529457443 8.68836 74
1684529457516 8.609774 75
1684529457588 8.55685 76
1684529457660 8.521382 77
1684529457735 8.497426 78
1684529457807 8.481024 79
1684529457879 8.469581 80
1684529457952 8.461578 81
1684529458031 8.4563875 82
1684529458105 8.453574 83
1684529458176 8.452362 84
1684529458248 8.452008 85
1684529458320 8.452086 86
1684529458396 8.45238 87
1684529458467 8.452782 88
1684529458540 8.453234 89
1684529458618 8.453697 90
1684529458696 8.454139 91
1684529458773 8.4545355 92
1684529458847 8.454873 93
1684529458917 8.455148 94
1684529458991 8.455366 95
1684529459062 8.455541 96
1684529459132 8.455685 97
1684529459205 8.45581 98
1684529459278 8.455931 99
1684529459350 8.456054 100
1684529459422 8.456185 101
1684529459496 8.456329 102
1684529459569 8.456484 103
1684529459640 8.456649 104
1684529459713 8.456821 105
1684529459786 8.457001 106
1684529459859 8.457181 107
1684529459932 8.457361 108
1684529460240 8.457538 109
1684529460422 8.457709 110
1684529460539 8.457875 111
1684529460612 8.458033 112
1684529460683 8.458183 113
1684529460756 8.458325 114
1684529460854 8.458459 115
1684529460926 8.458585 116
1684529460998 8.458703 117
1684529461079 8.458815 118
1684529461150 8.458919 119
1684529461220 8.459016 120
1684529461290 8.459106 121
1684529461364 8.459192 122
1684529461436 8.459271 123
1684529461506 8.459345 124
1684529461579 8.459414 125
1684529461655 8.4594755 126
1684529461726 8.459534 127
1684529461795 8.459586 128
1684529461867 8.459634 129
1684529461938 8.459679 130
1684529462011 8.459718 131
1684529462082 8.459753 132
1684529462161 8.459785 133
1684529462234 8.459815 134
1684529462306 8.459841 135
1684529462379 8.459864 136
1684529462454 8.459884 137
1684529462525 8.459902 138
1684529462609 8.459917 139
1684529462700 8.459931 140
1684529462780 8.459944 141
1684529462851 8.459954 142
1684529462934 8.459964 143
1684529463008 8.459972 144
1684529463088 8.459979 145
1684529463157 8.459985 146
1684529463244 8.4599905 147
1684529463316 8.459994 148
1684529463406 8.459999 149
1684529463484 8.460001 150
1684529463555 8.460004 151
1684529463628 8.460006 152
1684529463698 8.460008 153
1684529463787 8.46001 154
1684529463881 8.460011 155
1684529463963 8.460011 156
1684529464044 8.4600115 157
1684529464127 8.4600115 158
1684529464206 8.4600115 159
1684529464295 8.4600115 160
1684529464383 8.4600115 161
1684529464456 8.460011 162
1684529464531 8.460011 163
1684529464604 8.46001 164
1684529464675 8.460009 165
1684529464745 8.460009 166
1684529464826 8.460008 167
1684529464900 8.460007 168
1684529464970 8.460007 169
1684529465040 8.460006 170
1684529465112 8.460005 171
1684529465206 8.460004 172
1684529465304 8.460004 173
1684529465412 8.460004 174
1684529465499 8.460003 175
1684529465585 8.460002 176
1684529465666 8.460001 177
1684529465759 8.460001 178
1684529465839 8.46 179
1684529465939 8.459999 180
1684529466019 8.459999 181
1684529466097 8.459998 182
1684529466195 8.459997 183
1684529466274 8.459997 184
1684529466361 8.459996 185
1684529466466 8.459996 186
1684529466542 8.459994 187
1684529466618 8.459995 188
1684529466720 8.459994 189
1684529466792 8.459993 190
1684529466871 8.459993 191
1684529466958 8.459993 192
1684529467078 8.459992 193
1684529467162 8.459992 194
1684529467244 8.459991 195
1684529467325 8.459991 196
1684529467406 8.459991 197
1684529467521 8.459991 198
1684529467599 8.45999 199
1684529467676 8.45999 200
1684529467769 8.4599905 201
1684529467850 8.45999 202
1684529467930 8.45999 203
1684529468014 8.45999 204
1684529468125 8.459989 205
1684529468337 8.459989 206
1684529468419 8.459989 207
1684529468500 8.459988 208
1684529468611 8.459988 209
1684529468689 8.459988 210
1684529468768 8.459988 211
1684529468849 8.459988 212
1684529469030 8.459988 213
1684529469116 8.459988 214
1684529469190 8.459988 215
1684529469323 8.459988 216
1684529469451 8.459988 217
1684529469539 8.459988 218
1684529469621 8.459986 219
1684529469697 8.459986 220
1684529469868 8.459986 221
1684529469990 8.459986 222
1684529470098 8.459986 223
1684529470193 8.459986 224
1684529470268 8.459986 225
1684529470347 8.459986 226
1684529470422 8.459986 227
1684529470498 8.459986 228
1684529470638 8.459986 229
1684529470805 8.459986 230
1684529470879 8.459986 231
1684529470950 8.459985 232
1684529471028 8.459986 233
1684529471098 8.459985 234
1684529471169 8.459985 235
1684529471239 8.459985 236
1684529471316 8.459985 237
1684529471397 8.459985 238
1684529471471 8.459985 239
1684529471683 8.459985 240
1684529471767 8.459985 241
1684529471841 8.459985 242
1684529471936 8.459985 243
1684529472043 8.459985 244
1684529472115 8.459985 245
1684529472186 8.459985 246
1684529472270 8.459985 247
1684529472480 8.459985 248
1684529472567 8.459985 249
1684529472643 8.459985 250
