1684277652685 0.545961 1
1684277652779 0.4886312 2
1684277652846 0.4301556 3
1684277652922 0.37567124 4
1684277652991 0.32911116 5
1684277653075 0.29240048 6
1684277653144 0.26562995 7
1684277653207 0.24763526 8
1684277653276 0.2366519 9
1684277653354 0.23080155 10
1684277653423 0.22830522 11
1684277653492 0.22781476 12
1684277653570 0.22837259 13
1684277653630 0.2293657 14
1684277653708 0.23037368 15
1684277653777 0.23120502 16
1684277653855 0.23178752 17
1684277653924 0.23211826 18
1684277653993 0.23222938 19
1684277654056 0.23216644 20
1684277654129 0.23197596 21
1684277654209 0.23169938 22
1684277654278 0.23137043 23
1684277654341 0.23101512 24
1684277654410 0.2306523 25
1684277654494 0.23029998 26
1684277654557 0.22998217 27
1684277654626 0.2296826 28
1684277654697 0.229404 29
1684277654779 0.2291475 30
1684277654842 0.22891313 31
1684277654911 0.22870031 32
1684277654980 0.22850806 33
1684277655058 0.2283353 34
1684277655127 0.22818089 35
1684277655197 0.22804365 36
1684277655261 0.22792263 37
1684277655327 0.22781697 38
1684277655397 0.22772586 39
1684277655475 0.22764874 40
1684277655544 0.22758496 41
1684277655613 0.2275342 42
1684277655682 0.22749612 43
1684277655756 0.2274704 44
1684277655813 0.2274569 45
1684277655882 0.22745544 46
1684277655960 0.2274659 47
1684277656014 0.2274882 48
1684277656082 0.22752228 49
1684277656161 0.2275681 50
1684277656225 0.22762564 51
1684277656299 0.22769484 52
1684277656361 0.2277757 53
1684277656430 0.22786818 54
1684277656499 0.2279723 55
1684277656577 0.22808805 56
1684277656646 0.22821537 57
1684277656715 0.2283543 58
1684277656786 0.2285048 59
1684277656843 0.22866689 60
1684277656915 0.22884053 61
1684277656984 0.22902572 62
1684277657047 0.22922245 63
1684277657116 0.2294307 64
1684277657185 0.22965053 65
1684277657247 0.22988188 66
1684277657311 0.23012474 67
1684277657385 0.23037913 68
1684277657448 0.23064503 69
1684277657517 0.23092245 70
1684277657586 0.2312114 71
1684277657648 0.23151183 72
1684277657717 0.2318238 73
1684277657786 0.2321473 74
1684277657868 0.2324823 75
1684277657933 0.23284179 76
1684277658002 0.2332181 77
1684277658087 0.2336064 78
1684277658149 0.2340066 79
1684277658234 0.23441873 80
1684277658288 0.23484279 81
1684277658372 0.23527876 82
1684277658437 0.23572662 83
1684277658503 0.23618634 84
1684277658566 0.23665792 85
1684277658635 0.23714136 86
1684277658704 0.2376366 87
1684277658767 0.2381437 88
1684277658836 0.23866257 89
1684277658917 0.2391932 90
1684277658986 0.23973566 91
1684277659052 0.24028987 92
1684277659121 0.24085581 93
1684277659190 0.24143347 94
1684277659252 0.24202287 95
1684277659321 0.24262398 96
1684277659390 0.24323675 97
1684277659460 0.24386123 98
1684277659521 0.24449736 99
1684277659590 0.24514514 100
1684277659653 0.24580455 101
1684277659722 0.24647558 102
1684277659791 0.24715821 103
1684277659869 0.24785244 104
1684277659938 0.24855828 105
1684277660003 0.24927565 106
1684277660066 0.2500046 107
1684277660392 0.25074506 108
1684277660470 0.25149703 109
1684277660551 0.25226057 110
1684277660608 0.25303555 111
1684277660686 0.25382206 112
1684277660755 0.25462002 113
1684277660824 0.2554294 114
1684277660893 0.25625026 115
1684277660956 0.25708255 116
1684277661033 0.25792626 117
1684277661093 0.25878134 118
1684277661156 0.25964785 119
1684277661225 0.2605257 120
1684277661294 0.26141495 121
1684277661372 0.2623155 122
1684277661425 0.26322743 123
1684277661594 0.26415068 124
1684277661657 0.26508522 125
1684277661726 0.26603103 126
1684277661795 0.26698813 127
1684277661873 0.26795653 128
1684277661942 0.26893616 129
1684277662011 0.26992702 130
1684277662082 0.27092913 131
1684277662145 0.27194244 132
1684277662211 0.27296698 133
1684277662274 0.27400267 134
1684277662343 0.27504954 135
1684277662412 0.27610755 136
1684277662474 0.27717677 137
1684277662543 0.27825707 138
1684277662618 0.27934852 139
1684277662680 0.2804511 140
1684277662744 0.2815647 141
1684277662860 0.28268945 142
1684277663029 0.28382522 143
1684277663114 0.28497207 144
1684277663176 0.28613 145
1684277663248 0.28729892 146
1684277663314 0.28847885 147
1684277663392 0.28966978 148
1684277663461 0.29087174 149
1684277663515 0.29208463 150
1684277663593 0.2933085 151
1684277663663 0.29454333 152
1684277663731 0.2957891 153
1684277663799 0.2970458 154
1684277663862 0.2983134 155
1684277663931 0.2995919 156
1684277664000 0.30088133 157
1684277664062 0.30218157 158
1684277664131 0.30349272 159
1684277664200 0.3048147 160
1684277664281 0.30614752 161
1684277664347 0.30749118 162
1684277664416 0.30884564 163
1684277664479 0.31021088 164
1684277664548 0.31158692 165
1684277664617 0.31297374 166
1684277664679 0.31437132 167
1684277664749 0.31577966 168
1684277664817 0.3171987 169
1684277664895 0.3186285 170
1684277664949 0.32006902 171
1684277665018 0.3215202 172
1684277665096 0.32298207 173
1684277665165 0.3244546 174
1684277665234 0.3259378 175
1684277665303 0.3274317 176
1684277665365 0.32893622 177
1684277665434 0.3304513 178
1684277665503 0.33197707 179
1684277665566 0.3335134 180
1684277665635 0.3350603 181
1684277665704 0.3366178 182
1684277665766 0.33818585 183
1684277665837 0.33976448 184
1684277665904 0.3413536 185
1684277665966 0.34295332 186
1684277666035 0.34456348 187
1684277666107 0.34618416 188
1684277666185 0.34781533 189
1684277666254 0.34945697 190
1684277666330 0.35110912 191
1684277666385 0.35277164 192
1684277666454 0.35444468 193
1684277666523 0.35612816 194
1684277666585 0.35782197 195
1684277666654 0.35952622 196
1684277666739 0.36124086 197
1684277666808 0.36296588 198
1684277666880 0.36470127 199
1684277666955 0.36644703 200
1684277667024 0.3682031 201
1684277667087 0.36996958 202
1684277667156 0.3717463 203
1684277667225 0.37353337 204
1684277667287 0.37533075 205
1684277667356 0.37713835 206
1684277667419 0.37895626 207
1684277667497 0.38078442 208
1684277667556 0.38262284 209
1684277667625 0.38447148 210
1684277667687 0.38633037 211
1684277667756 0.38819945 212
1684277667825 0.39007875 213
1684277667906 0.39196822 214
1684277667968 0.39386785 215
1684277668041 0.3957777 216
1684277668110 0.3976977 217
1684277668188 0.3996278 218
1684277668242 0.40156806 219
1684277668311 0.40351844 220
1684277668389 0.4054789 221
1684277668450 0.40744948 222
1684277668527 0.40943012 223
1684277668589 0.41142085 224
1684277668658 0.41342163 225
1684277668727 0.4154325 226
1684277668790 0.41745338 227
1684277668859 0.41948426 228
1684277668928 0.42152518 229
1684277668996 0.42357615 230
1684277669059 0.42563707 231
1684277669128 0.4277079 232
1684277669191 0.42980438 233
1684277669260 0.43196726 234
1684277669329 0.43414173 235
1684277669391 0.43632764 236
1684277669460 0.43852505 237
1684277669531 0.440734 238
1684277669594 0.44295442 239
1684277669661 0.44518626 240
1684277669730 0.44742966 241
1684277669792 0.44968447 242
1684277669861 0.4519508 243
1684277669930 0.45422858 244
1684277670008 0.45651785 245
1684277670077 0.45881855 246
1684277670131 0.46113074 247
1684277670209 0.4634544 248
1684277670262 0.46578953 249
1684277670331 0.46813613 250
