1684276940927 0.5563576136316571 1
1684276941019 0.49693527817726135 2
1684276941092 0.4365487056119101 3
1684276941160 0.38058889337948393 4
1684276941229 0.3331450777394431 5
1684276941292 0.29617057527814594 6
1684276941362 0.2696784479277475 7
1684276941429 0.25236406922340393 8
1684276941514 0.2422788143157959 9
1684276941576 0.23736657840865 10
1684276941645 0.23580291867256165 11
1684276941714 0.23615278090749467 12
1684276941792 0.2373962891953332 13
1684276941865 0.23887787759304047 14
1684276941946 0.24022372705595835 15
1684276942015 0.24125701827662333 16
1684276942093 0.24192591224397933 17
1684276942162 0.24224948244435446 18
1684276942231 0.2422807855265481 19
1684276942309 0.24208388584000723 20
1684276942381 0.24172082117625646 21
1684276942447 0.241245442203113 22
1684276942516 0.24070123902388982 23
1684276942579 0.24012145400047302 24
1684276942648 0.2395303866692952 25
1684276942732 0.23894490940230234 26
1684276942795 0.23837621084281377 27
1684276942876 0.2378311880997249 28
1684276942943 0.2373136771576745 29
1684276943017 0.23682535120419093 30
1684276943080 0.23636644440037863 31
1684276943149 0.2359363159963063 32
1684276943211 0.23553378454276494 33
1684276943280 0.23515739824090684 34
1684276943333 0.23480563717229025 35
1684276943413 0.23447699631963456 36
1684276943481 0.23417010051863535 37
1684276943549 0.23388366826942988 38
1684276943618 0.2336166032723018 39
1684276943681 0.233367953981672 40
1684276943750 0.23313691999231065 41
1684276943819 0.23292282223701477 42
1684276943881 0.23272510085787093 43
1684276943949 0.232543306691306 44
1684276944019 0.2323770672082901 45
1684276944082 0.23222609502928598 46
1684276944151 0.23209012619086675 47
1684276944220 0.2319689840078354 48
1684276944282 0.23186248328004563 49
1684276944351 0.23177050692694529 50
1684276944420 0.2316929272242955 51
1684276944497 0.23162964412144252 52
1684276944552 0.2315805639539446 53
1684276944621 0.23154559518609727 54
1684276944699 0.23152466969830648 55
1684276944752 0.23151770872729166 56
1684276944821 0.23152463563850947 57
1684276944900 0.2315453908273152 58
1684276944953 0.23157990404537745 59
1684276945033 0.23162810717310225 60
1684276945096 0.23168994060584477 61
1684276945169 0.23176533835274832 62
1684276945222 0.23185424080916814 63
1684276945301 0.23195660327162063 64
1684276945370 0.23207234271935054 65
1684276945439 0.23220141657761165 66
1684276945501 0.23234378014292037 67
1684276945565 0.23249937168189458 68
1684276945639 0.23266816352094924 69
1684276945701 0.23285008754049027 70
1684276945770 0.23304509477955954 71
1684276945840 0.23325316607952118 72
1684276945902 0.2334742397069931 73
1684276945971 0.233708279473441 74
1684276946047 0.23395524706159318 75
1684276946114 0.23421510202544077 76
1684276946171 0.23448780604771205 77
1684276946240 0.2347733293260847 78
1684276946318 0.23507162715707505 79
1684276946372 0.2353826676096235 80
1684276946441 0.2357064208814076 81
1684276946503 0.23604285717010498 82
1684276946581 0.23639193177223206 83
1684276946641 0.23675363191536494 84
1684276946719 0.23712791502475739 85
1684276946788 0.2375147363969258 86
1684276946857 0.23791408964565822 87
1684276946920 0.23832594283989497 88
1684276946989 0.2387502512761525 89
1684276947058 0.23918700856821878 90
1684276947133 0.23963616149766104 91
1684276947191 0.24009771006447927 92
1684276947258 0.2405716053077153 93
1684276947327 0.24105783232620784 94
1684276947390 0.2415563655751092 95
1684276947459 0.242067175252097 96
1684276947528 0.24259024006979807 97
1684276947590 0.24312553874083928 98
1684276947661 0.2436730350766863 99
1684276947728 0.2442327312060765 100
1684276947790 0.24480456752436502 101
1684276947859 0.24538855467523848 102
1684276947928 0.2459846522126879 103
1684276947991 0.2465928473642894 104
1684276948060 0.24721311032772064 105
1684276948129 0.24784542407308305 106
1684276948200 0.24848975241184235 107
1684276948261 0.24914610811642238 108
1684276948330 0.24981444861207688 109
1684276948592 0.2504947653838566 110
1684276948776 0.2511870243719646 111
1684276948877 0.2518912064177649 112
1684276948946 0.25260731152125765 113
1684276949009 0.2533353056226458 114
1684276949078 0.25407516743455616 115
1684276949147 0.25482689482825144 116
1684276949209 0.2555904665163585 117
1684276949280 0.2563658377953938 118
1684276949347 0.2571530214377812 119
1684276949432 0.25795198338372366 120
1684276949494 0.258762715118272 121
1684276949563 0.25958520599773954 122
1684276949632 0.26041942621980396 123
1684276949695 0.26126535875456675 124
1684276949772 0.26212299721581594 125
1684276949833 0.26299232244491577 126
1684276949911 0.2638733259269169 127
1684276949980 0.2647659650870732 128
1684276950064 0.26567024418285917 129
1684276950133 0.26658616747174946 130
1684276950196 0.26751368812152315 131
1684276950265 0.2684527976172311 132
1684276950334 0.2694034917013986 133
1684276950412 0.2703657490866525 134
1684276950465 0.2713395527430943 135
1684276950534 0.2723249154431479 136
1684276950597 0.27332178183964323 137
1684276950666 0.27433016896247864 138
1684276950735 0.2753500299794333 139
1684276950797 0.27638138617788044 140
1684276950868 0.27742418221064974 141
1684276950935 0.27847844788006376 142
1684276951013 0.2795441448688507 143
1684276951082 0.28062125614711214 144
1684276951151 0.2817097817148481 145
1684276951214 0.2828096960272108 146
1684276951283 0.2839209905692509 147
1684276951363 0.285043682370867 148
1684276951432 0.2861777033124651 149
1684276951499 0.2873230789388929 150
1684276951584 0.28847977093287874 151
1684276951653 0.28964780058179584 152
1684276951731 0.2908271338258471 153
1684276951784 0.29201777066503254 154
1684276951853 0.29321966426713125 155
1684276951931 0.29443284017699106 156
1684276951984 0.295657285622188 157
1684276952053 0.2968929708003998 158
1684276952116 0.2981398786817278 159
1684276952185 0.29939803906849455 160
1684276952254 0.30066738384110586 161
1684276952332 0.30194794280188425 162
1684276952386 0.3032396818910326 163
1684276952465 0.3045426138809749 164
1684276952539 0.30585670471191406 165
1684276952655 0.30718195012637545 166
1684276952717 0.3085183458668845 167
1684276952786 0.30986587916101727 168
1684276952855 0.31122452446392607 169
1684276952918 0.3125943030629839 170
1684276952998 0.31397516812597004 171
1684276953056 0.3153671324253082 172
1684276953118 0.3167701746736254 173
1684276953187 0.3181842991283962 174
1684276953256 0.3196094972746713 175
1684276953319 0.3210457222802298 176
1684276953388 0.322492995432445 177
1684276953457 0.32395131247384207 178
1684276953514 0.3254206563745226 179
1684276953588 0.3269010143620627 180
1684276953657 0.32839236514908926 181
1684276953720 0.3298947087356022 182
1684276953789 0.33140804937907625 183
1684276953858 0.33293236579213825 184
1684276953920 0.3344676537173135 185
1684276953997 0.33601388335227966 186
1684276954058 0.33757108449935913 187
1684276954136 0.3391392060688564 188
1684276954190 0.34071826934814453 189
1684276954259 0.3423082573073251 190
1684276954321 0.3439091614314488 191
1684276954390 0.3455209604331425 192
1684276954459 0.34714366708483013 193
1684276954527 0.34877725158418926 194
1684276954593 0.3504217437335423 195
1684276954660 0.35207709670066833 196
1684276954722 0.35374328919819426 197
1684276954791 0.3554203638008663 198
1684276954860 0.3571082651615143 199
1684276954923 0.35880701882498606 200
1684276954992 0.3605166162763323 201
1684276955061 0.36223701919828144 202
1684276955127 0.3639682446207319 203
1684276955192 0.3657102755137852 204
1684276955261 0.36746312039239065 205
1684276955611 0.36922674093927654 206
1684276955709 0.3710011499268668 207
1684276955778 0.3727863132953644 208
1684276955847 0.3745822991643633 209
1684276955909 0.3763890096119472 210
1684276955979 0.3782064744404384 211
1684276956048 0.38003468087741304 212
1684276956123 0.38187363743782043 213
1684276956193 0.3837233100618635 214
1684276956248 0.38558371152196613 215
1684276956326 0.38745484607560293 216
1684276956395 0.3893366668905531 217
1684276956464 0.3912292080266135 218
1684276956527 0.39313243116651264 219
1684276956596 0.3950463320527758 220
1684276956660 0.39697092345782686 221
1684276956741 0.39890617983681814 222
1684276956796 0.4008520926748003 223
1684276956865 0.40280867900167194 224
1684276956943 0.4047759047576359 225
1684276957012 0.40675375717026846 226
1684276957081 0.4087422660418919 227
1684276957150 0.41074138879776 228
1684276957221 0.4127511169229235 229
1684276957282 0.41477145893233164 230
1684276957351 0.41680242334093365 231
1684276957413 0.41884395480155945 232
1684276957482 0.4208960916314806 233
1684276957545 0.4229588040283748 234
1684276957614 0.42503207496234346 235
1684276957667 0.42711591720581055 236
1684276957749 0.42921032650130136 237
1684276957806 0.4313152687890189 238
1684276957883 0.4334307610988617 239
1684276957952 0.4355567821434566 240
1684276958015 0.43769332340785433 241
1684276958084 0.43984038063458036 242
1684276958168 0.4419979453086853 243
1684276958240 0.44416600465774536 244
1684276958303 0.44634455868176054 245
1684276958369 0.448533581835883 246
1684276958431 0.45073309540748596 247
1684276958500 0.45294309088162016 248
1684276958569 0.45516352142606464 249
1684276958632 0.45739440832819256 250
