1684276277879 0.5482049414089748 1
1684276277953 0.4908955693244934 2
1684276278016 0.43245984826769146 3
1684276278095 0.37804555892944336 4
1684276278164 0.3315905886037009 5
1684276278233 0.2950179321425302 6
1684276278301 0.268410005739757 7
1684276278364 0.25059038400650024 8
1684276278433 0.23975722704614913 9
1684276278511 0.23398991142000472 10
1684276278580 0.23157135716506413 11
1684276278649 0.23114017503602163 12
1684276278712 0.2317186849457877 13
1684276278792 0.2326682550566537 14
1684276278849 0.23361443196024215 15
1684276278934 0.23436884369168962 16
1684276278997 0.2348625659942627 17
1684276279066 0.2350958905049733 18
1684276279135 0.23510371574333735 19
1684276279382 0.23493387869426183 20
1684276279482 0.23463465912001474 21
1684276279551 0.2342488957302911 22
1684276279614 0.2338114849158696 23
1684276279683 0.2333491231713976 24
1684276279752 0.2328811969075884 25
1684276279831 0.23242110226835525 26
1684276279899 0.2319775606904711 27
1684276279952 0.23155578332287924 28
1684276280031 0.2311585055930274 29
1684276280100 0.23078677483967372 30
1684276280169 0.2304405037845884 31
1684276280238 0.2301189282110759 32
1684276280300 0.22982091775962285 33
1684276280374 0.229545173900468 34
1684276280438 0.22929038958890097 35
1684276280500 0.22905528119632176 36
1684276280569 0.2288387268781662 37
1684276280638 0.22863966865198954 38
1684276280701 0.22845726140907832 39
1684276280770 0.22829073667526245 40
1684276280839 0.22813949840409414 41
1684276280913 0.22800302505493164 42
1684276280970 0.2278809185538973 43
1684276281039 0.2277728340455464 44
1684276281117 0.2276785352400371 45
1684276281187 0.2275977964912142 46
1684276281256 0.227530443242618 47
1684276281334 0.2274763626711709 48
1684276281387 0.22743543982505798 49
1684276281464 0.22740756613867624 50
1684276281530 0.22739269265106746 51
1684276281583 0.2273907427276884 52
1684276281656 0.2274016376052584 53
1684276281718 0.22742533683776855 54
1684276281787 0.2274617850780487 55
1684276281856 0.22751092059271677 56
1684276281919 0.22757270293576376 57
1684276281999 0.22764705973012106 58
1684276282072 0.22773395478725433 59
1684276282141 0.22783335191862925 60
1684276282204 0.2279451893908637 61
1684276282273 0.22806941611426218 62
1684276282342 0.228206000157765 63
1684276282404 0.2283548904316766 64
1684276282473 0.22851605074746267 65
1684276282542 0.2286894300154277 66
1684276282605 0.22887498778956278 67
1684276282674 0.22907270278249467 68
1684276282743 0.22928252603326524 69
1684276282805 0.22950441922460282 70
1684276282874 0.22973835255418504 71
1684276282943 0.2299842940909522 72
1684276283006 0.23024222254753113 73
1684276283065 0.23051208044801438 74
1684276283144 0.2307938528912408 75
1684276283206 0.2310875185898372 76
1684276283275 0.23139300303799765 77
1684276283344 0.23171026791845048 78
1684276283407 0.23203928555761064 79
1684276283460 0.23238002402441843 80
1684276283538 0.232732464160238 81
1684276283598 0.2330965953213828 82
1684276283676 0.23347238770553044 83
1684276283738 0.2338598221540451 84
1684276283807 0.23425889440945216 85
1684276283861 0.23466958744185312 86
1684276283939 0.2350918629339763 87
1684276284008 0.23552571662834712 88
1684276284061 0.23597112510885512 89
1684276284130 0.2364280607019152 90
1684276284208 0.23689650212015426 91
1684276284262 0.23737643020493643 92
1684276284324 0.23786782579762594 93
1684276284393 0.2383706590959004 94
1684276284462 0.2388849002974374 95
1684276284525 0.2394105472734996 96
1684276284611 0.23994755744934082 97
1684276284678 0.24049590953758784 98
1684276284741 0.24105559502329146 99
1684276284810 0.24162657984665462 100
1684276284863 0.24220884484904154 101
1684276284941 0.2428023623568671 102
1684276284995 0.24340712598391942 103
1684276285064 0.24402310805661337 104
1684276285145 0.2446502766438893 105
1684276285211 0.24528862748827254 106
1684276285280 0.24593812440122878 107
1684276285349 0.24659876099654607 108
1684276285411 0.24727050534316472 109
1684276285480 0.2479533361537116 110
1684276285549 0.24864724704197474 111
1684276285612 0.2493522082056318 112
1684276285691 0.2500682217734201 113
1684276285749 0.2507952260119574 114
1684276285812 0.2515332443373544 115
1684276285881 0.25228223630360197 116
1684276285950 0.2530421997819628 117
1684276286013 0.253813094326428 118
1684276286082 0.2545949156795229 119
1684276286151 0.255387653197561 120
1684276286224 0.25619127069200787 121
1684276286282 0.2570057681628636 122
1684276286351 0.25783110729285647 123
1684276286467 0.2586672880819866 124
1684276286529 0.2595142785991941 125
1684276286598 0.26037207671574186 126
1684276286667 0.2612406483718327 127
1684276286733 0.262120002082416 128
1684276286794 0.2630100888865335 129
1684276286853 0.26391090026923586 130
1684276286931 0.2648224490029471 131
1684276286984 0.26574467761175974 132
1684276287053 0.26667759248188566 133
1684276287131 0.2676211893558502 134
1684276287185 0.26857541288648334 135
1684276287343 0.26954028010368347 136
1684276287516 0.27051576546260286 137
1684276287654 0.2715018519333431 138
1684276287717 0.2724985310009548 139
1684276287797 0.27350577286311556 140
1684276287854 0.2745235732623509 141
1684276287917 0.27555191091128756 142
1684276287986 0.27659077303750174 143
1684276288055 0.27764015538351877 144
1684276288133 0.2787000281470163 145
1684276288202 0.2797703742980957 146
1684276288271 0.28085118532180786 147
1684276288341 0.2819424569606781 148
1684276288402 0.2830441551549094 149
1684276288471 0.2841562841619764 150
1684276288534 0.2852788099220821 151
1684276288603 0.2864117409501757 152
1684276288672 0.28755503041403635 153
1684276288734 0.2887086868286133 154
1684276288803 0.2898727059364319 155
1684276288878 0.2910470536776951 156
1684276288940 0.29223173430987764 157
1684276289004 0.2934267095157078 158
1684276289073 0.2946319878101349 159
1684276289135 0.29584754364831106 160
1684276289204 0.29707336851528715 161
1684276289289 0.2983094496386392 162
1684276289358 0.2995557657309941 163
1684276289425 0.3008123167923519 164
1684276289489 0.3020790900502886 165
1684276289558 0.3033560514450073 166
1684276289621 0.3046431967190334 167
1684276289690 0.30594053864479065 168
1684276289759 0.30724803039005827 169
1684276289821 0.30856566769736155 170
1684276289890 0.30989346333912443 171
1684276289959 0.31123136622565134 172
1684276290037 0.3125793933868408 173
1684276290090 0.31393752353531973 174
1684276290159 0.3153057268687657 175
1684276290238 0.3166840246745518 176
1684276290307 0.3180723786354065 177
1684276290376 0.3194707844938551 178
1684276290442 0.32087924650737215 179
1684276290491 0.3222977178437369 180
1684276290560 0.3237262155328478 181
1684276290623 0.32516471828733173 182
1684276290692 0.32661322184971403 183
1684276290761 0.3280716964176723 184
1684276290823 0.3295401505061558 185
1684276290877 0.33101857560021536 186
1684276290978 0.33250694615500315 187
1684276291061 0.3340052493980953 188
1684276291162 0.3355134768145425 189
1684276291224 0.33703161563192097 190
1684276291309 0.33855967436517986 191
1684276291393 0.3400976189545223 192
1684276291478 0.34164545365742277 193
1684276291578 0.3432031571865082 194
1684276291641 0.3447707210268293 195
1684276291725 0.3463481622082846 196
1684276291796 0.3479354296411787 197
1684276291866 0.34953252758298603 198
1684276291945 0.35113944326128277 199
1684276292018 0.35275618519101826 200
1684276292099 0.35438271505492075 201
1684276292168 0.35601905414036344 202
1684276292256 0.3576651556151254 203
1684276292325 0.3593210407665798 204
1684276292410 0.36098667127745493 205
1684276292479 0.3626620812075479 206
1684276292567 0.36434722372463774 207
1684276292628 0.36604210308619906 208
1684276292695 0.3677466809749603 209
1684276292773 0.3694610042231424 210
1684276292826 0.371185017483575 211
1684276292895 0.3729187420436314 212
1684276292973 0.37466213958603994 213
1684276293027 0.37641521862574984 214
1684276293104 0.37817796213286264 215
1684276293161 0.37995038287980215 216
1684276293227 0.3817324255193983 217
1684276293296 0.38352412411144804 218
1684276293359 0.38532544885362896 219
1684276293428 0.38713641251836506 220
1684276293497 0.3889569767883846 221
1684276293559 0.3907871501786368 222
1684276293635 0.39262692417417255 223
1684276293697 0.39447629026004244 224
1684276293759 0.39633521863392424 225
1684276293828 0.39820373484066557 226
1684276293897 0.4000818005629948 227
1684276293960 0.40196943283081055 228
1684276294029 0.40386660609926495 229
1684276294299 0.40577332036835806 230
1684276294399 0.4076895671231406 231
1684276294461 0.4096153293337141 232
1684276294530 0.41155060274260385 233
1684276294600 0.41349537457738605 234
1684276294662 0.41544965335300993 235
1684276294727 0.41741340926715303 236
1684276294800 0.4193866678646633 237
1684276294862 0.42136936102594647 238
1684276294931 0.42336155687059673 239
1684276295000 0.4253631830215454 240
1684276295063 0.42737423947879244 241
1684276295132 0.42939476455960957 242
1684276295185 0.4314247114317758 243
1684276295258 0.4334640758378165 244
1684276295346 0.43551285777773174 245
1684276295432 0.4375710529940469 246
1684276295501 0.43963864019938875 247
1684276295580 0.4417156108788082 248
1684276295649 0.44380196928977966 249
1684276295729 0.4458977111748287 250
