1684275583709 0.5579707006074939 1
1684275583778 0.4993040854932426 2
1684275583847 0.43962871046652546 3
1684275583925 0.38424143591602306 4
1684275583994 0.3371200089176737 5
1684275584063 0.3001595973206114 6
1684275584125 0.2733923056209733 7
1684275584194 0.25558635389924217 8
1684275584263 0.24488764331928906 9
1684275584342 0.23933084479217975 10
1684275584411 0.2371633583147249 11
1684275584464 0.23699692894980462 12
1684275584549 0.2378349070158178 13
1684275584611 0.23902705250028686 14
1684275584680 0.2401934346898313 15
1684275584749 0.24114483671422263 16
1684275584827 0.24181421163492645 17
1684275584896 0.24220482340665922 18
1684275584965 0.2423546866267475 19
1684275585043 0.24231438521040483 20
1684275585112 0.24213458472632537 21
1684275585182 0.24185985867547247 22
1684275585251 0.24152641286344412 23
1684275585313 0.24116202518035218 24
1684275585382 0.24078692999293605 25
1684275585451 0.24041525147521547 26
1684275585514 0.24005623440910506 27
1684275585583 0.2397155823584676 28
1684275585652 0.23939641503558085 29
1684275585730 0.23910009414650624 30
1684275585799 0.23882676889909435 31
1684275585868 0.2385758817766293 32
1684275585930 0.23834646521046604 33
1684275585999 0.2381373544732426 34
1684275586068 0.23794731225487864 35
1684275586147 0.23777517266260795 36
1684275586216 0.23761981703640891 37
1684275586285 0.23748029842562457 38
1684275586354 0.23735576833060448 39
1684275586416 0.23724551156225596 40
1684275586485 0.23714896793949175 41
1684275586554 0.2370656357607966 42
1684275586617 0.23699515235793556 43
1684275586686 0.23693720175417135 44
1684275586755 0.23689157512665587 45
1684275586817 0.23685809198442048 46
1684275586886 0.23683663550766038 47
1684275586955 0.2368270833795267 48
1684275587018 0.23682941102378946 49
1684275587087 0.23684355243737434 50
1684275587156 0.2368695164987575 51
1684275587218 0.236907033113252 52
1684275587287 0.23695607789529213 53
1684275587356 0.23701662663766881 54
1684275587419 0.2370887312270732 55
1684275587488 0.23717246585870855 56
1684275587557 0.237267903577776 57
1684275587619 0.23737511119386256 58
1684275587688 0.23749416849502147 59
1684275587757 0.23762513084995518 60
1684275587820 0.23776799800574985 61
1684275587889 0.2379228678614226 62
1684275587958 0.2380897314668732 63
1684275588020 0.2382686153156721 64
1684275588089 0.23845952487012428 65
1684275588158 0.23866248608546262 66
1684275588221 0.23887747988543026 67
1684275588290 0.2391045423163813 68
1684275588359 0.23934365334138188 69
1684275588422 0.23959481917499093 70
1684275588491 0.23985806344217708 71
1684275588560 0.24013335962538473 72
1684275588622 0.24042072555347635 73
1684275588691 0.24072015522164072 74
1684275588754 0.2410316898916724 75
1684275588823 0.24135532748144528 76
1684275588876 0.24169107619069893 77
1684275588954 0.24203895123330252 78
1684275589023 0.24239894863680045 79
1684275589088 0.24277107441599804 80
1684275589161 0.24315531572922153 81
1684275589223 0.24355168606348038 82
1684275589292 0.24396017867469297 83
1684275589355 0.24438079315750802 84
1684275589408 0.24481354396414126 85
1684275589477 0.24525840729540743 86
1684275589540 0.24571540558776409 87
1684275589609 0.24618455114763355 88
1684275589678 0.2466658214123411 89
1684275589756 0.24715922497883241 90
1684275589825 0.24766474221495693 91
1684275589909 0.24818240600141375 92
1684275589978 0.24871220992580045 93
1684275590041 0.2492541520217153 94
1684275590110 0.2498082381955789 95
1684275590163 0.2503744533886584 96
1684275590226 0.25095280420558597 97
1684275590295 0.25154330597841656 98
1684275590364 0.25214595627245534 99
1684275590426 0.2527607190852754 100
1684275590495 0.2533876347246495 101
1684275590564 0.25402668128453826 102
1684275590627 0.25467789362348436 103
1684275590696 0.25534120101813046 104
1684275590765 0.2560167038365163 105
1684275590828 0.25670429305677994 106
1684275590897 0.2574040398233711 107
1684275590959 0.25811590231648857 108
1684275591012 0.25883992124412386 109
1684275591081 0.25957607028339696 110
1684275591160 0.2603243429545308 111
1684275591213 0.26108474924803143 112
1684275591282 0.2618572780875776 113
1684275591345 0.26264195960110376 114
1684275591414 0.2634387449686781 115
1684275591483 0.26424767746833655 116
1684275591547 0.26506872303145906 117
1684275591614 0.26590187934334364 118
1684275591683 0.26674717132086145 119
1684275591746 0.2676045778007371 120
1684275592015 0.2684741083537386 121
1684275592115 0.269355750594312 122
1684275592184 0.27024950679186677 123
1684275592247 0.2711553947552146 124
1684275592316 0.27207336258812326 125
1684275592385 0.2730034792912119 126
1684275592463 0.27394567537792897 127
1684275592532 0.2748999853798256 128
1684275592585 0.27586641615698343 129
1684275592664 0.27684494126147124 130
1684275592733 0.27783557158653605 131
1684275592802 0.27883830159187706 132
1684275592871 0.2798531167929822 133
1684275592933 0.2808800638388203 134
1684275593002 0.28191910115737145 135
1684275593071 0.28297022193274485 136
1684275593134 0.2840334329302437 137
1684275593203 0.2851087473142763 138
1684275593272 0.28619616163597283 139
1684275593350 0.28729566320586447 140
1684275593434 0.2884072458053812 141
1684275593488 0.2895309274086382 142
1684275593566 0.29066670564637354 143
1684275593635 0.2918145642124705 144
1684275593704 0.2929744975580503 145
1684275593767 0.29414652988089185 146
1684275593820 0.2953306427275722 147
1684275593889 0.2965268397638978 148
1684275593967 0.2977351333723794 149
1684275594020 0.29895550590394 150
1684275594090 0.30018794954867695 151
1684275594152 0.3014325061622323 152
1684275594221 0.3026891171338478 153
1684275594290 0.3039578285176003 154
1684275594353 0.3052386118244889 155
1684275594422 0.30653147979830736 156
1684275594491 0.30783643886995077 157
1684275594553 0.30915347568978385 158
1684275594622 0.31048260074136963 159
1684275594676 0.3118238167664393 160
1684275594754 0.3131770886725917 161
1684275594807 0.31454245477329784 162
1684275594876 0.31591993532469315 163
1684275594954 0.3173094856132893 164
1684275595023 0.318711120738394 165
1684275595092 0.3201248459527166 166
1684275595155 0.32155065883094514 167
1684275595224 0.3229885649414669 168
1684275595277 0.32443857022844796 169
1684275595355 0.32590065522316136 170
1684275595409 0.3273748360879487 171
1684275595478 0.32886111914228927 172
1684275595540 0.3303594860376512 173
1684275595609 0.33186994287918725 174
1684275595678 0.33339250191572234 175
1684275595741 0.33492718129248544 176
1684275595810 0.33647394822725313 177
1684275595879 0.3380328337515843 178
1684275595941 0.3396038073533826 179
1684275596010 0.3411868897476238 180
1684275596079 0.34278210742708426 181
1684275596142 0.34438939917361633 182
1684275596211 0.34600881230494346 183
1684275596273 0.34764034410388944 184
1684275596342 0.34928396219253166 185
1684275596396 0.3509397421837446 186
1684275596458 0.35260761181464884 187
1684275596527 0.35428760656648833 188
1684275596596 0.35597972591814997 189
1684275596659 0.35768397905747334 190
1684275596728 0.35940033636257684 191
1684275596797 0.3611288436518724 192
1684275596875 0.36286946653465996 193
1684275596944 0.364622301757758 194
1684275597013 0.36638741039328837 195
1684275597082 0.36816476472281356 196
1684275597145 0.3699543669264257 197
1684275597214 0.37175625579843424 198
1684275597283 0.37357039436704476 199
1684275597430 0.3753967437889427 200
1684275597631 0.3772353296720198 201
1684275597700 0.37908609313521446 202
1684275597778 0.38094907797037997 203
1684275597847 0.38282421589210497 204
1684275597916 0.3847115023230824 205
1684275597985 0.38661097704580255 206
1684275598063 0.3885225912764698 207
1684275598132 0.3904463496260097 208
1684275598185 0.39238223311936865 209
1684275598264 0.39433028687072386 210
1684275598333 0.39629046827818837 211
1684275598402 0.39826276844795816 212
1684275598464 0.4002471919084531 213
1684275598533 0.4022437520880455 214
1684275598602 0.40425242734364575 215
1684275598665 0.40627323819852423 216
1684275598734 0.40830613488787215 217
1684275598803 0.4103511239393397 218
1684275598865 0.41240822975664193 219
1684275598934 0.4144774394850188 220
1684275599003 0.416558708723325 221
1684275599066 0.4186520820599587 222
1684275599135 0.42075752500031116 223
1684275599204 0.4228750393815501 224
1684275599266 0.42500463514469905 225
1684275599335 0.42714628723474685 226
1684275599404 0.4293000003799995 227
1684275599467 0.43146575087863975 228
1684275599536 0.43364356407214744 229
1684275599605 0.4358334147179539 230
1684275599668 0.43803528004750447 231
1684275599737 0.4402492253184108 232
1684275599806 0.44247515776371693 233
1684275599868 0.44471312767678817 234
1684275599921 0.44696313765162954 235
1684275599990 0.4492251336528998 236
1684275600069 0.4514991593151998 237
1684275600138 0.4537851513124036 238
1684275600191 0.4560831855683522 239
1684275600269 0.45839319671560974 240
1684275600323 0.46071523047928326 241
1684275600392 0.46304924522661045 242
1684275600454 0.46539521528317257 243
1684275600523 0.4677532015558027 244
1684275600592 0.47012314461706217 245
1684275600655 0.47250505569857043 246
1684275600724 0.474898967149919 247
1684275600793 0.47730480417131677 248
1684275600855 0.47972265122419777 249
1684275600924 0.48215245011235786 250
