1684278158873 0.5182751 1
1684278158955 0.46311003 2
1684278159018 0.40707225 3
1684278159086 0.35514426 4
1684278159171 0.31110263 5
1684278159242 0.2767489 6
1684278159304 0.2520938 7
1684278159371 0.23593424 8
1684278159440 0.22647494 9
1684278159503 0.22182235 10
1684278159572 0.22029611 11
1684278159641 0.22057323 12
1684278159703 0.22171159 13
1684278159774 0.22310309 14
1684278159841 0.22439834 15
1684278159920 0.22542888 16
1684278159989 0.22614151 17
1684278160058 0.22654893 18
1684278160120 0.2266957 19
1684278160189 0.22663732 20
1684278160258 0.22642821 21
1684278160324 0.22611585 22
1684278160405 0.22573885 23
1684278160474 0.22532667 24
1684278160543 0.22490108 25
1684278160606 0.2244772 26
1684278160675 0.22406514 27
1684278160744 0.2236712 28
1684278160813 0.2232989 29
1684278160872 0.22294986 30
1684278160944 0.22262448 31
1684278161006 0.22232226 32
1684278161075 0.2220423 33
1684278161144 0.22178343 34
1684278161207 0.2215444 35
1684278161276 0.22132398 36
1684278161345 0.22112103 37
1684278161410 0.22093451 38
1684278161476 0.2207635 39
1684278161545 0.22060727 40
1684278161608 0.22046515 41
1684278161677 0.2203366 42
1684278161746 0.22022122 43
1684278161808 0.22011861 44
1684278161875 0.22002855 45
1684278161946 0.21995082 46
1684278162009 0.21988529 47
1684278162078 0.2198318 48
1684278162147 0.21979031 49
1684278162209 0.21976069 50
1684278162278 0.21974292 51
1684278162347 0.21973696 52
1684278162407 0.21974277 53
1684278162478 0.21976034 54
1684278162547 0.21978964 55
1684278162625 0.21983062 56
1684278162695 0.2198833 57
1684278162779 0.21994764 58
1684278162848 0.22002365 59
1684278162911 0.22011131 60
1684278162982 0.22021064 61
1684278163064 0.22032166 62
1684278163127 0.2204443 63
1684278163196 0.22057857 64
1684278163265 0.2207245 65
1684278163327 0.22088204 66
1684278163396 0.22105122 67
1684278163450 0.22123198 68
1684278163531 0.22142439 69
1684278163596 0.22162837 70
1684278163665 0.22184394 71
1684278163728 0.22207113 72
1684278163813 0.2223099 73
1684278163882 0.22256029 74
1684278163944 0.22282225 75
1684278164017 0.22309577 76
1684278164082 0.22338094 77
1684278164151 0.22367766 78
1684278164213 0.22398598 79
1684278164282 0.2243059 80
1684278164345 0.22463739 81
1684278164414 0.22498047 82
1684278164467 0.22533515 83
1684278164547 0.22570145 84
1684278164612 0.22607931 85
1684278164668 0.22646877 86
1684278164746 0.22686982 87
1684278164815 0.22728246 88
1684278164884 0.2277067 89
1684278164946 0.22814253 90
1684278165015 0.22858995 91
1684278165088 0.22904895 92
1684278165153 0.22951958 93
1684278165215 0.23000178 94
1684278165284 0.23049556 95
1684278165353 0.23100094 96
1684278165416 0.23151791 97
1684278165485 0.23204646 98
1684278165554 0.23258662 99
1684278165628 0.23313835 100
1684278165685 0.23370169 101
1684278165754 0.2342766 102
1684278165817 0.23486312 103
1684278165886 0.2354612 104
1684278165955 0.23607092 105
1684278166033 0.23669218 106
1684278166102 0.23732504 107
1684278166155 0.2379695 108
1684278166233 0.23862556 109
1684278166302 0.23929314 110
1684278166371 0.23997237 111
1684278166434 0.24066317 112
1684278166503 0.24136555 113
1684278166572 0.24207951 114
1684278166642 0.24280506 115
1684278166706 0.24354221 116
1684278166772 0.24429092 117
1684278166835 0.24505123 118
1684278166904 0.24582312 119
1684278166973 0.24660659 120
1684278167035 0.24740164 121
1684278167104 0.24820828 122
1684278167177 0.24902649 123
1684278167389 0.24985628 124
1684278167489 0.25069767 125
1684278167558 0.2515506 126
1684278167621 0.25241515 127
1684278167699 0.25329128 128
1684278167759 0.25417897 129
1684278167837 0.25507826 130
1684278167906 0.2559891 131
1684278167975 0.25691152 132
1684278168037 0.25784552 133
1684278168106 0.2587911 134
1684278168176 0.25974828 135
1684278168239 0.260717 136
1684278168304 0.26169732 137
1684278168376 0.2626892 138
1684278168454 0.26369268 139
1684278168507 0.26470774 140
1684278168608 0.26573431 141
1684278168677 0.2667725 142
1684278168739 0.26782227 143
1684278168806 0.2688836 144
1684278168877 0.2699565 145
1684278168939 0.27104095 146
1684278169008 0.27213702 147
1684278169077 0.27324462 148
1684278169140 0.27436382 149
1684278169209 0.27549458 150
1684278169278 0.2766369 151
1684278169339 0.2777908 152
1684278169409 0.27895626 153
1684278169478 0.28013328 154
1684278169541 0.28132188 155
1684278169610 0.28252208 156
1684278169679 0.28373381 157
1684278169741 0.2849571 158
1684278169810 0.286192 159
1684278169863 0.28743842 160
1684278169941 0.2886964 161
1684278170010 0.289966 162
1684278170079 0.2912471 163
1684278170142 0.29253983 164
1684278170211 0.29384407 165
1684278170280 0.29515988 166
1684278170382 0.29648727 167
1684278170460 0.29782623 168
1684278170527 0.29917672 169
1684278170596 0.3005388 170
1684278170659 0.30191243 171
1684278170728 0.30329764 172
1684278170781 0.3046944 173
1684278170859 0.30610272 174
1684278170931 0.30752257 175
1684278171013 0.30895406 176
1684278171066 0.31039703 177
1684278171144 0.3118516 178
1684278171213 0.3133177 179
1684278171282 0.31479537 180
1684278171345 0.3162846 181
1684278171425 0.31778538 182
1684278171483 0.3192977 183
1684278171561 0.3208216 184
1684278171614 0.32235706 185
1684278171683 0.32390404 186
1684278171746 0.32546264 187
1684278171815 0.32703274 188
1684278171884 0.3286144 189
1684278171948 0.33020762 190
1684278172012 0.3318124 191
1684278172084 0.33342874 192
1684278172146 0.3350566 193
1684278172215 0.33669606 194
1684278172284 0.33834702 195
1684278172347 0.34000957 196
1684278172416 0.34168363 197
1684278172485 0.34336928 198
1684278172550 0.34506643 199
1684278172616 0.34677517 200
1684278172685 0.34849548 201
1684278172748 0.3502273 202
1684278172817 0.35197064 203
1684278172886 0.35372558 204
1684278172948 0.35549206 205
1684278173017 0.3572701 206
1684278173086 0.35905963 207
1684278173149 0.36086076 208
1684278173218 0.3626734 209
1684278173287 0.3644976 210
1684278173349 0.36633334 211
1684278173418 0.36818063 212
1684278173487 0.37003946 213
1684278173551 0.37190983 214
1684278173631 0.37379175 215
1684278173703 0.3756852 216
1684278173772 0.37759018 217
1684278173834 0.37950674 218
1684278173903 0.3814348 219
1684278173972 0.38337445 220
1684278174219 0.3853256 221
1684278174335 0.38728827 222
1684278174420 0.38926253 223
1684278174489 0.3912483 224
1684278174567 0.39324564 225
1684278174635 0.3952545 226
1684278174705 0.39727485 227
1684278174774 0.39930677 228
1684278174836 0.40135026 229
1684278174905 0.40340525 230
1684278174974 0.4054718 231
1684278175037 0.40754986 232
1684278175106 0.40963945 233
1684278175174 0.4117406 234
1684278175237 0.41385326 235
1684278175306 0.41597748 236
1684278175375 0.41811323 237
1684278175437 0.4202605 238
1684278175506 0.42241925 239
1684278175575 0.4245896 240
1684278175638 0.42677146 241
1684278175707 0.42896485 242
1684278175776 0.43116978 243
1684278175838 0.43338624 244
1684278175907 0.4356142 245
1684278175976 0.43785375 246
1684278176039 0.44010472 247
1684278176108 0.44236735 248
1684278176177 0.4446414 249
1684278176242 0.446927 250
