1684426648815 0.51365525 1
1684426648896 0.44683704 2
1684426648970 0.38370037 3
1684426649044 0.32921258 4
1684426649117 0.28622532 5
1684426649189 0.2552251 6
1684426649261 0.23493811 7
1684426649333 0.22316241 8
1684426649407 0.2174823 9
1684426649478 0.21573514 10
1684426649551 0.2162306 11
1684426649626 0.21778785 12
1684426649698 0.21966678 13
1684426649774 0.22145933 14
1684426649846 0.22298098 15
1684426649917 0.22418255 16
1684426649989 0.22508684 17
1684426650067 0.22574812 18
1684426650142 0.22622834 19
1684426650238 0.22658524 20
1684426650313 0.22686699 21
1684426650392 0.22711137 22
1684426650465 0.22734639 23
1684426650546 0.22759196 24
1684426650624 0.22786154 25
1684426650699 0.2281637 26
1684426650773 0.2285035 27
1684426650846 0.22888345 28
1684426650918 0.22930421 29
1684426650989 0.22976533 30
1684426651061 0.23026559 31
1684426651135 0.23080333 32
1684426651207 0.23137668 33
1684426651278 0.23198366 34
1684426651349 0.23262239 35
1684426651420 0.23329103 36
1684426651489 0.23398799 37
1684426651559 0.23471174 38
1684426651631 0.23546094 39
1684426651702 0.23623446 40
1684426651772 0.23703131 41
1684426651842 0.23785067 42
1684426651913 0.2386918 43
1684426651983 0.23955412 44
1684426652054 0.24043715 45
1684426652123 0.24134038 46
1684426652194 0.24226359 47
1684426652265 0.24320641 48
1684426652337 0.24416864 49
1684426652406 0.24515009 50
1684426652476 0.24615054 51
1684426652544 0.24716987 52
1684426652613 0.24820794 53
1684426652685 0.24926466 54
1684426652755 0.2503399 55
1684426652826 0.25143358 56
1684426652896 0.25254557 57
1684426652966 0.25367582 58
1684426653037 0.25482428 59
1684426653108 0.2559908 60
1684426653187 0.25717533 61
1684426653260 0.25837785 62
1684426653329 0.2595982 63
1684426653401 0.26083636 64
1684426653472 0.26209232 65
1684426653541 0.26336592 66
1684426653611 0.26465714 67
1684426653682 0.26596594 68
1684426653756 0.26729223 69
1684426653827 0.268636 70
1684426653898 0.2699971 71
1684426653968 0.2713756 72
1684426654039 0.27277133 73
1684426654109 0.27418435 74
1684426654179 0.27561456 75
1684426654248 0.27706188 76
1684426654317 0.2785263 77
1684426654389 0.2800078 78
1684426654459 0.28150636 79
1684426654529 0.28302184 80
1684426654599 0.28455424 81
1684426654669 0.28610355 82
1684426654739 0.28766972 83
1684426654809 0.2892527 84
1684426654880 0.29085243 85
1684426654950 0.2924689 86
1684426655019 0.29410207 87
1684426655089 0.29575193 88
1684426655160 0.29741836 89
1684426655228 0.29910138 90
1684426655298 0.30080098 91
1684426655369 0.30251706 92
1684426655438 0.30424964 93
1684426655512 0.30599865 94
1684426655583 0.30776405 95
1684426655655 0.30954581 96
1684426655727 0.31134394 97
1684426655798 0.31315833 98
1684426655869 0.31498897 99
1684426655941 0.31683588 100
1684426656012 0.31869894 101
1684426656082 0.32057816 102
1684426656154 0.32247347 103
1684426656223 0.32438493 104
1684426656292 0.32631236 105
1684426656362 0.32825586 106
1684426656433 0.3302153 107
1684426656502 0.33219066 108
1684426656572 0.33418196 109
1684426656644 0.33618915 110
1684426656713 0.33821213 111
1684426656783 0.3402509 112
1684426656853 0.34230548 113
1684426656924 0.34437576 114
1684426656995 0.3464617 115
1684426657064 0.3485633 116
1684426657135 0.3506806 117
1684426657205 0.3528134 118
1684426657276 0.35496178 119
1684426657347 0.35712567 120
1684426657417 0.35930505 121
1684426657488 0.36149985 122
1684426657557 0.36371005 123
1684426657627 0.36593562 124
1684426657699 0.36817652 125
1684426657771 0.37043273 126
1684426657842 0.3727042 127
1684426657913 0.37499088 128
1684426657983 0.37729275 129
1684426658055 0.37960973 130
1684426658126 0.3819419 131
1684426658199 0.38428912 132
1684426658270 0.38665137 133
1684426658339 0.38902858 134
1684426658411 0.3914208 135
1684426658484 0.39382792 136
1684426658557 0.39624998 137
1684426658637 0.39868683 138
1684426658721 0.40113848 139
1684426658791 0.403605 140
1684426658861 0.4060862 141
1684426658939 0.4085821 142
1684426659009 0.41109267 143
1684426659080 0.41361785 144
1684426659152 0.4161576 145
1684426659223 0.41871196 146
1684426659294 0.42128074 147
1684426659364 0.42386407 148
1684426659435 0.42646182 149
1684426659505 0.4290739 150
1684426659574 0.43170035 151
1684426659856 0.4343411 152
1684426659933 0.43699613 153
1684426660004 0.43966538 154
1684426660075 0.4423489 155
1684426660145 0.44504642 156
1684426660220 0.44775814 157
1684426660290 0.45048392 158
1684426660360 0.4532237 159
1684426660433 0.4559775 160
1684426660503 0.4587452 161
1684426660572 0.46152687 162
1684426660644 0.46432236 163
1684426660713 0.46713164 164
1684426660783 0.4699547 165
1684426660852 0.47279152 166
1684426660921 0.47564197 167
1684426660990 0.47850615 168
1684426661062 0.4813839 169
1684426661133 0.4842752 170
1684426661203 0.48718 171
1684426661274 0.49009833 172
1684426661343 0.49303007 173
1684426661412 0.49597514 174
1684426661482 0.49893364 175
1684426661552 0.5019053 176
1684426661622 0.5048903 177
1684426661691 0.50788856 178
1684426661761 0.51089996 179
1684426661831 0.5139244 180
1684426661901 0.51696193 181
1684426661971 0.52001256 182
1684426662042 0.52307606 183
1684426662112 0.52615255 184
1684426662182 0.5292419 185
1684426662251 0.53234416 186
1684426662321 0.53545916 187
1684426662390 0.53858685 188
1684426662460 0.5417273 189
1684426662530 0.5448804 190
1684426662602 0.5480461 191
1684426662672 0.55122435 192
1684426662742 0.5544151 193
1684426662812 0.5576183 194
1684426662885 0.56083393 195
1684426664037 0.5640619 196
1684426664108 0.56730217 197
1684426664178 0.57055473 198
1684426664248 0.57381946 199
1684426664319 0.57709634 200
1684426664392 0.5803854 201
1684426664462 0.58368653 202
1684426664531 0.58699965 203
1684426664601 0.59032464 204
1684426664672 0.59366167 205
1684426664745 0.5970105 206
1684426664816 0.6003712 207
1684426664887 0.6037436 208
1684426664959 0.6071277 209
1684426665032 0.6105236 210
1684426665106 0.61393094 211
1684426665176 0.61734986 212
1684426665249 0.62078035 213
1684426665320 0.6242223 214
1684426665390 0.6276756 215
1684426665459 0.63114023 216
1684426665529 0.63461614 217
1684426665599 0.63810337 218
1684426665671 0.6416018 219
1684426665742 0.6451113 220
1684426665814 0.648632 221
1684426665885 0.6521636 222
1684426665955 0.6557063 223
1684426666025 0.65925986 224
1684426666097 0.6628244 225
1684426666169 0.6663996 226
1684426666240 0.6699858 227
1684426666311 0.67358255 228
1684426666383 0.67719 229
1684426666453 0.6808081 230
1684426666524 0.68443674 231
1684426666594 0.68807596 232
1684426666667 0.69172555 233
1684426666736 0.6953857 234
1684426666818 0.699056 235
1684426666894 0.70273685 236
1684426666963 0.7064278 237
1684426667033 0.71012896 238
1684426667103 0.71384025 239
1684426667172 0.7175617 240
1684426667241 0.7212932 241
1684426667310 0.7250347 242
1684426667383 0.7287862 243
1684426667454 0.7325475 244
1684426667524 0.7363187 245
1684426667596 0.74009967 246
1684426667667 0.7438904 247
1684426667739 0.7476909 248
1684426668157 0.75150096 249
1684426668279 0.75532067 250
