1684422567727 0.5609272 1
1684422567804 0.4898078 2
1684422567880 0.422314 3
1684422567957 0.3637069 4
1684422568031 0.31705666 5
1684422568102 0.282962 6
1684422568173 0.2601695 7
1684422568246 0.2464342 8
1684422568317 0.23926395 9
1684422568388 0.23640913 10
1684422568462 0.2360967 11
1684422568538 0.23707406 12
1684422568610 0.23854291 13
1684422568687 0.24004988 14
1684422568759 0.24137604 15
1684422568829 0.24244644 16
1684422568901 0.24326494 17
1684422568973 0.24387178 18
1684422569046 0.24431863 19
1684422569118 0.24465571 20
1684422569189 0.24492589 21
1684422569262 0.24516307 22
1684422569332 0.24539272 23
1684422569404 0.2456331 24
1684422569478 0.24589661 25
1684422569551 0.24619134 26
1684422569622 0.2465221 27
1684422569693 0.2468914 28
1684422569764 0.24730006 29
1684422569839 0.24774787 30
1684422569911 0.24823384 31
1684422569985 0.2487566 32
1684422570059 0.24931455 33
1684422570129 0.2499059 34
1684422570200 0.25052905 35
1684422570271 0.25118232 36
1684422570343 0.2518642 37
1684422570415 0.2525734 38
1684422570484 0.25330868 39
1684422570554 0.25406897 40
1684422570625 0.25485334 41
1684422570696 0.255661 42
1684422570766 0.25649136 43
1684422570836 0.25734377 44
1684422570906 0.25821778 45
1684422570975 0.25911304 46
1684422571046 0.26002914 47
1684422571118 0.26096588 48
1684422571189 0.26192302 49
1684422571262 0.2629003 50
1684422571336 0.26389766 51
1684422571407 0.26491484 52
1684422571479 0.26595175 53
1684422571549 0.26700833 54
1684422571618 0.26808444 55
1684422571689 0.26917994 56
1684422571760 0.2702948 57
1684422571831 0.27142888 58
1684422571901 0.27258217 59
1684422571975 0.27375454 60
1684422572046 0.2749459 61
1684422572116 0.27615622 62
1684422572187 0.2773854 63
1684422572260 0.2786334 64
1684422572331 0.27990013 65
1684422572401 0.2811855 66
1684422572473 0.2824895 67
1684422572547 0.28381208 68
1684422572620 0.28515315 69
1684422572693 0.28651258 70
1684422572765 0.28789043 71
1684422572841 0.2892866 72
1684422572910 0.2907011 73
1684422572982 0.29213375 74
1684422573053 0.29358461 75
1684422573124 0.2950536 76
1684422573193 0.29654062 77
1684422573263 0.29804575 78
1684422573335 0.29956883 79
1684422573407 0.30110988 80
1684422573477 0.30266884 81
1684422573548 0.30424568 82
1684422573617 0.3058403 83
1684422573689 0.30745277 84
1684422573758 0.30908298 85
1684422573828 0.31073087 86
1684422573898 0.31239644 87
1684422573969 0.31407967 88
1684422574039 0.31578052 89
1684422574112 0.31749886 90
1684422574183 0.3192348 91
1684422574253 0.3209882 92
1684422574324 0.3227591 93
1684422574393 0.32454735 94
1684422574466 0.326353 95
1684422574538 0.32817602 96
1684422574611 0.33001637 97
1684422574683 0.331874 98
1684422574754 0.33374888 99
1684422574826 0.33564094 100
1684422574897 0.33755016 101
1684422574967 0.3394766 102
1684422575043 0.34142008 103
1684422575114 0.34338066 104
1684422575187 0.3453583 105
1684422575260 0.34735292 106
1684422575340 0.34936452 107
1684422575442 0.351393 108
1684422575513 0.35343847 109
1684422575586 0.35550076 110
1684422575659 0.3575799 111
1684422575730 0.35967588 112
1684422575800 0.36178857 113
1684422575870 0.36391804 114
1684422575942 0.3660642 115
1684422576015 0.368227 116
1684422576087 0.37040645 117
1684422576160 0.3726025 118
1684422576230 0.3748151 119
1684422576303 0.37704426 120
1684422576374 0.37928993 121
1684422576447 0.38155204 122
1684422576520 0.38383058 123
1684422576591 0.38612548 124
1684422576662 0.3884368 125
1684422576735 0.39076442 126
1684422576808 0.3931083 127
1684422576880 0.39546847 128
1684422576955 0.3978449 129
1684422577027 0.40023747 130
1684422577099 0.40264618 131
1684422577169 0.40507105 132
1684422577241 0.407512 133
1684422577313 0.40996894 134
1684422577385 0.412442 135
1684422577455 0.41493097 136
1684422577525 0.41743588 137
1684422577598 0.4199567 138
1684422577669 0.4224934 139
1684422577739 0.42504597 140
1684422577809 0.42761433 141
1684422577880 0.43019843 142
1684422577952 0.43279827 143
1684422578022 0.4354138 144
1684422578093 0.43804502 145
1684422578165 0.4406918 146
1684422578236 0.4433542 147
1684422578307 0.44603214 148
1684422578379 0.44872558 149
1684422578450 0.45143452 150
1684422578520 0.4541589 151
1684422578592 0.45689866 152
1684422578662 0.45965374 153
1684422578732 0.46242422 154
1684422578802 0.46520993 155
1684422578872 0.4680109 156
1684422578943 0.4708271 157
1684422579014 0.47365844 158
1684422579086 0.47650492 159
1684422579160 0.47936648 160
1684422579233 0.48224312 161
1684422579304 0.48513475 162
1684422579377 0.48804137 163
1684422579449 0.4909629 164
1684422579521 0.49389935 165
1684422579592 0.49685064 166
1684422579663 0.49981675 167
1684422579734 0.5027976 168
1684422579807 0.5057932 169
1684422579879 0.5088035 170
1684422579950 0.5118284 171
1684422580022 0.51486796 172
1684422580096 0.51792216 173
1684422580167 0.5209907 174
1684422580237 0.5240731 175
1684422580307 0.52716905 176
1684422580377 0.5302783 177
1684422580448 0.53340113 178
1684422580517 0.5365374 179
1684422580588 0.53968745 180
1684422580659 0.5428514 181
1684422580731 0.5460293 182
1684422580802 0.5492214 183
1684422580873 0.55242777 184
1684422580943 0.5556483 185
1684422581011 0.5588832 186
1684422581083 0.56213236 187
1684422581157 0.5653959 188
1684422581227 0.5686736 189
1684422581299 0.57196563 190
1684422581368 0.57527184 191
1684422581439 0.57859224 192
1684422581511 0.5819268 193
1684422581582 0.5852754 194
1684422581650 0.5886382 195
1684422581721 0.5920148 196
1684422581792 0.59540546 197
1684422581865 0.59881 198
1684422581936 0.6022284 199
1684422582008 0.6056607 200
1684422582080 0.60910666 201
1684422582149 0.61256635 202
1684422582335 0.61603975 203
1684422582536 0.6195268 204
1684422582618 0.6230274 205
1684422582687 0.62654155 206
1684422582759 0.6300692 207
1684422582830 0.63361025 208
1684422582902 0.6371647 209
1684422582972 0.6407325 210
1684422583042 0.6443136 211
1684422583118 0.647908 212
1684422583195 0.6515155 213
1684422583268 0.65513617 214
1684422583336 0.65876997 215
1684422583407 0.6624168 216
1684422583488 0.6660766 217
1684422583561 0.6697494 218
1684422583632 0.6734351 219
1684422583701 0.67713344 220
1684422583771 0.6808448 221
1684422583843 0.68456876 222
1684422583913 0.6883055 223
1684422583983 0.69205487 224
1684422584055 0.69581676 225
1684422584128 0.6995912 226
1684422584200 0.7033781 227
1684422584271 0.7071774 228
1684422584340 0.7109891 229
1684422584414 0.7148131 230
1684422584488 0.7186494 231
1684422584561 0.7224978 232
1684422584635 0.7263584 233
1684422584707 0.73023117 234
1684422584779 0.73411596 235
1684422584849 0.7380127 236
1684422584921 0.7419213 237
1684422584992 0.74584186 238
1684422585062 0.7497743 239
1684422585134 0.7537184 240
1684422585203 0.7576742 241
1684422585275 0.76164174 242
1684422585344 0.7656208 243
1684422585414 0.7696116 244
1684422585486 0.77361375 245
1684422585555 0.77762735 246
1684422585625 0.78165233 247
1684422585697 0.78568864 248
1684422585766 0.7897363 249
1684422585835 0.79379505 250
