1684426143407 0.5270976 1
1684426143481 0.4596364 2
1684426143558 0.39582044 3
1684426143632 0.34065896 4
1684426143704 0.29703832 5
1684426143775 0.26546672 6
1684426143846 0.2446804 7
1684426143920 0.2324779 8
1684426143993 0.22643836 9
1684426144063 0.22439107 10
1684426144135 0.22463696 11
1684426144211 0.22598632 12
1684426144285 0.22769096 13
1684426144360 0.22933581 14
1684426144436 0.23073041 15
1684426144508 0.23182063 16
1684426144581 0.23262528 17
1684426144654 0.23319536 18
1684426144727 0.23359022 19
1684426144800 0.23386541 20
1684426144871 0.2340675 21
1684426144944 0.23423302 22
1684426145018 0.23438902 23
1684426145091 0.23455474 24
1684426145164 0.23474324 25
1684426145238 0.2349628 26
1684426145312 0.23521835 27
1684426145383 0.2355122 28
1684426145456 0.23584512 29
1684426145528 0.2362166 30
1684426145599 0.2366255 31
1684426145673 0.2370702 32
1684426145745 0.23754889 33
1684426145820 0.23805964 34
1684426145891 0.23860067 35
1684426145964 0.23917018 36
1684426146036 0.23976657 37
1684426146108 0.2403884 38
1684426146181 0.24103436 39
1684426146251 0.24170336 40
1684426146321 0.24239442 41
1684426146404 0.2431067 42
1684426146476 0.24383953 43
1684426146548 0.24459228 44
1684426146619 0.2453645 45
1684426146689 0.24615572 46
1684426146758 0.24696566 47
1684426146828 0.24779397 48
1684426146898 0.24864045 49
1684426146969 0.2495049 50
1684426147043 0.25038707 51
1684426147114 0.2512869 52
1684426147186 0.25220415 53
1684426147256 0.2531388 54
1684426147328 0.25409067 55
1684426147399 0.25505966 56
1684426147469 0.25604567 57
1684426147539 0.25704864 58
1684426147608 0.25806844 59
1684426147677 0.25910497 60
1684426147748 0.2601582 61
1684426147816 0.26122802 62
1684426147886 0.26231432 63
1684426147957 0.2634171 64
1684426148027 0.26453617 65
1684426148098 0.26567155 66
1684426148169 0.2668231 67
1684426148240 0.2679908 68
1684426148311 0.26917455 69
1684426148430 0.2703743 70
1684426148500 0.27158993 71
1684426148572 0.2728215 72
1684426148641 0.2740688 73
1684426148714 0.27533188 74
1684426148784 0.2766106 75
1684426148853 0.27790502 76
1684426148924 0.27921492 77
1684426148994 0.28054035 78
1684426149063 0.28188124 79
1684426149133 0.28323752 80
1684426149204 0.28460917 81
1684426149274 0.28599608 82
1684426149344 0.28739825 83
1684426149414 0.28881562 84
1684426149483 0.2902481 85
1684426149553 0.29169568 86
1684426149624 0.2931583 87
1684426149695 0.2946359 88
1684426149803 0.29612842 89
1684426149895 0.29763588 90
1684426149980 0.29915816 91
1684426150058 0.30069524 92
1684426150127 0.30224708 93
1684426150199 0.30381358 94
1684426150271 0.30539477 95
1684426150342 0.30699056 96
1684426150411 0.3086009 97
1684426150482 0.31022575 98
1684426150552 0.3118651 99
1684426150621 0.31351882 100
1684426150690 0.31518698 101
1684426150760 0.3168694 102
1684426150829 0.31856614 103
1684426150897 0.3202771 104
1684426150967 0.32200223 105
1684426151037 0.32374156 106
1684426151107 0.325495 107
1684426151178 0.32726246 108
1684426151248 0.32904395 109
1684426151320 0.3308394 110
1684426151392 0.33264875 111
1684426151463 0.334472 112
1684426151535 0.3363091 113
1684426151608 0.33815998 114
1684426151677 0.3400246 115
1684426151749 0.3419029 116
1684426151819 0.3437949 117
1684426151889 0.3457005 118
1684426151960 0.34761965 119
1684426152029 0.34955236 120
1684426152099 0.35149854 121
1684426152170 0.35345817 122
1684426152245 0.3554312 123
1684426152314 0.3574176 124
1684426152389 0.35941732 125
1684426152459 0.36143026 126
1684426152531 0.36345646 127
1684426152604 0.36549586 128
1684426152674 0.36754835 129
1684426152744 0.369614 130
1684426152813 0.3716927 131
1684426152883 0.3737844 132
1684426152955 0.3758891 133
1684426153030 0.3780067 134
1684426153101 0.3801372 135
1684426153171 0.38228053 136
1684426153242 0.38443673 137
1684426153314 0.38660565 138
1684426153385 0.3887873 139
1684426153457 0.39098164 140
1684426153528 0.39318863 141
1684426153598 0.3954082 142
1684426153668 0.3976404 143
1684426153739 0.39988503 144
1684426153809 0.4021422 145
1684426154079 0.4044118 146
1684426154191 0.40669382 147
1684426154263 0.40898818 148
1684426154332 0.41129482 149
1684426154403 0.41361377 150
1684426154480 0.41594496 151
1684426154558 0.41828832 152
1684426154635 0.42064387 153
1684426154706 0.42301154 154
1684426154777 0.42539126 155
1684426154847 0.42778307 156
1684426154917 0.43018684 157
1684426154987 0.43260258 158
1684426155059 0.43503022 159
1684426155131 0.43746972 160
1684426155202 0.4399211 161
1684426155277 0.4423843 162
1684426155346 0.44485927 163
1684426155416 0.44734588 164
1684426155486 0.44984427 165
1684426155556 0.45235425 166
1684426155625 0.45487583 167
1684426155695 0.457409 168
1684426155766 0.45995367 169
1684426155837 0.46250984 170
1684426155906 0.4650775 171
1684426155975 0.46765655 172
1684426156081 0.47024694 173
1684426156152 0.47284868 174
1684426156224 0.47546172 175
1684426156295 0.47808605 176
1684426156365 0.48072156 177
1684426156434 0.48336834 178
1684426156503 0.4860261 179
1684426156573 0.48869509 180
1684426156644 0.49137512 181
1684426156714 0.49406615 182
1684426156788 0.4967682 183
1684426156858 0.49948123 184
1684426156927 0.50220513 185
1684426156997 0.5049399 186
1684426157066 0.5076856 187
1684426157136 0.510442 188
1684426157207 0.5132092 189
1684426157283 0.51598716 190
1684426157355 0.5187758 191
1684426157426 0.5215751 192
1684426157497 0.52438504 193
1684426157569 0.5272056 194
1684426157639 0.53003657 195
1684426157709 0.53287816 196
1684426157780 0.5357301 197
1684426157849 0.5385926 198
1684426157918 0.5414654 199
1684426157991 0.5443486 200
1684426158061 0.54724216 201
1684426158130 0.550146 202
1684426158199 0.55306005 203
1684426158272 0.5559844 204
1684426158341 0.55891883 205
1684426158413 0.5618634 206
1684426158484 0.56481814 207
1684426158553 0.56778294 208
1684426158623 0.57075775 209
1684426158693 0.57374257 210
1684426158765 0.5767374 211
1684426158835 0.5797421 212
1684426158905 0.58275664 213
1684426158974 0.5857811 214
1684426159047 0.5888154 215
1684426159119 0.59185946 216
1684426159189 0.59491324 217
1684426159260 0.5979768 218
1684426159332 0.60105 219
1684426159402 0.6041329 220
1684426159471 0.60722536 221
1684426159543 0.61032736 222
1684426159610 0.61343896 223
1684426159680 0.61656004 224
1684426159751 0.6196906 225
1684426159820 0.6228306 226
1684426159890 0.62598 227
1684426159961 0.62913877 228
1684426160033 0.6323068 229
1684426160105 0.6354842 230
1684426160174 0.6386709 231
1684426160244 0.64186674 232
1684426160315 0.64507186 233
1684426160389 0.6482861 234
1684426160459 0.65150946 235
1684426160529 0.65474194 236
1684426160598 0.6579835 237
1684426160843 0.66123414 238
1684426160994 0.6644937 239
1684426161077 0.66776216 240
1684426161149 0.6710396 241
1684426161220 0.67432594 242
1684426161293 0.6776211 243
1684426161363 0.68092525 244
1684426161433 0.684238 245
1684426161503 0.6875596 246
1684426161573 0.69088995 247
1684426161645 0.69422895 248
1684426161714 0.69757664 249
1684426161786 0.700933 250
