1684424742361 0.55074394 1
1684424742440 0.48475644 2
1684424742514 0.42223138 3
1684424742586 0.36804563 4
1684424742659 0.32502747 5
1684424742731 0.2937034 6
1684424742802 0.27288026 7
1684424742874 0.26044977 8
1684424742947 0.2540823 9
1684424743019 0.25168106 10
1684424743091 0.25159812 11
1684424743167 0.25267285 12
1684424743240 0.2541688 13
1684424743313 0.25567064 14
1684424743386 0.2569808 15
1684424743459 0.25803494 16
1684424743532 0.2588411 17
1684424743605 0.25944024 18
1684424743681 0.25988337 19
1684424743755 0.26021934 20
1684424743827 0.2604897 21
1684424743898 0.26072714 22
1684424743970 0.26095623 23
1684424744043 0.2611945 24
1684424744117 0.26145393 25
1684424744194 0.26174214 26
1684424744266 0.2620639 27
1684424744339 0.26242143 28
1684424744411 0.26281562 29
1684424744482 0.26324615 30
1684424744555 0.26371208 31
1684424744626 0.2642121 32
1684424744697 0.26474458 33
1684424744771 0.2653079 34
1684424744842 0.26590043 35
1684424744913 0.26652062 36
1684424744982 0.26716703 37
1684424745053 0.2678384 38
1684424745123 0.26853347 39
1684424745195 0.26925132 40
1684424745271 0.269991 41
1684424745342 0.27075183 42
1684424745414 0.27153316 43
1684424745485 0.27233443 44
1684424745554 0.2731552 45
1684424745624 0.2739951 46
1684424745696 0.27485383 47
1684424745768 0.27573103 48
1684424745839 0.27662665 49
1684424745909 0.2775404 50
1684424745978 0.27847207 51
1684424746047 0.27942163 52
1684424746118 0.2803889 53
1684424746190 0.2813738 54
1684424746261 0.28237617 55
1684424746332 0.28339598 56
1684424746402 0.28443307 57
1684424746475 0.28548744 58
1684424746544 0.28655896 59
1684424746614 0.28764755 60
1684424746684 0.28875312 61
1684424746755 0.28987566 62
1684424746827 0.29101503 63
1684424746899 0.29217118 64
1684424746969 0.29334408 65
1684424747039 0.29453358 66
1684424747108 0.29573968 67
1684424747179 0.29696232 68
1684424747251 0.2982014 69
1684424747334 0.2994569 70
1684424747408 0.30072874 71
1684424747479 0.30201685 72
1684424747549 0.30332118 73
1684424747618 0.30464172 74
1684424747691 0.30597836 75
1684424747759 0.30733106 76
1684424747830 0.3086998 77
1684424747901 0.31008446 78
1684424747971 0.31148508 79
1684424748042 0.31290156 80
1684424748112 0.31433386 81
1684424748183 0.31578192 82
1684424748255 0.31724572 83
1684424748327 0.31872523 84
1684424748397 0.32022035 85
1684424748468 0.32173103 86
1684424748542 0.3232573 87
1684424748614 0.32479906 88
1684424748685 0.3263563 89
1684424748757 0.3279289 90
1684424748828 0.32951692 91
1684424748900 0.33112025 92
1684424748973 0.33273888 93
1684424749043 0.33437276 94
1684424749115 0.33602178 95
1684424749187 0.337686 96
1684424749259 0.33936533 97
1684424749331 0.34105974 98
1684424749402 0.3427692 99
1684424749473 0.34449363 100
1684424749545 0.34623295 101
1684424749618 0.34798723 102
1684424749688 0.3497564 103
1684424749759 0.3515403 104
1684424749831 0.35333902 105
1684424749902 0.35515252 106
1684424749974 0.35698068 107
1684424750045 0.3588235 108
1684424750122 0.36068094 109
1684424750197 0.36255294 110
1684424750275 0.3644395 111
1684424750349 0.36634052 112
1684424750423 0.368256 113
1684424750494 0.37018585 114
1684424750570 0.37213016 115
1684424750653 0.37408876 116
1684424750741 0.37606162 117
1684424750815 0.37804878 118
1684424750890 0.3800501 119
1684424750963 0.3820656 120
1684424751037 0.38409522 121
1684424751234 0.38613898 122
1684424751325 0.3881967 123
1684424751401 0.3902685 124
1684424751474 0.39235425 125
1684424751543 0.3944539 126
1684424751615 0.39656752 127
1684424751686 0.39869487 128
1684424751756 0.4008361 129
1684424751826 0.40299112 130
1684424751900 0.4051598 131
1684424751976 0.4073422 132
1684424752047 0.40953827 133
1684424752119 0.41174793 134
1684424752197 0.41397113 135
1684424752276 0.4162079 136
1684424752348 0.41845816 137
1684424752417 0.42072192 138
1684424752490 0.42299908 139
1684424752561 0.42528963 140
1684424752630 0.42759356 141
1684424752701 0.42991075 142
1684424752772 0.43224126 143
1684424752842 0.43458495 144
1684424752911 0.43694186 145
1684424752984 0.43931198 146
1684424753055 0.44169515 147
1684424753125 0.44409144 148
1684424753194 0.44650078 149
1684424753266 0.4489231 150
1684424753334 0.4513584 151
1684424753407 0.45380667 152
1684424753478 0.45626777 153
1684424753548 0.4587418 154
1684424753617 0.4612286 155
1684424753687 0.46372822 156
1684424753759 0.46624058 157
1684424753934 0.46876568 158
1684424754005 0.4713034 159
1684424754075 0.4738538 160
1684424754145 0.4764168 161
1684424754218 0.47899234 162
1684424754287 0.4815804 163
1684424754358 0.48418102 164
1684424754428 0.48679405 165
1684424754499 0.48941952 166
1684424754569 0.49205735 167
1684424754640 0.49470747 168
1684424754710 0.49736995 169
1684424754779 0.5000447 170
1684424754849 0.5027317 171
1684424754918 0.50543094 172
1684424754988 0.50814223 173
1684424755058 0.51086575 174
1684424755127 0.5136013 175
1684424755198 0.51634896 176
1684424755272 0.5191087 177
1684424755343 0.5218803 178
1684424755419 0.5246639 179
1684424755495 0.5274595 180
1684424755570 0.53026694 181
1684424755644 0.5330862 182
1684424755715 0.5359173 183
1684424755785 0.5387602 184
1684424755857 0.5416148 185
1684424755926 0.54448116 186
1684424755997 0.5473591 187
1684424756066 0.5502488 188
1684424756137 0.55315006 189
1684424756208 0.55606294 190
1684424756280 0.5589873 191
1684424756351 0.5619232 192
1684424756421 0.56487054 193
1684424756492 0.5678294 194
1684424756564 0.5707996 195
1684424756634 0.5737812 196
1684424756705 0.5767741 197
1684424756774 0.5797784 198
1684424756841 0.58279395 199
1684424756911 0.5858207 200
1684424756981 0.58885866 201
1684424757050 0.59190786 202
1684424757121 0.5949681 203
1684424757191 0.5980395 204
1684424757260 0.601122 205
1684424757331 0.6042155 206
1684424757402 0.60732 207
1684424757472 0.61043555 208
1684424757541 0.613562 209
1684424757611 0.6166994 210
1684424757680 0.61984766 211
1684424757749 0.6230068 212
1684424757817 0.6261767 213
1684424757993 0.6293574 214
1684424758066 0.6325488 215
1684424758138 0.635751 216
1684424758208 0.6389639 217
1684424758277 0.6421875 218
1684424758350 0.6454216 219
1684424758421 0.6486664 220
1684424758491 0.6519217 221
1684424758561 0.65518755 222
1684424758631 0.6584639 223
1684424758701 0.6617507 224
1684424758767 0.66504794 225
1684424758837 0.6683557 226
1684424758905 0.6716737 227
1684424758973 0.67500216 228
1684424759043 0.6783408 229
1684424759113 0.68168986 230
1684424759181 0.68504906 231
1684424759315 0.68841857 232
1684424759466 0.6917982 233
1684424759536 0.69518805 234
1684424759605 0.69858795 235
1684424759672 0.7019981 236
1684424759743 0.70541817 237
1684424759819 0.70884836 238
1684424759888 0.7122885 239
1684424759958 0.7157387 240
1684424760032 0.7191988 241
1684424760103 0.7226688 242
1684424760172 0.72614884 243
1684424760248 0.7296386 244
1684424760320 0.73313826 245
1684424760390 0.73664767 246
1684424760461 0.74016684 247
1684424760530 0.7436958 248
1684424760603 0.74723446 249
1684424760673 0.75078285 250
