1684426445067 0.45354652 1
1684426445143 0.39625174 2
1684426445219 0.3434783 3
1684426445294 0.29964206 4
1684426445366 0.2670525 5
1684426445439 0.2457608 6
1684426445519 0.23419687 7
1684426445594 0.22999813 8
1684426445666 0.23070398 9
1684426445738 0.23419486 10
1684426445812 0.23888245 11
1684426445888 0.24372017 12
1684426445963 0.24811427 13
1684426446036 0.2518003 14
1684426446110 0.25472566 15
1684426446183 0.25695634 16
1684426446258 0.25861195 17
1684426446330 0.25982532 18
1684426446405 0.2607205 19
1684426446478 0.26140276 20
1684426446551 0.2619558 21
1684426446626 0.26244318 22
1684426446698 0.26291096 23
1684426446772 0.2633911 24
1684426446847 0.26390478 25
1684426446921 0.26446512 26
1684426446995 0.26507932 27
1684426447065 0.26575056 28
1684426447135 0.26647905 29
1684426447215 0.26726335 30
1684426447291 0.26810086 31
1684426447362 0.26898828 32
1684426447434 0.26992223 33
1684426447505 0.27089912 34
1684426447577 0.2719157 35
1684426447650 0.2729688 36
1684426447722 0.2740557 37
1684426447793 0.27517387 38
1684426447867 0.27632114 39
1684426447938 0.27749574 40
1684426448007 0.278696 41
1684426448076 0.27992067 42
1684426448147 0.28116858 43
1684426448216 0.28243884 44
1684426448287 0.28373075 45
1684426448357 0.28504354 46
1684426448428 0.28637686 47
1684426448499 0.28773025 48
1684426448570 0.28910333 49
1684426448643 0.29049584 50
1684426448716 0.29190755 51
1684426448786 0.2933382 52
1684426448857 0.29478768 53
1684426448928 0.29625583 54
1684426448997 0.29774252 55
1684426449066 0.2992476 56
1684426449138 0.30077097 57
1684426449208 0.3023125 58
1684426449277 0.30387217 59
1684426449345 0.30544984 60
1684426449416 0.3070454 61
1684426449486 0.30865884 62
1684426449559 0.31029 63
1684426449630 0.31193888 64
1684426449704 0.31360537 65
1684426449775 0.31528935 66
1684426449846 0.31699085 67
1684426449918 0.31870976 68
1684426449987 0.32044604 69
1684426450057 0.32219958 70
1684426450126 0.3239704 71
1684426450197 0.3257584 72
1684426450275 0.32756352 73
1684426450346 0.32938576 74
1684426450416 0.33122504 75
1684426450488 0.33308133 76
1684426450559 0.33495456 77
1684426450670 0.33684468 78
1684426450740 0.33875167 79
1684426450810 0.34067553 80
1684426450881 0.34261614 81
1684426450951 0.3445736 82
1684426451022 0.34654766 83
1684426451092 0.3485385 84
1684426451162 0.35054594 85
1684426451234 0.35257 86
1684426451306 0.35461062 87
1684426451377 0.35666788 88
1684426451447 0.35874155 89
1684426451518 0.36083177 90
1684426451589 0.3629384 91
1684426451660 0.36506146 92
1684426451733 0.3672009 93
1684426451802 0.36935663 94
1684426451874 0.3715287 95
1684426451944 0.37371707 96
1684426452014 0.3759217 97
1684426452085 0.37814248 98
1684426452156 0.38037944 99
1684426452228 0.38263255 100
1684426452298 0.38490176 101
1684426452369 0.38718703 102
1684426452440 0.38948837 103
1684426452510 0.39180568 104
1684426452580 0.39413896 105
1684426452652 0.3964882 106
1684426452722 0.39885324 107
1684426452791 0.4012342 108
1684426452866 0.403631 109
1684426452938 0.40604362 110
1684426453011 0.40847194 111
1684426453080 0.41091603 112
1684426453151 0.41337577 113
1684426453220 0.41585115 114
1684426453289 0.41834217 115
1684426453358 0.4208488 116
1684426453431 0.4233709 117
1684426453502 0.42590857 118
1684426453573 0.4284617 119
1684426453645 0.4310303 120
1684426453717 0.43361422 121
1684426453789 0.43621352 122
1684426453859 0.43882823 123
1684426453934 0.44145814 124
1684426454003 0.44410336 125
1684426454073 0.44676375 126
1684426454143 0.44943935 127
1684426454212 0.45213014 128
1684426454283 0.45483595 129
1684426454353 0.45755687 130
1684426454425 0.46029282 131
1684426454496 0.46304375 132
1684426454564 0.46580964 133
1684426454635 0.4685904 134
1684426454705 0.47138613 135
1684426454775 0.47419658 136
1684426454845 0.47702187 137
1684426454915 0.47986197 138
1684426454985 0.48271677 139
1684426455055 0.48558623 140
1684426455126 0.48847035 141
1684426455199 0.491369 142
1684426455270 0.49428228 143
1684426455365 0.4972101 144
1684426455444 0.50015235 145
1684426455516 0.50310904 146
1684426455588 0.50608015 147
1684426455657 0.50906557 148
1684426455727 0.5120653 149
1684426455797 0.5150793 150
1684426455868 0.51810753 151
1684426455942 0.52115005 152
1684426456012 0.5242066 153
1684426456087 0.5272773 154
1684426456157 0.530362 155
1684426456228 0.5334608 156
1684426456300 0.53657347 157
1684426456373 0.5397001 158
1684426456443 0.54284066 159
1684426456512 0.545995 160
1684426456582 0.54916316 161
1684426456653 0.55234504 162
1684426456723 0.5555406 163
1684426456793 0.55874985 164
1684426456861 0.56197274 165
1684426456931 0.56520915 166
1684426457002 0.5684591 167
1684426457072 0.5717225 168
1684426457144 0.5749994 169
1684426457212 0.57828957 170
1684426457287 0.5815931 171
1684426457358 0.5849099 172
1684426457430 0.58823997 173
1684426457501 0.5915832 174
1684426457571 0.5949396 175
1684426457641 0.5983091 176
1684426457712 0.6016916 177
1684426457786 0.60508704 178
1684426457987 0.6084955 179
1684426458155 0.6119168 180
1684426458259 0.61535096 181
1684426458332 0.61879796 182
1684426458402 0.62225765 183
1684426458472 0.62573004 184
1684426458543 0.62921506 185
1684426458614 0.6327127 186
1684426458684 0.63622284 187
1684426458754 0.6397455 188
1684426458822 0.6432806 189
1684426458892 0.64682794 190
1684426458961 0.65038776 191
1684426459030 0.6539599 192
1684426459099 0.65754414 193
1684426459171 0.66114056 194
1684426459328 0.66474915 195
1684426459399 0.6683697 196
1684426459470 0.6720023 197
1684426459541 0.6756469 198
1684426459612 0.6793034 199
1684426459684 0.6829717 200
1684426459753 0.68665195 201
1684426459824 0.69034374 202
1684426459894 0.69404733 203
1684426459964 0.6977625 204
1684426460034 0.70148927 205
1684426460106 0.7052275 206
1684426460175 0.7089772 207
1684426460246 0.71273834 208
1684426460319 0.71651083 209
1684426460391 0.72029465 210
1684426460480 0.72408974 211
1684426460565 0.727896 212
1684426460642 0.73171324 213
1684426460724 0.7355417 214
1684426460805 0.7393811 215
1684426460884 0.7432315 216
1684426460962 0.74709284 217
1684426461086 0.75096494 218
1684426461166 0.7548479 219
1684426461237 0.7587416 220
1684426461310 0.76264596 221
1684426461380 0.76656103 222
1684426461450 0.7704865 223
1684426461521 0.7744226 224
1684426461595 0.77836907 225
1684426461665 0.78232604 226
1684426461736 0.7862933 227
1684426461814 0.7902709 228
1684426461889 0.7942587 229
1684426461959 0.7982567 230
1684426462030 0.8022648 231
1684426462101 0.806283 232
1684426462171 0.8103112 233
1684426462242 0.81434935 234
1684426462311 0.8183974 235
1684426462382 0.8224553 236
1684426462453 0.826523 237
1684426462525 0.8306005 238
1684426462594 0.8346876 239
1684426462664 0.83878434 240
1684426462734 0.84289074 241
1684426462804 0.8470065 242
1684426462878 0.8511319 243
1684426462946 0.8552667 244
1684426463017 0.8594108 245
1684426463086 0.8635643 246
1684426463155 0.86772704 247
1684426463224 0.871899 248
1684426463298 0.8760801 249
1684426463369 0.88027036 250
