1684424742323 0.0014551674454406922 1
1684424742410 0.0013726096474973178 2
1684424742485 0.0013033590041579023 3
1684424742558 0.0012544937611744743 4
1684424742630 0.0012220402248849641 5
1684424742703 0.0011968995122675049 6
1684424742775 0.0011720962468831212 7
1684424742846 0.0011459625856784677 8
1684424742918 0.0011208038367207962 9
1684424742991 0.0011005701215398927 10
1684424743063 0.0010888348754132238 11
1684424743139 0.0010880287473081355 12
1684424743213 0.0010993427821438617 13
1684424743285 0.0011228676400311466 14
1684424743357 0.0011579169991666656 15
1684424743431 0.0012031901870345578 16
1684424743504 0.001257118714463305 17
1684424743577 0.0013180681711297082 18
1684424743651 0.0013844942336495884 19
1684424743725 0.0014550823073014667 20
1684424743800 0.0015287576327270137 21
1684424743871 0.0016047534164344256 22
1684424743942 0.0016824398708379642 23
1684424744016 0.0017614386621531348 24
1684424744087 0.001841464664420674 25
1684424744166 0.00192239848900079 26
1684424744238 0.0020041249054658697 27
1684424744310 0.0020866140003497277 28
1684424744383 0.002169871487012919 29
1684424744454 0.0022539028306889897 30
1684424744526 0.002338728885228598 31
1684424744598 0.002424395365142562 32
1684424744670 0.0025109070892483003 33
1684424744740 0.002598312969677373 34
1684424744814 0.0026866300666666025 35
1684424744886 0.0027758848621397274 36
1684424744956 0.002866088149605426 37
1684424745026 0.0029572513452488097 38
1684424745096 0.0030493897161448704 39
1684424745166 0.003142497387376224 40
1684424745244 0.003236592637784903 41
1684424745315 0.003331663617398469 42
1684424745386 0.0034277297800438178 43
1684424745458 0.0035247904915026974 44
1684424745527 0.003622860991497163 45
1684424745596 0.003721951425389063 46
1684424745670 0.003822053808512205 47
1684424745740 0.003923191870906222 48
1684424745812 0.00402537318901992 49
1684424745882 0.004128603220911836 50
1684424745951 0.0042328995227248955 51
1684424746021 0.0043382834913981445 52
1684424746090 0.00444476731162669 53
1684424746163 0.004552352914925149 54
1684424746235 0.004661060583367557 55
1684424746305 0.004770891794214854 56
1684424746375 0.004881858644473141 57
1684424746448 0.0049939730054865475 58
1684424746517 0.005107253867695955 59
1684424746587 0.005221690333083038 60
1684424746657 0.005337334189621077 61
1684424746727 0.005454178500626486 62
1684424746798 0.005572226367225349 63
1684424746871 0.005691523462822683 64
1684424746942 0.005812073019008908 65
1684424747013 0.0059338706818288 66
1684424747081 0.0060569678924486305 67
1684424747151 0.006181354168266501 68
1684424747225 0.006307055754075663 69
1684424747302 0.006434087850097852 70
1684424747381 0.006562469981085966 71
1684424747452 0.006692210380228439 72
1684424747522 0.006823331823361594 73
1684424747592 0.0069558528788881 74
1684424747664 0.007089782633652969 75
1684424747733 0.007225143062135238 76
1684424747802 0.007361945497363935 77
1684424747873 0.007500190845760532 78
1684424747945 0.007639948039042145 79
1684424748015 0.007781173983243723 80
1684424748085 0.007923904651723981 81
1684424748155 0.008068160058167784 82
1684424748227 0.008213965772773451 83
1684424748298 0.008361316548665962 84
1684424748370 0.008510245856526008 85
1684424748441 0.008660725983328798 86
1684424748514 0.00881284775003774 87
1684424748586 0.008966573791546022 88
1684424748657 0.009121936115578815 89
1684424748729 0.009278940329783672 90
1684424748800 0.009437604491618807 91
1684424748873 0.00959795271270648 92
1684424748945 0.009759980872206779 93
1684424749016 0.009923732238440452 94
1684424749088 0.010089197971557395 95
1684424749159 0.01025639283037342 96
1684424749232 0.01042535998581427 97
1684424749302 0.010596077684680892 98
1684424749375 0.010768581847804886 99
1684424749446 0.010942888060692268 100
1684424749517 0.011119011377290605 101
1684424749590 0.011296940403837198 102
1684424749661 0.011476730875167464 103
1684424749732 0.011658370807161708 104
1684424749803 0.011841901613084425 105
1684424749875 0.012027293477588349 106
1684424749946 0.012214592527590561 107
1684424750017 0.012403797549163842 108
1684424750091 0.012594921836391767 109
1684424750168 0.012788016113630668 110
1684424750246 0.01298304748348707 111
1684424750319 0.01318005503364695 112
1684424750396 0.013379060826261965 113
1684424750468 0.013580034334794173 114
1684424750539 0.013783040117012191 115
1684424750619 0.013988069010691162 116
1684424750710 0.014195144852710319 117
1684424750787 0.014404271846912241 118
1684424750863 0.014615441836131686 119
1684424750933 0.01482872798197544 120
1684424751007 0.015044105043885595 121
1684424751158 0.015261589614150488 122
1684424751297 0.015481194896895995 123
1684424751372 0.015702936208546694 124
1684424751446 0.015926821628262786 125
1684424751516 0.01615288861075412 126
1684424751586 0.01638115292308558 127
1684424751658 0.016611668017484104 128
1684424751729 0.016844458839362513 129
1684424751799 0.017079531957460842 130
1684424751869 0.017316884035104615 131
1684424751947 0.017556507466851473 132
1684424752020 0.017798430531591896 133
1684424752090 0.01804265459885505 134
1684424752166 0.018289164072123002 135
1684424752248 0.018537994877665085 136
1684424752321 0.01878913571823303 137
1684424752390 0.019042614380348755 138
1684424752462 0.01929842200462296 139
1684424752534 0.01955657323601153 140
1684424752603 0.0198171047678054 141
1684424752675 0.02007998013285239 142
1684424752745 0.02034526664307116 143
1684424752816 0.02061294714890266 144
1684424752885 0.020883036276161348 145
1684424752957 0.021155536756512234 146
1684424753027 0.02143049127012242 147
1684424753097 0.021707890235574148 148
1684424753167 0.021987767038830444 149
1684424753239 0.022270095874430934 150
1684424753308 0.022554928044746625 151
1684424753380 0.022842257831780753 152
1684424753451 0.023132121624417457 153
1684424753521 0.023424487052784177 154
1684424753591 0.023719419680629038 155
1684424753660 0.024016869045662453 156
1684424753731 0.0243168920134095 157
1684424753907 0.024619515370394602 158
1684424753977 0.024924697118829543 159
1684424754049 0.025232505623988107 160
1684424754119 0.025542914907402414 161
1684424754191 0.02585594557099864 162
1684424754261 0.02617177937711959 163
1684424754331 0.026490432447756312 164
1684424754401 0.02681194950198432 165
1684424754472 0.027136369166643876 166
1684424754542 0.02746361175045404 167
1684424754612 0.027793726808271208 168
1684424754684 0.028126645449766775 169
1684424754752 0.028462361439855793 170
1684424754822 0.028800865605708024 171
1684424754891 0.029142151528474512 172
1684424754961 0.02948621559504027 173
1684424755031 0.029833042140724905 174
1684424755101 0.030182671243753192 175
1684424755170 0.030535053411087462 176
1684424755245 0.03089025288496661 177
1684424755316 0.031248239298841622 178
1684424755385 0.03160905641615669 179
1684424755466 0.031972700816021264 180
1684424755543 0.032339179888602056 181
1684424755615 0.03270850919870995 182
1684424755688 0.03308069641345532 183
1684424755758 0.03345575123779273 184
1684424755828 0.033833745750397604 185
1684424755899 0.03421459464956 186
1684424755970 0.034598356856131406 187
1684424756040 0.03498509191036643 188
1684424756108 0.03537470852398392 189
1684424756181 0.03576731890759588 190
1684424756254 0.03616288770255547 191
1684424756323 0.03656144140648559 192
1684424756395 0.03696297451972016 193
1684424756464 0.03736752539105197 194
1684424756537 0.03777508491926581 195
1684424756607 0.03818565848776098 196
1684424756677 0.03859930130257428 197
1684424756747 0.03901597605618161 198
1684424756816 0.03943572823674548 199
1684424756884 0.0398585446806708 200
1684424756954 0.040284471894135865 201
1684424757024 0.040713506089840805 202
1684424757094 0.04114564382520241 203
1684424757164 0.04158092164147766 204
1684424757234 0.04201931434877688 205
1684424757305 0.042460878066329456 206
1684424757375 0.042905604496880016 207
1684424757445 0.043353492326780534 208
1684424757515 0.04380459497019906 209
1684424757585 0.04425886729854306 210
1684424757654 0.04471639329454536 211
1684424757723 0.04517711084663095 212
1684424757791 0.045641090211539434 213
1684424757859 0.046108317702885086 214
1684424758038 0.04657880547929432 215
1684424758110 0.047052580558175135 216
1684424758182 0.047529609430618944 217
1684424758250 0.04800995706794837 218
1684424758321 0.048493661402244655 219
1684424758393 0.048980603505865646 220
1684424758464 0.04947096495125662 221
1684424758535 0.049964618426735226 222
1684424758604 0.05046167009785684 223
1684424758674 0.050962078142337226 224
1684424758742 0.05146588224469271 225
1684424758810 0.05197307094334945 226
1684424758879 0.05248366780683907 227
1684424758947 0.05299769881440254 228
1684424759016 0.05351514550241057 229
1684424759086 0.054036047673146355 230
1684424759155 0.05456039900995381 231
1684424759224 0.05508821154712671 232
1684424759427 0.05561952302716224 233
1684424759508 0.05615434914770915 234
1684424759579 0.0566926412613665 235
1684424759646 0.05723449657110424 236
1684424759716 0.0577797942082844 237
1684424759788 0.05832870490105037 238
1684424759861 0.058881167131879464 239
1684424759931 0.05943715625265693 240
1684424760001 0.059996749541181046 241
1684424760076 0.060559940497341515 242
1684424760146 0.06112669495215015 243
1684424760215 0.06169709354827289 244
1684424760291 0.06227107291020988 245
1684424760364 0.06284873106131098 246
1684424760435 0.06343001606904664 247
1684424760503 0.06401497030027578 248
1684424760575 0.06460356895994251 249
1684424760646 0.06519586124588582 250
