1684425636736 0.5362655 1
1684425636817 0.46868825 2
1684425636895 0.40494075 3
1684425636965 0.35005406 4
1684425637037 0.30689824 5
1684425637107 0.27593595 6
1684425637179 0.2558429 7
1684425637249 0.24435769 8
1684425637322 0.23900999 9
1684425637392 0.23759508 10
1684425637461 0.23839521 11
1684425637533 0.24021463 12
1684425637604 0.24230838 13
1684425637674 0.24427003 14
1684425637745 0.24592054 15
1684425637819 0.24721785 16
1684425637889 0.24819204 17
1684425637959 0.24890411 18
1684425638030 0.24942172 19
1684425638102 0.24980709 20
1684425638172 0.250112 21
1684425638243 0.25037667 22
1684425638315 0.2506311 23
1684425638385 0.25089628 24
1684425638455 0.25118658 25
1684425638529 0.25151116 26
1684425638600 0.25187528 27
1684425638671 0.25228167 28
1684425638741 0.25273108 29
1684425638817 0.25322312 30
1684425638887 0.25375646 31
1684425638957 0.25432953 32
1684425639029 0.2549402 33
1684425639101 0.25558648 34
1684425639174 0.2562663 35
1684425639246 0.2569778 36
1684425639320 0.25771916 37
1684425639391 0.25848877 38
1684425639463 0.2592852 39
1684425639535 0.26010734 40
1684425639604 0.26095405 41
1684425639674 0.26182455 42
1684425639745 0.26271805 43
1684425639815 0.263634 44
1684425639885 0.26457176 45
1684425639955 0.26553094 46
1684425640024 0.2665111 47
1684425640094 0.26751208 48
1684425640164 0.26853344 49
1684425640235 0.2695751 50
1684425640303 0.2706368 51
1684425640374 0.27171838 52
1684425640445 0.27281976 53
1684425640514 0.2739408 54
1684425640586 0.27508134 55
1684425640657 0.2762414 56
1684425640726 0.27742073 57
1684425640798 0.27861935 58
1684425640869 0.27983713 59
1684425640939 0.28107405 60
1684425641009 0.28232995 61
1684425641079 0.2836048 62
1684425641149 0.28489852 63
1684425641218 0.28621107 64
1684425641291 0.28754237 65
1684425641362 0.28889236 66
1684425641432 0.29026094 67
1684425641504 0.29164806 68
1684425641577 0.2930537 69
1684425641650 0.29447773 70
1684425641722 0.29592013 71
1684425641793 0.29738095 72
1684425641862 0.29885998 73
1684425641930 0.30035725 74
1684425642000 0.30187273 75
1684425642073 0.3034063 76
1684425642143 0.304958 77
1684425642212 0.3065277 78
1684425642296 0.30811542 79
1684425642372 0.30972108 80
1684425642443 0.31134465 81
1684425642512 0.3129861 82
1684425642583 0.31464538 83
1684425642655 0.31632245 84
1684425642726 0.31801724 85
1684425642797 0.31972978 86
1684425642866 0.32145995 87
1684425642935 0.32320774 88
1684425643004 0.32497317 89
1684425643077 0.32675612 90
1684425643146 0.32855654 91
1684425643215 0.33037448 92
1684425643285 0.33220986 93
1684425643356 0.33406258 94
1684425643423 0.3359327 95
1684425643494 0.33782014 96
1684425643566 0.33972484 97
1684425643636 0.3416468 98
1684425643707 0.3435859 99
1684425643780 0.34554255 100
1684425643850 0.34751666 101
1684425643921 0.34950832 102
1684425643991 0.35151744 103
1684425644062 0.353544 104
1684425644134 0.35558778 105
1684425644206 0.3576488 106
1684425644276 0.35972685 107
1684425644347 0.36182195 108
1684425644418 0.36393392 109
1684425644490 0.3660628 110
1684425644562 0.36820838 111
1684425644635 0.37037072 112
1684425644704 0.3725497 113
1684425644776 0.37474534 114
1684425644844 0.3769575 115
1684425644913 0.3791862 116
1684425644983 0.38143146 117
1684425645053 0.3836931 118
1684425645123 0.38597113 119
1684425645194 0.3882656 120
1684425645263 0.39057636 121
1684425645335 0.3929034 122
1684425645408 0.39524665 123
1684425645477 0.3976062 124
1684425645546 0.39998183 125
1684425645617 0.4023736 126
1684425645688 0.4047815 127
1684425645759 0.4072054 128
1684425645829 0.40964532 129
1684425645896 0.4121012 130
1684425645965 0.414573 131
1684425646034 0.41706067 132
1684425646104 0.4195642 133
1684425646173 0.4220835 134
1684425646244 0.4246185 135
1684425646312 0.42716926 136
1684425646382 0.42973566 137
1684425646453 0.43231767 138
1684425646522 0.4349153 139
1684425646593 0.43752843 140
1684425646663 0.44015703 141
1684425646733 0.4428011 142
1684425646803 0.44546053 143
1684425646880 0.44813532 144
1684425646951 0.45082545 145
1684425647021 0.45353082 146
1684425647093 0.4562514 147
1684425647165 0.45898715 148
1684425647239 0.46173805 149
1684425647311 0.464504 150
1684425647381 0.46728498 151
1684425647452 0.4700809 152
1684425647523 0.4728918 153
1684425647595 0.4757176 154
1684425647667 0.4785582 155
1684425647736 0.48141366 156
1684425647806 0.48428386 157
1684425647879 0.4871687 158
1684425647949 0.4900682 159
1684425648018 0.49298227 160
1684425648088 0.49591094 161
1684425648160 0.4988541 162
1684425648229 0.5018116 163
1684425648299 0.50478363 164
1684425648370 0.50776994 165
1684425648439 0.51077056 166
1684425648508 0.5137855 167
1684425648577 0.51681453 168
1684425648647 0.5198577 169
1684425648716 0.522915 170
1684425648832 0.5259863 171
1684425648905 0.52907157 172
1684425648975 0.5321708 173
1684425649044 0.5352838 174
1684425649116 0.5384107 175
1684425649186 0.5415514 176
1684425649254 0.54470575 177
1684425649324 0.54787374 178
1684425649395 0.5510554 179
1684425649533 0.5542505 180
1684425649728 0.5574591 181
1684425649822 0.56068116 182
1684425649892 0.56391656 183
1684425649962 0.5671653 184
1684425650034 0.5704273 185
1684425650105 0.57370245 186
1684425650177 0.5769908 187
1684425650249 0.58029217 188
1684425650320 0.58360654 189
1684425650403 0.5869339 190
1684425650477 0.59027416 191
1684425650548 0.5936272 192
1684425650618 0.5969931 193
1684425650688 0.6003717 194
1684425650756 0.603763 195
1684425650828 0.60716677 196
1684425650902 0.6105831 197
1684425650971 0.614012 198
1684425651039 0.6174532 199
1684425651110 0.62090683 200
1684425651179 0.62437266 201
1684425651247 0.6278507 202
1684425651315 0.63134104 203
1684425651387 0.63484335 204
1684425651456 0.6383577 205
1684425651525 0.64188397 206
1684425651594 0.6454223 207
1684425651668 0.6489723 208
1684425651738 0.65253407 209
1684425651808 0.65610766 210
1684425651878 0.65969276 211
1684425651947 0.66328955 212
1684425652017 0.6668978 213
1684425652087 0.67051744 214
1684425652157 0.67414844 215
1684425652227 0.6777908 216
1684425652301 0.6814444 217
1684425652374 0.6851092 218
1684425652446 0.6887851 219
1684425652516 0.692472 220
1684425652585 0.69616985 221
1684425652656 0.69987863 222
1684425652726 0.70359826 223
1684425652797 0.7073287 224
1684425652866 0.7110698 225
1684425652935 0.7148215 226
1684425653006 0.7185838 227
1684425653074 0.7223566 228
1684425653144 0.7261399 229
1684425653213 0.72993356 230
1684425653284 0.73373747 231
1684425653354 0.73755157 232
1684425653423 0.741376 233
1684425653496 0.74521035 234
1684425653567 0.7490548 235
1684425653637 0.75290924 236
1684425653705 0.7567736 237
1684425653774 0.7606478 238
1684425653842 0.76453173 239
1684425653912 0.7684252 240
1684425653982 0.7723286 241
1684425654052 0.7762414 242
1684425654122 0.78016376 243
1684425654190 0.7840956 244
1684425654259 0.7880367 245
1684425654327 0.7919872 246
1684425654398 0.79594696 247
1684425654468 0.7999159 248
1684425654538 0.803894 249
1684425654607 0.8078811 250
