1684422739736 0.5075782756041524 1
1684422739830 0.44712172604072714 2
1684422739909 0.3909355452219158 3
1684422739980 0.34359588458555046 4
1684422740053 0.3075786911411253 5
1684422740125 0.28308477338456967 6
1684422740197 0.26865278596464776 7
1684422740270 0.26197638823397007 8
1684422740346 0.26060718483679995 9
1684422740420 0.2624074799463926 10
1684422740495 0.26575235996302043 11
1684422740569 0.26954814641343366 12
1684422740641 0.2731498824391009 13
1684422740714 0.2762425404095125 14
1684422740786 0.27872716206161713 15
1684422740859 0.28062988380763176 16
1684422740932 0.28203781923926136 17
1684422741005 0.2830585391780751 18
1684422741079 0.2837969115923921 19
1684422741151 0.28434420628792106 20
1684422741224 0.28477410377854573 21
1684422741296 0.285143014021824 22
1684422741367 0.28549221152143395 23
1684422741438 0.28585058043405015 24
1684422741511 0.28623736123500226 25
1684422741586 0.286664576343879 26
1684422741659 0.2871390539072593 27
1684422741734 0.2876638279974763 28
1684422741806 0.2882394151992011 29
1684422741878 0.2888646379422332 30
1684422741951 0.2895373033584908 31
1684422742025 0.290254708036818 32
1684422742099 0.2910138039737988 33
1684422742177 0.2918115770885699 34
1684422742248 0.29264513264491226 35
1684422742321 0.2935117537224231 36
1684422742394 0.2944089761829259 37
1684422742466 0.29533463404913696 38
1684422742537 0.29628683585847654 39
1684422742608 0.29726393457114103 40
1684422742679 0.2982645178450382 41
1684422742750 0.2992874262966556 42
1684422742824 0.30033170022610184 43
1684422742896 0.30139648219387 44
1684422742970 0.30248108266514423 45
1684422743039 0.3035849385533064 46
1684422743109 0.3047075897216722 47
1684422743179 0.30584865357707997 48
1684422743249 0.30700777813841035 49
1684422743325 0.3081847171699782 50
1684422743398 0.3093792636040251 51
1684422743469 0.3105911997061343 52
1684422743540 0.3118203984069489 53
1684422743612 0.3130666467238375 54
1684422743689 0.314329837870307 55
1684422743766 0.31560978596620004 56
1684422743836 0.3169064124187747 57
1684422743907 0.3182196089041711 58
1684422743978 0.31954920221765787 59
1684422744048 0.32089512878711685 60
1684422744120 0.3222572829502971 61
1684422744190 0.32363554303458025 62
1684422744258 0.3250298422420992 63
1684422744331 0.32644008297373306 64
1684422744403 0.3278661401674247 65
1684422744492 0.3293079730541822 66
1684422744566 0.3307654914511979 67
1684422744639 0.3322386169443964 68
1684422744709 0.33372724681379595 69
1684422744779 0.33523130598289014 70
1684422744850 0.33675078451544516 71
1684422744919 0.33828560391902085 72
1684422744995 0.3398356704758995 73
1684422745067 0.34140097386758006 74
1684422745139 0.34298146306149413 75
1684422745208 0.3445770133173043 76
1684422745278 0.3461876736041704 77
1684422745347 0.34781331027551 78
1684422745418 0.34945387012150086 79
1684422745490 0.3511093109154665 80
1684422745560 0.3527795768805765 81
1684422745633 0.3544645816137334 82
1684422745704 0.3561642805392541 83
1684422745779 0.3578786483443496 84
1684422746015 0.3596076006614639 85
1684422746088 0.36135108621872203 86
1684422746167 0.36310906128233833 87
1684422746249 0.36488146104262786 88
1684422746321 0.36666823826327727 89
1684422746392 0.3684693535441632 90
1684422746465 0.3702847329530967 91
1684422746534 0.372114381727622 92
1684422746605 0.3739582339737573 93
1684422746677 0.37581624732994257 94
1684422746749 0.37768837294019575 95
1684422746818 0.37957454934887064 96
1684422746887 0.381474809224998 97
1684422746959 0.38338903714246003 98
1684422747030 0.3853171867622357 99
1684422747100 0.38725914457318555 100
1684422747171 0.38921477649675945 101
1684422747244 0.39118407897239854 102
1684422747314 0.39316695986720296 103
1684422747383 0.3951634049304181 104
1684422747455 0.3971734402616965 105
1684422747526 0.39919700919247514 106
1684422747596 0.40123407757983537 107
1684422747666 0.4032846449613214 108
1684422747739 0.4053486791441821 109
1684422747810 0.4074261291668889 110
1684422747880 0.40951697437635154 111
1684422747949 0.41162118811644477 112
1684422748022 0.4137387131374554 113
1684422748091 0.4158694919770868 114
1684422748162 0.41801349096211404 115
1684422748234 0.4201706936445263 116
1684422748306 0.4223410075399296 117
1684422748377 0.4245244315071714 118
1684422748448 0.42672087273230996 119
1684422748518 0.42893030581983366 120
1684422748594 0.43115267787074507 121
1684422748663 0.4333879460184336 122
1684422748735 0.43563605550921536 123
1684422748807 0.4378969603256415 124
1684422748879 0.4401706114987238 125
1684422748950 0.44245696724292544 126
1684422749022 0.4447559931168662 127
1684422749096 0.4470676360257358 128
1684422749166 0.449391811870535 129
1684422749242 0.4517284797471375 130
1684422749315 0.45407765827213575 131
1684422749385 0.4564392269999005 132
1684422749454 0.4588131783971666 133
1684422749524 0.46119947294851826 134
1684422749594 0.46359802228668034 135
1684422749663 0.46600880101272507 136
1684422749733 0.46843176398470227 137
1684422749803 0.4708668468649888 138
1684422749872 0.47331403064204897 139
1684422749942 0.475773237198694 140
1684422750012 0.47824445435182694 141
1684422750085 0.48072764556352143 142
1684422750156 0.48322266148776105 143
1684422750226 0.48572958619473033 144
1684422750298 0.4882482605653818 145
1684422750369 0.4907786991594672 146
1684422750438 0.49332089338525165 147
1684422750510 0.4958746823680217 148
1684422750581 0.49844013264186743 149
1684422750651 0.501017145265834 150
1684422750720 0.5036056286823154 151
1684422750792 0.5062055857475435 152
1684422750864 0.5088169641434142 153
1684422750937 0.5114397275378698 154
1684422751008 0.5140738335008779 155
1684422751078 0.5167191745248767 156
1684422751147 0.5193757373871764 157
1684422751215 0.5220435159722717 158
1684422751287 0.5247224205999905 159
1684422751361 0.5274123745514285 160
1684422751434 0.530113380761255 161
1684422751506 0.5328253822783381 162
1684422751575 0.5355482901506672 163
1684422751646 0.5382820674543776 164
1684422751716 0.5410267266245508 165
1684422751787 0.5437821555141696 166
1684422751856 0.546548350386786 167
1684422751929 0.549325237141706 168
1684422752000 0.5521127078281229 169
1684422752070 0.5549107796420584 170
1684422752141 0.557719420251917 171
1684422752216 0.5605385691041015 172
1684422752288 0.5633681235229884 173
1684422752361 0.5662080946881352 174
1684422752435 0.5690583847295657 175
1684422752509 0.5719189733651316 176
1684422752580 0.574789852197801 177
1684422752809 0.5776709001688585 178
1684422752958 0.5805620590512857 179
1684422753027 0.5834633565692403 180
1684422753098 0.5863746642249699 181
1684422753170 0.5892959957265064 182
1684422753241 0.5922272675744961 183
1684422753313 0.5951684025568085 184
1684422753384 0.5981193903156091 185
1684422753456 0.6010801864366646 186
1684422753532 0.6040506944211671 187
1684422753603 0.6070309105287962 188
1684422753674 0.610020724338495 189
1684422753743 0.6130201748400131 190
1684422753814 0.6160291636927556 191
1684422753885 0.6190475859479144 192
1684422753956 0.6220754597637814 193
1684422754030 0.6251127371464991 194
1684422754102 0.6281593310778293 195
1684422754172 0.631215162741465 196
1684422754241 0.6342802448923829 197
1684422754324 0.6373544990588448 198
1684422754450 0.6404378751983403 199
1684422754521 0.6435302986264128 200
1684422754595 0.6466317639427546 201
1684422754666 0.6497421634463131 202
1684422754736 0.6528615097573194 203
1684422754807 0.6559896787172181 204
1684422754876 0.6591266484467905 205
1684422754945 0.6622724323867135 206
1684422755015 0.6654268433378412 207
1684422755086 0.6685899148313839 208
1684422755158 0.6717615512610926 209
1684422755227 0.6749417783951389 210
1684422755323 0.6781304735802166 211
1684422755396 0.6813275954859591 212
1684422755468 0.6845330628247001 213
1684422755538 0.6877469366715807 214
1684422755610 0.690969021999758 215
1684422755680 0.6941993303792784 216
1684422755749 0.6974377931091913 217
1684422755818 0.7006844069938186 218
1684422755890 0.7039390323939752 219
1684422755959 0.707201664731449 220
1684422756028 0.7104722765568355 221
1684422756102 0.7137507441356079 222
1684422756171 0.717037125500933 223
1684422756240 0.7203312474177987 224
1684422756312 0.723633081701684 225
1684422756383 0.7269426084391146 226
1684422756452 0.7302597654934495 227
1684422756522 0.7335844781664362 228
1684422756592 0.736916780111114 229
1684422756661 0.7402565249727072 230
1684422756732 0.743603585177621 231
1684422756801 0.7469581432356994 232
1684422756877 0.7503199331731101 233
1684422756949 0.7536889882335344 234
1684422757019 0.757065208002211 235
1684422757089 0.7604485901339084 236
1684422757158 0.7638390759717486 237
1684422757233 0.7672366195769045 238
1684422757306 0.7706411144939629 239
1684422757375 0.7740525727740148 240
1684422757445 0.7774708615577599 241
1684422757515 0.7808960396087655 242
1684422757585 0.7843279615488455 243
1684422757657 0.7877665855017167 244
1684422757729 0.7912118945703742 245
1684422757799 0.7946638080999333 246
1684422757870 0.7981222653210334 247
1684422757941 0.8015873108462963 248
1684422758009 0.8050587541864405 249
1684422758079 0.8085366053802902 250
