1684424827612 0.512978 1
1684424827687 0.4459921 2
1684424827763 0.3819221 3
1684424827834 0.32565853 4
1684424827908 0.28013673 5
1684424827983 0.24605142 6
1684424828057 0.22239678 7
1684424828129 0.20723441 8
1684424828202 0.19836381 9
1684424828274 0.19376794 10
1684424828350 0.19183221 11
1684424828422 0.19139242 12
1684424828491 0.19168364 13
1684424828562 0.19224821 14
1684424828636 0.19284123 15
1684424828721 0.19335188 16
1684424828796 0.1937463 17
1684424828865 0.19402981 18
1684424828938 0.19422434 19
1684424829009 0.19435588 20
1684424829082 0.1944486 21
1684424829152 0.1945226 22
1684424829224 0.19459331 23
1684424829295 0.1946721 24
1684424829368 0.19476697 25
1684424829440 0.1948833 26
1684424829511 0.19502445 27
1684424829581 0.1951924 28
1684424829653 0.19538806 29
1684424829723 0.19561163 30
1684424829793 0.1958628 31
1684424829865 0.19614099 32
1684424829935 0.19644538 33
1684424830003 0.19677505 34
1684424830073 0.19712907 35
1684424830144 0.19750647 36
1684424830214 0.19790643 37
1684424830284 0.19832811 38
1684424830354 0.19877073 39
1684424830429 0.19923362 40
1684424830498 0.19971626 41
1684424830568 0.20021808 42
1684424830639 0.20073862 43
1684424830710 0.20127755 44
1684424830780 0.20183453 45
1684424830848 0.2024093 46
1684424830919 0.20300159 47
1684424830989 0.20361125 48
1684424831057 0.20423806 49
1684424831127 0.2048819 50
1684424831198 0.20554261 51
1684424831266 0.20622012 52
1684424831335 0.2069143 53
1684424831407 0.20762506 54
1684424831477 0.20835233 55
1684424831545 0.20909598 56
1684424831615 0.20985596 57
1684424831685 0.21063219 58
1684424831754 0.21142457 59
1684424831823 0.21223307 60
1684424831891 0.21305758 61
1684424831959 0.21389803 62
1684424832028 0.21475437 63
1684424832096 0.21562654 64
1684424832166 0.21651445 65
1684424832236 0.21741804 66
1684424832304 0.21833724 67
1684424832373 0.21927199 68
1684424832442 0.22022223 69
1684424832511 0.22118792 70
1684424832580 0.22216895 71
1684424832650 0.22316532 72
1684424832720 0.22417691 73
1684424832791 0.22520372 74
1684424832861 0.22624569 75
1684424832932 0.22730272 76
1684424833001 0.2283748 77
1684424833071 0.22946185 78
1684424833139 0.23056382 79
1684424833207 0.23168068 80
1684424833276 0.23281237 81
1684424833346 0.23395883 82
1684424833417 0.23512003 83
1684424833486 0.23629588 84
1684424833557 0.23748639 85
1684424833628 0.23869148 86
1684424833699 0.23991111 87
1684424833772 0.2411452 88
1684424833841 0.24239376 89
1684424833910 0.24365671 90
1684424833979 0.24493402 91
1684424834051 0.24622561 92
1684424834121 0.24753147 93
1684424834191 0.24885154 94
1684424834262 0.2501858 95
1684424834331 0.25153413 96
1684424834403 0.25289658 97
1684424834474 0.25427306 98
1684424834543 0.25566354 99
1684424834613 0.25706798 100
1684424834685 0.2584863 101
1684424834754 0.25991854 102
1684424834831 0.26136458 103
1684424834902 0.2628244 104
1684424834972 0.2642979 105
1684424835038 0.26578516 106
1684424835107 0.26728603 107
1684424835176 0.2688005 108
1684424835246 0.27032852 109
1684424835314 0.2718701 110
1684424835387 0.27342513 111
1684424835457 0.27499363 112
1684424835531 0.2765755 113
1684424835601 0.2781707 114
1684424835671 0.2797792 115
1684424835742 0.28140098 116
1684424835813 0.283036 117
1684424835885 0.28468418 118
1684424835955 0.2863455 119
1684424836027 0.28801993 120
1684424836096 0.2897074 121
1684424836166 0.29140788 122
1684424836238 0.29312134 123
1684424836308 0.29484776 124
1684424836380 0.29658705 125
1684424836455 0.29833922 126
1684424836524 0.30010414 127
1684424836592 0.3018819 128
1684424836663 0.30367237 129
1684424836732 0.30547553 130
1684424836811 0.30729136 131
1684424836889 0.30911976 132
1684424836961 0.3109608 133
1684424837250 0.31281438 134
1684424837332 0.31468052 135
1684424837403 0.3165591 136
1684424837475 0.31845015 137
1684424837545 0.3203536 138
1684424837616 0.3222694 139
1684424837687 0.32419753 140
1684424837755 0.32613793 141
1684424837827 0.32809055 142
1684424837899 0.33005533 143
1684424837976 0.33203226 144
1684424838050 0.33402133 145
1684424838123 0.3360224 146
1684424838197 0.33803555 147
1684424838268 0.34006065 148
1684424838358 0.34209773 149
1684424838431 0.34414667 150
1684424838501 0.3462075 151
1684424838570 0.34828016 152
1684424838641 0.35036463 153
1684424838711 0.35246083 154
1684424838781 0.35456878 155
1684424838850 0.35668838 156
1684424838920 0.3588196 157
1684424838989 0.36096245 158
1684424839060 0.3631169 159
1684424839133 0.36528283 160
1684424839203 0.36746025 161
1684424839274 0.36964917 162
1684424839346 0.37184948 163
1684424839452 0.37406117 164
1684424839523 0.37628418 165
1684424839593 0.37851855 166
1684424839663 0.38076416 167
1684424839737 0.383021 168
1684424839805 0.385289 169
1684424839875 0.38756818 170
1684424839947 0.38985854 171
1684424840017 0.39215988 172
1684424840088 0.39447236 173
1684424840160 0.39679578 174
1684424840229 0.39913023 175
1684424840297 0.40147558 176
1684424840367 0.40383184 177
1684424840440 0.40619898 178
1684424840509 0.4085769 179
1684424840581 0.41096568 180
1684424840655 0.4133652 181
1684424840724 0.41577536 182
1684424840795 0.41819626 183
1684424840865 0.42062783 184
1684424840937 0.42306998 185
1684424841006 0.4255227 186
1684424841077 0.427986 187
1684424841147 0.43045974 188
1684424841220 0.43294394 189
1684424841290 0.43543857 190
1684424841361 0.43794367 191
1684424841433 0.44045907 192
1684424841502 0.44298476 193
1684424841571 0.4455208 194
1684424841641 0.44806704 195
1684424841714 0.45062348 196
1684424841783 0.45319012 197
1684424841855 0.4557669 198
1684424841927 0.45835376 199
1684424841996 0.46095073 200
1684424842066 0.46355766 201
1684424842135 0.4661746 202
1684424842206 0.46880153 203
1684424842276 0.47143835 204
1684424842345 0.47408503 205
1684424842415 0.47674155 206
1684424842485 0.4794079 207
1684424842556 0.48208398 208
1684424842627 0.48476988 209
1684424842697 0.48746538 210
1684424842766 0.49017054 211
1684424842837 0.49288535 212
1684424842910 0.49560976 213
1684424842981 0.4983437 214
1684424843054 0.5010871 215
1684424843126 0.5038401 216
1684424843195 0.5066024 217
1684424843266 0.50937426 218
1684424843337 0.51215535 219
1684424843409 0.51494586 220
1684424843482 0.5177456 221
1684424843552 0.52055466 222
1684424843622 0.52337295 223
1684424843691 0.5262004 224
1684424843759 0.529037 225
1684424844009 0.53188276 226
1684424844091 0.5347376 227
1684424844162 0.5376015 228
1684424844232 0.5404743 229
1684424844301 0.54335624 230
1684424844372 0.54624707 231
1684424844445 0.5491468 232
1684424844514 0.55205536 233
1684424844584 0.5549728 234
1684424844655 0.55789906 235
1684424844726 0.56083405 236
1684424844796 0.5637778 237
1684424844866 0.56673026 238
1684424844951 0.5696913 239
1684424845024 0.57266104 240
1684424845095 0.57563937 241
1684424845166 0.5786262 242
1684424845237 0.58162165 243
1684424845306 0.5846255 244
1684424845376 0.5876379 245
1684424845450 0.5906586 246
1684424845523 0.5936878 247
1684424845595 0.5967252 248
1684424845664 0.5997711 249
1684424845734 0.6028251 250
