1684008125680 1.3508775 1
1684008125753 1.1878023 2
1684008125827 1.0147903 3
1684008125896 0.8492204 4
1684008125967 0.70855093 5
1684008126037 0.6027107 6
1684008126106 0.5327673 7
1684008126176 0.49306113 8
1684008126246 0.47456294 9
1684008126319 0.46795395 10
1684008126387 0.46568963 11
1684008126456 0.46291786 12
1684008126527 0.4574809 13
1684008126596 0.44934964 14
1684008126669 0.4398358 15
1684008126739 0.43082297 16
1684008126807 0.42415845 17
1684008126875 0.42126575 18
1684008126939 0.42296714 19
1684008127015 0.4294557 20
1684008127087 0.4403715 21
1684008127155 0.45493317 22
1684008127227 0.47208953 23
1684008127295 0.49066818 24
1684008127363 0.50950456 25
1684008128257 0.52754503 26
1684008128389 0.5439178 27
1684008128457 0.55795467 28
1684008128525 0.56922436 29
1684008128593 0.57752156 30
1684008128661 0.5828405 31
1684008128729 0.5853363 32
1684008128797 0.5852822 33
1684008128865 0.5830271 34
1684008128933 0.57895714 35
1684008129005 0.57346416 36
1684008129081 0.56692135 37
1684008129150 0.5596668 38
1684008129222 0.55199337 39
1684008129290 0.5441255 40
1684008129362 0.5362456 41
1684008129430 0.5284942 42
1684008129514 0.5209755 43
1684008129590 0.5137712 44
1684008129658 0.5069335 45
1684008129730 0.50049144 46
1684008129798 0.4944553 47
1684008129866 0.48882148 48
1684008129934 0.48357648 49
1684008130002 0.47870028 50
1684008130074 0.4741693 51
1684008130142 0.46995822 52
1684008130214 0.46604186 53
1684008130282 0.4623959 54
1684008130350 0.45899776 55
1684008130418 0.45582706 56
1684008130490 0.4528656 57
1684008130558 0.45009744 58
1684008130626 0.4475088 59
1684008130698 0.4450879 60
1684008130762 0.44282463 61
1684008130834 0.44071028 62
1684008130898 0.43873736 63
1684008130966 0.43689936 64
1684008131034 0.4351904 65
1684008131102 0.43360773 66
1684008131170 0.43214577 67
1684008131238 0.43079925 68
1684008131306 0.42956305 69
1684008131370 0.42843223 70
1684008131442 0.42740193 71
1684008131510 0.4264674 72
1684008131578 0.425624 73
1684008131646 0.42486715 74
1684008131718 0.42419234 75
1684008131782 0.42359516 76
1684008131858 0.42307138 77
1684008131930 0.42261666 78
1684008132155 0.42222708 79
1684008132303 0.42189863 80
1684008132383 0.42162764 81
1684008132455 0.42141038 82
1684008132523 0.42124355 83
1684008132595 0.42112392 84
1684008132663 0.4210484 85
1684008132735 0.42101425 86
1684008132799 0.42101875 87
1684008132867 0.42105943 88
1684008132935 0.421134 89
1684008133003 0.42124027 90
1684008133071 0.42137623 91
1684008133147 0.4215401 92
1684008133223 0.42173 93
1684008133291 0.42194438 94
1684008133391 0.4221816 95
1684008133459 0.42244023 96
1684008133527 0.42271876 97
1684008133599 0.42301592 98
1684008133667 0.42333043 99
1684008133735 0.4236609 100
1684008133819 0.42400625 101
1684008133895 0.42436522 102
1684008133971 0.42473662 103
1684008134043 0.4251194 104
1684008134119 0.4255125 105
1684008134191 0.4259147 106
1684008134267 0.42632517 107
1684008134339 0.42674282 108
1684008134419 0.4271667 109
1684008134487 0.42759594 110
1684008134563 0.42802966 111
1684008134635 0.42846704 112
1684008134711 0.42890733 113
1684008134783 0.42934972 114
1684008134859 0.42979372 115
1684008134931 0.4302385 116
1684008135007 0.4306836 117
1684008135083 0.43112844 118
1684008135159 0.43157262 119
1684008135231 0.43201572 120
1684008135307 0.43245727 121
1684008135379 0.4328971 122
1684008135459 0.4333349 123
1684008135531 0.43377033 124
1684008135603 0.43420336 125
1684008135683 0.43463376 126
1684008135759 0.43506148 127
1684008135831 0.43548647 128
1684008135911 0.43590868 129
1684008135979 0.4363281 130
1684008136051 0.43674487 131
1684008136135 0.43715894 132
1684008136211 0.4375705 133
1684008136283 0.43797964 134
1684008136351 0.4383865 135
1684008136419 0.43879122 136
1684008136487 0.43919402 137
1684008136555 0.4395951 138
1684008136619 0.43999463 139
1684008136687 0.44039285 140
1684008136755 0.44079 141
1684008136831 0.44118625 142
1684008136903 0.44158193 143
1684008136971 0.4419772 144
1684008137039 0.44237232 145
1684008137107 0.4427676 146
1684008137175 0.44316322 147
1684008137243 0.4435594 148
1684008137307 0.44395638 149
1684008137375 0.44435447 150
1684008137439 0.4447538 151
1684008137507 0.4451546 152
1684008137575 0.44555712 153
1684008137655 0.44596153 154
1684008137727 0.44636804 155
1684008137791 0.4467768 156
1684008137859 0.44718802 157
1684008137923 0.4476018 158
1684008137991 0.44801837 159
1684008138055 0.4484378 160
1684008138119 0.44886023 161
1684008138187 0.44928584 162
1684008138255 0.44971466 163
1684008138319 0.4501468 164
1684008138387 0.45058233 165
1684008138455 0.45102137 166
1684008138519 0.45146394 167
1684008138587 0.4519101 168
1684008138655 0.45235988 169
1684008138723 0.45281333 170
1684008138791 0.4532705 171
1684008138855 0.4537313 172
1684008138923 0.4541958 173
1684008138995 0.45466405 174
1684008139063 0.4551359 175
1684008139131 0.45561144 176
1684008139195 0.45609063 177
1684008139263 0.45657337 178
1684008139331 0.45705968 179
1684008139399 0.45754942 180
1684008139467 0.45804265 181
1684008139535 0.4585393 182
1684008139607 0.4590392 183
1684008139683 0.4595424 184
1684008139755 0.46004885 185
1684008139823 0.4605583 186
1684008139891 0.46107084 187
1684008139963 0.4615863 188
1684008140027 0.46210465 189
1684008140095 0.4626258 190
1684008140167 0.4631496 191
1684008140235 0.46367612 192
1684008140303 0.46420515 193
1684008140371 0.46473652 194
1684008140447 0.4652704 195
1684008140515 0.46580648 196
1684008140583 0.46634477 197
1684008140655 0.4668852 198
1684008140723 0.4674276 199
1684008140803 0.46797198 200
1684008140871 0.46851826 201
1684008140939 0.4690663 202
1684008141007 0.4696161 203
1684008141075 0.4701675 204
1684008141143 0.4707205 205
1684008141207 0.47127503 206
1684008141275 0.47183102 207
1684008141343 0.47238842 208
1684008141411 0.47294712 209
1684008141479 0.47350717 210
1684008141547 0.4740684 211
1684008141615 0.4746309 212
1684008141679 0.47519448 213
1684008141747 0.4757592 214
1684008141811 0.47632498 215
1684008141879 0.47689182 216
1684008141947 0.47745967 217
1684008142015 0.4780285 218
1684008142083 0.47859827 219
1684008142155 0.479169 220
1684008142227 0.47974068 221
1684008142295 0.48031324 222
1684008142359 0.4808867 223
1684008142423 0.48146105 224
1684008142491 0.4820363 225
1684008142555 0.48261237 226
1684008142627 0.48318928 227
1684008142691 0.48376706 228
1684008142759 0.4843458 229
1684008142831 0.48492533 230
1684008142895 0.48550576 231
1684008142967 0.48608702 232
1684008143031 0.48666924 233
1684008143095 0.4872523 234
1684008143163 0.48783627 235
1684008143227 0.4884211 236
1684008143295 0.48900688 237
1684008143363 0.48959357 238
1684008143431 0.49018118 239
1684008143503 0.49076968 240
1684008143571 0.49135917 241
1684008143639 0.49194962 242
1684008143707 0.49254107 243
1684008143775 0.49313343 244
1684008143839 0.49372682 245
1684008143907 0.4943212 246
1684008143975 0.49491662 247
1684008144043 0.49551296 248
1684008144111 0.49611038 249
1684008144175 0.49670884 250
