1684010282693 1.2564577103999375 1
1684010282772 1.0951970683459342 2
1684010282845 0.9258152706549081 3
1684010282913 0.7679602058672367 4
1684010282985 0.6399742800633631 5
1684010283053 0.5509065171335356 6
1684010283121 0.49957768372625266 7
1684010283197 0.47758537164975634 8
1684010283266 0.47339472556157 9
1684010283334 0.47480942131866605 10
1684010283406 0.4731012029040218 11
1684010283478 0.4695529609645761 12
1684010283546 0.4634435007991166 13
1684010283614 0.45369870023163655 14
1684010283682 0.44076204002244457 15
1684010283754 0.4278952504325769 16
1684010283822 0.4182172027190562 17
1684010283890 0.4137521812209253 18
1684010283958 0.4154603791847032 19
1684010284026 0.4233267819146028 20
1684010284094 0.436526945433894 21
1684010284162 0.45365478332643905 22
1684010284230 0.4729951365651752 23
1684010284298 0.49285344375200874 24
1684010284370 0.5118574411213942 25
1684010284442 0.5290801605169055 26
1684010284510 0.5439471136896935 27
1684010284582 0.5560648282691232 28
1684010284650 0.5651386619741153 29
1684010284718 0.5709949567097069 30
1684010284786 0.5736358358107944 31
1684010284854 0.5732940931437229 32
1684010284918 0.570402335284036 33
1684010284986 0.5655197588053729 34
1684010285058 0.55924003575648 35
1684010285126 0.552118139807432 36
1684010285194 0.5446260395771272 37
1684010285270 0.5371342218785842 38
1684010285338 0.5299117965859078 39
1684010285406 0.5231389058922811 40
1684010285474 0.5169236663520622 41
1684010285546 0.5113202832540935 42
1684010285614 0.5063445556348679 43
1684010285686 0.5019865613480856 44
1684010285754 0.49821896625962625 45
1684010285822 0.49500213874196286 46
1684010285890 0.49228706818017437 47
1684010285954 0.49001673109814947 48
1684010286022 0.48812722249710216 49
1684010286086 0.48654918240398193 50
1684010286150 0.48520965766336477 51
1684010286218 0.48401369980761444 52
1684010286282 0.4828751559205467 53
1684010286346 0.4817178207238117 54
1684010286410 0.48047851533807595 55
1684010286478 0.4791083001944227 56
1684010286546 0.47757230711414694 57
1684010286610 0.4758393963223768 58
1684010286678 0.4738942490427574 59
1684010286742 0.4717346150906025 60
1684010286810 0.46936968747790364 61
1684010286874 0.4668187193920351 62
1684010286942 0.4641089691125432 63
1684010287010 0.461274145062623 64
1684010287078 0.4583611613165407 65
1684010287146 0.4554159495315836 66
1684010287210 0.45248156914976934 67
1684010287278 0.44959586088053183 68
1684010287342 0.44678980381822586 69
1684010287410 0.44408709246961986 70
1684010287474 0.4415040184147587 71
1684010287546 0.43905004451489854 72
1684010287614 0.43672881836421273 73
1684010287682 0.4345391884410611 74
1684010287758 0.43247626265761996 75
1684010287830 0.4305327218577134 76
1684010287902 0.42869958482925086 77
1684010287974 0.4269672872171662 78
1684010288042 0.42532632335705234 79
1684010288110 0.4237678139852457 80
1684010288178 0.4222839651715574 81
1684010288246 0.4208682552185085 82
1684010288314 0.41951563787577784 83
1684010288387 0.4182223217909302 84
1684010288456 0.4169857975138229 85
1684010288523 0.415804539793344 86
1684010288590 0.4146776569084316 87
1684010288658 0.41360466297838394 88
1684010288726 0.41258524238436406 89
1684010288794 0.41161905809458554 90
1684010288858 0.4107055426549631 91
1684010288926 0.4098437760961848 92
1684010288990 0.4090326585101093 93
1684010289058 0.4082705352813353 94
1684010289126 0.40755569514800494 95
1684010289190 0.4068859278954751 96
1684010289254 0.40625912680667564 97
1684010289322 0.4056728758524676 98
1684010289390 0.405124795031053 99
1684010289454 0.4046124941224508 100
1684010289518 0.40413367614965845 101
1684010289586 0.40368603240760126 102
1684010289650 0.40326745390294616 103
1684010289714 0.4028758610875969 104
1684010289778 0.4025093595906676 105
1684010289842 0.4021661988462643 106
1684010289914 0.40184468730326356 107
1684010289982 0.4015433157514915 108
1684010290050 0.401260689194717 109
1684010290118 0.40099549202752033 110
1684010290186 0.40074659611293467 111
1684010290250 0.4005129012052172 112
1684010290318 0.4002934461522586 113
1684010290386 0.4000873201252919 114
1684010290450 0.3998938069916617 115
1684010290518 0.39971211585877287 116
1684010290590 0.39954161963975016 117
1684010290660 0.39938175167671053 118
1684010290736 0.39923203120418865 119
1684010290803 0.39909192304329455 120
1684010290867 0.3989610543840054 121
1684010290935 0.398839066389131 122
1684010291003 0.39872561153917974 123
1684010291071 0.3986203597482061 124
1684010291135 0.39852307333316417 125
1684010291199 0.39843345440914246 126
1684010291267 0.39835129428785676 127
1684010291335 0.3982763826253617 128
1684010291399 0.3982084503995055 129
1684010291467 0.3981473748830366 130
1684010291531 0.3980929075676194 131
1684010291599 0.3980448986415265 132
1684010291667 0.39800313406957777 133
1684010291739 0.3979674713134137 134
1684010291807 0.3979376832258562 135
1684010291875 0.397913679152547 136
1684010291939 0.39789519833854003 137
1684010292003 0.39788211830061426 138
1684010292067 0.39787423400171645 139
1684010292135 0.39787144983166356 140
1684010292199 0.3978735205327717 141
1684010292267 0.397880353929398 142
1684010292335 0.39789176158166206 143
1684010292403 0.3979075688388193 144
1684010292471 0.397927625530357 145
1684010292539 0.3979518229664112 146
1684010292611 0.3979799378251805 147
1684010292679 0.3980118924519558 148
1684010292747 0.39804747817414565 149
1684010292811 0.39808658627902926 150
1684010292879 0.3981290833889638 151
1684010292943 0.39817482010259053 152
1684010293011 0.39822370202222723 153
1684010293075 0.3982755601189194 154
1684010293143 0.39833023913883914 155
1684010293211 0.3983876843227766 156
1684010293279 0.39844773638943487 157
1684010293351 0.3985102854456866 158
1684010293419 0.3985752213687437 159
1684010293487 0.39864244118946035 160
1684010293555 0.39871183260228715 161
1684010293627 0.39878326858908003 162
1684010293691 0.39885665570125667 163
1684010293755 0.3989319469440923 164
1684010293823 0.39900892520680115 165
1684010293887 0.399087615985762 166
1684010293955 0.39916787191818054 167
1684010294023 0.39924959375133423 168
1684010294095 0.3993327738254537 169
1684010294163 0.3994172216706118 170
1684010294231 0.3995029040614721 171
1684010294295 0.39958972671493476 172
1684010294363 0.39967764489691704 173
1684010294427 0.3997665767611044 174
1684010294495 0.39985640826639807 175
1684010294559 0.3999470913158731 176
1684010294627 0.40003856812314115 177
1684010294691 0.40013071924904725 178
1684010294755 0.4002235185931544 179
1684010294823 0.40031693675195945 180
1684010294891 0.4004108212778393 181
1684010294955 0.4005051894976768 182
1684010295023 0.40059994787466485 183
1684010295091 0.40069501421766346 184
1684010295159 0.40079033947225223 185
1684010295227 0.4008859098520848 186
1684010295299 0.40098161639611 187
1684010295367 0.4010774135977308 188
1684010295431 0.40117325040478274 189
1684010295495 0.4012690743968522 190
1684010295559 0.40136487294550227 191
1684010295627 0.4014604999505425 192
1684010295695 0.4015560059894885 193
1684010295763 0.40165125605450114 194
1684010295831 0.401746231970103 195
1684010295903 0.4018409077801921 196
1684010295979 0.4019351676594406 197
1684010296043 0.40202904571277626 198
1684010296111 0.40212247773051957 199
1684010296179 0.402215321059536 200
1684010296239 0.4023076927573865 201
1684010296303 0.4023994147007643 202
1684010296371 0.4024905016080564 203
1684010296439 0.4025808647268256 204
1684010296503 0.4026705120560484 205
1684010296571 0.40275936329019024 206
1684010296635 0.4028473977797245 207
1684010296703 0.40293461308627015 208
1684010296770 0.40302085724228026 209
1684010296839 0.4031061907239166 210
1684010296907 0.40319057572900185 211
1684010296975 0.40327384700500274 212
1684010297039 0.4033560960240782 213
1684010297107 0.4034373013678624 214
1684010297171 0.40351733775522824 215
1684010297235 0.40359618468160857 216
1684010297303 0.40367389473314075 217
1684010297367 0.40375033841298746 218
1684010297431 0.4038255590343619 219
1684010297495 0.40389947122824343 220
1684010297559 0.4039720817469881 221
1684010297627 0.4040433345916884 222
1684010297695 0.4041132685950123 223
1684010297763 0.40418176489854823 224
1684010297827 0.40424888925783947 225
1684010297895 0.4043145110365936 226
1684010297959 0.40437875938955675 227
1684010298023 0.40444151930074385 228
1684010298095 0.4045027874342752 229
1684010298331 0.40456251874851934 230
1684010298459 0.40462076296475014 231
1684010298527 0.40467748494402483 232
1684010298595 0.4047326744356266 233
1684010298659 0.40478628193417876 234
1684010298727 0.4048383416714578 235
1684010298799 0.4048888289608692 236
1684010298863 0.40493775873432997 237
1684010298931 0.4049850711765052 238
1684010298995 0.4050308292041717 239
1684010299067 0.40507501088039555 240
1684010299135 0.4051176528465161 241
1684010299203 0.4051586349681469 242
1684010299271 0.40519804337123566 243
1684010299339 0.40523588609427286 244
1684010299403 0.4052721796469706 245
1684010299543 0.4053068695984302 246
1684010299726 0.4053399643267732 247
1684010299794 0.4053715241741716 248
1684010299862 0.4054015265226341 249
1684010299930 0.4054300207989612 250
