1684008453812 0.009083307841369346 1
1684008453969 0.01621996239359985 2
1684008454039 0.024836589094297503 3
1684008454111 0.032054536222914716 4
1684008454182 0.035437101746994 5
1684008454251 0.03386397547870831 6
1684008454321 0.027877250587245845 7
1684008454392 0.019386740985673206 8
1684008454461 0.011275157132016711 9
1684008454529 0.007601345726255874 10
1684008454599 0.008885142993650653 11
1684008454669 0.010040453097600582 12
1684008454742 0.009991753750968788 13
1684008454810 0.01053978179086046 14
1684008454881 0.013579924983478686 15
1684008454952 0.018602722136428 16
1684008455034 0.02417635848350827 17
1684008455111 0.02929561349990567 18
1684008455180 0.03341844003388547 19
1684008455280 0.03636766268953689 20
1684008455352 0.03825890232563444 21
1684008455423 0.03941726887255385 22
1684008455492 0.04026911387378071 23
1684008455562 0.0412141667303222 24
1684008455633 0.042510078424191154 25
1684008455707 0.04425155027163487 26
1684008455776 0.046427165329005295 27
1684008455845 0.0490091779728128 28
1684008455914 0.05202197153766922 29
1684008455982 0.05555193632506261 30
1684008456060 0.05970585889856938 31
1684008456132 0.06454881907428933 32
1684008456200 0.07005346979736116 33
1684008456270 0.07608604117111897 34
1684008456338 0.08243305132611844 35
1684008456408 0.08885401968476339 36
1684008456477 0.09512687735269287 37
1684008456544 0.10107566608264873 38
1684008456610 0.10657931722265743 39
1684008456680 0.11156755577004038 40
1684008456747 0.11601106323245644 41
1684008456814 0.11990965572506054 42
1684008456881 0.12328245076693392 43
1684008456949 0.12616098939536763 44
1684008457018 0.1285847269274834 45
1684008457090 0.13059916226999826 46
1684008457159 0.13225475259328762 47
1684008457228 0.13360622447584009 48
1684008457296 0.1347115314263478 49
1684008457363 0.13562981702161456 50
1684008457432 0.13641892554231796 51
1684008457499 0.13714165203507825 52
1684008457567 0.1378556493709472 53
1684008457639 0.13860291097513477 54
1684008457708 0.1394110292109295 55
1684008457775 0.14029601566871439 56
1684008457843 0.14126545702167015 57
1684008457909 0.14232190671061615 58
1684008457977 0.14346502042014717 59
1684008458046 0.14469187192668517 60
1684008458116 0.14599664973650767 61
1684008458185 0.14736983522118513 62
1684008458252 0.14879787541411424 63
1684008458320 0.15026339333064126 64
1684008458386 0.15174635809671216 65
1684008458454 0.15322588256880681 66
1684008458518 0.15468187839120168 67
1684008458594 0.15609154010435597 68
1684008458666 0.1574376779532059 69
1684008458734 0.15870876535658857 70
1684008458802 0.15989907552336954 71
1684008458870 0.1609985994296783 72
1684008458938 0.16200590674591406 73
1684008459006 0.1629255603589129 74
1684008459078 0.16376681354061084 75
1684008459150 0.16454212507902086 76
1684008459218 0.16526545598772804 77
1684008459286 0.16595122556935674 78
1684008459358 0.16661326942463334 79
1684008459426 0.16726434586167585 80
1684008459494 0.167915302516162 81
1684008459566 0.16857505541727505 82
1684008459634 0.1692503412676374 83
1684008459702 0.1699455915073091 84
1684008459774 0.17066324899227786 85
1684008459842 0.17140381701863294 86
1684008459910 0.17216628734343822 87
1684008459978 0.17294837170573765 88
1684008460046 0.17374695138293073 89
1684008460110 0.17455845326032374 90
1684008460182 0.1753791214105698 91
1684008460250 0.17620531176735962 92
1684008460314 0.17703375943928074 93
1684008460382 0.17786162050285714 94
1684008460450 0.1786866929120826 95
1684008460582 0.1795073262826635 96
1684008460678 0.18032242677960109 97
1684008460750 0.1811314519738267 98
1684008460822 0.1819343383342327 99
1684008460890 0.18273134655215628 100
1684008460958 0.18352306690543987 101
1684008461026 0.18431028393763912 102
1684008461094 0.18509404580734473 103
1684008461166 0.18587538226030814 104
1684008461234 0.1866553924622882 105
1684008461302 0.18743527196286852 106
1684008461366 0.18821610592838614 107
1684008461434 0.18899897189263012 108
1684008461506 0.18978488812661148 109
1684008461574 0.19057484991281948 110
1684008461642 0.1913697826583573 111
1684008461710 0.19217044687802484 112
1684008461778 0.19297765374535433 113
1684008461850 0.1937920344423602 114
1684008461914 0.19461423363936495 115
1684008461982 0.19544471903716978 116
1684008462050 0.1962840501619137 117
1684008462122 0.1971326234454356 118
1684008462190 0.197990726003464 119
1684008462258 0.19885872416896322 120
1684008462326 0.19973682094233916 121
1684008462394 0.20062527478756784 122
1684008462462 0.20152417157693472 123
1684008462530 0.2024337502734351 124
1684008462598 0.20335402468469999 125
1684008462671 0.20428511866074192 126
1684008462738 0.20522703189073727 127
1684008462806 0.2061798818810043 128
1684008462874 0.20714360142895064 129
1684008462946 0.20811822278162773 130
1684008463010 0.2091037451865511 131
1684008463078 0.21010010975266669 132
1684008463162 0.21110726464182913 133
1684008463238 0.21212524139126554 134
1684008463302 0.21315395135224835 135
1684008463370 0.21419332823570914 136
1684008463438 0.21524337130139942 137
1684008463510 0.2163039852791744 138
1684008463578 0.2173751145089528 139
1684008463650 0.21845668350162417 140
1684008463718 0.21954867772654288 141
1684008463786 0.22065100949971822 142
1684008463854 0.2217635388431407 143
1684008463922 0.22288632065972394 144
1684008463990 0.22401928959914996 145
1684008464058 0.22516231213621837 146
1684008464126 0.22631533496159323 147
1684008464194 0.22747836716510103 148
1684008464258 0.2286513312063772 149
1684008464322 0.22983408782721626 150
1684008464390 0.23102667686838077 151
1684008464458 0.2322290036807619 152
1684008464522 0.23344093202339725 153
1684008464586 0.23466258451278946 154
1684008464650 0.2358937804678794 155
1684008464718 0.2371344505685796 156
1684008464782 0.23838456335489286 157
1684008464850 0.23964413376579743 158
1684008464922 0.24091303034271638 159
1684008464990 0.24219118639310397 160
1684008465054 0.24347863714970394 161
1684008465118 0.24477526113798445 162
1684008465186 0.24608103471884926 163
1684008465254 0.24739586530699456 164
1684008465318 0.2487197213438534 165
1684008465382 0.25005253448345616 166
1684008465446 0.2513943149862329 167
1684008465514 0.25274492439614243 168
1684008465578 0.25410433380014724 169
1684008465646 0.25547250631609086 170
1684008465714 0.25684937743889424 171
1684008465778 0.2582348413291971 172
1684008465842 0.2596289547234103 173
1684008465906 0.2610315918168108 174
1684008465974 0.2624426417476167 175
1684008466042 0.2638621428961838 176
1684008466106 0.26528994637976017 177
1684008466182 0.2667260775818078 178
1684008466246 0.26817047833339663 179
1684008466314 0.26962301940363614 180
1684008466378 0.2710836649573268 181
1684008466446 0.2725523331208084 182
1684008466518 0.2740290390654458 183
1684008466590 0.2755136671933484 184
1684008466658 0.2770061571149452 185
1684008466726 0.278506474804966 186
1684008466794 0.2800145533270043 187
1684008466862 0.28153024793147774 188
1684008466930 0.28305360436257454 189
1684008466998 0.28458452961203784 190
1684008467062 0.2861229535580259 191
1684008467130 0.28766885733433795 192
1684008467198 0.2892220908853205 193
1684008467262 0.29078265496925676 194
1684008467454 0.2923504600357674 195
1684008467522 0.29392544427988243 196
1684008467594 0.2955075711983812 197
1684008467662 0.2970967259622702 198
1684008467734 0.29869297883069607 199
1684008467798 0.30029607420063104 200
1684008467862 0.3019060960885554 201
1684008467926 0.30352292548100607 202
1684008467990 0.3051464756712559 203
1684008468058 0.30677672990598337 204
1684008468126 0.3084135911873015 205
1684008468190 0.3100570862980848 206
1684008468258 0.31170709329258534 207
1684008468326 0.3133634560805052 208
1684008468394 0.3150262910773972 209
1684008468458 0.3166953563947006 210
1684008468526 0.31837075078658333 211
1684008468594 0.3200523160528838 212
1684008468662 0.3217400816037445 213
1684008468730 0.32343386577137545 214
1684008468794 0.32513364912198905 215
1684008468862 0.3268394300221367 216
1684008468930 0.3285511029226345 217
1684008468994 0.3302685670879144 218
1684008469062 0.3319918841282367 219
1684008469126 0.3337208340583656 220
1684008469190 0.33545557118775743 221
1684008469258 0.33719583205576537 222
1684008469322 0.338941674383894 223
1684008469390 0.3406929399532149 224
1684008469454 0.3424496963296227 225
1684008469522 0.3442118790839203 226
1684008469586 0.34597925820501196 227
1684008469657 0.3477520153440148 228
1684008469724 0.34952993879790517 229
1684008469788 0.35131292513482076 230
1684008469856 0.35310111943883565 231
1684008469920 0.3548943467038864 232
1684008469992 0.3566925792886345 233
1684008470060 0.3584956982612558 234
1684008470128 0.3603037295244874 235
1684008470192 0.3621165555078447 236
1684008470264 0.36393416349725966 237
1684008470332 0.36575647157876834 238
1684008470396 0.3675834940412641 239
1684008470464 0.36941514312450835 240
1684008470532 0.37125130882656476 241
1684008470600 0.3730919954605792 242
1684008470668 0.3749371653288598 243
1684008470736 0.37678675207108797 244
1684008470800 0.3786406822882897 245
1684008470868 0.3804989286296892 246
1684008470932 0.38236147020505906 247
1684008471000 0.3842282368704926 248
1684008471064 0.3860990884344439 249
1684008471132 0.38797410929750753 250
