1684009136989 1.3071647 1
1684009137064 1.1484119 2
1684009137136 0.98233795 3
1684009137204 0.82565784 4
1684009137268 0.69452024 5
1684009137336 0.59729016 6
1684009137404 0.53380054 7
1684009137468 0.49790984 8
1684009137532 0.48088342 9
1684009137596 0.47420248 10
1684009137664 0.47129992 11
1684009137732 0.46817255 12
1684009137800 0.46321464 13
1684009137868 0.45658028 14
1684009137932 0.4494781 15
1684009138004 0.4434719 16
1684009138072 0.44001454 17
1684009138140 0.44014913 18
1684009138208 0.44437453 19
1684009138272 0.45263973 20
1684009138344 0.46442938 21
1684009138408 0.47889864 22
1684009138476 0.49503204 23
1684009138544 0.51181924 24
1684009138612 0.52835715 25
1684009138680 0.5439143 26
1684009138752 0.5579568 27
1684009138820 0.5701418 28
1684009138892 0.58030975 29
1684009138960 0.58845747 30
1684009139028 0.5946914 31
1684009139092 0.5991876 32
1684009139160 0.60216385 33
1684009139228 0.6038605 34
1684009139296 0.6045167 35
1684009139368 0.6043544 36
1684009139436 0.60356104 37
1684009139504 0.6022941 38
1684009139572 0.60067916 39
1684009139652 0.598814 40
1684009139728 0.59677225 41
1684009139800 0.5946139 42
1684009139876 0.59238386 43
1684009139948 0.5901153 44
1684009140024 0.58783174 45
1684009140108 0.5855485 46
1684009140188 0.5832743 47
1684009140264 0.581012 48
1684009140341 0.57875955 49
1684009140409 0.57651114 50
1684009140477 0.5742583 51
1684009140549 0.57199097 52
1684009140613 0.5696986 53
1684009140677 0.567371 54
1684009140749 0.5649995 55
1684009140821 0.5625774 56
1684009140885 0.5600857 57
1684009140949 0.55750924 58
1684009141017 0.55483794 59
1684009141089 0.5520691 60
1684009141157 0.54920864 61
1684009141225 0.54627013 62
1684009141297 0.5432738 63
1684009141373 0.54024434 64
1684009141437 0.53720856 65
1684009141501 0.53419405 66
1684009141573 0.531227 67
1684009141645 0.52833116 68
1684009141709 0.52552664 69
1684009141773 0.5228301 70
1684009141841 0.52025384 71
1684009141909 0.5178096 72
1684009141977 0.51550484 73
1684009142045 0.5133428 74
1684009142117 0.51132315 75
1684009142185 0.50944203 76
1684009142249 0.5076932 77
1684009142333 0.50606805 78
1684009142401 0.50455666 79
1684009142465 0.50314796 80
1684009142529 0.50183046 81
1684009142593 0.50059247 82
1684009142661 0.49942246 83
1684009142725 0.4983093 84
1684009142789 0.49724263 85
1684009142857 0.4962128 86
1684009142917 0.49521106 87
1684009142985 0.49422973 88
1684009143057 0.49326193 89
1684009143121 0.49230206 90
1684009143189 0.49134523 91
1684009143253 0.49038765 92
1684009143321 0.48942646 93
1684009143393 0.48845962 94
1684009143465 0.48748565 95
1684009143533 0.48650393 96
1684009143601 0.4855144 97
1684009143669 0.4845174 98
1684009143737 0.48351365 99
1684009143805 0.48250434 100
1684009143869 0.48149073 101
1684009143937 0.4804743 102
1684009144001 0.47945672 103
1684009144069 0.47843957 104
1684009144137 0.47742465 105
1684009144205 0.47641355 106
1684009144273 0.47540796 107
1684009144341 0.47440958 108
1684009144413 0.47341996 109
1684009144481 0.47244057 110
1684009144549 0.471473 111
1684009144617 0.47051877 112
1684009144685 0.46957925 113
1684009144753 0.46865582 114
1684009144821 0.46774992 115
1684009144889 0.46686292 116
1684009144957 0.4659961 117
1684009145025 0.4651507 118
1684009145089 0.46432805 119
1684009145157 0.4635293 120
1684009145225 0.46275556 121
1684009145289 0.46200794 122
1684009145357 0.46128738 123
1684009145429 0.46059477 124
1684009145497 0.45993102 125
1684009145565 0.4592968 126
1684009145629 0.45869273 127
1684009145697 0.45811936 128
1684009145761 0.45757708 129
1684009145825 0.45706618 130
1684009145889 0.4565869 131
1684009145957 0.4561394 132
1684009146021 0.45572358 133
1684009146085 0.45533946 134
1684009146153 0.45498684 135
1684009146221 0.45466545 136
1684009146289 0.45437497 137
1684009146357 0.45411506 138
1684009146425 0.45388526 139
1684009146493 0.45368502 140
1684009146561 0.45351383 141
1684009146625 0.45337108 142
1684009146693 0.4532562 143
1684009146757 0.45316845 144
1684009146825 0.45310733 145
1684009146893 0.453072 146
1684009146965 0.45306188 147
1684009147033 0.45307618 148
1684009147097 0.45311433 149
1684009147165 0.45317557 150
1684009147233 0.45325917 151
1684009147301 0.45336452 152
1684009147369 0.4534909 153
1684009147437 0.45363772 154
1684009147501 0.4538043 155
1684009147565 0.45399004 156
1684009147633 0.45419434 157
1684009147701 0.45441657 158
1684009147769 0.45465624 159
1684009147833 0.45491272 160
1684009147901 0.45518553 161
1684009147969 0.4554742 162
1684009148037 0.45577818 163
1684009148101 0.456097 164
1684009148169 0.45643026 165
1684009148237 0.45677748 166
1684009148425 0.45713824 167
1684009148497 0.45751223 168
1684009148569 0.45789897 169
1684009148633 0.45829815 170
1684009148701 0.45870942 171
1684009148773 0.45913246 172
1684009148841 0.45956695 173
1684009148909 0.46001247 174
1684009148977 0.4604689 175
1684009149041 0.46093586 176
1684009149109 0.46141312 177
1684009149177 0.46190035 178
1684009149245 0.4623974 179
1684009149313 0.46290398 180
1684009149377 0.46341985 181
1684009149441 0.46394482 182
1684009149513 0.46447864 183
1684009149581 0.46502113 184
1684009149649 0.46557206 185
1684009149713 0.46613127 186
1684009149781 0.46669853 187
1684009149861 0.4672737 188
1684009149933 0.4678566 189
1684009149997 0.468447 190
1684009150069 0.46904477 191
1684009150137 0.4696498 192
1684009150205 0.47026187 193
1684009150273 0.47088084 194
1684009150337 0.47150654 195
1684009150405 0.47213888 196
1684009150473 0.47277766 197
1684009150541 0.47342283 198
1684009150605 0.47407413 199
1684009150669 0.4747315 200
1684009150733 0.47539482 201
1684009150801 0.4760639 202
1684009150873 0.47673872 203
1684009150941 0.4774191 204
1684009151009 0.47810492 205
1684009151073 0.4787961 206
1684009151137 0.47949252 207
1684009151205 0.480194 208
1684009151269 0.48090053 209
1684009151337 0.48161203 210
1684009151401 0.48232827 211
1684009151469 0.48304924 212
1684009151537 0.4837748 213
1684009151601 0.48450494 214
1684009151838 0.4852395 215
1684009151988 0.48597836 216
1684009152072 0.48672152 217
1684009152144 0.48746884 218
1684009152212 0.4882202 219
1684009152276 0.4889756 220
1684009152348 0.48973495 221
1684009152416 0.49049807 222
1684009152484 0.491265 223
1684009152552 0.49203563 224
1684009152620 0.4928098 225
1684009152688 0.49358755 226
1684009152752 0.4943688 227
1684009152820 0.49515337 228
1684009152888 0.49594128 229
1684009152956 0.4967325 230
1684009153024 0.49752688 231
1684009153092 0.49832436 232
1684009153160 0.49912494 233
1684009153228 0.49992847 234
1684009153296 0.5007349 235
1684009153364 0.50154424 236
1684009153432 0.5023564 237
1684009153500 0.50317127 238
1684009153568 0.50398874 239
1684009153636 0.50480896 240
1684009153704 0.5056317 241
1684009153788 0.5064569 242
1684009153860 0.5072846 243
1684009153932 0.5081147 244
1684009154000 0.5089471 245
1684009154068 0.50978184 246
1684009154144 0.5106187 247
1684009154212 0.5114578 248
1684009154276 0.512299 249
1684009154348 0.5131422 250
