1684011307603 1.3125895432063512 1
1684011307688 1.1432079757962907 2
1684011307757 0.9657205513545445 3
1684011307825 0.7989539589200702 4
1684011307889 0.6609648040362767 5
1684011307961 0.5610501255307879 6
1684011308033 0.49877411127090454 7
1684011308101 0.4667616954871586 8
1684011308169 0.45459875890186857 9
1684011308237 0.4521930345467159 10
1684011308305 0.4519378926072802 11
1684011308377 0.44952442816325594 12
1684011308449 0.44362717866897583 13
1684011308517 0.43504596182278227 14
1684011308589 0.42572780166353497 15
1684011308657 0.41793626972607206 16
1684011308729 0.4136745887143271 17
1684011308797 0.41432733620916096 18
1684011308865 0.42050606438091825 19
1684011308937 0.43206637672015596 20
1684011309005 0.44824110184397015 21
1684011309073 0.4678350176130022 22
1684011309145 0.48945486545562744 23
1684011309213 0.5116995871067047 24
1684011309281 0.5333083101681301 25
1684011309353 0.5532578825950623 26
1684011309425 0.5708093472889492 27
1684011309497 0.5855140515736171 28
1684011309565 0.5971868889672416 29
1684011309633 0.6058676327977862 30
1684011309701 0.611766483102526 31
1684011309769 0.6152183328356061 32
1684011309837 0.6166271141597203 33
1684011309905 0.616416939667293 34
1684011309977 0.6150012782641819 35
1684011310045 0.6127502492495945 36
1684011310109 0.6099766407694135 37
1684011310177 0.6069311627319881 38
1684011310245 0.6038052013942173 39
1684011310313 0.6007385083607265 40
1684011310377 0.5978288097040994 41
1684011310449 0.5951414832047054 42
1684011310513 0.592718243598938 43
1684011310581 0.590583860874176 44
1684011310645 0.5887509456702641 45
1684011310713 0.5872225505965096 46
1684011310777 0.5859932942049844 47
1684011310845 0.5850490714822497 48
1684011310909 0.5843665770121983 49
1684011310973 0.5839120915957859 50
1684011311037 0.5836414567061833 51
1684011311105 0.5834856161049434 52
1684011311169 0.5833719330174583 53
1684011311237 0.5832262975828988 54
1684011311301 0.5829785210745675 55
1684011311369 0.5825633832386562 56
1684011311433 0.5819334813526699 57
1684011311501 0.5810616995607104 58
1684011311565 0.5799434738499778 59
1684011311633 0.5785960171903882 60
1684011311701 0.5770554627690997 61
1684011311765 0.5753721424511501 62
1684011311833 0.5736047370093209 63
1684011311897 0.5718140389238086 64
1684011311961 0.5700573154858181 65
1684011312025 0.5683921830994743 66
1684011312093 0.5668634133679527 67
1684011312153 0.5655026861599514 68
1684011312221 0.5643290451594761 69
1684011312285 0.5633509031363896 70
1684011312357 0.5625684048448291 71
1684011312421 0.5619758069515228 72
1684011312489 0.5615632065704891 73
1684011312553 0.5613179206848145 74
1684011312617 0.5612250013010842 75
1684011312685 0.5612676952566419 76
1684011312749 0.5614275506564549 77
1684011312813 0.5616844849927085 78
1684011312881 0.5620171214853015 79
1684011312945 0.5624031041349683 80
1684011313017 0.5628198598112378 81
1684011313097 0.5632454752922058 82
1684011313165 0.5636594678674426 83
1684011313233 0.5640438922813961 84
1684011313297 0.564384183713368 85
1684011313365 0.5646696516445705 86
1684011313429 0.5648938970906394 87
1684011313493 0.5650548807212284 88
1684011313557 0.5651545524597168 89
1684011313625 0.5651982809816088 90
1684011313806 0.5651941512312207 91
1684011314010 0.5651521001543317 92
1684011314090 0.5650829715388161 93
1684011314162 0.5649977539266858 94
1684011314230 0.564906907933099 95
1684011314298 0.5648197446550641 96
1684011314370 0.5647442298276084 97
1684011314438 0.5646866261959076 98
1684011314506 0.564651723418917 99
1684011314570 0.564642676285335 100
1684011314642 0.5646614176886422 101
1684011314706 0.5647088459559849 102
1684011314774 0.5647850036621094 103
1684011314838 0.564889520406723 104
1684011314906 0.5650217873709542 105
1684011314974 0.5651811701910836 106
1684011315038 0.5653673240116665 107
1684011315106 0.5655801125935146 108
1684011315174 0.5658198169299534 109
1684011315242 0.5660870373249054 110
1684011315310 0.5663827955722809 111
1684011315378 0.5667081560407367 112
1684011315442 0.5670643193381173 113
1684011315510 0.5674523753779275 114
1684011315767 0.567873260804585 115
1684011315847 0.5683276355266571 116
1684011315915 0.5688157039029258 117
1684011315983 0.5693374233586448 118
1684011316051 0.5698923340865544 119
1684011316123 0.5704796441963741 120
1684011316191 0.5710983531815665 121
1684011316259 0.5717471327100482 122
1684011316323 0.5724247310842786 123
1684011316391 0.5731296539306641 124
1684011316459 0.5738605218274253 125
1684011316527 0.5746159553527832 126
1684011316591 0.5753946389470782 127
1684011316663 0.5761954018047878 128
1684011316735 0.5770171880722046 129
1684011316803 0.5778589972427913 130
1684011316871 0.5787200459412166 131
1684011316939 0.5795995678220477 132
1684011317007 0.5804969327790397 133
1684011317075 0.58141171506473 134
1684011317139 0.5823433186326709 135
1684011317207 0.5832914454596383 136
1684011317275 0.5842557549476624 137
1684011317347 0.585235915013722 138
1684011317411 0.5862317170415606 139
1684011317479 0.5872428672654288 140
1684011317543 0.588269225188664 141
1684011317611 0.589310565165111 142
1684011317683 0.5903667168957847 143
1684011317751 0.5914375100816999 144
1684011317819 0.5925227531364986 145
1684011317887 0.5936223481382642 146
1684011317955 0.5947360396385193 147
1684011318023 0.5958637935774667 148
1684011318087 0.5970054183687482 149
1684011318159 0.5981607224260058 150
1684011318227 0.5993296205997467 151
1684011318295 0.6005119553634098 152
1684011318363 0.6017075989927564 153
1684011318427 0.6029163897037506 154
1684011318495 0.6041381869997297 155
1684011318563 0.6053729142461505 156
1684011318627 0.6066203713417053 157
1684011318695 0.6078804475920541 158
1684011318763 0.609153015272958 159
1684011318827 0.6104379722050258 160
1684011318891 0.6117351268018995 161
1684011318959 0.6130443513393402 162
1684011319027 0.6143655734402793 163
1684011319095 0.6156985759735107 164
1684011319163 0.6170432908194405 165
1684011319227 0.6183995732239315 166
1684011319295 0.61976729120527 167
1684011319367 0.621146274464471 168
1684011319431 0.6225364293370929 169
1684011319499 0.6239376195839473 170
1684011319563 0.6253497089658465 171
1684011319623 0.6267725910459246 172
1684011319691 0.6282060997826713 173
1684011319755 0.6296501244817462 174
1684011319819 0.6311045629637582 175
1684011319887 0.6325692108699253 176
1684011319951 0.634044029882976 177
1684011320015 0.6355288709912982 178
1684011320079 0.6370235511234829 179
1684011320147 0.6385280617645809 180
1684011320215 0.6400421815259116 181
1684011320279 0.6415658082280841 182
1684011320347 0.6430988652365548 183
1684011320415 0.6446412290845599 184
1684011320490 0.6461926783834185 185
1684011320770 0.6477532599653516 186
1684011320856 0.6493227311543056 187
1684011320926 0.6509010493755341 188
1684011320993 0.6524880613599505 189
1684011321060 0.6540836564132145 190
1684011321128 0.6556877621582576 191
1684011321216 0.6573002210685185 192
1684011321286 0.6589209394795554 193
1684011321352 0.6605498109545026 194
1684011321420 0.662186746086393 195
1684011321487 0.6638315788337162 196
1684011321551 0.665484253849302 197
1684011321614 0.6671446348939624 198
1684011321683 0.6688126581055778 199
1684011321749 0.670488178730011 200
1684011321813 0.6721711031028202 201
1684011321877 0.6738613247871399 202
1684011321944 0.6755587714059013 203
1684011322010 0.6772633024624416 204
1684011322073 0.6789748242923191 205
1684011322140 0.6806932474885669 206
1684011322205 0.682418452841895 207
1684011322271 0.6841503637177604 208
1684011322340 0.6858889034816197 209
1684011322409 0.6876339103494372 210
1684011322474 0.6893853502614158 211
1684011322540 0.6911430827208928 212
1684011322604 0.6929070353507996 213
1684011322671 0.6946770889418465 214
1684011322736 0.6964532051767621 215
1684011322800 0.698235273361206 216
1684011322866 0.7000231274536678 217
1684011322933 0.7018167717116219 218
1684011322998 0.7036160741533551 219
1684011323062 0.7054209283420018 220
1684011323128 0.7072312874453408 221
1684011323195 0.7090470535414559 222
1684011323264 0.7108681287084307 223
1684011323329 0.712694410766874 224
1684011323394 0.7145258401121412 225
1684011323459 0.7163623188223157 226
1684011323524 0.7182037915502276 227
1684011323587 0.720050151859011 228
1684011323650 0.7219012890543256 229
1684011323716 0.7237571818487984 230
1684011323781 0.7256177408354623 231
1684011323852 0.727482829775129 232
1684011323919 0.7293524316379002 233
1684011323984 0.7312264357294355 234
1684011324049 0.7331048079899379 235
1684011324113 0.7349874249526432 236
1684011324180 0.736874235527856 237
1684011324244 0.738765150308609 238
1684011324307 0.7406601437500545 239
1684011324371 0.7425591094153268 240
1684011324436 0.7444619621549334 241
1684011324504 0.7463686977113996 242
1684011324572 0.7482791755880628 243
1684011324640 0.7501933787550245 244
1684011324708 0.7521111837455204 245
1684011324776 0.7540325777871268 246
1684011324840 0.755957522562572 247
1684011324908 0.7578858860901424 248
1684011324976 0.7598176683698382 249
1684011325044 0.7617527672222683 250
