1684008207630 1.257263 1
1684008207705 1.0922345 2
1684008207774 0.9184188 3
1684008207844 0.7564653 4
1684008207915 0.6260569 5
1684008207984 0.5372065 6
1684008208052 0.4887529 7
1684008208124 0.47133997 8
1684008208208 0.47211757 9
1684008208277 0.47896984 10
1684008208347 0.48343706 11
1684008208418 0.4815517 12
1684008208487 0.4730966 13
1684008208557 0.4602982 14
1684008208631 0.44653913 15
1684008208701 0.4352951 16
1684008208770 0.42940375 17
1684008208838 0.43059218 18
1684008208908 0.43935305 19
1684008208978 0.45506814 20
1684008209046 0.47626832 21
1684008209116 0.5009954 22
1684008209185 0.52711785 23
1684008209255 0.5525949 24
1684008209324 0.5756686 25
1684008209393 0.59498453 26
1684008209463 0.6096469 27
1684008209531 0.6192175 28
1684008209601 0.6236727 29
1684008209670 0.6233302 30
1684008209742 0.6187443 31
1684008209809 0.61064386 32
1684008209877 0.5998498 33
1684008209949 0.58718956 34
1684008210025 0.5734477 35
1684008210093 0.5593009 36
1684008210163 0.54529285 37
1684008210231 0.5318794 38
1684008210298 0.5193615 39
1684008210368 0.5079127 40
1684008210435 0.49760604 41
1684008210505 0.488442 42
1684008210573 0.48037246 43
1684008210640 0.47332004 44
1684008210709 0.46719176 45
1684008210777 0.4618895 46
1684008210848 0.45731688 47
1684008210929 0.45338336 48
1684008211001 0.45000726 49
1684008211070 0.44711727 50
1684008211138 0.44465292 51
1684008211207 0.44256473 52
1684008211276 0.44081303 53
1684008211347 0.43936715 54
1684008211417 0.43820366 55
1684008211486 0.4373049 56
1684008211556 0.43665725 57
1684008211623 0.4362495 58
1684008211693 0.43607172 59
1684008211763 0.4361145 60
1684008211831 0.43636805 61
1684008211901 0.43682215 62
1684008211971 0.43746588 63
1684008212040 0.43828797 64
1684008212111 0.43927675 65
1684008212177 0.44042057 66
1684008212248 0.44170785 67
1684008212317 0.44312745 68
1684008212385 0.4446688 69
1684008212457 0.44632187 70
1684008212527 0.4480774 71
1684008212595 0.44992673 72
1684008212662 0.45186198 73
1684008212730 0.4538758 74
1684008212799 0.4559615 75
1684008212866 0.45811275 76
1684008212936 0.460324 77
1684008213002 0.46258983 78
1684008213069 0.4649054 79
1684008213136 0.4672662 80
1684008213203 0.4696681 81
1684008213273 0.47210717 82
1684008213339 0.47458 83
1684008213408 0.47708344 84
1684008213476 0.4796146 85
1684008213547 0.48217088 86
1684008213618 0.48475018 87
1684008213689 0.48735046 88
1684008213757 0.48997006 89
1684008213854 0.49260762 90
1684008213927 0.49526203 91
1684008213996 0.4979323 92
1684008214063 0.50061786 93
1684008214131 0.5033182 94
1684008214199 0.50603294 95
1684008214267 0.50876206 96
1684008214333 0.5115055 97
1684008214400 0.5142634 98
1684008214468 0.517036 99
1684008214542 0.5198236 100
1684008214613 0.52262664 101
1684008214684 0.5254456 102
1684008214751 0.52828085 103
1684008214819 0.53113306 104
1684008214885 0.5340027 105
1684008214953 0.5368903 106
1684008215023 0.5397966 107
1684008215096 0.54272187 108
1684008215165 0.54566693 109
1684008215234 0.54863214 110
1684008215303 0.5516181 111
1684008215374 0.55462533 112
1684008215443 0.55765414 113
1684008215511 0.560705 114
1684008215580 0.5637784 115
1684008215647 0.5668745 116
1684008215716 0.56999385 117
1684008215783 0.5731365 118
1684008215850 0.5763027 119
1684008215917 0.5794928 120
1684008215989 0.5827069 121
1684008216058 0.5859451 122
1684008216127 0.5892075 123
1684008216196 0.592494 124
1684008216263 0.59580487 125
1684008216331 0.5991399 126
1684008216399 0.6024991 127
1684008216469 0.6058825 128
1684008216538 0.6092898 129
1684008216604 0.612721 130
1684008216673 0.61617595 131
1684008216740 0.6196544 132
1684008216808 0.62315625 133
1684008216878 0.6266811 134
1684008216947 0.630229 135
1684008217125 0.63379943 136
1684008217193 0.6373923 137
1684008217263 0.6410073 138
1684008217332 0.6446441 139
1684008217401 0.6483025 140
1684008217468 0.6519822 141
1684008217538 0.6556828 142
1684008217607 0.65940404 143
1684008217676 0.6631457 144
1684008217745 0.6669074 145
1684008217810 0.6706888 146
1684008217877 0.6744896 147
1684008217942 0.6783097 148
1684008218009 0.68214846 149
1684008218073 0.6860058 150
1684008218139 0.68988127 151
1684008218204 0.69377464 152
1684008218272 0.6976857 153
1684008218340 0.701614 154
1684008218406 0.7055594 155
1684008218473 0.7095215 156
1684008218540 0.71349996 157
1684008218606 0.7174947 158
1684008218672 0.7215054 159
1684008218740 0.7255317 160
1684008218807 0.7295733 161
1684008218878 0.7336301 162
1684008218945 0.73770183 163
1684008219022 0.741788 164
1684008219098 0.7458887 165
1684008219166 0.7500035 166
1684008219234 0.75413215 167
1684008219302 0.75827444 168
1684008219369 0.7624303 169
1684008219437 0.7665993 170
1684008219504 0.77078134 171
1684008219576 0.7749762 172
1684008219643 0.77918357 173
1684008219710 0.78340334 174
1684008219778 0.7876352 175
1684008219846 0.7918792 176
1684008219916 0.79613477 177
1684008219983 0.80040205 178
1684008220052 0.80468065 179
1684008220120 0.80897045 180
1684008220187 0.8132714 181
1684008220254 0.817583 182
1684008220321 0.8219055 183
1684008220388 0.8262383 184
1684008220454 0.8305815 185
1684008220521 0.83493483 186
1684008220598 0.8392982 187
1684008220668 0.8436714 188
1684008220736 0.8480543 189
1684008220806 0.85244673 190
1684008220873 0.8568484 191
1684008220939 0.86125946 192
1684008221006 0.8656796 193
1684008221072 0.8701086 194
1684008221138 0.87454647 195
1684008221205 0.878993 196
1684008221271 0.88344795 197
1684008221337 0.8879115 198
1684008221405 0.8923832 199
1684008221469 0.89686304 200
1684008221535 0.901351 201
1684008221605 0.90584683 202
1684008221674 0.91035044 203
1684008221741 0.91486174 204
1684008221806 0.9193806 205
1684008221872 0.92390704 206
1684008221937 0.9284407 207
1684008222199 0.9329816 208
1684008222305 0.93752974 209
1684008222376 0.94208497 210
1684008222443 0.9466471 211
1684008222511 0.9512161 212
1684008222578 0.95579183 213
1684008222644 0.96037436 214
1684008222712 0.96496356 215
1684008222779 0.9695592 216
1684008222847 0.9741612 217
1684008222915 0.97876966 218
1684008222982 0.9833844 219
1684008223048 0.9880052 220
1684008223115 0.9926323 221
1684008223180 0.99726546 222
1684008223246 1.0019046 223
1684008223313 1.0065496 224
1684008223381 1.0112005 225
1684008223447 1.0158572 226
1684008223513 1.0205197 227
1684008223579 1.0251878 228
1684008223644 1.0298617 229
1684008223708 1.0345409 230
1684008223773 1.0392256 231
1684008223841 1.0439159 232
1684008223907 1.0486114 233
1684008223976 1.0533124 234
1684008224044 1.0580187 235
1684008224110 1.0627301 236
1684008224176 1.0674467 237
1684008224246 1.0721685 238
1684008224313 1.0768952 239
1684008224382 1.0816271 240
1684008224450 1.086364 241
1684008224517 1.0911057 242
1684008224587 1.0958524 243
1684008224655 1.1006038 244
1684008224724 1.10536 245
1684008224793 1.1101211 246
1684008224858 1.114887 247
1684008224925 1.1196573 248
1684008224989 1.1244323 249
1684008225055 1.1292119 250
