1684008371939 1.2755047 1
1684008372012 1.1207972 2
1684008372082 0.95964015 3
1684008372151 0.80834436 4
1684008372218 0.6824168 5
1684008372286 0.58961296 6
1684008372353 0.52937925 7
1684008372420 0.49548954 8
1684008372492 0.47941867 9
1684008372562 0.47307086 10
1684008372630 0.470367 11
1684008372696 0.4677462 12
1684008372774 0.46391082 13
1684008372843 0.4591789 14
1684008372915 0.45475686 15
1684008372983 0.45208824 16
1684008373051 0.45241436 17
1684008373120 0.45652938 18
1684008373189 0.46470296 19
1684008373261 0.4767247 20
1684008373330 0.49201882 21
1684008373400 0.5097863 22
1684008373470 0.52914107 23
1684008373541 0.5492225 24
1684008373628 0.56927466 25
1684008373701 0.58869165 26
1684008373772 0.6070344 27
1684008373840 0.62402576 28
1684008373909 0.63953084 29
1684008373978 0.65352964 30
1684008374046 0.6660874 31
1684008374114 0.67732644 32
1684008374183 0.6874013 33
1684008374251 0.6964781 34
1684008374319 0.70472056 35
1684008374386 0.7122782 36
1684008374454 0.71928114 37
1684008374524 0.7258361 38
1684008374592 0.7320262 39
1684008374659 0.7379124 40
1684008374727 0.7435355 41
1684008374798 0.74891967 42
1684008374866 0.7540755 43
1684008374935 0.7590042 44
1684008375003 0.7636999 45
1684008375071 0.76815385 46
1684008375142 0.7723556 47
1684008375212 0.77629584 48
1684008375282 0.77996755 49
1684008375350 0.78336716 50
1684008375418 0.786495 51
1684008375487 0.78935534 52
1684008375555 0.79195654 53
1684008375624 0.79431075 54
1684008375694 0.7964329 55
1684008375763 0.79834044 56
1684008375836 0.8000525 57
1684008375905 0.8015895 58
1684008375979 0.80297196 59
1684008376050 0.8042202 60
1684008376118 0.805354 61
1684008376189 0.80639195 62
1684008376262 0.80735135 63
1684008376331 0.8082477 64
1684008376399 0.8090947 65
1684008376466 0.80990446 66
1684008376534 0.8106871 67
1684008376602 0.8114511 68
1684008376670 0.81220317 69
1684008376739 0.8129487 70
1684008376815 0.8136915 71
1684008376883 0.8144346 72
1684008376954 0.8151796 73
1684008377034 0.81592727 74
1684008377107 0.81667805 75
1684008377179 0.8174315 76
1684008377251 0.8181869 77
1684008377319 0.81894284 78
1684008377575 0.81969815 79
1684008377711 0.8204515 80
1684008377781 0.82120115 81
1684008377850 0.8219454 82
1684008377919 0.822683 83
1684008377986 0.82341206 84
1684008378053 0.8241315 85
1684008378120 0.82483965 86
1684008378187 0.8255355 87
1684008378254 0.82621765 88
1684008378321 0.82688546 89
1684008378389 0.8275378 90
1684008378463 0.8281739 91
1684008378532 0.828793 92
1684008378600 0.8293948 93
1684008378668 0.82997864 94
1684008378738 0.83054423 95
1684008378808 0.83109134 96
1684008378875 0.8316198 97
1684008378943 0.8321296 98
1684008379014 0.8326206 99
1684008379082 0.83309305 100
1684008379149 0.833547 101
1684008379216 0.8339827 102
1684008379286 0.83440053 103
1684008379355 0.83480084 104
1684008379424 0.83518404 105
1684008379491 0.83555055 106
1684008379559 0.8359009 107
1684008379626 0.8362356 108
1684008379695 0.8365553 109
1684008379764 0.83686054 110
1684008379831 0.837152 111
1684008379898 0.8374302 112
1684008379968 0.8376959 113
1684008380036 0.8379498 114
1684008380103 0.83819234 115
1684008380171 0.83842456 116
1684008380239 0.83864677 117
1684008380308 0.83885986 118
1684008380376 0.83906436 119
1684008380443 0.8392609 120
1684008380509 0.8394501 121
1684008380577 0.8396326 122
1684008380644 0.839809 123
1684008380710 0.8399799 124
1684008380779 0.8401457 125
1684008380849 0.8403071 126
1684008380917 0.84046453 127
1684008380985 0.8406185 128
1684008381052 0.8407696 129
1684008381119 0.840918 130
1684008381187 0.84106445 131
1684008381262 0.8412091 132
1684008381334 0.8413526 133
1684008381402 0.84149516 134
1684008381472 0.84163725 135
1684008381541 0.8417792 136
1684008381608 0.8419212 137
1684008381677 0.8420638 138
1684008381757 0.8422071 139
1684008381832 0.84235156 140
1684008381901 0.8424972 141
1684008381970 0.8426447 142
1684008382039 0.842794 143
1684008382106 0.8429454 144
1684008382174 0.8430991 145
1684008382240 0.8432554 146
1684008382311 0.8434145 147
1684008382376 0.84357655 148
1684008382441 0.8437418 149
1684008382510 0.84391034 150
1684008382578 0.8440824 151
1684008382643 0.8442581 152
1684008382713 0.8444377 153
1684008382782 0.8446212 154
1684008382851 0.8448089 155
1684008382923 0.8450008 156
1684008382991 0.845197 157
1684008383055 0.8453978 158
1684008383119 0.84560305 159
1684008383187 0.84581304 160
1684008383253 0.8460279 161
1684008383323 0.84624755 162
1684008383389 0.84647214 163
1684008383453 0.84670174 164
1684008383521 0.84693646 165
1684008383587 0.8471763 166
1684008383651 0.8474214 167
1684008383715 0.84767175 168
1684008383781 0.84792733 169
1684008383847 0.8481883 170
1684008383915 0.8484546 171
1684008383983 0.8487263 172
1684008384051 0.8490034 173
1684008384119 0.84928584 174
1684008384322 0.84957385 175
1684008384450 0.8498672 176
1684008384584 0.8501661 177
1684008384692 0.85047024 178
1684008384764 0.8507799 179
1684008384830 0.85109484 180
1684008384898 0.8514152 181
1684008384964 0.85174096 182
1684008385040 0.85207194 183
1684008385108 0.8524082 184
1684008385174 0.85274965 185
1684008385244 0.85309637 186
1684008385316 0.85344815 187
1684008385382 0.853805 188
1684008385448 0.8541669 189
1684008385512 0.85453385 190
1684008385601 0.8549056 191
1684008385675 0.8552822 192
1684008385741 0.85566354 193
1684008385809 0.85604966 194
1684008385873 0.8564403 195
1684008385939 0.8568355 196
1684008386005 0.8572353 197
1684008386073 0.8576394 198
1684008386143 0.85804784 199
1684008386209 0.8584605 200
1684008386277 0.8588773 201
1684008386343 0.8592982 202
1684008386411 0.8597231 203
1684008386479 0.86015195 204
1684008386543 0.8605846 205
1684008386609 0.86102104 206
1684008386673 0.86146116 207
1684008386741 0.8619048 208
1684008386807 0.862352 209
1684008386877 0.8628027 210
1684008386945 0.8632567 211
1684008387011 0.863714 212
1684008387081 0.8641745 213
1684008387149 0.8646382 214
1684008387217 0.865105 215
1684008387283 0.8655747 216
1684008387349 0.8660474 217
1684008387421 0.8665231 218
1684008387489 0.86700153 219
1684008387559 0.8674828 220
1684008387625 0.86796665 221
1684008387693 0.86845326 222
1684008387757 0.8689425 223
1684008387825 0.86943424 224
1684008387893 0.8699286 225
1684008387959 0.8704254 226
1684008388023 0.8709247 227
1684008388089 0.8714264 228
1684008388153 0.8719304 229
1684008388219 0.8724369 230
1684008388287 0.8729456 231
1684008388357 0.8734566 232
1684008388423 0.8739699 233
1684008388487 0.87448555 234
1684008388551 0.87500334 235
1684008388617 0.8755234 236
1684008388679 0.87604564 237
1684008388743 0.8765701 238
1684008388809 0.8770968 239
1684008388883 0.8776256 240
1684008388949 0.87815666 241
1684008389019 0.8786899 242
1684008389087 0.8792252 243
1684008389157 0.8797627 244
1684008389225 0.8803025 245
1684008389293 0.88084435 246
1684008389363 0.8813884 247
1684008389429 0.88193476 248
1684008389497 0.88248324 249
1684008389565 0.8830339 250
