1684010401533 1.3744469 1
1684010401621 1.2063822 2
1684010401701 1.0293984 3
1684010401775 0.86093986 4
1684010401843 0.7181725 5
1684010401911 0.6104141 6
1684010401981 0.5381916 7
1684010402049 0.49569482 8
1684010402116 0.4741613 9
1684010402183 0.46478385 10
1684010402248 0.46055135 11
1684010402317 0.45704627 12
1684010402387 0.45234346 13
1684010402455 0.44630498 14
1684010402527 0.43985724 15
1684010402594 0.43434426 16
1684010402662 0.43110698 17
1684010402727 0.4311828 18
1684010402905 0.4351617 19
1684010402997 0.44315368 20
1684010403088 0.45485914 21
1684010403178 0.46972293 22
1684010403246 0.48703516 23
1684010403311 0.5060354 24
1684010403377 0.52598405 25
1684010403444 0.5462123 26
1684010403509 0.5661287 27
1684010403574 0.5852202 28
1684010403639 0.6030177 29
1684010403713 0.6191437 30
1684010403784 0.63330317 31
1684010403851 0.64527917 32
1684010403918 0.65495133 33
1684010403985 0.66228527 34
1684010404054 0.6673391 35
1684010404123 0.6702641 36
1684010404191 0.67128015 37
1684010404256 0.6706509 38
1684010404321 0.66866076 39
1684010404387 0.6655941 40
1684010404454 0.66171986 41
1684010404520 0.65728074 42
1684010404587 0.65248644 43
1684010404653 0.6475111 44
1684010404720 0.64249337 45
1684010404785 0.63753855 46
1684010404850 0.63272226 47
1684010404916 0.6280946 48
1684010404982 0.6236849 49
1684010405048 0.61950576 50
1684010405112 0.61555755 51
1684010405177 0.61183137 52
1684010405243 0.60831285 53
1684010405307 0.6049839 54
1684010405373 0.6018253 55
1684010405437 0.5988177 56
1684010405505 0.5959431 57
1684010405571 0.593185 58
1684010405634 0.5905297 59
1684010405701 0.58796537 60
1684010405768 0.5854828 61
1684010405837 0.5830749 62
1684010405907 0.5807365 63
1684010405974 0.57846415 64
1684010406042 0.5762555 65
1684010406111 0.5741091 66
1684010406182 0.57202435 67
1684010406249 0.5699966 68
1684010406316 0.5680231 69
1684010406380 0.5661021 70
1684010406447 0.5642328 71
1684010406513 0.5624156 72
1684010406577 0.56065094 73
1684010406644 0.5589398 74
1684010406711 0.5572834 75
1684010406781 0.55568224 76
1684010406849 0.554137 77
1684010406914 0.55264777 78
1684010406979 0.55121434 79
1684010407042 0.549836 80
1684010407108 0.54851186 81
1684010407175 0.5472407 82
1684010407244 0.54602087 83
1684010407311 0.5448507 84
1684010407378 0.54372853 85
1684010407450 0.5426523 86
1684010407518 0.54162014 87
1684010407588 0.54063016 88
1684010407654 0.5396805 89
1684010407722 0.5387695 90
1684010407792 0.5378953 91
1684010407858 0.53705657 92
1684010407925 0.5362518 93
1684010407993 0.53547955 94
1684010408058 0.53473896 95
1684010408124 0.53402877 96
1684010408187 0.533348 97
1684010408251 0.53269595 98
1684010408316 0.5320717 99
1684010408496 0.5314747 100
1684010408687 0.5309042 101
1684010408791 0.5303596 102
1684010408859 0.52984047 103
1684010408927 0.5293462 104
1684010408995 0.5288764 105
1684010409063 0.5284306 106
1684010409130 0.52800834 107
1684010409197 0.52760917 108
1684010409262 0.5272326 109
1684010409331 0.52687836 110
1684010409395 0.5265459 111
1684010409461 0.52623487 112
1684010409528 0.5259449 113
1684010409593 0.5256755 114
1684010409656 0.5254263 115
1684010409721 0.5251969 116
1684010409802 0.52498704 117
1684010409989 0.5247962 118
1684010410164 0.52462405 119
1684010410255 0.52447027 120
1684010410324 0.52433443 121
1684010410391 0.5242163 122
1684010410458 0.52411544 123
1684010410525 0.52403164 124
1684010410593 0.5239645 125
1684010410661 0.52391374 126
1684010410728 0.5238792 127
1684010410797 0.5238604 128
1684010410867 0.5238572 129
1684010410936 0.5238693 130
1684010411003 0.52389634 131
1684010411071 0.52393824 132
1684010411137 0.52399474 133
1684010411206 0.5240655 134
1684010411272 0.52415043 135
1684010411340 0.5242492 136
1684010411406 0.5243616 137
1684010411473 0.5244875 138
1684010411539 0.5246266 139
1684010411606 0.5247788 140
1684010411674 0.52494377 141
1684010411746 0.52512133 142
1684010411815 0.52531147 143
1684010411883 0.52551377 144
1684010411948 0.5257282 145
1684010412014 0.5259545 146
1684010412081 0.52619255 147
1684010412149 0.5264421 148
1684010412214 0.52670306 149
1684010412285 0.5269751 150
1684010412352 0.52725816 151
1684010412417 0.5275521 152
1684010412481 0.5278567 153
1684010412547 0.52817184 154
1684010412613 0.5284973 155
1684010412679 0.52883285 156
1684010412746 0.5291785 157
1684010412813 0.52953386 158
1684010412879 0.529899 159
1684010412944 0.53027356 160
1684010413010 0.53065753 161
1684010413077 0.5310506 162
1684010413142 0.5314528 163
1684010413206 0.5318638 164
1684010413270 0.53228354 165
1684010413336 0.53271186 166
1684010413400 0.53314847 167
1684010413465 0.5335934 168
1684010413530 0.53404635 169
1684010413599 0.5345073 170
1684010413666 0.534976 171
1684010413735 0.5354523 172
1684010413804 0.5359361 173
1684010413872 0.5364272 174
1684010413941 0.5369255 175
1684010414009 0.5374309 176
1684010414076 0.53794307 177
1684010414141 0.53846204 178
1684010414206 0.53898764 179
1684010414270 0.53951967 180
1684010414337 0.540058 181
1684010414401 0.54060256 182
1684010414466 0.54115325 183
1684010414531 0.5417097 184
1684010414597 0.5422721 185
1684010414661 0.5428401 186
1684010414728 0.5434137 187
1684010414800 0.54399276 188
1684010414870 0.544577 189
1684010414938 0.54516655 190
1684010415005 0.5457611 191
1684010415074 0.54636073 192
1684010415140 0.5469651 193
1684010415215 0.54757434 194
1684010415284 0.54818815 195
1684010415354 0.5488066 196
1684010415427 0.5494294 197
1684010415498 0.5500567 198
1684010415565 0.55068815 199
1684010415629 0.55132395 200
1684010415695 0.5519637 201
1684010415760 0.55260754 202
1684010415825 0.55325526 203
1684010415895 0.5539069 204
1684010415959 0.55456233 205
1684010416032 0.5552214 206
1684010416106 0.5558842 207
1684010416171 0.55655056 208
1684010416238 0.5572204 209
1684010416302 0.55789375 210
1684010416385 0.55857044 211
1684010416468 0.5592505 212
1684010416538 0.55993384 213
1684010416610 0.5606204 214
1684010416693 0.5613102 215
1684010416958 0.562003 216
1684010417030 0.56269896 217
1684010417100 0.56339794 218
1684010417165 0.5640999 219
1684010417230 0.5648048 220
1684010417296 0.56551266 221
1684010417363 0.5662234 222
1684010417432 0.5669369 223
1684010417498 0.5676532 224
1684010417565 0.5683723 225
1684010417633 0.5690941 226
1684010417700 0.5698186 227
1684010417768 0.57054573 228
1684010417834 0.57127553 229
1684010417912 0.57200795 230
1684010417984 0.5727429 231
1684010418050 0.57348037 232
1684010418116 0.57422036 233
1684010418180 0.57496285 234
1684010418245 0.5757078 235
1684010418310 0.5764552 236
1684010418378 0.57720494 237
1684010418442 0.57795715 238
1684010418506 0.5787116 239
1684010418570 0.5794685 240
1684010418638 0.58022773 241
1684010418707 0.5809891 242
1684010418774 0.58175284 243
1684010418839 0.5825188 244
1684010418904 0.583287 245
1684010418967 0.58405733 246
1684010419032 0.5848299 247
1684010419097 0.5856046 248
1684010419162 0.58638144 249
1684010419225 0.5871604 250
