1684009653388 1.3262128 1
1684009653470 1.1690856 2
1684009653541 1.004865 3
1684009653610 0.8498294 4
1684009653679 0.71961987 5
1684009653745 0.6222466 6
1684009653811 0.55747926 7
1684009653877 0.51942074 8
1684009653940 0.49983102 9
1684009654006 0.4908232 10
1684009654078 0.48643455 11
1684009654144 0.48313293 12
1684009654213 0.47957543 13
1684009654285 0.47598094 14
1684009654351 0.47341153 15
1684009654420 0.47315183 16
1684009654492 0.47627518 17
1684009654558 0.48340824 18
1684009654627 0.4946661 19
1684009654714 0.5097054 20
1684009654783 0.52784574 21
1684009654849 0.54821336 22
1684009654915 0.5698774 23
1684009654981 0.5919583 24
1684009655047 0.61370194 25
1684009655116 0.63451934 26
1684009655185 0.65399724 27
1684009655251 0.67188823 28
1684009655317 0.68808734 29
1684009655380 0.7026019 30
1684009655449 0.7155203 31
1684009655515 0.72698265 32
1684009655581 0.73715603 33
1684009655647 0.7462144 34
1684009655719 0.7543245 35
1684009655794 0.76163524 36
1684009655860 0.76827335 37
1684009655929 0.7743404 38
1684009655998 0.7799139 39
1684009656067 0.7850492 40
1684009656133 0.78978366 41
1684009656199 0.79414 42
1684009656268 0.79813087 43
1684009656334 0.8017621 44
1684009656400 0.80503696 45
1684009656469 0.8079578 46
1684009656534 0.8105289 47
1684009656602 0.8127573 48
1684009656674 0.814654 49
1684009656742 0.8162336 50
1684009656810 0.8175149 51
1684009656878 0.81852007 52
1684009656942 0.8192741 53
1684009657010 0.8198038 54
1684009657074 0.8201371 55
1684009657142 0.8203025 56
1684009657212 0.82032806 57
1684009657276 0.8202406 58
1684009657349 0.8200658 59
1684009657417 0.81982684 60
1684009657484 0.81954503 61
1684009657552 0.81923896 62
1684009657620 0.81892484 63
1684009657688 0.8186162 64
1684009657756 0.8183244 65
1684009657824 0.8180584 66
1684009657888 0.81782484 67
1684009657956 0.81762886 68
1684009658024 0.81747377 69
1684009658092 0.8173612 70
1684009658160 0.817292 71
1684009658224 0.8172656 72
1684009658292 0.8172809 73
1684009658356 0.81733614 74
1684009658420 0.8174288 75
1684009658488 0.81755626 76
1684009658556 0.8177157 77
1684009658620 0.82070065 78
1684009658684 0.82472926 79
1684009658748 0.8288245 80
1684009658816 0.8329816 81
1684009658876 0.83719563 82
1684009658948 0.8414626 83
1684009659016 0.84577847 84
1684009659080 0.8501394 85
1684009659148 0.85454226 86
1684009659216 0.8589839 87
1684009659284 0.8634616 88
1684009659348 0.8679731 89
1684009659416 0.8725161 90
1684009659488 0.8770888 91
1684009659556 0.88168937 92
1684009659628 0.88631654 93
1684009659696 0.890969 94
1684009659764 0.89564574 95
1684009659832 0.9003458 96
1684009659900 0.90506846 97
1684009659964 0.909813 98
1684009660028 0.91457886 99
1684009660096 0.9193658 100
1684009660168 0.92417336 101
1684009660232 0.9290013 102
1684009660300 0.93384945 103
1684009660364 0.93871766 104
1684009660433 0.9436056 105
1684009660499 0.9485135 106
1684009660566 0.95344126 107
1684009660632 0.9583887 108
1684009660696 0.963356 109
1684009660766 0.9683431 110
1684009660836 0.97335017 111
1684009660904 0.97837687 112
1684009660974 0.9834237 113
1684009661042 0.98849034 114
1684009661120 0.9935769 115
1684009661192 0.9986836 116
1684009661261 1.0038102 117
1684009661329 1.0089569 118
1684009661396 1.0141234 119
1684009661465 1.0193101 120
1684009661670 1.0245167 121
1684009661854 1.0297432 122
1684009662003 1.0349895 123
1684009662073 1.0402557 124
1684009662140 1.0455414 125
1684009662208 1.050847 126
1684009662275 1.0561721 127
1684009662345 1.0615165 128
1684009662411 1.0668803 129
1684009662480 1.0722635 130
1684009662546 1.0776656 131
1684009662615 1.0830865 132
1684009662683 1.0885265 133
1684009662752 1.093985 134
1684009662821 1.099462 135
1684009662889 1.1049575 136
1684009662956 1.110471 137
1684009663022 1.1160029 138
1684009663089 1.1215527 139
1684009663155 1.1271201 140
1684009663220 1.1327053 141
1684009663292 1.138308 142
1684009663359 1.143928 143
1684009663426 1.1495653 144
1684009663494 1.1552199 145
1684009663564 1.1608913 146
1684009663637 1.1665795 147
1684009663704 1.1722845 148
1684009663772 1.178006 149
1684009663839 1.1837442 150
1684009663906 1.1894985 151
1684009663973 1.1952691 152
1684009664040 1.201056 153
1684009664106 1.2068589 154
1684009664172 1.2126776 155
1684009664238 1.2185123 156
1684009664306 1.2243626 157
1684009664372 1.2302287 158
1684009664437 1.2361102 159
1684009664504 1.2420073 160
1684009664571 1.2479197 161
1684009664639 1.2538474 162
1684009664710 1.2597903 163
1684009664777 1.2657484 164
1684009664847 1.2717214 165
1684009664913 1.2777095 166
1684009664982 1.2837124 167
1684009665049 1.2897301 168
1684009665118 1.2957625 169
1684009665186 1.3018095 170
1684009665251 1.3078713 171
1684009665318 1.3139476 172
1684009665384 1.3200383 173
1684009665449 1.3261433 174
1684009665517 1.3322625 175
1684009665583 1.3383961 176
1684009665652 1.3445437 177
1684009665719 1.3507055 178
1684009665787 1.3568811 179
1684009665854 1.3630706 180
1684009665921 1.369274 181
1684009665988 1.3754913 182
1684009666056 1.3817222 183
1684009666122 1.3879668 184
1684009666189 1.3942248 185
1684009666256 1.4004962 186
1684009666324 1.4067812 187
1684009666389 1.4130794 188
1684009666453 1.4193908 189
1684009666519 1.4257154 190
1684009666585 1.4320531 191
1684009666650 1.4384037 192
1684009666718 1.4447672 193
1684009666786 1.4511436 194
1684009666861 1.4575329 195
1684009666930 1.4639347 196
1684009666997 1.470349 197
1684009667065 1.4767759 198
1684009667132 1.483215 199
1684009667200 1.4896667 200
1684009667266 1.4961305 201
1684009667334 1.5026065 202
1684009667401 1.5090944 203
1684009667469 1.5155945 204
1684009667538 1.5221062 205
1684009667605 1.5286299 206
1684009667670 1.5351652 207
1684009667734 1.5417122 208
1684009667802 1.5482705 209
1684009667869 1.5548404 210
1684009667936 1.5614215 211
1684009668005 1.5680139 212
1684009668071 1.5746174 213
1684009668139 1.5812321 214
1684009668207 1.5878575 215
1684009668275 1.5944939 216
1684009668496 1.601141 217
1684009668674 1.6077986 218
1684009668815 1.6144669 219
1684009668882 1.6211456 220
1684009668949 1.6278346 221
1684009669018 1.634534 222
1684009669086 1.6412433 223
1684009669152 1.647963 224
1684009669227 1.6546926 225
1684009669302 1.661432 226
1684009669370 1.6681812 227
1684009669439 1.6749401 228
1684009669506 1.6817083 229
1684009669572 1.6884863 230
1684009669643 1.6952736 231
1684009669781 1.7020702 232
1684009669946 1.7088761 233
1684009670016 1.715691 234
1684009670082 1.7225146 235
1684009670149 1.7293476 236
1684009670215 1.7361891 237
1684009670285 1.7430394 238
1684009670351 1.7498984 239
1684009670418 1.7567657 240
1684009670484 1.7636416 241
1684009670550 1.7705258 242
1684009670618 1.7774181 243
1684009670686 1.7843187 244
1684009670754 1.7912272 245
1684009670822 1.7981436 246
1684009670886 1.805068 247
1684009670951 1.812 248
1684009671018 1.8189397 249
1684009671103 1.825887 250
