1683903435808 57.242355 1
1683903435878 56.62851 2
1683903435928 54.87864 3
1683903435990 49.97191 4
1683903436053 41.72769 5
1683903436115 33.13566 6
1683903436178 28.65724 7
1683903436240 31.631216 8
1683903436303 41.678185 9
1683903436350 55.00802 10
1683903436412 67.10802 11
1683903436475 75.001495 12
1683903436537 78.355934 13
1683903436600 78.27109 14
1683903436662 76.204926 15
1683903436725 73.30348 16
1683903436787 68.505356 17
1683903436845 61.19603 18
1683903436907 52.842346 19
1683903436985 45.066177 20
1683903437032 39.415 21
1683903437095 36.722916 22
1683903437157 36.936172 23
1683903437220 39.32663 24
1683903437267 42.873474 25
1683903437329 44.949028 26
1683903437392 43.367622 27
1683903437454 39.20916 28
1683903437517 33.80546 29
1683903437563 27.426243 30
1683903437626 22.203201 31
1683903437688 19.926128 32
1683903437735 21.236408 33
1683903437808 27.409077 34
1683903437870 37.862152 35
1683903437933 50.158478 36
1683903437980 61.10762 37
1683903438042 69.07352 38
1683903438105 73.89026 39
1683903438167 76.33555 40
1683903438214 77.1101 41
1683903438277 76.962265 42
1683903438339 76.3804 43
1683903438386 75.53621 44
1683903438449 71.98215 45
1683903438511 63.78563 46
1683903438574 50.976494 47
1683903438652 38.523643 48
1683903438714 35.385223 49
1683903438761 46.56353 50
1683903438824 67.205605 51
1683903438886 86.03552 52
1683903438933 94.53136 53
1683903438995 91.56875 54
1683903439058 79.81705 55
1683903439121 63.870354 56
1683903439183 51.02407 57
1683903439245 49.023335 58
1683903439292 60.77211 59
1683903439355 80.71285 60
1683903439417 97.86227 61
1683903439480 103.5221 62
1683903439542 96.672 63
1683903439589 82.45857 64
1683903439652 65.94629 65
1683903439714 55.198162 66
1683903439777 57.872616 67
1683903439824 74.61514 68
1683903439886 97.760376 69
1683903439949 116.82718 70
1683903440011 125.426315 71
1683903440058 123.18284 72
1683903440120 113.36583 73
1683903440183 101.91774 74
1683903440245 91.569695 75
1683903440292 86.240906 76
1683903440355 87.54066 77
1683903440417 94.32139 78
1683903440464 103.66315 79
1683903440527 112.64044 80
1683903440589 119.4893 81
1683903440652 123.74403 82
1683903440699 125.309395 83
1683903440761 124.18094 84
1683903440824 118.016846 85
1683903440886 106.70764 86
1683903440933 93.23186 87
1683903440995 85.94513 88
1683903441058 93.00093 89
1683903441120 111.542 90
1683903441183 130.83057 91
1683903441230 140.66968 92
1683903441292 138.3618 93
1683903441355 127.06471 94
1683903441417 112.173996 95
1683903441464 100.60065 96
1683903441527 97.253876 97
1683903441589 103.43262 98
1683903441636 115.251816 99
1683903441699 125.370575 100
1683903441761 127.68437 101
1683903441824 118.89563 102
1683903441886 105.12445 103
1683903441949 97.525444 104
1683903442011 102.54565 105
1683903442058 113.206856 106
1683903442120 121.78174 107
1683903442183 126.607315 108
1683903442245 128.5976 109
1683903442292 124.96686 110
1683903442355 116.47957 111
1683903442417 106.08476 112
1683903442480 98.59641 113
1683903442527 96.55285 114
1683903442589 100.71532 115
1683903442652 109.822296 116
1683903442714 118.877 117
1683903442761 121.62613 118
1683903442824 115.53227 119
1683903442886 103.97744 120
1683903442949 92.703156 121
1683903442995 85.41847 122
1683903443058 82.57116 123
1683903443120 82.6781 124
1683903443183 84.097946 125
1683903443245 85.76099 126
1683903443308 87.176285 127
1683903443355 88.206375 128
1683903443417 88.76631 129
1683903443495 88.24391 130
1683903443558 86.1447 131
1683903443605 79.75792 132
1683903443667 69.38469 133
1683903443730 60.174004 134
1683903443792 60.82193 135
1683903443855 75.82801 136
1683903443902 97.792625 137
1683903443964 112.34642 138
1683903444027 111.64343 139
1683903444089 99.99182 140
1683903444152 87.76733 141
1683903444199 79.89999 142
1683903444261 78.48233 143
1683903444324 80.9162 144
1683903444370 84.37839 145
1683903444527 90.80418 146
1683903444605 99.871994 147
1683903444699 107.19578 148
1683903444777 108.196045 149
1683903444839 102.97448 150
1683903444917 95.58207 151
1683903445011 90.20636 152
1683903445074 88.48111 153
1683903445136 89.81621 154
1683903445199 92.78366 155
1683903445261 96.109146 156
1683903445324 99.06412 157
1683903445386 101.38066 158
1683903445449 103.02542 159
1683903445495 103.94847 160
1683903445558 103.38379 161
1683903445620 98.81795 162
1683903445683 88.89325 163
1683903445746 76.4168 164
1683903445792 70.4323 165
1683903445855 77.96775 166
1683903445917 96.799446 167
1683903445980 115.260254 168
1683903446027 122.2186 169
1683903446089 115.604034 170
1683903446152 101.47482 171
1683903446214 88.45595 172
1683903446277 82.547554 173
1683903446324 84.17067 174
1683903446386 88.542755 175
1683903446449 93.15397 176
1683903446495 97.12514 177
1683903446558 100.46911 178
1683903446621 103.189995 179
1683903446683 104.47549 180
1683903446745 102.41586 181
1683903446821 94.70363 182
1683903446876 81.616974 183
1683903446939 69.449005 184
1683903447001 69.383606 185
1683903447064 86.29621 186
1683903447126 110.15768 187
1683903447189 123.51044 188
1683903447236 118.256615 189
1683903447298 101.287 190
1683903447361 85.22891 191
1683903447423 76.564995 192
1683903447470 76.23585 193
1683903447533 81.09432 194
1683903447595 87.82302 195
1683903447658 95.57055 196
1683903447720 102.32413 197
1683903447767 105.1407 198
1683903447829 102.05309 199
1683903447892 96.02346 200
1683903447954 91.5502 201
1683903448001 91.32785 202
1683903448064 96.68957 203
1683903448126 103.56976 204
1683903448173 107.5453 205
1683903448236 105.446945 206
1683903448298 98.0322 207
1683903448361 89.26071 208
1683903448408 83.20119 209
1683903448470 81.11775 210
1683903448533 81.25429 211
1683903448595 81.63593 212
1683903448642 79.90553 213
1683903448704 77.59501 214
1683903448767 76.092094 215
1683903448829 76.92366 216
1683903448876 80.62554 217
1683903448939 86.44824 218
1683903449001 92.77763 219
1683903449064 98.06532 220
1683903449126 101.490715 221
1683903449189 103.064026 222
1683903449236 103.27649 223
1683903449298 102.71712 224
1683903449361 101.68665 225
1683903449423 100.508896 226
1683903449486 99.29343 227
1683903449533 98.14291 228
1683903449595 97.09762 229
1683903449658 96.15982 230
1683903449720 95.321434 231
1683903449767 94.5327 232
1683903449829 93.7692 233
1683903450033 93.0367 234
1683903450173 92.078094 235
1683903450236 90.56162 236
1683903450298 88.67063 237
1683903450361 86.56688 238
1683903450423 84.412415 239
1683903450486 82.33062 240
1683903450548 79.446434 241
1683903450595 75.34037 242
1683903450658 70.502754 243
1683903450720 64.05423 244
1683903450783 57.817123 245
1683903450829 55.667793 246
1683903450892 60.32216 247
1683903450954 69.122925 248
1683903451017 76.00581 249
1683903451079 78.27013 250
