1683903199924 56.116386 1
1683903199993 49.2703 2
1683903200056 41.34557 3
1683903200102 34.908607 4
1683903200165 32.327713 5
1683903200227 33.251263 6
1683903200290 35.56443 7
1683903200352 37.91715 8
1683903200399 40.69671 9
1683903200462 43.962276 10
1683903200524 46.631157 11
1683903200587 48.202274 12
1683903200649 49.50988 13
1683903200712 51.754246 14
1683903200774 55.335236 15
1683903200821 59.735996 16
1683903200884 64.02986 17
1683903200946 67.458984 18
1683903201009 69.66203 19
1683903201071 69.64396 20
1683903201134 66.69847 21
1683903201196 60.968616 22
1683903201259 52.68863 23
1683903201321 42.814804 24
1683903201368 34.94697 25
1683903201431 34.930065 26
1683903201493 42.879364 27
1683903201556 55.8891 28
1683903201618 69.281235 29
1683903201681 78.177986 30
1683903201743 80.01883 31
1683903201806 75.41001 32
1683903201868 66.97541 33
1683903201931 58.80397 34
1683903201993 53.41713 35
1683903202056 51.27802 36
1683903202118 51.64093 37
1683903202181 53.40654 38
1683903202227 55.674225 39
1683903202290 57.62783 40
1683903202352 58.196007 41
1683903202415 57.64938 42
1683903202477 56.263367 43
1683903202540 54.353664 44
1683903202602 52.186184 45
1683903202665 49.973953 46
1683903202727 47.76496 47
1683903202790 43.354877 48
1683903202852 36.232937 49
1683903202915 28.840248 50
1683903202993 24.787792 51
1683903203056 26.788631 52
1683903203134 34.943504 53
1683903203196 46.781326 54
1683903203259 58.943043 55
1683903203321 68.91516 56
1683903203384 75.70802 57
1683903203431 79.544624 58
1683903203493 81.21003 59
1683903203556 81.54587 60
1683903203618 81.21101 61
1683903203681 80.633194 62
1683903203727 80.02905 63
1683903203790 79.512054 64
1683903203852 79.06387 65
1683903203915 78.68937 66
1683903203962 78.37702 67
1683903204024 78.087234 68
1683903204087 77.817566 69
1683903204149 77.566635 70
1683903204196 77.32848 71
1683903204259 77.10666 72
1683903204321 76.90462 73
1683903204384 76.71534 74
1683903204431 76.4782 75
1683903204493 76.14456 76
1683903204556 75.747986 77
1683903204618 75.31384 78
1683903204681 74.860886 79
1683903204727 74.409706 80
1683903204790 73.980255 81
1683903204852 73.58626 82
1683903204915 73.23761 83
1683903204977 72.93927 84
1683903205040 72.691536 85
1683903205102 72.4928 86
1683903205149 72.339325 87
1683903205212 72.225975 88
1683903205274 72.14581 89
1683903205337 72.09206 90
1683903205384 72.05127 91
1683903205446 72.01181 92
1683903205509 71.972755 93
1683903205556 71.9339 94
1683903205618 71.89621 95
1683903205681 71.85936 96
1683903205743 71.820274 97
1683903205806 71.7718 98
1683903205852 71.49216 99
1683903205915 70.642456 100
1683903205977 69.3165 101
1683903206040 67.6673 102
1683903206102 65.85219 103
1683903206165 64.01206 104
1683903206212 62.255844 105
1683903206274 60.657867 106
1683903206337 59.26065 107
1683903206399 58.0805 108
1683903206446 57.114723 109
1683903206509 56.347794 110
1683903206571 55.756218 111
1683903206634 55.31087 112
1683903206696 54.949463 113
1683903206759 54.656597 114
1683903206812 54.410065 115
1683903206860 54.195766 116
1683903206923 54.011765 117
1683903206985 53.857254 118
1683903207048 53.731712 119
1683903207095 53.634224 120
1683903207157 53.56306 121
1683903207220 53.51427 122
1683903207407 53.308704 123
1683903207673 52.02971 124
1683903207735 49.87803 125
1683903207798 47.144844 126
1683903207860 44.154182 127
1683903207923 41.21234 128
1683903207985 38.4336 129
1683903208032 35.823788 130
1683903208095 33.54776 131
1683903208157 30.73943 132
1683903208220 26.936207 133
1683903208282 23.039076 134
1683903208345 21.43293 135
1683903208407 24.155214 136
1683903208454 31.174072 137
1683903208516 39.74315 138
1683903208579 45.91677 139
1683903208641 47.755844 140
1683903208704 46.185837 141
1683903208766 42.840904 142
1683903208813 39.677402 143
1683903208876 38.513847 144
1683903208938 39.17149 145
1683903209001 40.637016 146
1683903209063 42.138954 147
1683903209126 43.4693 148
1683903209173 44.53341 149
1683903209235 44.480354 150
1683903209298 42.345398 151
1683903209345 37.430557 152
1683903209407 30.676815 153
1683903209470 26.396736 154
1683903209532 30.76009 155
1683903209579 45.135067 156
1683903209641 63.66155 157
1683903209704 76.96723 158
1683903209751 80.09751 159
1683903209813 75.138054 160
1683903209876 65.8192 161
1683903209938 57.511772 162
1683903210001 53.96537 163
1683903210048 55.35256 164
1683903210110 63.133934 165
1683903210173 76.010796 166
1683903210235 88.11858 167
1683903210282 93.688736 168
1683903210345 89.07681 169
1683903210407 77.24577 170
1683903210470 65.5995 171
1683903210516 60.988937 172
1683903210579 65.36276 173
1683903210641 76.225075 174
1683903210704 88.08274 175
1683903210751 94.75197 176
1683903210813 92.75455 177
1683903210876 84.204834 178
1683903210938 74.26433 179
1683903211001 67.21976 180
1683903211063 64.02946 181
1683903211126 62.024208 182
1683903211188 60.2506 183
1683903211251 58.6757 184
1683903211313 58.792065 185
1683903211376 61.548862 186
1683903211438 67.138374 187
1683903211485 74.305756 188
1683903211548 78.88487 189
1683903211610 79.88143 190
1683903211673 77.35608 191
1683903211735 71.97768 192
1683903211798 65.42258 193
1683903211860 62.284336 194
1683903211907 69.35325 195
1683903211970 85.3461 196
1683903212032 99.54855 197
1683903212095 101.52153 198
1683903212141 91.27463 199
1683903212204 77.81499 200
1683903212266 69.20785 201
1683903212329 67.90837 202
1683903212391 71.87558 203
1683903212438 80.10622 204
1683903212501 90.16145 205
1683903212626 98.09151 206
1683903212735 101.07147 207
1683903212782 99.21884 208
1683903212845 94.81772 209
1683903212907 88.13428 210
1683903212970 79.864 211
1683903213016 72.75197 212
1683903213079 70.75804 213
1683903213141 77.474815 214
1683903213204 91.58205 215
1683903213251 106.27191 216
1683903213313 113.75054 217
1683903213376 111.53088 218
1683903213438 101.909836 219
1683903213485 90.42908 220
1683903213548 84.87896 221
1683903213610 88.36859 222
1683903213673 97.987076 223
1683903213720 108.148506 224
1683903213782 114.65631 225
1683903213845 116.28648 226
1683903213891 113.221405 227
1683903213954 107.9655 228
1683903214016 102.69566 229
1683903214079 95.97452 230
1683903214141 87.86994 231
1683903214204 79.724556 232
1683903214266 75.812805 233
1683903214313 80.30278 234
1683903214376 94.865265 235
1683903214438 112.74065 236
1683903214501 123.20566 237
1683903214548 121.43576 238
1683903214610 111.91844 239
1683903214673 102.63074 240
1683903214735 96.068665 241
1683903214782 94.98918 242
1683903214845 99.44092 243
1683903214907 107.10913 244
1683903214954 115.31747 245
1683903215016 121.78465 246
1683903215079 125.41565 247
1683903215141 126.10458 248
1683903215188 123.780266 249
1683903215251 118.84929 250
