1683902625871 58.07018624111877 1
1683902625945 58.63929225835221 2
1683902625993 59.002350564850786 3
1683902626056 58.67578809978818 4
1683902626118 58.119559509793426 5
1683902626181 58.2011853298409 6
1683902626243 59.77894068133265 7
1683902626306 63.374819721489665 8
1683902626368 67.32097938577178 9
1683902626431 68.2198196811038 10
1683902626493 65.89942991651196 11
1683902626556 61.84265380823718 12
1683902626602 60.61627627235164 13
1683902626665 65.20498052220354 14
1683902626727 69.93419175024613 15
1683902626790 70.47764718519008 16
1683902626852 67.77916337737224 17
1683902626915 63.86748084329943 18
1683902626977 60.12253966449113 19
1683902627024 57.50788153249587 20
1683902627087 57.27437347192256 21
1683902627149 60.4403566586541 22
1683902627212 66.22403789732982 23
1683902627259 72.0731027694176 24
1683902627321 76.19578263098256 25
1683902627384 78.71676673932234 26
1683902627446 80.00373188790965 27
1683902627509 78.91640652774262 28
1683902627571 75.01537258750749 29
1683902627618 69.38244050183246 30
1683902627681 66.16167789627521 31
1683902627743 66.39204809681245 32
1683902627806 67.5179023644163 33
1683902627863 70.29340202588635 34
1683902627925 75.9493637252423 35
1683902627988 76.92376873263355 36
1683902628050 71.59734956960543 37
1683902628097 65.22725710950702 38
1683902628160 62.44116058452024 39
1683902628222 64.31267688760116 40
1683902628285 69.91098734683546 41
1683902628347 75.68523933671736 42
1683902628394 75.93496324580832 43
1683902628457 69.8833304317329 44
1683902628519 63.67798784271605 45
1683902628581 62.13138551604451 46
1683902628628 65.92443814964744 47
1683902628691 73.63798801856744 48
1683902628753 79.82997827253536 49
1683902628816 80.2818793476659 50
1683902628878 78.40405563888328 51
1683902628925 77.05988974674064 52
1683902628988 72.7821978204231 53
1683902629050 66.6847122543254 54
1683902629113 66.24831994907947 55
1683902629160 72.39742300665472 56
1683902629222 76.55005064378452 57
1683902629285 74.98461348634399 58
1683902629344 71.40982221024385 59
1683902629391 71.83105497571711 60
1683902629454 75.0307869773397 61
1683902629516 78.96872114858115 62
1683902629579 85.567331754544 63
1683902629626 91.18962160203432 64
1683902629688 90.6953767760668 65
1683902629751 84.95080397819845 66
1683902629798 79.66160253699444 67
1683902629860 79.56216120077795 68
1683902629923 84.95053933984762 69
1683902629969 92.16098821843096 70
1683902630032 96.01857077271522 71
1683902630094 94.59564703276611 72
1683902630157 89.5499502931592 73
1683902630204 84.3770232595216 74
1683902630266 82.72717455463707 75
1683902630329 85.88510603994669 76
1683902630391 91.45350180751467 77
1683902630438 96.81283167941152 78
1683902630501 100.92185296103284 79
1683902630563 101.60936957508903 80
1683902630626 97.23409002924367 81
1683902630688 89.38174841861279 82
1683902630735 82.0340162027835 83
1683902630798 80.029306002338 84
1683902630860 84.68058572664111 85
1683902630923 89.37820459972629 86
1683902630985 90.72679300292187 87
1683902631048 91.61163794166148 88
1683902631094 94.12372732112212 89
1683902631157 95.91232419454008 90
1683902631219 96.77633756802612 91
1683902631266 97.24458868545837 92
1683902631329 94.75548793229117 93
1683902631391 89.95210259284542 94
1683902631454 87.9019162955438 95
1683902631516 90.68723902772388 96
1683902631579 94.83115922960441 97
1683902631626 97.56065074595723 98
1683902631688 99.34877185403172 99
1683902631813 99.46829291234596 100
1683902631985 96.55083197145689 101
1683902632048 93.99695807262498 102
1683902632110 95.7085446131899 103
1683902632157 96.73938966296677 104
1683902632219 94.64511052902995 105
1683902632282 92.16754800111205 106
1683902632344 90.59293922779274 107
1683902632407 88.13299867110177 108
1683902632469 85.53226521223758 109
1683902632532 85.94484466124617 110
1683902632594 89.51408921234803 111
1683902632641 96.05655786664344 112
1683902632704 102.60574633572324 113
1683902632766 105.16474718864187 114
1683902632829 103.14554425009989 115
1683902632891 99.21150347562093 116
1683902632954 96.21385135149575 117
1683902633001 94.36636389329618 118
1683902633063 92.57262096093407 119
1683902633126 90.78059100830747 120
1683902633188 89.62524775608618 121
1683902633251 89.62025509258946 122
1683902633313 90.32391849309622 123
1683902633360 92.17923523038962 124
1683902633423 95.01295605029713 125
1683902633485 98.0923809528366 126
1683902633548 100.98683289644782 127
1683902633610 103.97027792422007 128
1683902633673 106.75324450418134 129
1683902633735 110.00502616159817 130
1683902633782 113.87244480024894 131
1683902633844 115.8933698071838 132
1683902633923 114.08485538274819 133
1683902633985 109.76323400088353 134
1683902634048 104.32332677362852 135
1683902634110 97.73753511967368 136
1683902634157 91.29712804425382 137
1683902634219 88.49877850759721 138
1683902634282 93.51609448580015 139
1683902634344 103.25015848822656 140
1683902634407 110.10647330339769 141
1683902634454 109.64130232621584 142
1683902634516 102.23656072342965 143
1683902634579 92.54752595232021 144
1683902634641 85.47396429972088 145
1683902634688 85.46956454556447 146
1683902634751 92.88164121567299 147
1683902634813 102.45494215795004 148
1683902634876 109.62487137000748 149
1683902634923 113.10994173390293 150
1683902634985 113.09202804445881 151
1683902635048 109.32030906726493 152
1683902635110 104.89757385716014 153
1683902635157 103.09808949246602 154
1683902635219 101.4723813677493 155
1683902635282 100.325352576956 156
1683902635344 102.87613251050075 157
1683902635391 107.22324965911264 158
1683902635454 109.80831914513682 159
1683902635516 109.93173106495504 160
1683902635579 108.88946231983402 161
1683902635626 107.6544840378019 162
1683902635688 104.86396646811117 163
1683902635751 99.92817696797302 164
1683902635813 97.80254299568453 165
1683902635860 101.13344237819966 166
1683902635923 107.45685655522726 167
1683902635985 112.8900657541586 168
1683902636048 115.20391174456452 169
1683902636110 114.30121014186881 170
1683902636173 112.08340271205282 171
1683902636235 109.58575906954262 172
1683902636298 107.25386466866959 173
1683902636360 107.20962607532553 174
1683902636407 109.11833819423615 175
1683902636469 111.6915686534253 176
1683902636532 114.7900387163304 177
1683902636594 118.06250086722747 178
1683902636641 121.63177511472784 179
1683902636704 124.93796105940106 180
1683902636766 125.53353932050769 181
1683902636829 122.44260284215679 182
1683902636891 117.4741723632554 183
1683902636938 114.69748528094446 184
1683902637001 115.85493479786324 185
1683902637063 118.02209499069357 186
1683902637126 117.72954160307698 187
1683902637173 117.11031302071399 188
1683902637235 120.208468725509 189
1683902637298 124.75924286827404 190
1683902637376 126.89112985264342 191
1683902637438 125.66795627417585 192
1683902637532 124.08299570161125 193
1683902637594 122.2993966400584 194
1683902637657 118.18452602462872 195
1683902637704 112.30851181687996 196
1683902637766 109.33006155953842 197
1683902637829 111.97704763234422 198
1683902637891 116.88326720049221 199
1683902637954 120.93499919082774 200
1683902638001 124.76060474805477 201
1683902638063 129.0000431410491 202
1683902638126 131.53055358217523 203
1683902638188 130.6589820040088 204
1683902638235 125.8258296610581 205
1683902638298 119.20870122209334 206
1683902638360 115.20715715351199 207
1683902638423 114.4453315307744 208
1683902638485 114.70670069543374 209
1683902638548 118.01842422969999 210
1683902638610 123.39937327073694 211
1683902638673 127.22333095192066 212
1683902638719 127.42179271933716 213
1683902638782 125.68183015180574 214
1683902638844 123.97852457361851 215
1683902638907 122.55351307666673 216
1683902638969 121.86228659097854 217
1683902639032 123.75153808171581 218
1683902639079 126.76655131895595 219
1683902639141 126.53025647324074 220
1683902639204 122.2125532013769 221
1683902639266 114.9192230072948 222
1683902639329 109.43251246147 223
1683902639381 109.77408576129112 224
1683902639443 114.6301006221465 225
1683902639506 119.94957872931641 226
1683902639568 124.32964125633485 227
1683902639615 127.13364612208629 228
1683902639677 127.39107512321468 229
1683902639740 124.83405307575183 230
1683902639802 120.8396651324027 231
1683902639849 117.75306434955331 232
1683902639912 116.92415393133122 233
1683902639974 117.84783219596423 234
1683902640037 119.67080055557463 235
1683902640099 121.85595033479453 236
1683902640162 123.23544395596721 237
1683902640209 124.51839440983034 238
1683902640271 126.0897164301464 239
1683902640334 126.09260090003656 240
1683902640396 122.46018512439983 241
1683902640459 116.07299073386233 242
1683902640506 111.94955228764505 243
1683902640568 113.98883739878433 244
1683902640631 119.05461740622027 245
1683902640693 122.08848096019446 246
1683902640740 121.84515216217613 247
1683902640802 120.11990684539752 248
1683902640865 117.78809298984791 249
1683902640928 115.59501650764732 250
