1683904014727 56.351807 1
1683904014786 52.44728 2
1683904014849 44.38307 3
1683904014911 33.93443 4
1683904014974 27.91372 5
1683904015036 32.010902 6
1683904015099 45.671997 7
1683904015161 62.291985 8
1683904015224 75.0396 9
1683904015286 78.39242 10
1683904015349 74.32459 11
1683904015411 67.89508 12
1683904015474 62.727425 13
1683904015536 60.314865 14
1683904015599 59.9707 15
1683904015661 59.910767 16
1683904015724 57.01352 17
1683904015786 51.488647 18
1683904015849 43.449333 19
1683904015911 35.807404 20
1683904015974 33.77209 21
1683904016036 40.942825 22
1683904016114 57.131355 23
1683904016177 74.79962 24
1683904016239 83.45838 25
1683904016302 82.001816 26
1683904016364 75.66507 27
1683904016427 68.153854 28
1683904016474 60.34108 29
1683904016536 55.431442 30
1683904016599 56.653664 31
1683904016662 63.981316 32
1683904016718 74.07378 33
1683904016781 83.10217 34
1683904016841 88.69237 35
1683904016903 90.3513 36
1683904016950 88.985855 37
1683904017013 83.27699 38
1683904017075 73.08253 39
1683904017133 60.45682 40
1683904017196 50.486496 41
1683904017259 50.214245 42
1683904017321 62.622093 43
1683904017368 83.059845 44
1683904017431 99.26965 45
1683904017493 102.428375 46
1683904017556 92.84733 47
1683904017602 78.822754 48
1683904017665 69.80885 49
1683904017727 69.671875 50
1683904017790 76.01751 51
1683904017852 84.26662 52
1683904017900 91.145035 53
1683904017968 95.54849 54
1683904018040 96.942856 55
1683904018119 92.81658 56
1683904018181 82.18138 57
1683904018244 67.68349 58
1683904018322 57.273663 59
1683904018384 59.483894 60
1683904018462 74.5668 61
1683904018525 92.76042 62
1683904018603 104.30145 63
1683904018665 106.46811 64
1683904018744 100.77465 65
1683904018806 90.91454 66
1683904018884 80.805374 67
1683904018947 73.381195 68
1683904019025 69.006615 69
1683904019087 65.341934 70
1683904019165 61.478165 71
1683904019228 58.34572 72
1683904019306 59.92531 73
1683904019369 66.9481 74
1683904019431 76.95072 75
1683904019509 85.074066 76
1683904019587 90.05961 77
1683904019650 93.91676 78
1683904019728 97.36578 79
1683904019790 99.536064 80
1683904019869 99.0709 81
1683904019931 95.61677 82
1683904019994 88.0497 83
1683904020072 79.220245 84
1683904020150 71.11029 85
1683904020212 66.123184 86
1683904020290 65.91872 87
1683904020353 72.356735 88
1683904020415 83.26706 89
1683904020494 92.906876 90
1683904020556 95.78319 91
1683904020634 91.528885 92
1683904020697 83.65846 93
1683904020759 76.19563 94
1683904020837 69.32382 95
1683904020900 64.439224 96
1683904020978 63.687042 97
1683904021040 67.90413 98
1683904021228 75.832115 99
1683904021290 84.81405 100
1683904021353 92.31729 101
1683904021431 97.01666 102
1683904021494 98.89917 103
1683904021572 98.70222 104
1683904021665 97.32468 105
1683904021744 95.23476 106
1683904021806 92.59382 107
1683904021884 87.14001 108
1683904021962 77.157455 109
1683904022013 64.45454 110
1683904022091 55.25463 111
1683904022138 58.24132 112
1683904022201 74.83424 113
1683904022263 94.06123 114
1683904022326 106.9314 115
1683904022388 111.732834 116
1683904022451 110.21896 117
1683904022513 104.92751 118
1683904022591 98.2791 119
1683904022654 88.84604 120
1683904022716 78.018425 121
1683904022779 69.96396 122
1683904022841 68.577675 123
1683904022888 75.73085 124
1683904022951 90.50272 125
1683904023013 106.61431 126
1683904023076 116.49924 127
1683904023138 116.942505 128
1683904023185 110.3914 129
1683904023248 98.88382 130
1683904023310 88.37555 131
1683904023373 83.05035 132
1683904023419 84.85421 133
1683904023482 91.4802 134
1683904023544 101.62376 135
1683904023591 112.97002 136
1683904023654 121.93017 137
1683904023716 125.16088 138
1683904023779 122.098694 139
1683904023841 114.94276 140
1683904023904 104.61272 141
1683904023951 94.28663 142
1683904024013 87.649445 143
1683904024076 87.77363 144
1683904024154 95.560844 145
1683904024216 110.15163 146
1683904024279 126.2008 147
1683904024341 136.0465 148
1683904024404 135.54698 149
1683904024451 126.62809 150
1683904024513 114.39807 151
1683904024576 103.664185 152
1683904024638 99.111496 153
1683904024685 102.06477 154
1683904024748 113.10712 155
1683904024810 129.3221 156
1683904024873 143.88263 157
1683904024935 150.03917 158
1683904024998 146.23514 159
1683904025044 134.8615 160
1683904025107 123.43335 161
1683904025169 116.00392 162
1683904025232 115.26144 163
1683904025294 118.33087 164
1683904025341 123.340614 165
1683904025404 129.8391 166
1683904025466 137.92151 167
1683904025529 145.16887 168
1683904025576 148.3475 169
1683904025638 146.36629 170
1683904025701 141.03746 171
1683904025748 135.287 172
1683904025810 131.13428 173
1683904025873 128.99231 174
1683904025935 127.53367 175
1683904025982 124.39372 176
1683904026044 120.24347 177
1683904026107 115.89381 178
1683904026169 111.00211 179
1683904026216 106.37627 180
1683904026279 103.97934 181
1683904026341 106.2111 182
1683904026404 112.35452 183
1683904026451 118.204155 184
1683904026513 122.25272 185
1683904026576 123.5748 186
1683904026638 123.47621 187
1683904026685 124.9482 188
1683904026748 129.90123 189
1683904026810 135.11806 190
1683904026857 138.50879 191
1683904026919 140.55505 192
1683904026982 142.40268 193
1683904027044 143.56775 194
1683904027091 142.71188 195
1683904027154 139.38872 196
1683904027216 134.52739 197
1683904027279 129.59756 198
1683904027326 125.6413 199
1683904027388 122.66443 200
1683904027451 119.99693 201
1683904027513 116.68515 202
1683904027576 110.03418 203
1683904027623 100.155266 204
1683904027685 92.39923 205
1683904027748 92.490776 206
1683904027810 102.502365 207
1683904027870 118.24362 208
1683904027963 132.55844 209
1683904028041 140.45619 210
1683904028104 141.31406 211
1683904028166 137.48969 212
1683904028229 131.90036 213
1683904028276 126.57301 214
1683904028338 122.392624 215
1683904028401 117.84838 216
1683904028463 110.99745 217
1683904028526 103.370476 218
1683904028573 96.985245 219
1683904028635 94.61096 220
1683904028698 97.76738 221
1683904028760 105.74795 222
1683904028823 116.08423 223
1683904028870 125.06705 224
1683904028932 131.14719 225
1683904028995 134.01874 226
1683904029057 134.3443 227
1683904029104 133.13472 228
1683904029166 131.05794 229
1683904029229 128.53415 230
1683904029291 125.129234 231
1683904029354 119.86829 232
1683904029416 112.11575 233
1683904029463 102.55003 234
1683904029526 92.38838 235
1683904029588 87.12266 236
1683904029651 91.87478 237
1683904029698 106.43797 238
1683904029760 124.11344 239
1683904029823 136.07584 240
1683904029870 137.72253 241
1683904029932 129.32841 242
1683904029995 113.5096 243
1683904030057 96.8109 244
1683904030120 88.070366 245
1683904030166 92.334 246
1683904030229 107.17571 247
1683904030291 126.60758 248
1683904030354 140.79619 249
1683904030401 141.57909 250
