1683900219553 46.141026 1
1683900219638 39.055836 2
1683900219702 32.434612 3
1683900219766 27.640472 4
1683900219829 26.906591 5
1683900220429 31.887995 6
1683900220573 36.059593 7
1683900220634 29.404316 8
1683900220694 24.87433 9
1683900220756 26.43833 10
1683900220817 27.96743 11
1683900220878 27.795439 12
1683900220938 23.654264 13
1683900220999 25.078245 14
1683900221059 30.06926 15
1683900221120 33.38712 16
1683900221183 32.285233 17
1683900221246 27.485792 18
1683900221311 23.714401 19
1683900221375 27.77148 20
1683900221438 41.323742 21
1683900221499 39.690376 22
1683900221561 41.45951 23
1683900221623 39.523552 24
1683900221685 29.489529 25
1683900221746 26.0999 26
1683900221813 31.503912 27
1683900221877 28.389034 28
1683900221939 25.280563 29
1683900222000 22.741043 30
1683900222061 20.956976 31
1683900222125 19.964718 32
1683900222187 18.660393 33
1683900222249 16.366339 34
1683900222311 13.534748 35
1683900222376 12.662166 36
1683900222438 16.677559 37
1683900222502 25.466152 38
1683900222563 35.936012 39
1683900222625 44.062828 40
1683900222687 48.541252 41
1683900222749 42.16461 42
1683900222811 37.51099 43
1683900222871 33.05861 44
1683900222934 28.271002 45
1683900223001 44.553967 46
1683900223067 50.557755 47
1683900223130 37.6882 48
1683900223192 28.38108 49
1683900223253 31.37682 50
1683900223315 42.655693 51
1683900223377 37.643227 52
1683900223438 33.670578 53
1683900223501 24.886887 54
1683900223562 14.366199 55
1683900223623 16.314548 56
1683900223684 33.821255 57
1683900223745 37.560154 58
1683900223808 40.162575 59
1683900223869 56.546684 60
1683900223931 67.37926 61
1683900223994 63.05448 62
1683900224056 54.881927 63
1683900224117 43.850704 64
1683900224179 43.62152 65
1683900224240 43.41657 66
1683900224303 48.59182 67
1683900224364 66.77643 68
1683900224424 66.762344 69
1683900224485 66.67396 70
1683900224548 66.58544 71
1683900224608 60.820072 72
1683900224669 63.28853 73
1683900224730 56.945976 74
1683900224792 42.847424 75
1683900224853 38.72953 76
1683900224913 47.790092 77
1683900224974 59.173252 78
1683900225035 56.808407 79
1683900225097 54.40981 80
1683900225159 51.882652 81
1683900225228 49.405304 82
1683900225301 45.607834 83
1683900225365 40.629242 84
1683900225431 43.407085 85
1683900225496 42.042587 86
1683900225561 40.96947 87
1683900225629 40.037514 88
1683900225689 38.51948 89
1683900225753 35.42842 90
1683900225815 31.602512 91
1683900225878 28.170414 92
1683900225940 25.711761 93
1683900226001 25.74718 94
1683900226063 29.054253 95
1683900226125 35.094078 96
1683900226188 39.38295 97
1683900226251 38.495785 98
1683900226316 32.55851 99
1683900226379 25.576912 100
1683900226442 26.324703 101
1683900226504 37.229465 102
1683900226566 37.30681 103
1683900226630 42.176083 104
1683900226781 50.559917 105
1683900226914 59.803852 106
1683900226980 64.40513 107
1683900227045 49.338654 108
1683900227108 49.82083 109
1683900227171 64.08363 110
1683900227238 53.617676 111
1683900227302 44.323284 112
1683900227369 44.736557 113
1683900227433 57.60794 114
1683900227495 72.085106 115
1683900227559 64.08607 116
1683900227621 61.57182 117
1683900227682 67.17885 118
1683900227745 57.15084 119
1683900227807 50.613903 120
1683900227869 53.22431 121
1683900227930 60.38748 122
1683900227992 61.441036 123
1683900228056 59.5856 124
1683900228119 58.10823 125
1683900228179 56.99994 126
1683900228241 56.212265 127
1683900228302 55.681046 128
1683900228364 55.341248 129
1683900228426 53.398933 130
1683900228487 54.021526 131
1683900228548 52.950714 132
1683900228611 50.964085 133
1683900228673 48.40679 134
1683900228734 46.584843 135
1683900228796 47.370594 136
1683900228861 51.5847 137
1683900228922 53.174797 138
1683900228984 59.88671 139
1683900229045 66.296776 140
1683900229105 63.145508 141
1683900229167 64.68695 142
1683900229230 61.773674 143
1683900229292 59.16028 144
1683900229356 56.936413 145
1683900229419 54.8537 146
1683900229480 52.260956 147
1683900229541 50.37702 148
1683900229602 50.391422 149
1683900229666 52.92429 150
1683900229727 57.033855 151
1683900229790 61.194145 152
1683900229853 64.13431 153
1683900229913 65.745285 154
1683900229975 65.65295 155
1683900230039 63.293304 156
1683900230101 58.14024 157
1683900230163 52.059425 158
1683900230224 50.30287 159
1683900230286 56.93753 160
1683900230348 63.320312 161
1683900230410 60.088844 162
1683900230475 57.614487 163
1683900230535 55.869926 164
1683900230597 53.691498 165
1683900230658 50.911846 166
1683900230718 48.928013 167
1683900230782 50.059364 168
1683900230844 55.56637 169
1683900230906 56.44352 170
1683900230967 53.86898 171
1683900231029 61.3498 172
1683900231092 75.694115 173
1683900231155 71.66965 174
1683900231217 70.71814 175
1683900231281 71.14461 176
1683900231345 65.78885 177
1683900231405 62.5447 178
1683900231467 62.769653 179
1683900231530 66.570274 180
1683900231605 62.34323 181
1683900231664 59.47048 182
1683900231723 60.690857 183
1683900231783 64.87442 184
1683900231844 67.33971 185
1683900231905 69.54378 186
1683900231967 71.31653 187
1683900232029 71.209946 188
1683900232090 66.96556 189
1683900232152 61.94746 190
1683900232212 59.12567 191
1683900232273 64.79222 192
1683900232335 66.18736 193
1683900232401 62.669422 194
1683900232462 58.97817 195
1683900232524 55.500328 196
1683900232585 52.50837 197
1683900232647 50.007374 198
1683900232711 48.005238 199
1683900232771 46.504528 200
1683900232833 45.446335 201
1683900232898 44.71508 202
1683900232962 44.199463 203
1683900233025 43.79814 204
1683900233087 43.478127 205
1683900233149 43.075256 206
1683900233210 42.36568 207
1683900233272 41.259117 208
1683900233336 39.863037 209
1683900233412 38.360783 210
1683900233479 36.545685 211
1683900233542 34.3861 212
1683900233606 32.454338 213
1683900233667 31.21744 214
1683900233728 30.941 215
1683900233791 31.58389 216
1683900233856 32.91604 217
1683900233916 34.59172 218
1683900233978 36.330177 219
1683900234040 36.962578 220
1683900234102 36.318016 221
1683900234165 34.785362 222
1683900234229 32.83336 223
1683900234291 30.707623 224
1683900234355 28.95906 225
1683900234419 28.190514 226
1683900234480 28.702782 227
1683900234543 30.495838 228
1683900234605 33.30317 229
1683900234668 36.70156 230
1683900234730 40.221554 231
1683900234792 43.41157 232
1683900234855 45.536774 233
1683900234917 45.929077 234
1683900234979 44.84282 235
1683900235041 42.75889 236
1683900235103 40.182087 237
1683900235166 37.553574 238
1683900235227 35.170662 239
1683900235289 33.17811 240
1683900235354 31.630371 241
1683900235415 30.504917 242
1683900235477 29.05628 243
1683900235538 27.543652 244
1683900235599 27.085064 245
1683900235662 28.662949 246
1683900235723 32.491707 247
1683900235784 37.865154 248
1683900235850 43.517647 249
1683900235911 48.200733 250
