1683902136407 3.3621168084645663 1
1683902136475 7.380395363950992 2
1683902136538 11.274942223745409 3
1683902136601 12.676584709537197 4
1683902136663 11.222209916789113 5
1683902136725 10.171722630869523 6
1683902136772 13.448157940278492 7
1683902136835 17.256862530571667 8
1683902136897 18.16507398105952 9
1683902136960 16.265438397923713 10
1683902137022 15.2634780033307 11
1683902137085 16.45098511053221 12
1683902137147 18.60935935188356 13
1683902137210 21.101905924729984 14
1683902137272 22.10431654947538 15
1683902137335 20.374174448404734 16
1683902137413 16.824920799503953 17
1683902137475 14.223798743130207 18
1683902137538 15.07278489819317 19
1683902137600 17.780935384817717 20
1683902137663 19.95601670451621 21
1683902137725 19.66246259459408 22
1683902137788 16.369721215466996 23
1683902137835 12.764033320574281 24
1683902137897 13.484696483075803 25
1683902137960 16.001365213766675 26
1683902138038 15.570976272686874 27
1683902138100 12.158261470035214 28
1683902138163 9.418528379724425 29
1683902138225 11.825617813531682 30
1683902138272 14.970969145415454 31
1683902138335 15.82455374315632 32
1683902138397 13.717067989137727 33
1683902138460 9.496914338004158 34
1683902138522 8.252679421199103 35
1683902138569 11.659674759597939 36
1683902138632 13.323241088130853 37
1683902138694 11.970160764329243 38
1683902138741 10.432109165437351 39
1683902138804 10.932862282535657 40
1683902138866 10.545294782594674 41
1683902138929 9.420378512418976 42
1683902138991 11.277267672780654 43
1683902139054 14.249506166384435 44
1683902139116 13.336124074141363 45
1683902139163 8.403940064088856 46
1683902139225 7.302970739313026 47
1683902139292 10.139961728297143 48
1683902139339 11.253242877160476 49
1683902139402 12.318638713230802 50
1683902139464 14.26763110294473 51
1683902139527 14.374034532321541 52
1683902139589 11.88109958057136 53
1683902139636 12.447020207962352 54
1683902139699 15.037840307575495 55
1683902139761 14.013828767778683 56
1683902139824 11.09217861544224 57
1683902139871 12.056023311519025 58
1683902139933 15.763756137410427 59
1683902139996 17.47005917276482 60
1683902140058 15.544067767701108 61
1683902140105 10.71592457283312 62
1683902140167 8.480816611766858 63
1683902140230 12.639271997717858 64
1683902140293 15.360291405766956 65
1683902140355 15.589951738027459 66
1683902140417 16.75391588674425 67
1683902140464 18.840825711091238 68
1683902140527 20.622185334511634 69
1683902140589 21.447359716303964 70
1683902140652 20.322717286785526 71
1683902140714 18.14255067099898 72
1683902140761 17.89434546560783 73
1683902140824 20.388957866622984 74
1683902140886 22.025886903152962 75
1683902140949 20.350984223645362 76
1683902141011 16.50609808340586 77
1683902141074 14.360772785288628 78
1683902141121 16.45581380920017 79
1683902141183 19.86578345291125 80
1683902141246 22.02083181099115 81
1683902141308 23.072614639524236 82
1683902141355 23.99383691693603 83
1683902141417 23.758660669533096 84
1683902141480 21.95129900226197 85
1683902141542 19.340207682001783 86
1683902141605 17.245799489588077 87
1683902141652 16.10192848315613 88
1683902141714 16.33798506645849 89
1683902141792 20.00342379010651 90
1683902141839 26.37541623670827 91
1683902141902 30.813752205526246 92
1683902141964 31.742790462257908 93
1683902142027 30.740686997609053 94
1683902142074 28.584277656612695 95
1683902142136 25.284040874528785 96
1683902142199 23.252870906963974 97
1683902142261 24.400081202565456 98
1683902142324 24.606542031528612 99
1683902142371 21.529247083138586 100
1683902142433 18.757811246210967 101
1683902142496 18.64961920100648 102
1683902142558 17.74870221021913 103
1683902142621 15.785869197720768 104
1683902142683 16.39550325723315 105
1683902142746 19.634065869292883 106
1683902142808 21.469539164927024 107
1683902142871 20.03518930894143 108
1683902142917 14.995178040447435 109
1683902142980 9.90264314071841 110
1683902143042 9.234795027284045 111
1683902143105 11.191702808349012 112
1683902143167 14.25951342239024 113
1683902143230 17.991753218637196 114
1683902143433 20.38310706496002 115
1683902143558 19.626039065566335 116
1683902143621 16.554835238386065 117
1683902143683 15.69962760414725 118
1683902143746 17.536254421669568 119
1683902143808 18.55569376233116 120
1683902143871 18.59071928687716 121
1683902143917 18.59655132795613 122
1683902143980 18.675851603180476 123
1683902144042 19.46539807372632 124
1683902144105 21.548498031937868 125
1683902144167 24.910326657539272 126
1683902144214 27.440976094789193 127
1683902144277 28.060166800316768 128
1683902144339 29.425769370785858 129
1683902144402 32.238647221694485 130
1683902144464 32.7262128330153 131
1683902144511 28.725637814970543 132
1683902144574 23.393237015203212 133
1683902144683 20.405619774083394 134
1683902144777 18.45176020013783 135
1683902144839 15.578337950933559 136
1683902144902 14.397943153327304 137
1683902144964 17.076263240608025 138
1683902145027 21.043159467393806 139
1683902145074 23.119390967819474 140
1683902145136 22.76076068272855 141
1683902145214 21.499245398870343 142
1683902145277 22.343781402408986 143
1683902145339 25.508094256098317 144
1683902145386 27.51133770921752 145
1683902145464 27.014596930510464 146
1683902145527 25.49311796214223 147
1683902145589 24.433761449368234 148
1683902145652 24.110042672062413 149
1683902145714 23.74165328690774 150
1683902145777 22.84310499976586 151
1683902145839 22.088516310060655 152
1683902145902 22.290323474670558 153
1683902145964 23.231902511989812 154
1683902146027 24.67558437583831 155
1683902146074 26.069656418646456 156
1683902146136 26.23346011175731 157
1683902146199 24.222590784864327 158
1683902146261 21.89612913137408 159
1683902146324 23.0306788448211 160
1683902146386 26.16996903119338 161
1683902146449 27.053408386421534 162
1683902146511 24.88146167310948 163
1683902146574 21.444787142226424 164
1683902146699 18.307825048451434 165
1683902146808 16.454691427858368 166
1683902146871 15.458635268528871 167
1683902146933 13.355838239181388 168
1683902146996 11.05652743787448 169
1683902147042 10.698594733396806 170
1683902147105 11.775218206025007 171
1683902147167 13.91750568528464 172
1683902147230 16.704318194137866 173
1683902147292 18.24107902098916 174
1683902147355 18.47611373797036 175
1683902147417 19.593462848732514 176
1683902147480 20.64697569234967 177
1683902147542 18.994180911732723 178
1683902147605 15.934739648138107 179
1683902147652 14.702484858930967 180
1683902147714 14.99792506037755 181
1683902147777 15.329953675697762 182
1683902147839 15.031816207164004 183
1683902147902 13.541470483712054 184
1683902147964 14.18935572707041 185
1683902148027 18.935389430675666 186
1683902148089 21.832994956998814 187
1683902148136 20.761157039727532 188
1683902148199 19.437705610351646 189
1683902148261 19.456239649194515 190
1683902148324 18.429641341286054 191
1683902148386 14.088499972445549 192
1683902148449 7.767862769810101 193
1683902148511 7.944342090153674 194
1683902148574 14.557228849039417 195
1683902148621 20.001648455875696 196
1683902148683 21.74305288873371 197
1683902148746 19.549735233883194 198
1683902148808 15.822054298120127 199
1683902148871 14.619991570476866 200
1683902148933 17.006267386724783 201
1683902148996 18.035110750875944 202
1683902149042 14.453210670676533 203
1683902149105 11.110759972328674 204
1683902149167 14.014309013583752 205
1683902149230 16.213022506987123 206
1683902149283 15.724373787387243 207
1683902149346 17.690037029183728 208
1683902149392 23.20991997065465 209
1683902149455 28.064040327084705 210
1683902149517 28.990329414373562 211
1683902149580 26.104489345350743 212
1683902149627 21.869177862643202 213
1683902149689 18.42866054938741 214
1683902149752 16.77728316618478 215
1683902149814 16.201593585454564 216
1683902149861 15.743284880137963 217
1683902149924 16.007086162348973 218
1683902149986 17.509315104312076 219
1683902150049 19.426124947229702 220
1683902150252 20.745802845408463 221
1683902150330 20.89421041812882 222
1683902150392 19.798191731307956 223
1683902150455 18.009081278789147 224
1683902150502 16.463216680260388 225
1683902150564 15.54520508509519 226
1683902150627 15.425832963284671 227
1683902150689 15.834969559838942 228
1683902150752 15.936190117927273 229
1683902150814 15.838898304134123 230
1683902150861 17.735162949919207 231
1683902150924 21.55038058983638 232
1683902150986 24.227068494432984 233
1683902151049 23.434650965449936 234
1683902151111 19.906001893028783 235
1683902151174 16.51703446771357 236
1683902151221 13.80594763417562 237
1683902151283 10.387781054868146 238
1683902151346 8.08529422602809 239
1683902151408 11.227098745117887 240
1683902151533 18.00403358852741 241
1683902151580 22.7106139174427 242
1683902151642 23.91797912704389 243
1683902151705 23.08568623131054 244
1683902151767 20.81223026936338 245
1683902151814 17.7511472478276 246
1683902151877 16.275525936780916 247
1683902151939 16.880329245481388 248
1683902152002 18.155626315515942 249
1683902152064 20.950472165782518 250
