1683901457818 46.773148 1
1683901457888 35.699303 2
1683901457951 25.696592 3
1683901458017 26.418962 4
1683901458080 42.137005 5
1683901458145 64.8681 6
1683901458208 80.48106 7
1683901458272 81.51068 8
1683901458334 71.12521 9
1683901458398 56.591118 10
1683901458460 46.25953 11
1683901458523 43.838478 12
1683901458586 47.282227 13
1683901458652 50.426117 14
1683901458712 51.518093 15
1683901458777 50.875053 16
1683901458838 50.159634 17
1683901458901 46.038273 18
1683901458962 39.13173 19
1683901459026 34.82922 20
1683901459087 37.72191 21
1683901459154 47.324516 22
1683901459216 60.86338 23
1683901459275 73.738716 24
1683901459336 84.97733 25
1683901459400 91.02094 26
1683901459464 88.555725 27
1683901459526 78.41335 28
1683901459592 65.597466 29
1683901459661 55.338524 30
1683901459724 50.516636 31
1683901459787 50.421444 32
1683901459848 53.15316 33
1683901459909 54.678394 34
1683901459969 52.326916 35
1683901460029 46.36181 36
1683901460090 39.270035 37
1683901460153 32.387516 38
1683901460217 30.247269 39
1683901460278 36.28817 40
1683901460339 47.26763 41
1683901460403 57.09712 42
1683901460464 62.464275 43
1683901460528 65.36403 44
1683901460588 67.935135 45
1683901460650 70.11699 46
1683901460712 70.3018 47
1683901460771 64.85478 48
1683901460832 55.254623 49
1683901460893 47.408573 50
1683901460953 46.743145 51
1683901461014 54.96864 52
1683901461076 66.43385 53
1683901461139 73.54451 54
1683901461202 73.32408 55
1683901461266 68.10887 56
1683901461328 61.754166 57
1683901461390 55.34975 58
1683901461452 51.695686 59
1683901461513 52.90541 60
1683901461574 60.00779 61
1683901461637 70.76767 62
1683901461697 80.94368 63
1683901461890 86.92784 64
1683901461999 87.63428 65
1683901462061 84.28427 66
1683901462125 78.585945 67
1683901462187 70.96964 68
1683901462248 61.962708 69
1683901462308 54.133694 70
1683901462369 51.755657 71
1683901462432 58.823936 72
1683901462493 73.873436 73
1683901462554 89.01238 74
1683901462614 96.81925 75
1683901462677 96.14244 76
1683901462738 90.27486 77
1683901462799 81.65271 78
1683901462861 71.64771 79
1683901462927 63.20781 80
1683901462989 59.70719 81
1683901463049 64.12844 82
1683901463213 77.68295 83
1683901463302 94.70592 84
1683901463363 104.88861 85
1683901463426 102.22118 86
1683901463488 87.58073 87
1683901463550 70.92288 88
1683901463611 64.72304 89
1683901463674 74.47272 90
1683901463736 92.83589 91
1683901463799 106.73338 92
1683901463859 108.63144 93
1683901463922 100.488785 94
1683901463983 89.119576 95
1683901464044 81.69069 96
1683901464107 81.07368 97
1683901464173 85.90843 98
1683901464234 93.144485 99
1683901464297 100.22945 100
1683901464359 105.866325 101
1683901464421 109.785645 102
1683901464482 112.192894 103
1683901464543 113.41076 104
1683901464603 110.73965 105
1683901464667 104.92131 106
1683901464731 97.245605 107
1683901464792 89.4244 108
1683901464853 83.184586 109
1683901464917 79.599464 110
1683901464978 77.62755 111
1683901465037 76.27796 112
1683901465097 75.62739 113
1683901465160 76.11604 114
1683901465220 77.965385 115
1683901465283 80.89952 116
1683901465346 84.239716 117
1683901465408 87.34712 118
1683901465470 89.833084 119
1683901465529 91.144165 120
1683901465590 91.29022 121
1683901465652 90.67844 122
1683901465714 89.65602 123
1683901465776 88.47789 124
1683901465841 87.30031 125
1683901465905 86.19708 126
1683901465967 84.88433 127
1683901466028 82.054886 128
1683901466091 76.64642 129
1683901466152 70.33206 130
1683901466216 65.36148 131
1683901466277 63.747963 132
1683901466339 65.685425 133
1683901466400 69.522736 134
1683901466462 74.21559 135
1683901466524 75.86175 136
1683901466585 73.605286 137
1683901466646 69.54838 138
1683901466711 66.33269 139
1683901466773 65.90187 140
1683901466835 68.96958 141
1683901466897 72.7202 142
1683901466959 75.58554 143
1683901467021 77.76665 144
1683901467082 79.583084 145
1683901467145 81.29077 146
1683901467442 83.79416 147
1683901467559 87.33176 148
1683901467632 92.247894 149
1683901467699 97.96832 150
1683901467761 103.21011 151
1683901467823 105.14003 152
1683901467884 103.43434 153
1683901467944 99.58882 154
1683901468005 95.310486 155
1683901468067 91.576065 156
1683901468128 88.736 157
1683901468189 86.98853 158
1683901468250 86.205154 159
1683901468310 85.98575 160
1683901468371 84.57308 161
1683901468432 80.671104 162
1683901468495 76.36813 163
1683901468558 72.46353 164
1683901468619 70.16646 165
1683901468682 71.864105 166
1683901468742 80.661255 167
1683901468802 94.21288 168
1683901468864 106.02652 169
1683901468924 111.01716 170
1683901468985 109.0889 171
1683901469046 101.25776 172
1683901469112 91.72954 173
1683901469176 85.33867 174
1683901469237 84.13427 175
1683901469300 89.90023 176
1683901469364 100.705215 177
1683901469424 113.2086 178
1683901469485 120.9915 179
1683901469548 120.173645 180
1683901469611 111.61806 181
1683901469673 98.42211 182
1683901469735 87.31242 183
1683901469796 84.63776 184
1683901469858 92.136 185
1683901469919 105.211235 186
1683901469980 116.27968 187
1683901470052 120.32557 188
1683901470125 116.98574 189
1683901470186 107.19704 190
1683901470247 96.147896 191
1683901470308 91.79818 192
1683901470369 95.21769 193
1683901470429 101.04741 194
1683901470490 105.66165 195
1683901470552 109.82268 196
1683901470616 113.196526 197
1683901470678 114.65551 198
1683901470739 111.973495 199
1683901470799 106.11721 200
1683901470860 100.97856 201
1683901470922 97.1878 202
1683901470983 95.86813 203
1683901471044 99.09914 204
1683901471107 106.03099 205
1683901471169 111.15084 206
1683901471231 111.79815 207
1683901471293 108.744705 208
1683901471356 108.804115 209
1683901471416 114.336586 210
1683901471477 120.48399 211
1683901471538 121.1465 212
1683901471600 115.48454 213
1683901471662 107.389984 214
1683901471724 99.88422 215
1683901471785 93.88893 216
1683901471847 90.46354 217
1683901471907 90.51867 218
1683901471971 94.06895 219
1683901472033 102.94779 220
1683901472096 115.343994 221
1683901472159 125.665474 222
1683901472221 128.92987 223
1683901472283 124.99423 224
1683901472345 117.89088 225
1683901472406 111.58435 226
1683901472467 108.339134 227
1683901472530 106.83589 228
1683901472592 103.93525 229
1683901472656 99.24913 230
1683901472719 96.16734 231
1683901472780 97.70256 232
1683901472841 104.289955 233
1683901472905 113.41388 234
1683901472966 121.597916 235
1683901473031 126.64926 236
1683901473093 128.34845 237
1683901473156 127.708466 238
1683901473216 125.898994 239
1683901473277 123.7904 240
1683901473343 121.83692 241
1683901473403 119.47899 242
1683901473464 115.20867 243
1683901473530 107.62114 244
1683901473593 97.805756 245
1683901473658 90.632965 246
1683901473718 93.513504 247
1683901473781 108.23692 248
1683901473841 127.26611 249
1683901473904 139.71953 250
