1683903474823 59.597107 1
1683903474893 59.782516 2
1683903474951 59.991013 3
1683903475013 60.209106 4
1683903475076 60.416332 5
1683903475123 60.59463 6
1683903475185 60.72786 7
1683903475248 60.7826 8
1683903475310 60.763355 9
1683903475373 60.07151 10
1683903475420 58.394814 11
1683903475482 55.868423 12
1683903475545 50.381664 13
1683903475607 41.06585 14
1683903475670 30.394058 15
1683903475732 25.702755 16
1683903475795 33.182365 17
1683903475857 50.497276 18
1683903475920 67.93034 19
1683903476029 78.32968 20
1683903476154 79.737404 21
1683903476216 73.04011 22
1683903476279 61.905205 23
1683903476341 51.168114 24
1683903476404 42.735092 25
1683903476466 39.29758 26
1683903476529 43.33737 27
1683903476591 53.70774 28
1683903476638 67.55833 29
1683903476701 80.0281 30
1683903476763 86.74037 31
1683903476821 85.07393 32
1683903476876 75.910904 33
1683903476939 65.04786 34
1683903477001 57.622368 35
1683903477064 55.35775 36
1683903477126 57.361694 37
1683903477189 61.57213 38
1683903477236 66.10329 39
1683903477298 69.83786 40
1683903477361 72.43527 41
1683903477423 73.946594 42
1683903477486 74.70281 43
1683903477548 75.013016 44
1683903477611 75.102455 45
1683903477673 75.10295 46
1683903477720 75.043976 47
1683903477783 74.92648 48
1683903477845 74.30332 49
1683903477908 72.93813 50
1683903477970 71.03247 51
1683903478033 68.79119 52
1683903478095 66.42199 53
1683903478158 63.92375 54
1683903478205 61.404865 55
1683903478267 58.553505 56
1683903478330 55.560307 57
1683903478376 52.64898 58
1683903478439 50.01837 59
1683903478501 47.542526 60
1683903478564 45.26685 61
1683903478626 43.0969 62
1683903478689 40.17109 63
1683903478736 36.42318 64
1683903478798 32.728806 65
1683903478861 30.371553 66
1683903478923 31.252514 67
1683903478986 36.009907 68
1683903479033 42.753914 69
1683903479095 49.46237 70
1683903479158 54.85049 71
1683903479236 58.441338 72
1683903479298 59.941483 73
1683903479361 58.012558 74
1683903479408 53.606068 75
1683903479470 48.389645 76
1683903479533 44.16362 77
1683903479595 41.7507 78
1683903479658 41.10724 79
1683903479720 42.11099 80
1683903479783 43.396408 81
1683903479830 45.346016 82
1683903479923 48.3274 83
1683903479986 52.11344 84
1683903480048 55.795326 85
1683903480111 58.672348 86
1683903480173 60.424942 87
1683903480236 59.27009 88
1683903480298 54.87696 89
1683903480345 48.47484 90
1683903480408 42.653362 91
1683903480470 42.14159 92
1683903480533 49.591362 93
1683903480595 63.048218 94
1683903480658 76.8693 95
1683903480705 84.81094 96
1683903480767 84.03353 97
1683903480830 78.42095 98
1683903480892 71.65199 99
1683903480955 66.53708 100
1683903481017 63.05365 101
1683903481064 60.57282 102
1683903481126 59.838806 103
1683903481189 61.42834 104
1683903481361 65.18906 105
1683903481423 70.166916 106
1683903481486 75.15933 107
1683903481548 79.2596 108
1683903481595 82.12296 109
1683903481658 83.772385 110
1683903481720 84.51517 111
1683903481783 84.671524 112
1683903481845 84.495964 113
1683903481908 84.15628 114
1683903481970 83.7115 115
1683903482033 83.19354 116
1683903482095 82.639786 117
1683903482173 82.074326 118
1683903482236 81.51082 119
1683903482298 80.96149 120
1683903482361 80.43421 121
1683903482408 79.8711 122
1683903482470 79.14256 123
1683903482533 77.88786 124
1683903482595 74.47453 125
1683903482658 67.73539 126
1683903482720 56.60194 127
1683903482767 44.62697 128
1683903482830 39.77026 129
1683903482892 49.664577 130
1683903482955 71.3184 131
1683903483017 89.364365 132
1683903483064 95.26183 133
1683903483126 88.668076 134
1683903483189 76.03639 135
1683903483236 63.23165 136
1683903483298 56.47942 137
1683903483361 59.74758 138
1683903483423 71.0912 139
1683903483486 83.61011 140
1683903483533 90.51485 141
1683903483595 87.41551 142
1683903483658 76.51077 143
1683903483705 65.401505 144
1683903483767 61.962715 145
1683903483830 67.448784 146
1683903483892 76.81628 147
1683903483955 84.00886 148
1683903484001 86.2858 149
1683903484064 84.10719 150
1683903484126 79.53891 151
1683903484189 74.811455 152
1683903484236 71.68553 153
1683903484298 70.64845 154
1683903484361 71.2738 155
1683903484423 72.79463 156
1683903484470 73.52632 157
1683903484533 72.997086 158
1683903484595 71.396736 159
1683903484658 69.17679 160
1683903484720 66.73266 161
1683903484767 63.994827 162
1683903484830 61.249672 163
1683903484892 58.13504 164
1683903484939 54.763443 165
1683903485001 51.36675 166
1683903485064 48.36549 167
1683903485126 46.04857 168
1683903485173 44.534096 169
1683903485236 43.7737 170
1683903485298 43.609222 171
1683903485361 43.851532 172
1683903485423 44.291157 173
1683903485470 44.769127 174
1683903485533 44.211517 175
1683903485595 42.404327 176
1683903485658 39.77938 177
1683903485720 36.99402 178
1683903485767 34.61959 179
1683903485830 33.0756 180
1683903485892 32.466866 181
1683903485955 32.661358 182
1683903486001 32.771355 183
1683903486064 31.827568 184
1683903486126 30.326984 185
1683903486189 29.937359 186
1683903486236 32.084694 187
1683903486298 37.02811 188
1683903486361 43.784447 189
1683903486423 50.89892 190
1683903486486 56.960934 191
1683903486533 60.16473 192
1683903486595 58.773052 193
1683903486658 53.532284 194
1683903486720 46.647194 195
1683903486783 40.59423 196
1683903486837 37.50183 197
1683903486892 38.505947 198
1683903486955 43.684803 199
1683903487017 51.69339 200
1683903487080 58.0842 201
1683903487142 60.18206 202
1683903487189 57.163025 203
1683903487252 48.979942 204
1683903487314 39.00692 205
1683903487392 36.087265 206
1683903487455 49.17281 207
1683903487517 75.168365 208
1683903487564 98.07556 209
1683903487627 103.54733 210
1683903487689 91.6552 211
1683903487752 70.82964 212
1683903487799 55.08847 213
1683903487861 56.192596 214
1683903487924 71.21488 215
1683903487986 90.86537 216
1683903488080 106.71129 217
1683903488142 112.55444 218
1683903488189 109.9944 219
1683903488252 103.35608 220
1683903488314 96.25683 221
1683903488377 89.762146 222
1683903488424 84.10844 223
1683903488486 79.20191 224
1683903488549 73.40854 225
1683903488611 66.17229 226
1683903488674 59.682877 227
1683903488720 58.281002 228
1683903488783 66.094086 229
1683903488845 81.52449 230
1683903488908 98.89173 231
1683903488971 110.51253 232
1683903489017 112.61023 233
1683903489080 106.28133 234
1683903489142 95.08568 235
1683903489205 85.30981 236
1683903489267 82.32819 237
1683903489330 86.75037 238
1683903489377 96.92996 239
1683903489439 112.22008 240
1683903489502 126.668304 241
1683903489564 131.32916 242
1683903489627 121.35418 243
1683903489689 103.57087 244
1683903489752 90.822205 245
1683903489799 91.80385 246
1683903489861 103.84256 247
1683903489924 118.90023 248
1683903489970 128.45508 249
1683903490033 127.97381 250
