1683902741682 59.648926579224536 1
1683902741754 60.56664966364427 2
1683902741809 61.02594046323378 3
1683902741872 59.355632816900524 4
1683902741934 56.64525183891809 5
1683902741997 62.261711726610024 6
1683902742044 68.91578935804603 7
1683902742106 68.56864708096901 8
1683902742169 63.10141890805914 9
1683902742231 57.531274962621964 10
1683902742294 57.792474871011365 11
1683902742356 64.86281194521071 12
1683902742419 70.99335091294596 13
1683902742466 72.72469156894562 14
1683902742528 70.27702238162924 15
1683902742591 65.68197017106216 16
1683902742653 61.000626142500934 17
1683902742716 60.1512424247037 18
1683902742778 65.02660201084706 19
1683902742856 69.0055822516416 20
1683902742919 70.33686448908648 21
1683902742966 71.73432745212259 22
1683902743044 75.55669002058738 23
1683902743091 79.54683164939172 24
1683902743153 80.86475013066375 25
1683902743216 80.46223663685257 26
1683902743278 79.92820430369454 27
1683902743341 79.10897572882433 28
1683902743403 76.83644982890848 29
1683902743481 73.90537564179559 30
1683902743544 73.96764987910728 31
1683902743606 77.3170812820829 32
1683902743669 79.96632089723936 33
1683902743726 81.12978136220678 34
1683902743804 82.4513727448091 35
1683902743866 83.89504393636167 36
1683902743913 85.81315076431196 37
1683902743976 88.23740378921109 38
1683902744043 88.88643126525552 39
1683902744106 86.3899419927788 40
1683902744169 82.45096796915469 41
1683902744216 83.82513472673902 42
1683902744278 87.86892923580919 43
1683902744341 86.15982709285942 44
1683902744403 79.7868324425788 45
1683902744450 77.31955113898351 46
1683902744513 80.64086894416299 47
1683902744575 84.93459803271543 48
1683902744638 86.99687636666474 49
1683902744684 86.62725849467043 50
1683902744747 83.69948352633001 51
1683902744810 80.43544320360826 52
1683902744872 80.61575071265041 53
1683902744919 85.21699305421379 54
1683902744981 89.85207017535336 55
1683902745044 92.84546192530071 56
1683902745106 96.01323837360196 57
1683902745169 97.12405342684775 58
1683902745231 92.50155697822288 59
1683902745278 84.60506259843315 60
1683902745341 80.82789294814079 61
1683902745403 82.90747525787337 62
1683902745466 87.22181109897764 63
1683902745513 92.2319782075127 64
1683902745575 97.3757791112879 65
1683902745638 101.77514386971097 66
1683902745700 104.44643631310106 67
1683902745763 104.94893395479819 68
1683902745809 104.08156823188462 69
1683902745872 103.78599599744388 70
1683902745934 104.58570885475541 71
1683902745981 104.7378900316394 72
1683902746044 103.18905716662275 73
1683902746106 102.49874277403154 74
1683902746169 102.521962230475 75
1683902746231 100.71676963915908 76
1683902746294 98.88394174439067 77
1683902746341 98.01456972468878 78
1683902746403 96.46651454151964 79
1683902746466 93.95652727043547 80
1683902746528 92.55208682469444 81
1683902746591 93.13112542692471 82
1683902746638 94.84910053874786 83
1683902746700 98.90806517023195 84
1683902746763 103.5263744550467 85
1683902746825 103.58421855977551 86
1683902746872 98.51937696113697 87
1683902746934 91.60560726170903 88
1683902746997 86.47364864623185 89
1683902747059 86.19635912364402 90
1683902747122 90.92957258725585 91
1683902747169 97.98267428637105 92
1683902747231 103.90028642155653 93
1683902747294 105.6863995025273 94
1683902747356 102.0299503604267 95
1683902747419 94.98254133591072 96
1683902747466 88.24593380220831 97
1683902747528 84.5519306427725 98
1683902747591 86.94412176825215 99
1683902747653 92.57742964524653 100
1683902747716 97.12961455286721 101
1683902747778 100.26736472793702 102
1683902747841 102.11871294095471 103
1683902747903 101.38371863089353 104
1683902747966 98.03696875008812 105
1683902748028 93.94485656259094 106
1683902748091 91.16802747837892 107
1683902748138 90.78836107000248 108
1683902748200 90.54454651163073 109
1683902748263 88.57976989725296 110
1683902748325 86.67378405879207 111
1683902748372 90.04233636698633 112
1683902748434 95.2306086205396 113
1683902748497 96.54594387429512 114
1683902748559 94.07513591013527 115
1683902748622 91.5704128790505 116
1683902748810 91.3427601059159 117
1683902748888 92.37357128480342 118
1683902748934 94.12225714354085 119
1683902748997 97.39361638862167 120
1683902749060 101.35064887657583 121
1683902749122 102.73409609634705 122
1683902749184 99.88206440441971 123
1683902749247 98.45782653283261 124
1683902749294 98.63762772956933 125
1683902749357 94.4356521136138 126
1683902749419 88.58221487388035 127
1683902749482 86.42664517572841 128
1683902749544 88.19849072487888 129
1683902749607 88.93973505902396 130
1683902749653 85.56039203456973 131
1683902749716 81.16952673252072 132
1683902749778 88.21190791048468 133
1683902749841 98.9696038528855 134
1683902749888 105.1598341929916 135
1683902749950 106.11369507825987 136
1683902750013 104.87598233096293 137
1683902750075 103.32191388035656 138
1683902750138 101.26214741307416 139
1683902750185 97.92857483726213 140
1683902750247 93.43152450700057 141
1683902750310 88.87528570824676 142
1683902750372 86.4520449061681 143
1683902750435 86.32142620744473 144
1683902750482 88.88634130690059 145
1683902750544 93.14216979090979 146
1683902750607 93.6472132501249 147
1683902750669 90.72918946765611 148
1683902750732 89.72709241479379 149
1683902750794 91.23905698243054 150
1683902750841 93.46962541291127 151
1683902750903 96.422785336396 152
1683902750966 98.99411674654108 153
1683902751013 100.4249033506713 154
1683902751091 102.96796525715573 155
1683902751138 108.51944252811492 156
1683902751200 111.9689006288894 157
1683902751263 110.54310696934972 158
1683902751325 105.19614150844029 159
1683902751372 101.32498440818118 160
1683902751435 102.97250374337479 161
1683902751497 104.04221784392884 162
1683902751560 103.1281896933958 163
1683902751622 101.04822173930211 164
1683902751669 99.90046247855851 165
1683902751732 99.59192391336562 166
1683902751794 99.65047718352268 167
1683902751857 105.51141901452839 168
1683902751919 112.70991835987881 169
1683902751982 113.46244802695075 170
1683902752044 108.21642895905822 171
1683902752107 102.99143304576404 172
1683902752169 101.77567238094525 173
1683902752216 100.93098743500312 174
1683902752278 101.13376973142984 175
1683902752341 105.6918330122461 176
1683902752388 112.0913548101848 177
1683902752450 115.90407487424358 178
1683902752513 116.7797891367285 179
1683902752575 116.55177777310443 180
1683902752638 114.64554363302373 181
1683902752700 109.9326962739266 182
1683902752747 105.34781733089648 183
1683902752810 103.84669774651827 184
1683902752872 104.31471667524755 185
1683902752935 106.07064589363262 186
1683902752982 109.42610945148093 187
1683902753044 112.27443772704112 188
1683902753107 111.76066774621788 189
1683902753169 108.3666901898047 190
1683902753216 105.92943954584402 191
1683902753278 105.74934542735748 192
1683902753341 106.23051199243135 193
1683902753403 106.66544247929006 194
1683902753450 107.52180464918128 195
1683902753513 109.0585260301753 196
1683902753575 110.39949038314879 197
1683902753638 109.62004017724853 198
1683902753685 105.57693980184153 199
1683902753747 102.048680156107 200
1683902753810 100.14532632103402 201
1683902753872 96.57879029388121 202
1683902753919 92.81647590924919 203
1683902753982 91.19553423108731 204
1683902754044 91.49737777765816 205
1683902754091 95.46294280951797 206
1683902754153 102.24001921913194 207
1683902754216 106.97750158128247 208
1683902754278 107.18603670566984 209
1683902754325 102.79762775452201 210
1683902754388 96.3738638483812 211
1683902754450 91.14280428073113 212
1683902754513 89.17035116912703 213
1683902754560 91.65461316279196 214
1683902754622 96.0174852646322 215
1683902754716 98.35422796155788 216
1683902754841 98.32828531118298 217
1683902754903 97.28965927463108 218
1683902754966 95.84891190912899 219
1683902755028 95.31544013069907 220
1683902755091 96.94754004392577 221
1683902755153 99.4414545020214 222
1683902755200 102.60709736049216 223
1683902755263 106.68097879596516 224
1683902755325 109.16368865835142 225
1683902755388 108.0680956954359 226
1683902755450 105.55022584045864 227
1683902755513 103.65908074300143 228
1683902755575 103.1038290999613 229
1683902755638 103.73453547171133 230
1683902755700 105.31922352675532 231
1683902755747 106.76026445986281 232
1683902755810 107.07218135706717 233
1683902755888 106.82048632954172 234
1683902755950 106.2565977819904 235
1683902756013 106.78328536011207 236
1683902756075 109.13967429282488 237
1683902756138 109.84505331021411 238
1683902756200 107.12218188759158 239
1683902756263 104.08774667271442 240
1683902756310 104.04754240853266 241
1683902756372 107.16247204410135 242
1683902756435 110.64216023641856 243
1683902756497 113.34116795842574 244
1683902756544 114.82630269333927 245
1683902756607 114.36710521614349 246
1683902756669 112.8149703311093 247
1683902756732 111.73805614627653 248
1683902756778 110.8577345596846 249
1683902756841 109.0282092712757 250
