1683900338578 56.645973 1
1683900338654 54.77499 2
1683900338721 52.458992 3
1683900338787 49.979164 4
1683900338851 47.556053 5
1683900338915 43.246185 6
1683900338980 36.56247 7
1683900339043 29.488861 8
1683900339109 25.716986 9
1683900339179 28.345928 10
1683900339252 36.919388 11
1683900339317 48.005547 12
1683900339382 58.583664 13
1683900339447 67.02431 14
1683900339510 72.93004 15
1683900339578 76.59703 16
1683900339641 78.55905 17
1683900339709 79.2077 18
1683900339773 77.35665 19
1683900339930 70.7903 20
1683900340041 58.337067 21
1683900340124 42.93503 22
1683900340189 33.901794 23
1683900340255 40.325928 24
1683900340319 59.784416 25
1683900340383 79.87467 26
1683900340448 87.497635 27
1683900340512 79.48062 28
1683900340575 63.70583 29
1683900340638 50.584686 30
1683900340700 46.160374 31
1683900340763 52.094437 32
1683900340825 64.27139 33
1683900340889 76.454926 34
1683900340951 85.02791 35
1683900341014 89.18486 36
1683900341077 88.5754 37
1683900341142 82.16706 38
1683900341205 69.34793 39
1683900341271 52.911785 40
1683900341334 42.349274 41
1683900341397 49.710762 42
1683900341459 72.9089 43
1683900341522 93.080444 44
1683900341587 93.83215 45
1683900341652 77.65871 46
1683900341716 59.06978 47
1683900341781 49.548485 48
1683900341842 53.954704 49
1683900341903 65.931335 50
1683900341963 79.356766 51
1683900342027 91.01347 52
1683900342088 98.99731 53
1683900342149 102.17213 54
1683900342212 100.446754 55
1683900342276 94.55139 56
1683900342337 84.82637 57
1683900342399 73.69042 58
1683900342462 65.34744 59
1683900342529 61.516235 60
1683900342589 63.171688 61
1683900342649 68.908226 62
1683900342714 77.01812 63
1683900342779 84.905 64
1683900342843 87.42836 65
1683900342907 84.16479 66
1683900342968 79.25976 67
1683900343031 77.22011 68
1683900343093 77.38289 69
1683900343155 79.40404 70
1683900343218 83.42236 71
1683900343282 87.43126 72
1683900343347 90.83175 73
1683900343411 91.471344 74
1683900343474 85.69914 75
1683900343535 74.03738 76
1683900343599 60.157684 77
1683900343661 52.70008 78
1683900343723 56.67518 79
1683900343786 70.07356 80
1683900343847 84.08189 81
1683900343908 92.05092 82
1683900343970 94.46199 83
1683900344035 94.46277 84
1683900344098 92.47789 85
1683900344162 88.09993 86
1683900344225 83.98714 87
1683900344289 81.81186 88
1683900344350 79.96028 89
1683900344412 76.508896 90
1683900344473 71.23513 91
1683900344536 66.17816 92
1683900344601 64.571106 93
1683900344662 69.489456 94
1683900344726 77.794655 95
1683900344790 82.75487 96
1683900344854 81.16188 97
1683900344916 75.41953 98
1683900344977 67.73142 99
1683900345040 62.982063 100
1683900345101 66.19939 101
1683900345163 75.77216 102
1683900345225 85.15564 103
1683900345291 88.58547 104
1683900345351 84.2225 105
1683900345414 74.904 106
1683900345478 65.02702 107
1683900345544 60.814083 108
1683900345606 64.63652 109
1683900345667 74.149445 110
1683900345729 84.63613 111
1683900345793 92.156715 112
1683900345854 93.77304 113
1683900345916 89.764114 114
1683900345977 82.10121 115
1683900346041 73.93556 116
1683900346104 67.159386 117
1683900346166 61.423153 118
1683900346229 57.93544 119
1683900346294 59.542458 120
1683900346357 66.3839 121
1683900346419 76.686844 122
1683900346482 87.15254 123
1683900346545 94.161606 124
1683900346608 95.63271 125
1683900346672 91.87814 126
1683900346736 85.08772 127
1683900346798 78.2676 128
1683900346859 73.62651 129
1683900346921 71.50818 130
1683900346983 70.16191 131
1683900347048 68.75254 132
1683900347147 67.26932 133
1683900347212 66.24885 134
1683900347276 65.94768 135
1683900347349 66.35387 136
1683900347418 65.32622 137
1683900347483 62.747215 138
1683900347550 59.328316 139
1683900347613 56.130486 140
1683900347675 53.33719 141
1683900347737 49.62419 142
1683900347801 45.389687 143
1683900347863 44.110847 144
1683900347926 50.62073 145
1683900347988 64.47766 146
1683900348053 81.155685 147
1683900348115 94.742905 148
1683900348177 101.286514 149
1683900348237 100.33681 150
1683900348299 94.22812 151
1683900348360 83.216835 152
1683900348424 71.11663 153
1683900348488 63.362877 154
1683900348552 63.69535 155
1683900348618 69.54625 156
1683900348683 77.72219 157
1683900348744 86.023575 158
1683900348812 93.24678 159
1683900348873 99.08595 160
1683900348934 102.99264 161
1683900348995 104.379234 162
1683900349057 103.274765 163
1683900349121 100.370384 164
1683900349182 96.49266 165
1683900349242 92.37262 166
1683900349304 88.33435 167
1683900349365 84.51164 168
1683900349426 81.02858 169
1683900349486 77.83882 170
1683900349548 75.035805 171
1683900349610 71.27927 172
1683900349672 64.53291 173
1683900349733 55.513664 174
1683900349797 49.097073 175
1683900349859 52.098965 176
1683900349920 66.2117 177
1683900349981 84.92661 178
1683900350043 98.61712 179
1683900350106 100.39961 180
1683900350169 93.09034 181
1683900350230 83.15422 182
1683900350292 74.60201 183
1683900350354 68.26433 184
1683900350416 64.26387 185
1683900350477 65.57161 186
1683900350538 73.87961 187
1683900350597 86.40016 188
1683900350659 98.69808 189
1683900350721 106.679924 190
1683900350781 108.848015 191
1683900350843 106.11246 192
1683900350904 100.64476 193
1683900350965 92.40285 194
1683900351028 82.19681 195
1683900351091 71.84684 196
1683900351153 64.799126 197
1683900351216 65.41463 198
1683900351283 76.16441 199
1683900351344 93.10546 200
1683900351405 106.91153 201
1683900351468 110.322754 202
1683900351529 103.49847 203
1683900351590 91.98089 204
1683900351653 81.51535 205
1683900351714 74.422 206
1683900351777 70.41681 207
1683900351839 69.40896 208
1683900351900 71.7968 209
1683900351961 78.5126 210
1683900352022 88.690506 211
1683900352193 99.46178 212
1683900352362 107.50223 213
1683900352427 110.84111 214
1683900352489 109.91379 215
1683900352556 106.360916 216
1683900352617 101.75717 217
1683900352679 97.39641 218
1683900352741 93.89543 219
1683900352803 91.369484 220
1683900352864 89.63444 221
1683900352925 88.488434 222
1683900352989 87.73829 223
1683900353051 87.18606 224
1683900353112 86.36223 225
1683900353172 84.70775 226
1683900353233 82.399345 227
1683900353295 79.56687 228
1683900353358 76.52344 229
1683900353419 73.55835 230
1683900353481 70.89608 231
1683900353544 68.6541 232
1683900353606 66.840805 233
1683900353668 65.26624 234
1683900353729 63.45073 235
1683900353792 61.419685 236
1683900353852 59.1884 237
1683900353915 57.121346 238
1683900353975 55.36635 239
1683900354038 54.080906 240
1683900354099 53.79957 241
1683900354160 54.477795 242
1683900354222 55.785934 243
1683900354284 58.275936 244
1683900354347 62.16027 245
1683900354408 66.95486 246
1683900354470 71.962006 247
1683900354533 76.79602 248
1683900354593 81.39656 249
1683900354652 85.59661 250
