1684049435402 56.373 1
1684049435469 55.687233 2
1684049435547 53.315422 3
1684049435619 48.075497 4
1684049435683 40.376526 5
1684049435746 32.247684 6
1684049435824 27.517332 7
1684049435887 28.897848 8
1684049435949 36.389576 9
1684049436027 44.087177 10
1684049436090 48.653717 11
1684049436174 50.46044 12
1684049436232 48.98509 13
1684049436310 45.136158 14
1684049436373 38.98774 15
1684049436451 32.183693 16
1684049436513 30.279316 17
1684049436591 37.214336 18
1684049436654 51.93453 19
1684049436718 67.65425 20
1684049436796 75.38504 21
1684049436859 74.96677 22
1684049436921 69.22649 23
1684049436999 61.885414 24
1684049437062 55.821754 25
1684049437124 52.179047 26
1684049437209 50.865616 27
1684049437266 49.761894 28
1684049437344 47.212036 29
1684049437407 41.667725 30
1684049437469 36.16374 31
1684049437547 34.135006 32
1684049437610 37.46844 33
1684049437672 45.350307 34
1684049437748 55.023956 35
1684049437815 63.532654 36
1684049437878 67.00718 37
1684049437956 66.42926 38
1684049438019 63.689312 39
1684049438090 60.08146 40
1684049438152 56.139725 41
1684049438230 50.85421 42
1684049438301 44.366997 43
1684049438379 39.148476 44
1684049438473 38.29995 45
1684049438551 42.97964 46
1684049438629 51.55169 47
1684049438707 57.783592 48
1684049438791 61.199203 49
1684049438849 62.872574 50
1684049438928 63.984196 51
1684049438990 65.008415 52
1684049439053 65.8602 53
1684049439115 66.23487 54
1684049439193 63.964516 55
1684049439256 58.994236 56
1684049439333 52.270298 57
1684049439397 45.745758 58
1684049439460 42.31527 59
1684049439538 43.624657 60
1684049439600 49.224426 61
1684049439663 55.35063 62
1684049439741 58.183342 63
1684049439803 56.031673 64
1684049439867 49.112953 65
1684049439948 39.883347 66
1684049440010 34.128426 67
1684049440073 40.606262 68
1684049440135 60.191113 69
1684049440198 80.42096 70
1684049440276 91.16673 71
1684049440338 91.39438 72
1684049440412 84.78564 73
1684049440480 77.12688 74
1684049440542 69.6159 75
1684049440605 63.50242 76
1684049440667 60.056816 77
1684049440745 60.074207 78
1684049440808 63.725197 79
1684049440870 69.6594 80
1684049440950 75.611595 81
1684049441014 79.702965 82
1684049441076 81.32349 83
1684049441154 80.02717 84
1684049441217 76.64324 85
1684049441279 69.933044 86
1684049441357 60.632526 87
1684049441420 52.018196 88
1684049441486 47.572468 89
1684049441564 48.955524 90
1684049441627 55.416656 91
1684049441705 63.246593 92
1684049441767 68.594574 93
1684049441846 70.11134 94
1684049441908 67.677 95
1684049441985 60.84466 96
1684049442050 50.852264 97
1684049442113 43.097107 98
1684049442175 47.30358 99
1684049442253 62.261536 100
1684049442316 78.28571 101
1684049442394 87.89599 102
1684049442457 90.28752 103
1684049442520 88.47602 104
1684049442584 85.4003 105
1684049442663 82.35696 106
1684049442725 79.14557 107
1684049442788 75.26503 108
1684049442850 70.47563 109
1684049442913 65.74702 110
1684049442991 62.20661 111
1684049443061 59.582054 112
1684049443118 57.742004 113
1684049443181 56.650196 114
1684049443259 56.199547 115
1684049443321 56.244164 116
1684049443384 56.592407 117
1684049443462 55.999886 118
1684049443540 53.551376 119
1684049443619 48.85604 120
1684049443682 42.85674 121
1684049443744 36.805855 122
1684049443822 32.578007 123
1684049443885 31.886593 124
1684049443947 33.987072 125
1684049444025 37.755974 126
1684049444092 41.684402 127
1684049444154 41.989155 128
1684049444216 40.15973 129
1684049444295 38.671524 130
1684049444357 39.868378 131
1684049444420 44.58674 132
1684049444498 51.837666 133
1684049444560 57.33816 134
1684049444634 60.312717 135
1684049444703 60.40542 136
1684049444766 58.855404 137
1684049444828 55.262215 138
1684049444907 49.443604 139
1684049444969 42.07057 140
1684049445032 38.877274 141
1684049445110 43.751568 142
1684049445176 53.05817 143
1684049445235 61.40603 144
1684049445298 66.14711 145
1684049445376 69.09942 146
1684049445439 70.158226 147
1684049445501 68.412056 148
1684049445564 64.32123 149
1684049445626 60.365307 150
1684049445705 59.044624 151
1684049445767 60.92313 152
1684049445830 64.7568 153
1684049445892 68.83393 154
1684049445955 69.92415 155
1684049446017 68.98303 156
1684049446095 67.36279 157
1684049446158 64.57512 158
1684049446220 59.62425 159
1684049446286 51.358456 160
1684049446348 43.52362 161
1684049446411 40.456367 162
1684049446489 45.022015 163
1684049446551 55.974182 164
1684049446614 68.685005 165
1684049446676 78.668724 166
1684049446753 83.06903 167
1684049446819 81.601494 168
1684049446881 76.65018 169
1684049446959 74.30202 170
1684049447022 76.73189 171
1684049447084 79.22366 172
1684049447367 78.042656 173
1684049447461 73.39095 174
1684049447539 68.59532 175
1684049447602 68.389305 176
1684049447664 74.93275 177
1684049447742 83.83068 178
1684049447815 88.51914 179
1684049447870 85.979576 180
1684049447932 78.21215 181
1684049447995 69.3055 182
1684049448059 62.529037 183
1684049448137 57.84904 184
1684049448199 54.005344 185
1684049448262 51.24565 186
1684049448337 49.597496 187
1684049448402 50.568665 188
1684049448465 54.177322 189
1684049448527 59.87555 190
1684049448605 65.15373 191
1684049448668 69.606674 192
1684049448730 72.159935 193
1684049448793 74.09215 194
1684049448865 75.29613 195
1684049448920 77.137215 196
1684049448982 79.372475 197
1684049449060 80.40741 198
1684049449123 78.81375 199
1684049449185 74.74504 200
1684049449248 69.711685 201
1684049449326 64.95709 202
1684049449394 59.987232 203
1684049449452 54.292435 204
1684049449515 48.600975 205
1684049449593 44.127083 206
1684049449656 43.207672 207
1684049449718 49.810413 208
1684049449781 63.499084 209
1684049449859 77.302155 210
1684049449925 84.20979 211
1684049449986 82.76805 212
1684049450048 76.51198 213
1684049450111 67.67973 214
1684049450173 61.41157 215
1684049450236 61.942745 216
1684049450314 69.12707 217
1684049450376 79.090385 218
1684049450439 86.88995 219
1684049450503 88.940346 220
1684049450565 84.49707 221
1684049450628 75.844376 222
1684049450690 66.30683 223
1684049450768 59.591976 224
1684049450831 61.26364 225
1684049450893 72.927574 226
1684049450956 86.76736 227
1684049451035 91.44552 228
1684049451097 82.12802 229
1684049451160 66.44072 230
1684049451222 59.230988 231
1684049451300 66.26514 232
1684049451363 80.644485 233
1684049451425 91.63893 234
1684049451488 93.92648 235
1684049451551 89.02991 236
1684049451629 81.18368 237
1684049451707 72.72752 238
1684049451769 64.59601 239
1684049451832 58.70585 240
1684049451894 57.323883 241
1684049451957 62.17781 242
1684049452019 73.15837 243
1684049452099 87.37787 244
1684049452162 98.41705 245
1684049452224 100.907394 246
1684049452302 93.09366 247
1684049452365 80.50243 248
1684049452427 73.52994 249
1684049452490 76.990845 250
