1684051863243 48.839226 1
1684051863321 37.589783 2
1684051863384 27.497147 3
1684051863462 27.888317 4
1684051863525 42.68923 5
1684051863599 64.32557 6
1684051863662 79.87644 7
1684051863740 82.3476 8
1684051863802 74.277534 9
1684051863880 61.275574 10
1684051863943 49.022293 11
1684051864005 41.998177 12
1684051864082 41.634727 13
1684051864148 47.63591 14
1684051864226 57.944435 15
1684051864288 69.17557 16
1684051864351 76.883255 17
1684051864429 79.62164 18
1684051864491 78.631065 19
1684051864554 75.47319 20
1684051864636 70.650085 21
1684051864697 65.54616 22
1684051864775 62.11866 23
1684051864838 60.19453 24
1684051864900 58.793617 25
1684051864979 58.94414 26
1684051865041 61.9918 27
1684051865119 69.75931 28
1684051865182 79.80197 29
1684051865245 85.77931 30
1684051865323 82.94487 31
1684051865385 71.86639 32
1684051865463 58.881145 33
1684051865526 52.500126 34
1684051865588 57.59892 35
1684051865658 71.99576 36
1684051865714 86.24019 37
1684051865792 91.41173 38
1684051865855 85.804245 39
1684051865917 73.24547 40
1684051865980 61.296364 41
1684051866042 59.00316 42
1684051866105 68.8038 43
1684051866167 84.89128 44
1684051866233 98.14407 45
1684051866296 102.58336 46
1684051866374 98.151184 47
1684051866436 89.10797 48
1684051866499 78.251144 49
1684051866561 70.76128 50
1684051866624 69.5414 51
1684051866686 74.25137 52
1684051866760 81.896645 53
1684051866814 87.19304 54
1684051866892 86.05955 55
1684051866955 77.92721 56
1684051867017 66.92679 57
1684051867095 59.93341 58
1684051867158 63.049625 59
1684051867220 76.114815 60
1684051867300 92.20854 61
1684051867363 101.09161 62
1684051867425 99.824974 63
1684051867488 91.730225 64
1684051867566 80.807274 65
1684051867628 71.305145 66
1684051867698 69.39761 67
1684051867753 78.53715 68
1684051867834 93.06907 69
1684051867896 102.549194 70
1684051867959 101.464005 71
1684051868037 92.769844 72
1684051868099 82.72751 73
1684051868162 75.681 74
1684051868240 73.34218 75
1684051868315 73.57559 76
1684051868381 75.87649 77
1684051868443 80.41295 78
1684051868522 86.58127 79
1684051868584 92.89401 80
1684051868662 97.79417 81
1684051868740 100.483215 82
1684051868803 101.08112 83
1684051868882 99.574646 84
1684051868946 94.03152 85
1684051869009 84.75117 86
1684051869071 75.696075 87
1684051869134 71.81146 88
1684051869212 76.69574 89
1684051869274 89.26122 90
1684051869337 103.53349 91
1684051869410 112.801506 92
1684051869525 114.049706 93
1684051869590 107.45137 94
1684051869661 94.408134 95
1684051869723 81.913956 96
1684051869790 75.2641 97
1684051869868 76.25249 98
1684051869938 82.49554 99
1684051869997 90.29341 100
1684051870075 96.99217 101
1684051870138 101.55706 102
1684051870200 104.15737 103
1684051870263 105.372284 104
1684051870341 105.70128 105
1684051870403 105.46442 106
1684051870479 104.72965 107
1684051870546 102.6861 108
1684051870608 98.709885 109
1684051870671 92.281166 110
1684051870749 83.805145 111
1684051870811 75.461044 112
1684051870874 69.63843 113
1684051870955 67.942566 114
1684051871015 70.09761 115
1684051871093 74.603195 116
1684051871156 79.743866 117
1684051871218 82.62778 118
1684051871296 82.1673 119
1684051871359 78.97951 120
1684051871421 74.26213 121
1684051871499 68.65614 122
1684051871564 62.720154 123
1684051871626 59.076378 124
1684051871704 58.407967 125
1684051871767 60.77624 126
1684051871845 64.77024 127
1684051871907 69.454666 128
1684051871970 74.660034 129
1684051872033 81.59287 130
1684051872099 89.36572 131
1684051872177 95.68529 132
1684051872239 98.54836 133
1684051872302 98.3547 134
1684051872364 96.460106 135
1684051872427 94.60105 136
1684051872489 93.50705 137
1684051872566 93.00372 138
1684051872632 92.60773 139
1684051872694 91.639114 140
1684051872757 88.58451 141
1684051872835 81.19358 142
1684051872897 70.76485 143
1684051872975 62.999695 144
1684051873038 66.51162 145
1684051873100 82.73839 146
1684051873166 101.14489 147
1684051873228 111.1929 148
1684051873306 114.288704 149
1684051873369 114.21553 150
1684051873431 113.042564 151
1684051873494 110.696 152
1684051873556 106.23709 153
1684051873617 99.729904 154
1684051873682 93.05058 155
1684051873745 87.88852 156
1684051873823 84.93168 157
1684051873885 83.93196 158
1684051873963 83.64564 159
1684051874026 80.34496 160
1684051874088 73.00604 161
1684051874150 64.37546 162
1684051874214 61.462376 163
1684051874292 70.5604 164
1684051874355 89.529236 165
1684051874417 107.44327 166
1684051874480 114.13579 167
1684051874542 108.50386 168
1684051874620 97.07507 169
1684051874683 84.34024 170
1684051874748 75.680214 171
1684051874810 76.185974 172
1684051874873 85.60738 173
1684051874935 98.77586 174
1684051874998 109.75896 175
1684051875060 115.27911 176
1684051875139 115.37782 177
1684051875214 112.00611 178
1684051875281 107.336716 179
1684051875343 102.79898 180
1684051875406 98.97948 181
1684051875468 94.615364 182
1684051875531 90.147385 183
1684051875593 83.704475 184
1684051875672 75.93656 185
1684051875736 70.774765 186
1684051875799 73.50673 187
1684051875862 87.12013 188
1684051875924 106.0428 189
1684051875987 119.341286 190
1684051876049 120.69498 191
1684051876112 113.028946 192
1684051876174 102.53046 193
1684051876253 94.94162 194
1684051876315 92.50906 195
1684051876377 93.52006 196
1684051876440 96.36015 197
1684051876502 103.05998 198
1684051876565 111.5472 199
1684051876815 117.5796 200
1684051876896 117.73184 201
1684051876959 113.11679 202
1684051877021 107.28526 203
1684051877099 102.724 204
1684051877162 99.232834 205
1684051877224 98.26094 206
1684051877287 102.122604 207
1684051877364 108.836586 208
1684051877427 116.110756 209
1684051877490 121.538956 210
1684051877552 123.65041 211
1684051877614 122.87229 212
1684051877677 120.67159 213
1684051877739 116.993454 214
1684051877802 110.77794 215
1684051877880 103.151726 216
1684051877945 96.93931 217
1684051878055 95.07108 218
1684051878117 100.65197 219
1684051878180 113.02109 220
1684051878242 126.84991 221
1684051878305 135.52309 222
1684051878367 135.69604 223
1684051878447 127.470474 224
1684051878509 116.89154 225
1684051878572 109.361786 226
1684051878634 106.88454 227
1684051878697 107.86317 228
1684051878759 109.98107 229
1684051878838 111.74552 230
1684051878909 112.58815 231
1684051878978 112.77584 232
1684051879040 112.13234 233
1684051879103 110.74756 234
1684051879165 108.549416 235
1684051879228 104.13097 236
1684051879306 97.51975 237
1684051879368 90.859985 238
1684051879442 86.2322 239
1684051879496 84.10968 240
1684051879574 84.77042 241
1684051879636 88.162994 242
1684051879699 94.6783 243
1684051879777 102.15279 244
1684051879840 107.84991 245
1684051879905 109.896454 246
1684051879976 107.90544 247
1684051880030 104.822914 248
1684051880092 105.39719 249
1684051880170 110.95887 250
