1684052927151 47.225407 1
1684052927227 36.63545 2
1684052927292 27.57254 3
1684052927373 28.862995 4
1684052927451 44.4503 5
1684052927514 66.35213 6
1684052927576 80.49596 7
1684052927654 79.39012 8
1684052927717 65.35539 9
1684052927792 48.472534 10
1684052927856 40.45568 11
1684052927934 46.76996 12
1684052927997 62.758804 13
1684052928075 78.39934 14
1684052928153 85.753296 15
1684052928215 82.97539 16
1684052928278 72.31331 17
1684052928358 60.597534 18
1684052928421 52.051945 19
1684052928484 50.071693 20
1684052928546 54.3133 21
1684052928624 64.556 22
1684052928687 78.294174 23
1684052928761 90.69543 24
1684052928824 96.918594 25
1684052928891 94.21124 26
1684052928954 85.013214 27
1684052929063 73.67044 28
1684052929126 65.538506 29
1684052929188 64.66049 30
1684052929266 72.96988 31
1684052929329 86.804924 32
1684052929403 98.18566 33
1684052929470 99.489235 34
1684052929533 91.530426 35
1684052929595 80.85961 36
1684052929658 75.544556 37
1684052929736 77.574356 38
1684052929798 83.63377 39
1684052929876 88.91478 40
1684052929942 91.01222 41
1684052930004 90.17543 42
1684052930082 87.85222 43
1684052930145 85.307205 44
1684052930207 81.833565 45
1684052930285 77.12157 46
1684052930348 72.586655 47
1684052930410 68.47745 48
1684052930490 67.927895 49
1684052930553 73.01131 50
1684052930615 83.54049 51
1684052930678 95.7836 52
1684052930756 104.63851 53
1684052930818 105.14849 54
1684052930881 97.22103 55
1684052930943 85.59249 56
1684052931023 77.1579 57
1684052931086 77.02105 58
1684052931148 84.45714 59
1684052931227 94.26221 60
1684052931289 100.94079 61
1684052931352 101.19607 62
1684052931414 97.10075 63
1684052931477 92.95048 64
1684052931556 91.44629 65
1684052931618 91.99144 66
1684052931681 92.16137 67
1684052931759 88.82845 68
1684052931821 83.29193 69
1684052931899 78.18909 70
1684052931962 75.21696 71
1684052932031 76.007286 72
1684052932090 80.96683 73
1684052932152 88.757034 74
1684052932230 97.05877 75
1684052932293 103.69503 76
1684052932355 107.547714 77
1684052932433 108.729004 78
1684052932496 107.974236 79
1684052932556 106.0671 80
1684052932622 103.773994 81
1684052932700 99.68388 82
1684052932762 93.04628 83
1684052932825 83.60673 84
1684052932903 74.30906 85
1684052932965 68.94241 86
1684052933028 69.978775 87
1684052933090 76.905685 88
1684052933156 86.7357 89
1684052933235 95.560104 90
1684052933297 101.12047 91
1684052933375 103.787384 92
1684052933438 104.47156 93
1684052933500 104.10889 94
1684052933563 103.2375 95
1684052933623 102.12073 96
1684052933688 100.834984 97
1684052933767 99.41962 98
1684052933845 97.9247 99
1684052933907 96.4084 100
1684052933970 94.87476 101
1684052934048 93.37616 102
1684052934110 91.92876 103
1684052934183 90.552345 104
1684052934252 89.22899 105
1684052934314 87.913574 106
1684052934377 86.50256 107
1684052934439 84.982376 108
1684052934517 83.291214 109
1684052934580 81.55325 110
1684052934642 79.87394 111
1684052934723 78.331116 112
1684052934786 76.99457 113
1684052934848 75.90265 114
1684052934911 75.015366 115
1684052934989 74.24142 116
1684052935051 73.57408 117
1684052935129 73.02748 118
1684052935198 72.622604 119
1684052935255 72.330826 120
1684052935318 72.12792 121
1684052935396 71.95398 122
1684052935458 71.82826 123
1684052935521 71.74303 124
1684052935599 71.7068 125
1684052935661 71.70442 126
1684052935735 71.44054 127
1684052935789 70.92741 128
1684052936008 69.722305 129
1684052936117 67.865135 130
1684052936195 65.6264 131
1684052936272 63.193825 132
1684052936338 60.80094 133
1684052936400 58.66844 134
1684052936478 56.81549 135
1684052936541 54.25604 136
1684052936603 50.811573 137
1684052936681 48.188866 138
1684052936744 48.678387 139
1684052936826 53.248432 140
1684052936885 60.01414 141
1684052936948 66.1936 142
1684052937010 69.781334 143
1684052937088 70.412544 144
1684052937151 68.966705 145
1684052937245 66.78211 146
1684052937307 63.668434 147
1684052937387 59.2959 148
1684052937449 55.24684 149
1684052937512 53.187725 150
1684052937574 55.817753 151
1684052937637 63.362106 152
1684052937699 74.342255 153
1684052937762 85.1814 154
1684052937841 92.57036 155
1684052937890 95.244934 156
1684052937968 91.35276 157
1684052938030 82.020134 158
1684052938093 71.405655 159
1684052938155 67.03319 160
1684052938218 72.90185 161
1684052938296 86.39519 162
1684052938359 99.740326 163
1684052938422 106.981316 164
1684052938484 107.11923 165
1684052938562 102.72702 166
1684052938625 97.303474 167
1684052938703 93.09659 168
1684052938764 90.546 169
1684052938826 88.36041 170
1684052938889 85.52469 171
1684052938955 80.94394 172
1684052939018 74.96642 173
1684052939080 70.00643 174
1684052939143 67.80842 175
1684052939221 70.635056 176
1684052939283 78.96568 177
1684052939346 90.36393 178
1684052939408 101.496445 179
1684052939485 109.352516 180
1684052939550 111.5477 181
1684052939613 109.14661 182
1684052939675 102.15816 183
1684052939754 93.06861 184
1684052939816 85.554306 185
1684052939879 82.55381 186
1684052939941 84.58894 187
1684052940021 89.708984 188
1684052940084 95.16488 189
1684052940162 99.08367 190
1684052940224 100.95903 191
1684052940302 101.20032 192
1684052940365 100.496254 193
1684052940427 99.419014 194
1684052940498 98.27627 195
1684052940554 97.253876 196
1684052940616 96.416725 197
1684052940679 95.76453 198
1684052940741 95.27449 199
1684052940820 94.9151 200
1684052940882 94.650764 201
1684052940945 94.45746 202
1684052941007 94.287796 203
1684052941087 94.12386 204
1684052941149 93.91537 205
1684052941228 93.51155 206
1684052941290 92.81482 207
1684052941368 91.52163 208
1684052941431 89.294785 209
1684052941493 84.955734 210
1684052941568 78.44824 211
1684052941619 70.143074 212
1684052941697 62.84208 213
1684052941759 60.85615 214
1684052941838 66.648285 215
1684052941916 77.39339 216
1684052941978 89.17879 217
1684052942041 97.360245 218
1684052942103 99.00867 219
1684052942168 94.59778 220
1684052942231 87.516014 221
1684052942309 80.674484 222
1684052942372 76.2702 223
1684052942434 74.1988 224
1684052942497 74.004074 225
1684052942559 74.49396 226
1684052942631 76.05174 227
1684052942857 79.09575 228
1684052942966 83.6069 229
1684052943044 88.71841 230
1684052943107 91.11118 231
1684052943169 89.14079 232
1684052943250 81.945724 233
1684052943312 70.96344 234
1684052943375 62.754433 235
1684052943437 66.60369 236
1684052943515 84.937515 237
1684052943578 106.680084 238
1684052943640 117.262634 239
1684052943707 111.88675 240
1684052943766 95.049515 241
1684052943829 78.6227 242
1684052943891 73.74977 243
1684052943969 81.387375 244
1684052944032 94.21325 245
1684052944094 104.258026 246
1684052944157 107.96088 247
1684052944240 106.100624 248
1684052944298 101.277725 249
1684052944376 95.82385 250
