1684052370492 55.634948185511995 1
1684052370581 51.99935095650809 2
1684052370640 48.361755098615376 3
1684052370718 46.84991100856236 4
1684052370791 48.45554161071777 5
1684052370854 51.446331296648296 6
1684052370932 53.21570805140904 7
1684052370994 53.690834045410156 8
1684052371072 53.75159617832729 9
1684052371135 53.80596760341099 10
1684052371213 54.07166562761579 11
1684052371281 54.80886786324637 12
1684052371341 56.40179770333426 13
1684052371419 57.83590589250837 14
1684052371482 57.61165727887835 15
1684052371560 55.94265038626535 16
1684052371622 54.86652537754604 17
1684052371700 55.63538687569754 18
1684052371763 57.132703508649556 19
1684052371824 57.25378853934152 20
1684052371904 55.17515999930246 21
1684052371967 52.04951776776995 22
1684052372045 49.75431932721819 23
1684052372107 49.70482798985073 24
1684052372186 52.604544503348215 25
1684052372248 57.81452669416155 26
1684052372326 63.46932111467634 27
1684052372391 67.44666508265904 28
1684052372469 68.60649599347796 29
1684052372532 66.83731951032367 30
1684052372594 62.73078373500279 31
1684052372672 57.301231384277344 32
1684052372735 52.38433510916574 33
1684052372813 50.094794682094026 34
1684052372893 51.64841406685965 35
1684052372955 56.54038511003767 36
1684052373018 62.770835876464844 37
1684052373080 67.9806524004255 38
1684052373143 70.62486594063895 39
1684052373221 70.35240990774972 40
1684052373283 67.60680062430245 41
1684052373346 63.63857078552246 42
1684052373407 60.330864497593474 43
1684052373472 59.155329023088726 44
1684052373550 60.15587779453823 45
1684052373612 62.05603626796177 46
1684052373690 63.60618918282645 47
1684052373753 64.76676940917969 48
1684052373815 65.55386897495815 49
1684052373893 65.2932712009975 50
1684052373967 64.00311987740653 51
1684052374021 63.388982500348774 52
1684052374099 65.23946925571987 53
1684052374162 69.17921011788505 54
1684052374224 72.81098774501255 55
1684052374302 74.38846969604492 56
1684052374365 73.85472542898995 57
1684052374427 71.91011047363281 58
1684052374508 69.39943858555385 59
1684052374571 66.87343542916435 60
1684052374649 64.06958770751953 61
1684052374711 60.903153555733816 62
1684052374774 58.79036331176758 63
1684052374852 59.32968739100865 64
1684052374915 62.01533235822405 65
1684052374977 64.57744870867047 66
1684052375042 65.04287011282784 67
1684052375120 63.24651064191546 68
1684052375182 60.267921447753906 69
1684052375245 57.49896403721401 70
1684052375307 55.972408294677734 71
1684052375385 56.08364050728934 72
1684052375448 57.24896022251674 73
1684052375520 58.910671779087615 74
1684052375575 60.89676475524902 75
1684052375654 63.061690194266184 76
1684052375716 64.78313609531948 77
1684052375779 65.07339750017438 78
1684052375857 63.83547701154436 79
1684052375919 61.96278599330357 80
1684052375982 60.345153263636995 81
1684052376058 58.97729001726423 82
1684052376123 57.84660339355469 83
1684052376185 57.906048910958425 84
1684052376248 59.90623910086496 85
1684052376310 63.1052611214774 86
1684052376373 65.7892314365932 87
1684052376435 66.69925035749164 88
1684052376514 65.776428767613 89
1684052376584 63.86421912057059 90
1684052376640 62.564482007707866 91
1684052376703 63.42349297659738 92
1684052376781 66.42002650669643 93
1684052376843 70.0722269330706 94
1684052376937 72.57435662405831 95
1684052377000 73.23321533203125 96
1684052377078 72.35176522391183 97
1684052377147 70.9582405090332 98
1684052377206 69.4459718976702 99
1684052377268 67.49845232282367 100
1684052377331 64.88888713291713 101
1684052377409 62.711975642613005 102
1684052377471 62.28661019461496 103
1684052377534 64.05913380214146 104
1684052377596 67.14849744524274 105
1684052377677 70.12024688720703 106
1684052377738 71.41576439993722 107
1684052377800 70.19698933192662 108
1684052377863 66.98536028180804 109
1684052377925 63.585628509521484 110
1684052378003 61.81609126499721 111
1684052378066 62.57628195626395 112
1684052378128 65.52012688773019 113
1684052378204 68.9292733328683 114
1684052378271 71.28778675624302 115
1684052378334 72.14427403041294 116
1684052378396 72.15873227800641 117
1684052378474 72.20169503348214 118
1684052378537 72.27598626273019 119
1684052378599 72.20246069771903 120
1684052378677 72.05846840994698 121
1684052378741 71.94281223842076 122
1684052378803 72.2915221623012 123
1684052378866 73.02172252110073 124
1684052378944 73.7358763558524 125
1684052379006 74.12275913783482 126
1684052379069 74.00818252563477 127
1684052379147 73.49607794625419 128
1684052379209 73.39636339460101 129
1684052379275 74.04584285191127 130
1684052379353 74.57650593348912 131
1684052379415 74.01707240513393 132
1684052379493 72.50502722603935 133
1684052379556 70.90646362304688 134
1684052379618 70.20496150425502 135
1684052379696 70.57611683436802 136
1684052379766 71.66356195722308 137
1684052379825 72.74369267054966 138
1684052379888 73.38832582746234 139
1684052379964 73.76089041573661 140
1684052380026 73.81707545689174 141
1684052380089 73.52684293474469 142
1684052380167 73.05520466395787 143
1684052380229 72.71797234671456 144
1684052380298 73.04341397966657 145
1684052380358 73.87655966622489 146
1684052380420 75.0381224496024 147
1684052380498 75.94089671543666 148
1684052380561 76.1551377432687 149
1684052380623 75.81992612566266 150
1684052380702 74.93659210205078 151
1684052380764 73.90635027204242 152
1684052380841 73.01634052821568 153
1684052380904 72.08317456926618 154
1684052380982 70.80088152204242 155
1684052381061 69.58725847516742 156
1684052381123 69.33738218035016 157
1684052381279 70.52580261230469 158
1684052381470 72.75256892613002 159
1684052381548 75.57211412702289 160
1684052381610 79.03311048235211 161
1684052381688 82.4613058907645 162
1684052381751 83.78296334402901 163
1684052381813 81.92378725324359 164
1684052381890 78.38591875348773 165
1684052381940 75.94809668404716 166
1684052382018 75.83469499860492 167
1684052382081 77.03853171212333 168
1684052382143 77.96815817696708 169
1684052382206 77.96753965105329 170
1684052382268 77.18285206386021 171
1684052382331 76.2400736127581 172
1684052382393 76.013674054827 173
1684052382458 76.60969652448382 174
1684052382520 77.83012444632394 175
1684052382598 79.06384713309151 176
1684052382661 79.70397622244698 177
1684052382723 79.93003300258091 178
1684052382786 80.40375573294503 179
1684052382848 81.37221145629883 180
1684052382911 81.71740831647601 181
1684052382989 80.09191240583148 182
1684052383053 76.86192594255719 183
1684052383116 73.8772441319057 184
1684052383178 72.78261021205357 185
1684052383241 74.30670656476703 186
1684052383303 77.71663883754185 187
1684052383382 81.09651184082031 188
1684052383444 82.89398520333427 189
1684052383508 82.78455461774554 190
1684052383571 81.54939705984933 191
1684052383633 80.32256262642997 192
1684052383852 80.01528440202985 193
1684052383977 80.7461406162807 194
1684052384041 82.24204090663365 195
1684052384104 84.04227937970843 196
1684052384166 85.39070129394531 197
1684052384244 85.56298991612026 198
1684052384307 84.4119622366769 199
1684052384369 82.99492754255023 200
1684052384447 82.76246752057757 201
1684052384510 84.29180090767997 202
1684052384573 86.62581961495536 203
1684052384651 87.7755377633231 204
1684052384714 86.71578107561383 205
1684052384776 84.31015341622489 206
1684052384839 82.31477628435407 207
1684052384917 82.13812800816127 208
1684052384979 84.28191920689174 209
1684052385099 88.05236652919224 210
1684052385153 91.72200012207031 211
1684052385231 93.75850895472935 212
1684052385294 93.78385489327567 213
1684052385356 91.76426260811942 214
1684052385419 88.06058175223214 215
1684052385497 84.17937305995396 216
1684052385559 82.12951932634626 217
1684052385640 83.0001585824149 218
1684052385703 86.0968382699149 219
1684052385766 89.37256840297154 220
1684052385828 91.56770760672433 221
1684052385906 92.85377938406808 222
1684052385969 93.4140134538923 223
1684052386031 92.81431470598493 224
1684052386094 90.90075356619698 225
1684052386172 88.71629224504743 226
1684052386235 88.18371255057198 227
1684052386297 89.84336417061942 228
1684052386360 91.84027917044503 229
1684052386438 92.17725099836078 230
1684052386501 90.8020624433245 231
1684052386579 89.20498439243862 232
1684052386652 88.80672345842633 233
1684052386704 89.5158451625279 234
1684052386782 90.38820321219308 235
1684052386845 91.06955392020089 236
1684052386908 92.02750941685268 237
1684052386970 93.95596204485211 238
1684052387048 96.38574872698102 239
1684052387111 98.56755774361747 240
1684052387179 100.13117218017578 241
1684052387237 100.75922175816127 242
1684052387300 100.08764757428851 243
1684052387362 97.79262324741909 244
1684052387425 94.70728029523578 245
1684052387503 92.22093963623047 246
1684052387565 91.4612295968192 247
1684052387628 92.5389404296875 248
1684052387690 94.60526166643415 249
1684052387756 96.73807689121791 250
