1684053284018 49.919605 1
1684053284276 44.09732 2
1684053284370 34.020325 3
1684053284448 27.215033 4
1684053284516 26.00857 5
1684053284594 31.773983 6
1684053284657 31.258518 7
1684053284735 28.992504 8
1684053284797 24.916096 9
1684053284876 21.83527 10
1684053284938 25.385122 11
1684053285017 27.69968 12
1684053285081 30.115028 13
1684053285144 36.15985 14
1684053285222 35.955647 15
1684053285284 27.427315 16
1684053285363 19.083588 17
1684053285425 19.910719 18
1684053285488 34.96061 19
1684053285569 32.45508 20
1684053285631 24.68516 21
1684053285709 22.149332 22
1684053285771 17.530703 23
1684053285834 18.368656 24
1684053285912 34.384293 25
1684053285975 33.656433 26
1684053286037 29.171495 27
1684053286117 25.644167 28
1684053286179 23.725275 29
1684053286242 23.704996 30
1684053286320 25.357374 31
1684053286383 26.112747 32
1684053286445 23.396559 33
1684053286508 17.50607 34
1684053286589 13.893246 35
1684053286650 19.978333 36
1684053286712 38.258858 37
1684053286775 55.93309 38
1684053286853 57.390923 39
1684053286916 57.586147 40
1684053286978 57.739048 41
1684053287056 57.852715 42
1684053287125 47.38701 43
1684053287183 40.06845 44
1684053287246 45.575584 45
1684053287324 41.630863 46
1684053287386 35.115845 47
1684053287449 31.469091 48
1684053287527 34.242466 49
1684053287589 41.579002 50
1684053287665 50.5934 51
1684053287732 51.260036 52
1684053287794 43.66446 53
1684053287857 37.351242 54
1684053287919 28.987274 55
1684053287982 24.727802 56
1684053288060 28.525839 57
1684053288122 41.36617 58
1684053288195 57.979706 59
1684053288249 59.971024 60
1684053288327 48.463135 61
1684053288390 44.213127 62
1684053288452 43.913948 63
1684053288515 37.93746 64
1684053288593 34.23732 65
1684053288655 35.310547 66
1684053288716 43.37816 67
1684053288785 44.176678 68
1684053288863 45.213623 69
1684053288925 42.894875 70
1684053288988 42.254337 71
1684053289066 41.31395 72
1684053289128 39.857113 73
1684053289191 40.026146 74
1684053289271 43.95444 75
1684053289329 53.598267 76
1684053289392 56.047203 77
1684053289470 54.28561 78
1684053289532 52.488613 79
1684053289595 48.572533 80
1684053289704 43.141243 81
1684053289780 38.890762 82
1684053289846 36.360653 83
1684053289909 35.824707 84
1684053289971 38.92737 85
1684053290049 48.72027 86
1684053290112 63.64516 87
1684053290174 76.3214 88
1684053290253 74.54619 89
1684053290315 72.11434 90
1684053290379 66.72532 91
1684053290441 60.406803 92
1684053290520 57.549694 93
1684053290582 54.488747 94
1684053290660 47.159103 95
1684053290723 44.425797 96
1684053290785 47.36209 97
1684053290848 46.047417 98
1684053290913 45.08921 99
1684053290991 41.211933 100
1684053291054 33.738247 101
1684053291116 36.549187 102
1684053291179 51.01716 103
1684053291241 69.75267 104
1684053291319 66.0344 105
1684053291386 54.66971 106
1684053291446 54.45042 107
1684053291508 64.59843 108
1684053291586 68.608986 109
1684053291664 66.496216 110
1684053291727 65.26173 111
1684053291789 64.63928 112
1684053291867 55.88823 113
1684053291932 54.85781 114
1684053291995 54.934254 115
1684053292057 49.84613 116
1684053292135 45.1138 117
1684053292198 43.59345 118
1684053292276 43.96421 119
1684053292338 48.315838 120
1684053292401 55.865448 121
1684053292467 55.244038 122
1684053292545 64.515564 123
1684053292607 66.85069 124
1684053292670 65.53659 125
1684053292748 56.96556 126
1684053292810 52.407566 127
1684053292873 51.159943 128
1684053292935 55.604385 129
1684053292999 60.002846 130
1684053293061 61.743576 131
1684053293139 62.80945 132
1684053293202 68.44094 133
1684053293264 70.33992 134
1684053293327 75.055984 135
1684053293389 77.145355 136
1684053293468 63.60383 137
1684053293531 56.921272 138
1684053293594 60.06395 139
1684053293672 63.57383 140
1684053293734 68.260956 141
1684053293797 70.217415 142
1684053293859 58.597103 143
1684053293922 53.55442 144
1684053293984 58.920704 145
1684053294064 66.35324 146
1684053294127 62.02058 147
1684053294189 59.418995 148
1684053294252 59.61245 149
1684053294314 62.212463 150
1684053294392 66.375 151
1684053294455 67.22218 152
1684053294517 63.47855 153
1684053294581 61.14412 154
1684053294643 59.949566 155
1684053294706 55.105213 156
1684053294784 50.873226 157
1684053294847 42.978718 158
1684053294909 38.990086 159
1684053294972 46.28687 160
1684053295034 65.71452 161
1684053295114 82.967545 162
1684053295176 81.1209 163
1684053295239 78.81549 164
1684053295301 76.269615 165
1684053295364 73.68193 166
1684053295442 65.82373 167
1684053295505 65.367615 168
1684053295567 64.39319 169
1684053295646 58.900063 170
1684053295710 53.956886 171
1684053295772 53.2183 172
1684053295835 59.065163 173
1684053295897 57.848988 174
1684053295960 56.269234 175
1684053296022 54.306194 176
1684053296100 51.61456 177
1684053296166 48.5161 178
1684053296226 45.413506 179
1684053296289 42.67225 180
1684053296351 40.523735 181
1684053296429 39.02057 182
1684053296492 38.09157 183
1684053296554 37.598465 184
1684053296617 36.95331 185
1684053296698 35.594208 186
1684053296759 33.31182 187
1684053296821 30.959621 188
1684053296899 29.592194 189
1684053296962 29.94585 190
1684053297024 32.119675 191
1684053297087 35.445854 192
1684053297258 39.157112 193
1684053297383 42.643375 194
1684053297493 45.171104 195
1684053297555 46.484947 196
1684053297618 46.66944 197
1684053297680 45.843468 198
1684053297757 44.044594 199
1684053297823 41.45654 200
1684053297885 37.06761 201
1684053297948 32.50257 202
1684053298010 31.309772 203
1684053298073 36.9935 204
1684053298151 48.238617 205
1684053298213 57.396194 206
1684053298283 60.268845 207
1684053298340 57.04361 208
1684053298402 50.949596 209
1684053298465 47.16801 210
1684053298621 50.37548 211
1684053298811 61.680466 212
1684053298890 68.75241 213
1684053298952 80.72557 214
1684053299030 80.83661 215
1684053299093 80.95146 216
1684053299171 73.83673 217
1684053299233 72.0815 218
1684053299296 75.38919 219
1684053299360 70.95924 220
1684053299423 70.20792 221
1684053299485 72.88893 222
1684053299548 76.505745 223
1684053299610 77.80298 224
1684053299688 77.084236 225
1684053299766 76.07773 226
1684053299829 75.913956 227
1684053299909 76.7631 228
1684053299971 75.693375 229
1684053300049 70.68742 230
1684053300112 61.33506 231
1684053300174 51.020504 232
1684053300237 48.121994 233
1684053300299 55.991272 234
1684053300375 69.80054 235
1684053300441 80.87016 236
1684053300503 79.20359 237
1684053300581 75.54817 238
1684053300644 69.42456 239
1684053300722 62.3308 240
1684053300784 55.99386 241
1684053300989 51.94713 242
1684053301114 50.92225 243
1684053301192 52.436195 244
1684053301255 55.336426 245
1684053301317 58.58259 246
1684053301380 58.701485 247
1684053301461 53.328354 248
1684053301523 44.525414 249
1684053301585 39.760124 250
