1684273133828 0.8687819611032112 1
1684273133897 1.1164308487286974 2
1684273133966 1.4398457754449927 3
1684273134044 1.6898606941214933 4
1684273134129 1.7908248026302087 5
1684273134198 1.8219748613185147 6
1684273134267 1.8430071824478795 7
1684273134329 1.959648320934997 8
1684273134398 2.217040827607828 9
1684273134467 2.6047587825301863 10
1684273134530 3.102110593003685 11
1684273134599 3.6900389798750357 12
1684273134668 4.341890847514574 13
1684273134746 5.0260007524527985 14
1684273134815 5.705538707907594 15
1684273134884 6.3295437586572305 16
1684273134962 6.867757462912279 17
1684273135031 7.30838930504448 18
1684273135085 7.655900733396826 19
1684273135185 7.925991936707599 20
1684273135247 8.13947573232235 21
1684273135316 8.31868026152206 22
1684273135385 8.484396291205607 23
1684273135464 8.64899184147783 24
1684273135548 8.81434748668899 25
1684273135617 8.970729425090289 26
1684273135702 9.094840382285831 27
1684273135771 9.170907342540955 28
1684273135833 9.184112909445183 29
1684273135902 9.12748343074769 30
1684273135972 9.002572756690698 31
1684273136050 8.816970947481263 32
1684273136103 8.582219816789205 33
1684273136172 8.311316857210967 34
1684273136250 8.022216953769464 35
1684273136319 7.735166287434973 36
1684273136388 7.467650668388496 37
1684273136451 7.229703998184445 38
1684273136520 7.0212354127545336 39
1684273136589 6.839270959853789 40
1684273136674 6.6673177099241725 41
1684273136736 6.464941215431028 42
1684273136805 6.16827783892632 43
1684273136874 5.742947613520012 44
1684273136952 5.188003812557165 45
1684273137021 4.536163946325191 46
1684273137090 3.851257644821334 47
1684273137153 3.2105338514972073 48
1684273137222 2.6803467887483223 49
1684273137291 2.284448919782347 50
1684273137353 2.002463644341726 51
1684273137422 1.8009869323466787 52
1684273137491 1.6540933906373132 53
1684273137554 1.544884661757217 54
1684273137623 1.4626460597071176 55
1684273137692 1.3996848630185668 56
1684273137755 1.3502928021949088 57
1684273137824 1.3113402723656016 58
1684273137877 1.2825779990444321 59
1684273137955 1.2656066866611841 60
1684273138024 1.2620055892405313 61
1684273138078 1.2717799067368818 62
1684273138156 1.292968935673878 63
1684273138209 1.322425491327989 64
1684273138278 1.3569849343276104 65
1684273138341 1.3940741635274045 66
1684273138410 1.431577761565487 67
1684273138479 1.4677532617735056 68
1684273138541 1.5015862689604107 69
1684273138610 1.5324945754487747 70
1684273138679 1.5600691457473228 71
1684273138742 1.5841845495921931 72
1684273138811 1.6052827493232602 73
1684273138873 1.6243954677359516 74
1684273138942 1.6429538727265773 75
1684273139011 1.6625109493879249 76
1684273139080 1.6844392753397945 77
1684273139143 1.7096702261329055 78
1684273139212 1.7385184777260136 79
1684273139281 1.7706035582586481 80
1684273139343 1.8048988625976001 81
1684273139413 1.8399514542306477 82
1684273139475 1.874261641075434 83
1684273139544 1.9066430605606 84
1684273139597 1.936387550248088 85
1684273139676 1.9632558769788409 86
1684273139745 1.987400572773039 87
1684273139798 2.0092794318564615 88
1684273139876 2.0295675115210026 89
1684273139945 2.0490515370886606 90
1684273139999 2.0685187068764 91
1684273140083 2.088670304733501 92
1684273140146 2.110047843224701 93
1684273140215 2.132974772953089 94
1684273140277 2.157532965013716 95
1684273140346 2.1835831302852604 96
1684273140415 2.210815037144308 97
1684273140484 2.2388142334555035 98
1684273140547 2.267127211101418 99
1684273140616 2.2953112802435665 100
1684273140685 2.3229584020126888 101
1684273140886 2.34970660683538 102
1684273140964 2.375249459492826 103
1684273141033 2.3993585933397727 104
1684273141102 2.421919878067165 105
1684273141164 2.442961617982158 106
1684273141233 2.4626627040417315 107
1684273141302 2.4813395297685727 108
1684273141365 2.499411034959014 109
1684273141434 2.517352605783302 110
1684273141503 2.5356454550094756 111
1684273141565 2.5547279294713072 112
1684273141634 2.57495920780375 113
1684273141719 2.596594066624989 114
1684273141788 2.6197749333755214 115
1684273141851 2.6445407394136686 116
1684273141920 2.6708417646095866 117
1684273141989 2.6985630897629718 118
1684273142051 2.727544425690926 119
1684273142183 2.757597085314525 120
1684273142252 2.7885197564817834 121
1684273142321 2.820106851717543 122
1684273142390 2.852156967865717 123
1684273142452 2.8844804688979284 124
1684273142521 2.9169023703434966 125
1684273142590 2.9492736796181176 126
1684273142669 2.9814741977645176 127
1684273142733 3.0134242786662484 128
1684273142806 3.0450892439145765 129
1684273142869 3.0764841540810157 130
1684273142938 3.1076708335069707 131
1684273143007 3.1387548237676093 132
1684273143069 3.1698721213865655 133
1684273143138 3.2011764730223864 134
1684273143207 3.232825344177531 135
1684273143270 3.264961240351462 136
1684273143339 3.297705597044828 137
1684273143408 3.3311444795015355 138
1684273143555 3.3653281655075338 139
1684273143687 3.400267483518251 140
1684273143756 3.435936763729392 141
1684273143825 3.4722782860019294 142
1684273143894 3.5092096864229876 143
1684273143956 3.5466291562224175 144
1684273144025 3.584424701582011 145
1684273144095 3.6224808776707094 146
1684273144195 3.660684459599505 147
1684273144273 3.6989338983715148 148
1684273144326 3.7371438168883837 149
1684273144395 3.7752509422230234 150
1684273144474 3.813219292232319 151
1684273144543 3.85104213898281 152
1684273144612 3.888741653714021 153
1684273144674 3.9263664549891892 154
1684273144743 3.9639863955167356 155
1684273144812 4.001684359793509 156
1684273144875 4.039548024916472 157
1684273144944 4.077662260501596 158
1684273145013 4.116100892613482 159
1684273145075 4.15492377416642 160
1684273145144 4.194171657577035 161
1684273145213 4.233865790942294 162
1684273145276 4.274009709441092 163
1684273145345 4.314588955597795 164
1684273145414 4.355576704764157 165
1684273145492 4.396938822387908 166
1684273145561 4.438633755176756 167
1684273145630 4.480622727749173 168
1684273145693 4.522870426860858 169
1684273145762 4.565350090301396 170
1684273145831 4.608047924307325 171
1684273145893 4.6509627010444525 172
1684273145962 4.694109120968849 173
1684273146031 4.73751433534492 174
1684273146100 4.78121719549304 175
1684273146163 4.8252661004006825 176
1684273146232 4.869712803912447 177
1684273146301 4.914611449072822 178
1684273146363 4.9600159941572874 179
1684273146432 5.005976378686184 180
1684273146501 5.052539433286138 181
1684273146564 5.099747800959679 182
1684273146633 5.147642304372193 183
1684273146702 5.196262019702157 184
1684273146764 5.245646958700495 185
1684273146833 5.295839064148982 186
1684273146902 5.346883316350406 187
1684273146965 5.398827628383944 188
1684273147034 5.451718376241557 189
1684273147103 5.505594581299566 190
1684273147166 5.560476426644041 191
1684273147235 5.616346841171754 192
1684273147304 5.673129288910903 193
1684273147366 5.730661679831124 194
1684273147435 5.788676536037127 195
1684273147504 5.846793757105197 196
1684273147767 5.904546128157372 197
1684273147905 5.961437537890902 198
1684273147983 6.0170197286200064 199
1684273148052 6.0709784060227525 200
1684273148121 6.123186542315756 201
1684273148184 6.173727482206046 202
1684273148253 6.222920868118902 203
1684273148322 6.271301826174066 204
1684273148400 6.319463678706727 205
1684273148469 6.367884542140125 206
1684273148522 6.4168136408847225 207
1684273148601 6.466251446146984 208
1684273148670 6.516015677132387 209
1684273148723 6.565842057017453 210
1684273148801 6.61549613166604 211
1684273148870 6.664867373060805 212
1684273149071 6.714025336892958 213
1684273149272 6.763194389419847 214
1684273149387 6.812654353514087 215
1684273149456 6.862638877916029 216
1684273149526 6.913265414017648 217
1684273149588 6.964521702161661 218
1684273149657 7.016283077336178 219
1684273149726 7.068354494935159 220
1684273149804 7.120512618182875 221
1684273149873 7.172558144653048 222
1684273149942 7.224357011810808 223
1684273150011 7.275861692098961 224
1684273150074 7.32709807576471 225
1684273150143 7.378129682328724 226
1684273150212 7.429010278821575 227
1684273150290 7.479753838228108 228
1684273150359 7.530330868457938 229
1684273150444 7.58068040104236 230
1684273150513 7.630746649764761 231
1684273150575 7.680508227580669 232
1684273150644 7.730001814007557 233
1684273150713 7.779321244053184 234
1684273150776 7.828592651281507 235
1684273150845 7.877937975009247 236
1684273150914 7.927435812385618 237
1684273150976 7.977101863721881 238
1684273151045 8.026887091151785 239
1684273151114 8.076693291076536 240
1684273151177 8.12640877351991 241
1684273151246 8.175927226310003 242
1684273151315 8.2251723497901 243
1684273151377 8.27409997693806 244
1684273151447 8.322685158735608 245
1684273151516 8.370907153262621 246
1684273151578 8.418733605100083 247
1684273151647 8.466120156290263 248
1684273151716 8.51301296542246 249
1684273151779 8.55936525132476 250
