1684272122399 10.729359826801096 1
1684272122477 11.072512161106578 2
1684272122546 11.953541640496104 3
1684272122615 13.512941579601133 4
1684272122684 15.598172554611894 5
1684272122762 17.798840664729923 6
1684272122831 19.6677039398357 7
1684272122900 21.022674334538323 8
1684272122963 21.800451352333088 9
1684272123032 21.998193169330467 10
1684272123101 21.649314250152457 11
1684272123179 20.82377861517619 12
1684272123248 19.63045869798834 13
1684272123317 18.2010844030159 14
1684272123379 16.67611507654109 15
1684272123448 15.180917335952541 16
1684272123517 13.816136778968184 17
1684272123586 12.636345958314925 18
1684272123665 11.652560684699196 19
1684272123734 10.830601134151241 20
1684272123803 10.113770441909882 21
1684272123865 9.445378070970447 22
1684272123934 8.779450846521831 23
1684272124003 8.082029060942213 24
1684272124066 7.330412862511594 25
1684272124135 6.5153128027344405 26
1684272124204 5.644456853483991 27
1684272124282 4.745177420204383 28
1684272124351 3.863740536911182 29
1684272124420 3.0618348912987 30
1684272124489 2.395015402114021 31
1684272124552 1.882881765446152 32
1684272124621 1.513662169668292 33
1684272124690 1.257442951229498 34
1684272124752 1.075518227867482 35
1684272124821 0.9306028465307463 36
1684272124890 0.7948347411969277 37
1684272124953 0.6525488891411779 38
1684272125022 0.4951234278886396 39
1684272125091 0.32489936588401847 40
1684272125153 0.14980066433064287 41
1684272125222 -0.02295687958671877 42
1684272125307 -0.18927198064218587 43
1684272125369 -0.34809228496503053 44
1684272125438 -0.497729301608997 45
1684272125507 -0.6347476161330317 46
1684272125586 -0.7548493946977821 47
1684272125655 -0.8537110449239549 48
1684272125724 -0.9282133302076279 49
1684272125793 -0.9775661318501783 50
1684272125855 -1.0037514593935928 51
1684272125924 -1.0110863865619901 52
1684272125993 -1.0051979338445172 53
1684272126056 -0.991863567224744 54
1684272126125 -0.9758365750653741 55
1684272126194 -0.9600727407997844 56
1684272126256 -0.945593530992948 57
1684272126325 -0.9319806211235679 58
1684272126394 -0.9181863538189816 59
1684272126457 -0.9032855969757065 60
1684272126526 -0.8868931821446768 61
1684272126595 -0.8691987396604475 62
1684272126658 -0.8507442901900344 63
1684272126727 -0.8322386353455045 64
1684272126796 -0.8144739342015708 65
1684272126858 -0.7982071601267862 66
1684272126927 -0.7839457662043454 67
1684272126996 -0.7717785619907911 68
1684272127059 -0.7613838114128058 69
1684272127128 -0.7522286556904527 70
1684272127197 -0.7438589953967396 71
1684272127259 -0.7361433046131287 72
1684272127328 -0.729383073502615 73
1684272127391 -0.7242786311013498 74
1684272127444 -0.721848083874356 75
1684272127513 -0.7234000848248199 76
1684272127598 -0.7305511304543062 77
1684272127661 -0.7451402125125028 78
1684272127729 -0.768947162027878 79
1684272127798 -0.8033895144797096 80
1684272127861 -0.8493697984769186 81
1684272127930 -0.907239184080125 82
1684272127992 -0.9764468729911702 83
1684272128046 -1.0542526317141814 84
1684272128115 -1.134702010133049 85
1684272128193 -1.2098562378082036 86
1684272128246 -1.27208711278353 87
1684272128315 -1.315900902760771 88
1684272128393 -1.339236818650404 89
1684272128462 -1.3436693719048174 90
1684272128531 -1.3332612243505153 91
1684272128594 -1.3126530710239246 92
1684272128663 -1.2853504382272574 93
1684272128716 -1.253309378822065 94
1684272128794 -1.218057395574216 95
1684272128863 -1.1810141430743135 96
1684272128917 -1.1430711674231508 97
1684272128995 -1.1042961104741167 98
1684272129048 -1.064079667166273 99
1684272129117 -1.0216288793584445 100
1684272129218 -0.9765096154750506 101
1684272129280 -0.9289393000004811 102
1684272129349 -0.8796681789642538 103
1684272129418 -0.8295585451407828 104
1684272129481 -0.7791348598342074 105
1684272129550 -0.7283593303242464 106
1684272129603 -0.676717198346144 107
1684272129681 -0.6235515344634557 108
1684272129735 -0.5684597861350387 109
1684272129804 -0.5115484581138965 110
1684272129866 -0.4534287475596086 111
1684272129935 -0.3949491901016149 112
1684272130004 -0.336829078756244 113
1684272130067 -0.2793807236993997 114
1684272130136 -0.2224314997007566 115
1684272130205 -0.16547020027816828 116
1684272130267 -0.10792425720170407 117
1684272130336 -0.049477938687093825 118
1684272130405 0.009717275776409906 119
1684272130468 0.06907835157113329 120
1684272130537 0.1278920241759769 121
1684272130606 0.18570767218806328 122
1684272130669 0.2425855701449544 123
1684272130738 0.2990586309311567 124
1684272130807 0.3558264414665988 125
1684272130885 0.41335795819307286 126
1684272130954 0.4716386609943841 127
1684272131023 0.5302050311794853 128
1684272131085 0.5884210084326531 129
1684272131154 0.6458071755839274 130
1684272131223 0.7022691068730316 131
1684272131286 0.7581164869445329 132
1684272131355 0.8139021147008014 133
1684272131424 0.8701413858785294 134
1684272131502 0.9270272847701744 135
1684272131571 0.984290830926497 136
1684272131640 1.0413138156305886 137
1684272131703 1.0974716652970677 138
1684272131772 1.1524910804031725 139
1684272131825 1.2066058751966784 140
1684272131903 1.2604093008418156 141
1684272131972 1.3144826995949908 142
1684272132041 1.3690190578770869 143
1684272132104 1.4237005489697676 144
1684272132173 1.4779010877260408 145
1684272132226 1.5310491034932063 146
1684272132304 1.5829222135139682 147
1684272132358 1.6337490895206397 148
1684272132427 1.6840922532356473 149
1684272132505 1.734572557581 150
1684272132574 1.785539781476885 151
1684272132643 1.836850704411967 152
1684272132712 1.887923147253379 153
1684272132775 1.9380767638703205 154
1684272132844 1.98694032580162 155
1684272132906 2.034671043836707 156
1684272132960 2.0818487613828864 157
1684272133029 2.129098823666146 158
1684272133107 2.1766436402729843 159
1684272133176 2.2241156134846376 160
1684272133229 2.2707577347793553 161
1684272133307 2.3158486234613447 162
1684272133376 2.359071875707751 163
1684272133461 2.400659875491632 164
1684272133530 2.441284773725858 165
1684272133593 2.48174649609149 166
1684272133662 2.52256348765604 167
1684272133715 2.563671807020942 168
1684272133793 2.6044844654565606 169
1684272133847 2.644302189179239 170
1684272133916 2.6827847731166594 171
1684272134016 2.720174542243619 172
1684272134094 2.7571492903311903 173
1684272134163 2.7943627307226713 174
1684272134232 2.8319321350860704 175
1684272134295 2.869264273550315 176
1684272134364 2.9053617451247105 177
1684272134417 2.939358982942484 178
1684272134495 2.9709438999311732 179
1684272134564 3.0004984199131046 180
1684272134618 3.028936953892834 181
1684272134696 3.0573036472463953 182
1684272134765 3.0862494694785045 183
1684272134834 3.115692060134072 184
1684272134896 3.14496323144488 185
1684272134965 3.173332299654602 186
1684272135034 3.2005048578183724 187
1684272135097 3.2267928704456246 188
1684272135166 3.252874727002202 189
1684272135219 3.2792352722724516 190
1684272135297 3.3056092833950395 191
1684272135351 3.3308924409869665 192
1684272135420 3.353625733157811 193
1684272135482 3.372656942321284 194
1684272135551 3.3875949349780052 195
1684272135620 3.3989065885733645 196
1684272135683 3.407669251534811 197
1684272135752 3.415034277937041 198
1684272135821 3.421573628626179 199
1684272135883 3.4269512420529162 200
1684272136084 3.4302039897341468 201
1684272136222 3.4303471876125835 202
1684272136300 3.426857194437636 203
1684272136369 3.419781256361725 204
1684272136438 3.409437543201527 205
1684272136501 3.395819087169011 206
1684272136570 3.378023678017069 207
1684272136639 3.3542089555036743 208
1684272136701 3.322150985235881 209
1684272136770 3.2799100150953286 210
1684272136839 3.2262160535435385 211
1684272136924 3.160516989430997 212
1684272136986 3.082779094231192 213
1684272137055 2.9931037221987022 214
1684272137118 2.8913657364401537 215
1684272137187 2.777338180105229 216
1684272137256 2.651364611875133 217
1684272137372 2.515084967255383 218
1684272137441 2.371702746096675 219
1684272137503 2.225534402434814 220
1684272137572 2.0808701485096748 221
1684272137641 1.9409329886227749 222
1684272137705 1.8083301433841523 223
1684272137773 1.6861437075471972 224
1684272137842 1.5780730884305125 225
1684272137905 1.4868701235126043 226
1684272137974 1.4123086183988427 227
1684272138043 1.3514770148407411 228
1684272138105 1.3005352440812459 229
1684272138174 1.256947116131311 230
1684272138243 1.2201540247495881 231
1684272138306 1.1901241904068431 232
1684272138375 1.166572598767555 233
1684272138428 1.1489080448438376 234
1684272138506 1.1363896997385616 235
1684272138560 1.128337263665637 236
1684272138629 1.1242483282343656 237
1684272138707 1.1237833627903981 238
1684272138776 1.1266303384680114 239
1684272138845 1.1323079882867635 240
1684272138907 1.1400161221967053 241
1684272138961 1.1486590485286445 242
1684272139030 1.1570922393058254 243
1684272139108 1.1644544604557154 244
1684272139161 1.170420550852052 245
1684272139230 1.1752475262651778 246
1684272139293 1.179600129451785 247
1684272139362 1.1842249867622048 248
1684272139431 1.1896577517906746 249
1684272139509 1.1961069357566831 250
