1684271393622 10.734945 1
1684271393691 11.464136 2
1684271393753 12.83338 3
1684271393822 14.866659 4
1684271393891 17.391382 5
1684271393969 20.104683 6
1684271394038 22.696959 7
1684271394092 24.966942 8
1684271394177 26.817087 9
1684271394239 28.240685 10
1684271394308 29.283371 11
1684271394377 30.005173 12
1684271394440 30.461878 13
1684271394509 30.698338 14
1684271394578 30.748522 15
1684271394656 30.636944 16
1684271394725 30.380936 17
1684271394794 29.994156 18
1684271394857 29.494589 19
1684271394926 28.933418 20
1684271395010 28.342365 21
1684271395073 27.73264 22
1684271395142 27.086044 23
1684271395211 26.358448 24
1684271395280 25.527884 25
1684271395343 24.61584 26
1684271395412 23.655603 27
1684271395481 22.678078 28
1684271395543 21.71004 29
1684271395612 20.772724 30
1684271395681 19.882175 31
1684271395744 19.049488 32
1684271395813 18.27921 33
1684271395882 17.564533 34
1684271395944 16.88044 35
1684271396013 16.187635 36
1684271396076 15.453273 37
1684271396145 14.661417 38
1684271396214 13.810446 39
1684271396276 12.907892 40
1684271396330 11.966596 41
1684271396399 11.002716 42
1684271396461 10.034661 43
1684271396531 9.081924 44
1684271396600 8.1635275 45
1684271396662 7.296732 46
1684271396731 6.495923 47
1684271396800 5.77334 48
1684271396863 5.137947 49
1684271396932 4.590868 50
1684271397001 4.1242604 51
1684271397063 3.7223551 52
1684271397132 3.3670874 53
1684271397201 3.0446336 54
1684271397264 2.7542489 55
1684271397333 2.5052342 56
1684271397402 2.3026605 57
1684271397465 2.1435764 58
1684271397534 2.0186813 59
1684271397603 1.9175233 60
1684271397665 1.8339047 61
1684271397734 1.7642426 62
1684271397803 1.7057489 63
1684271397866 1.6565285 64
1684271397935 1.6153833 65
1684271398004 1.5814475 66
1684271398066 1.5539595 67
1684271398135 1.532392 68
1684271398204 1.5163485 69
1684271398267 1.5054632 70
1684271398336 1.49936 71
1684271398389 1.4976386 72
1684271398467 1.4998894 73
1684271398537 1.505705 74
1684271398606 1.5146959 75
1684271398668 1.5264912 76
1684271398737 1.5407374 77
1684271398791 1.5570943 78
1684271398853 1.575236 79
1684271398922 1.5948554 80
1684271398991 1.6156695 81
1684271399054 1.6374257 82
1684271399123 1.6599039 83
1684271399192 1.6829228 84
1684271399254 1.7063475 85
1684271399323 1.7300946 86
1684271399392 1.75414 87
1684271399455 1.7785202 88
1684271399524 1.8033316 89
1684271399593 1.828722 90
1684271399655 1.8548799 91
1684271399724 1.8820199 92
1684271399793 1.9103677 93
1684271399856 1.9401463 94
1684271399925 1.9715637 95
1684271399994 2.0048032 96
1684271400072 2.0400155 97
1684271400141 2.0773158 98
1684271400210 2.1167793 99
1684271400273 2.158441 100
1684271400342 2.202302 101
1684271400411 2.2483287 102
1684271400489 2.2964613 103
1684271400558 2.3466163 104
1684271400627 2.398692 105
1684271400696 2.45257 106
1684271400759 2.5081236 107
1684271400828 2.5652225 108
1684271400897 2.623744 109
1684271400959 2.6835837 110
1684271401028 2.744663 111
1684271401097 2.8069313 112
1684271401176 2.8703628 113
1684271401245 2.934946 114
1684271401329 3.000671 115
1684271401398 3.0675192 116
1684271401461 3.1354535 117
1684271401530 3.204412 118
1684271401599 3.2743082 119
1684271401661 3.3450313 120
1684271401731 3.4164498 121
1684271401800 3.4884205 122
1684271401862 3.560797 123
1684271401931 3.6334414 124
1684271402000 3.7062373 125
1684271402067 3.779101 126
1684271402132 3.8519902 127
1684271402201 3.9249105 128
1684271402263 3.9979134 129
1684271402332 4.071088 130
1684271402395 4.144552 131
1684271402464 4.2184334 132
1684271402517 4.292853 133
1684271402595 4.3679137 134
1684271402664 4.4436884 135
1684271402718 4.520212 136
1684271402796 4.5974827 137
1684271402849 4.6754603 138
1684271402919 4.754074 139
1684271402981 4.8332267 140
1684271403050 4.912804 141
1684271403119 4.9926805 142
1684271403182 5.07273 143
1684271403266 5.1528363 144
1684271403335 5.2328997 145
1684271403398 5.31285 146
1684271403467 5.392649 147
1684271403536 5.4722996 148
1684271403599 5.5518413 149
1684271403668 5.6313496 150
1684271403737 5.710925 151
1684271403806 5.7906837 152
1684271403968 5.870743 153
1684271404069 5.9512086 154
1684271404122 6.0321627 155
1684271404200 6.113659 156
1684271404269 6.1957135 157
1684271404339 6.278309 158
1684271404401 6.361391 159
1684271404470 6.444879 160
1684271404523 6.5286694 161
1684271404602 6.612649 162
1684271404655 6.6966987 163
1684271404724 6.780711 164
1684271404787 6.864596 165
1684271404856 6.948291 166
1684271404925 7.031765 167
1684271404987 7.115024 168
1684271405056 7.1981087 169
1684271405125 7.281086 170
1684271405188 7.3640423 171
1684271405257 7.4470754 172
1684271405326 7.53028 173
1684271405388 7.613735 174
1684271405457 7.6975007 175
1684271405542 7.781608 176
1684271405611 7.8660607 177
1684271405674 7.9508286 178
1684271405743 8.03586 179
1684271405812 8.121084 180
1684271405874 8.206414 181
1684271405943 8.291767 182
1684271406012 8.377064 183
1684271406075 8.462239 184
1684271406144 8.547256 185
1684271406213 8.632099 186
1684271406276 8.716782 187
1684271406345 8.801342 188
1684271406407 8.8858385 189
1684271406461 8.970339 190
1684271406530 9.054913 191
1684271406608 9.139626 192
1684271406677 9.224525 193
1684271406730 9.309643 194
1684271406808 9.394982 195
1684271406862 9.480529 196
1684271406931 9.566246 197
1684271406993 9.65208 198
1684271407062 9.73797 199
1684271407131 9.823858 200
1684271407194 9.909685 201
1684271407263 9.995415 202
1684271407332 10.081022 203
1684271407394 10.16651 204
1684271407463 10.251893 205
1684271407517 10.337215 206
1684271407579 10.422523 207
1684271407648 10.507871 208
1684271407717 10.593311 209
1684271407780 10.678887 210
1684271407849 10.764625 211
1684271407918 10.850533 212
1684271407981 10.936599 213
1684271408050 11.022795 214
1684271408119 11.1090765 215
1684271408181 11.195396 216
1684271408250 11.281701 217
1684271408319 11.367947 218
1684271408382 11.4541 219
1684271408451 11.540144 220
1684271408513 11.626083 221
1684271408582 11.711937 222
1684271408651 11.797743 223
1684271408714 11.883547 224
1684271408783 11.969397 225
1684271408852 12.055338 226
1684271408915 12.141407 227
1684271408984 12.227621 228
1684271409037 12.313985 229
1684271409115 12.400481 230
1684271409169 12.48708 231
1684271409238 12.573738 232
1684271409316 12.660409 233
1684271409400 12.747048 234
1684271409469 12.833619 235
1684271409539 12.920094 236
1684271409601 13.006467 237
1684271409670 13.092751 238
1684271409739 13.17897 239
1684271409802 13.265164 240
1684271409871 13.351378 241
1684271409924 13.437655 242
1684271410002 13.5240345 243
1684271410056 13.6105385 244
1684271410125 13.697177 245
1684271410187 13.783942 246
1684271410256 13.870813 247
1684271410325 13.957749 248
1684271410388 14.044712 249
1684271410457 14.131659 250
