1684271715674 10.56455 1
1684271715775 10.87229 2
1684271715859 11.792299 3
1684271715913 13.185226 4
1684271715991 14.961805 5
1684271716060 16.860117 6
1684271716129 18.438896 7
1684271716207 19.329533 8
1684271716276 19.351276 9
1684271716345 18.520887 10
1684271716430 16.973515 11
1684271716492 14.956037 12
1684271716561 12.813342 13
1684271716628 10.803156 14
1684271716698 9.064675 15
1684271716762 6.6193113 16
1684271716831 4.4632564 17
1684271716893 2.8766513 18
1684271716962 1.9194005 19
1684271717031 1.5079246 20
1684271717110 1.4732265 21
1684271717163 1.637704 22
1684271717232 1.854261 23
1684271717294 2.0247147 24
1684271717364 2.0984542 25
1684271717433 2.0628626 26
1684271717511 1.9306052 27
1684271717580 1.731445 28
1684271717649 1.4959624 29
1684271717711 1.2382493 30
1684271717765 0.9799552 31
1684271717834 0.74611604 32
1684271717896 0.55769837 33
1684271717965 0.42491263 34
1684271718034 0.34536126 35
1684271718097 0.30700338 36
1684271718166 0.2929698 37
1684271718235 0.28656268 38
1684271718297 0.2753301 39
1684271718366 0.2533729 40
1684271718435 0.22147769 41
1684271718520 0.18536013 42
1684271718582 0.15279965 43
1684271718652 0.13068281 44
1684271718721 0.12284556 45
1684271718783 0.12921014 46
1684271718852 0.14621961 47
1684271718921 0.16820994 48
1684271718984 0.189142 49
1684271719053 0.20410709 50
1684271719115 0.21024463 51
1684271719184 0.20698549 52
1684271719238 0.19573148 53
1684271719316 0.1791742 54
1684271719369 0.16047668 55
1684271719438 0.14252453 56
1684271719501 0.12739724 57
1684271719570 0.11613464 58
1684271719639 0.108792916 59
1684271719701 0.10471958 60
1684271719770 0.10292627 61
1684271719839 0.1024469 62
1684271719902 0.10257909 63
1684271719955 0.10297273 64
1684271720024 0.103577554 65
1684271720087 0.10450855 66
1684271720156 0.10589279 67
1684271720225 0.107761115 68
1684271720287 0.110003024 69
1684271720356 0.11238676 70
1684271720425 0.11462024 71
1684271720488 0.11642657 72
1684271720557 0.11760244 73
1684271720626 0.11805177 74
1684271720688 0.11778656 75
1684271720758 0.116907075 76
1684271720827 0.11556685 77
1684271720905 0.11393905 78
1684271720958 0.11218828 79
1684271721027 0.110452265 80
1684271721090 0.10883391 81
1684271721159 0.10740022 82
1684271721228 0.10618827 83
1684271721290 0.105210364 84
1684271721359 0.104462 85
1684271721428 0.10392581 86
1684271721491 0.10357423 87
1684271721560 0.103373036 88
1684271721629 0.10328171 89
1684271721707 0.10325733 90
1684271721776 0.10325679 91
1684271721845 0.10324082 92
1684271721908 0.10317941 93
1684271721961 0.10305172 94
1684271722030 0.1028505 95
1684271722108 0.102578774 96
1684271722162 0.10224824 97
1684271722231 0.10187739 98
1684271722309 0.10148625 99
1684271722378 0.10109419 100
1684271722447 0.10071762 101
1684271722509 0.10036926 102
1684271722578 0.10005793 103
1684271722632 0.0997884 104
1684271722710 0.09956306 105
1684271722763 0.09938194 106
1684271722832 0.09924318 107
1684271722895 0.09914234 108
1684271722964 0.09907372 109
1684271723033 0.099028826 110
1684271723095 0.098998636 111
1684271723164 0.09897241 112
1684271723233 0.0989414 113
1684271723296 0.09889725 114
1684271723365 0.098835155 115
1684271723427 0.098753065 116
1684271723481 0.09865259 117
1684271723550 0.09853786 118
1684271723628 0.09841463 119
1684271723681 0.09828977 120
1684271723750 0.09816937 121
1684271723813 0.09805885 122
1684271723882 0.097961605 123
1684271723951 0.0978798 124
1684271724013 0.09781353 125
1684271724082 0.09776193 126
1684271724152 0.09772302 127
1684271724214 0.09769356 128
1684271724283 0.09767063 129
1684271724352 0.09765044 130
1684271724415 0.09762888 131
1684271724484 0.09760326 132
1684271724553 0.09757058 133
1684271724615 0.09752907 134
1684271724684 0.097477764 135
1684271724738 0.097417 136
1684271724816 0.09734818 137
1684271724885 0.09727371 138
1684271724954 0.09719618 139
1684271725016 0.09711839 140
1684271725085 0.09704329 141
1684271725154 0.09697309 142
1684271725217 0.096909925 143
1684271725286 0.09685448 144
1684271725339 0.09680751 145
1684271725417 0.09676899 146
1684271725486 0.09673822 147
1684271725540 0.09671444 148
1684271725787 0.09669621 149
1684271725856 0.09668255 150
1684271725957 0.09667148 151
1684271726019 0.09666197 152
1684271726088 0.09665251 153
1684271726157 0.096642256 154
1684271726220 0.09663026 155
1684271726289 0.09661585 156
1684271726358 0.096599236 157
1684271726436 0.096579775 158
1684271726505 0.096558645 159
1684271726574 0.09653588 160
1684271726643 0.09651217 161
1684271726721 0.09648846 162
1684271726790 0.09646487 163
1684271726859 0.096442 164
1684271726922 0.09642038 165
1684271726991 0.096400216 166
1684271727060 0.09638117 167
1684271727122 0.09636386 168
1684271727191 0.096347556 169
1684271727245 0.096332565 170
1684271727323 0.09631847 171
1684271727392 0.09630495 172
1684271727445 0.09629215 173
1684271727523 0.09627955 174
1684271727577 0.09626749 175
1684271727646 0.096255615 176
1684271727708 0.09624374 177
1684271727777 0.09623213 178
1684271727846 0.096220955 179
1684271727909 0.09621009 180
1684271727978 0.09619968 181
1684271728047 0.09618971 182
1684271728110 0.09618066 183
1684271728179 0.09617205 184
1684271728248 0.09616387 185
1684271728310 0.09615666 186
1684271728379 0.09614962 187
1684271728448 0.096143275 188
1684271728511 0.0961373 189
1684271728580 0.09613168 190
1684271728649 0.096126616 191
1684271728711 0.096121445 192
1684271728780 0.09611654 193
1684271728849 0.096111774 194
1684271728912 0.09610717 195
1684271728981 0.09610221 196
1684271729043 0.09609756 197
1684271729112 0.09609233 198
1684271729166 0.09608716 199
1684271729244 0.096081495 200
1684271729297 0.09607524 201
1684271729366 0.09606837 202
1684271729429 0.096061036 203
1684271729513 0.09605311 204
1684271729567 0.09604441 205
1684271729645 0.09603515 206
1684271729714 0.09602521 207
1684271729783 0.09601475 208
1684271729846 0.096003994 209
1684271729899 0.09599313 210
1684271729968 0.09598242 211
1684271730046 0.09597191 212
1684271730100 0.09596193 213
1684271730169 0.09595288 214
1684271730231 0.09594463 215
1684271730300 0.0959377 216
1684271730369 0.09593204 217
1684271730432 0.095927685 218
1684271730501 0.09592444 219
1684271730570 0.095922366 220
1684271730632 0.09592168 221
1684271730701 0.095921546 222
1684271730770 0.095922425 223
1684271730833 0.095923886 224
1684271730902 0.09592554 225
1684271730955 0.095927715 226
1684271731149 0.09592967 227
1684271731234 0.095931575 228
1684271731287 0.09593353 229
1684271731356 0.095935345 230
1684271731434 0.09593712 231
1684271731503 0.09593879 232
1684271731572 0.09594081 233
1684271731635 0.09594312 234
1684271731704 0.095945835 235
1684271731773 0.09594914 236
1684271731836 0.09595305 237
1684271731905 0.09595759 238
1684271731974 0.09596296 239
1684271732036 0.09596905 240
1684271732105 0.0959757 241
1684271732159 0.09598297 242
1684271732237 0.09599058 243
1684271732290 0.09599845 244
1684271732359 0.09600636 245
1684271732437 0.09601425 246
1684271732506 0.09602176 247
1684271732560 0.09602906 248
1684271732638 0.096035525 249
1684271732707 0.09604165 250
