1684274424667 10.515144 1
1684274424752 11.437797 2
1684274424814 13.009057 3
1684274424883 15.209403 4
1684274424968 17.833221 5
1684274425030 20.567577 6
1684274425099 23.099483 7
1684274425168 25.136866 8
1684274425231 26.461575 9
1684274425316 27.199331 10
1684274425369 27.468637 11
1684274425454 27.324015 12
1684274425516 26.814697 13
1684274425585 26.010159 14
1684274425654 25.000319 15
1684274425732 23.884333 16
1684274425801 22.753971 17
1684274425870 21.679775 18
1684274425933 20.704845 19
1684274426002 19.845554 20
1684274426071 19.094631 21
1684274426149 18.42372 22
1684274426218 17.790945 23
1684274426287 17.158413 24
1684274426356 16.508474 25
1684274426419 15.852337 26
1684274426488 15.222462 27
1684274426557 14.647351 28
1684274426619 14.141841 29
1684274426704 13.706536 30
1684274426773 13.329733 31
1684274426851 12.98899 32
1684274426920 12.650629 33
1684274426989 12.276348 34
1684274427074 11.84659 35
1684274427136 11.368395 36
1684274427205 10.861783 37
1684274427274 10.3425665 38
1684274427337 9.818049 39
1684274427406 9.291592 40
1684274427475 8.767921 41
1684274427537 8.255044 42
1684274427606 7.7624655 43
1684274427675 7.2966547 44
1684274427738 6.858766 45
1684274427807 6.446725 46
1684274427876 6.057689 47
1684274427938 5.686348 48
1684274428007 5.3264513 49
1684274428076 4.9767356 50
1684274428139 4.6424026 51
1684274428208 4.331594 52
1684274428277 4.0535727 53
1684274428340 3.8178358 54
1684274428409 3.6261845 55
1684274428478 3.4754739 56
1684274428556 3.3607457 57
1684274428625 3.2766004 58
1684274428694 3.2176306 59
1684274428756 3.1782062 60
1684274428810 3.1528904 61
1684274428879 3.1375444 62
1684274428941 3.1291695 63
1684274429010 3.1255426 64
1684274429079 3.1254709 65
1684274429142 3.1283703 66
1684274429211 3.1339054 67
1684274429280 3.1418157 68
1684274429342 3.1518679 69
1684274429411 3.1640038 70
1684274429480 3.1782875 71
1684274429543 3.194656 72
1684274429612 3.2128627 73
1684274429681 3.2324862 74
1684274429759 3.2529416 75
1684274429812 3.2735157 76
1684274429881 3.2934685 77
1684274429960 3.312119 78
1684274430013 3.3287416 79
1684274430082 3.3423586 80
1684274430144 3.3516562 81
1684274430214 3.3550813 82
1684274430283 3.3510742 83
1684274430345 3.3383167 84
1684274430414 3.3159237 85
1684274430483 3.2835412 86
1684274430546 3.2413554 87
1684274430615 3.1900525 88
1684274430684 3.1307762 89
1684274430746 3.0650883 90
1684274430815 2.9949474 91
1684274430884 2.9226236 92
1684274430962 2.8505344 93
1684274431031 2.7810154 94
1684274431085 2.716098 95
1684274431163 2.6573524 96
1684274431232 2.6058161 97
1684274431301 2.5620058 98
1684274431363 2.525983 99
1684274431432 2.4974422 100
1684274431486 2.4758043 101
1684274431564 2.4602978 102
1684274431633 2.4500253 103
1684274431686 2.4440086 104
1684274431765 2.4412231 105
1684274432003 2.4406214 106
1684274432103 2.4411526 107
1684274432172 2.4417853 108
1684274432234 2.4415324 109
1684274432303 2.4394865 110
1684274432419 2.4348578 111
1684274432488 2.4270167 112
1684274432551 2.415526 113
1684274432620 2.4001627 114
1684274432689 2.3809202 115
1684274432751 2.3579879 116
1684274432820 2.3317096 117
1684274432889 2.302532 118
1684274432947 2.2709398 119
1684274433021 2.2373955 120
1684274433090 2.2022808 121
1684274433152 2.1658506 122
1684274433221 2.128199 123
1684274433290 2.0892348 124
1684274433353 2.0486722 125
1684274433422 2.00603 126
1684274433491 1.9606442 127
1684274433553 1.9116912 128
1684274433638 1.8582319 129
1684274433707 1.7992803 130
1684274433776 1.733913 131
1684274433839 1.6614271 132
1684274433908 1.5815642 133
1684274433977 1.4947848 134
1684274434039 1.402547 135
1684274434108 1.3074954 136
1684274434177 1.2134126 137
1684274434240 1.1248006 138
1684274434309 1.046051 139
1684274434378 0.9803379 140
1684274434440 0.9285835 141
1684274434509 0.88907504 142
1684274434572 0.85815644 143
1684274434641 0.83163714 144
1684274434710 0.8061458 145
1684274434779 0.77994347 146
1684274434841 0.75307953 147
1684274434910 0.72699463 148
1684274434979 0.70376855 149
1684274435057 0.68525845 150
1684274435127 0.6723761 151
1684274435196 0.664711 152
1684274435258 0.6606546 153
1684274435327 0.6579827 154
1684274435380 0.6545992 155
1684274435459 0.6490735 156
1684274435512 0.64083034 157
1684274435581 0.63004863 158
1684274435644 0.6174179 159
1684274435713 0.60386556 160
1684274435782 0.59032303 161
1684274435860 0.57755333 162
1684274435929 0.5660579 163
1684274435982 0.55606794 164
1684274436060 0.5476112 165
1684274436114 0.54061186 166
1684274436183 0.53497773 167
1684274436261 0.53064036 168
1684274436330 0.5275428 169
1684274436383 0.52559537 170
1684274436461 0.52463007 171
1684274436530 0.52438205 172
1684274436584 0.52451456 173
1684274436662 0.52468777 174
1684274436715 0.5246453 175
1684274436784 0.52428544 176
1684274436863 0.52368325 177
1684274436932 0.5230511 178
1684274437001 0.52265066 179
1684274437063 0.52268404 180
1684274437132 0.52321017 181
1684274437201 0.52411443 182
1684274437264 0.5251495 183
1684274437333 0.52602345 184
1684274437402 0.5265021 185
1684274437464 0.52648234 186
1684274437533 0.52601105 187
1684274437602 0.5252489 188
1684274437665 0.5244024 189
1684274437734 0.5236492 190
1684274437803 0.5230906 191
1684274437865 0.5227431 192
1684274437934 0.52256525 193
1684274437988 0.5225038 194
1684274438066 0.5225309 195
1684274438135 0.5226584 196
1684274438188 0.5229218 197
1684274438266 0.5233473 198
1684274438335 0.52391773 199
1684274438389 0.52455795 200
1684274438467 0.52514887 201
1684274438520 0.5255629 202
1684274438621 0.525707 203
1684274438690 0.5255548 204
1684274438752 0.5251534 205
1684274438837 0.5246028 206
1684274438906 0.5240207 207
1684274438968 0.52350616 208
1684274439037 0.52311665 209
1684274439107 0.52286625 210
1684274439169 0.5227418 211
1684274439238 0.522725 212
1684274439307 0.52280957 213
1684274439370 0.52300406 214
1684274439439 0.5233197 215
1684274439492 0.5237526 216
1684274439570 0.5242688 217
1684274439639 0.5248002 218
1684274439708 0.52525914 219
1684274439771 0.525562 220
1684274439840 0.5256535 221
1684274439909 0.5255239 222
1684274439971 0.5252106 223
1684274440040 0.52478313 224
1684274440109 0.5243232 225
1684274440172 0.52390105 226
1684274440241 0.5235653 227
1684274440310 0.5233377 228
1684274440372 0.52322394 229
1684274440441 0.5232221 230
1684274440510 0.52333057 231
1684274440573 0.5235472 232
1684274440642 0.52386487 233
1684274440695 0.5242611 234
1684274440773 0.52469397 235
1684274440842 0.52510524 236
1684274440896 0.5254322 237
1684274440974 0.5256216 238
1684274441027 0.52564526 239
1684274441096 0.5255076 240
1684274441159 0.5252422 241
1684274441228 0.5249021 242
1684274441297 0.52454644 243
1684274441359 0.52422523 244
1684274441428 0.5239742 245
1684274441497 0.5238137 246
1684274441560 0.52375233 247
1684274441629 0.523792 248
1684274441698 0.52393025 249
1684274441760 0.5241586 250
