1683758770018 55.801495 1
1683758770089 51.02322 2
1683758770154 31.393204 3
1683758770220 21.311283 4
1683758770288 14.209902 5
1683758770353 11.453772 6
1683758770418 10.468026 7
1683758770485 8.57946 8
1683758770551 8.932399 9
1683758770618 9.220011 10
1683758770685 8.87779 11
1683758770751 8.784749 12
1683758770820 8.7965145 13
1683758770886 8.670336 14
1683758770954 8.23091 15
1683758771021 8.2416 16
1683758771089 8.255672 17
1683758771154 8.298751 18
1683758771219 8.352808 19
1683758771287 8.301844 20
1683758771353 8.32266 21
1683758771419 8.294964 22
1683758771484 8.304806 23
1683758771550 8.29129 24
1683758771614 8.296413 25
1683758771679 8.288964 26
1683758771746 8.291581 27
1683758771814 8.289767 28
1683758771879 8.291159 29
1683758771946 8.291504 30
1683758772009 8.292565 31
1683758772074 8.293444 32
1683758772138 8.294369 33
1683758772202 8.295257 34
1683758772268 8.296103 35
1683758772336 8.296902 36
1683758772400 8.297641 37
1683758772466 8.298317 38
1683758772531 8.298936 39
1683758772595 8.299505 40
1683758772667 8.30003 41
1683758772744 8.300512 42
1683758772823 8.300961 43
1683758772897 8.301369 44
1683758772970 8.301742 45
1683758773049 8.302074 46
1683758773124 8.302368 47
1683758773202 8.302619 48
1683758773274 8.302827 49
1683758773339 8.302991 50
1683758773405 8.303114 51
1683758773470 8.303198 52
1683758773537 8.303245 53
1683758773602 8.303259 54
1683758773670 8.303243 55
1683758773734 8.303204 56
1683758773803 8.303144 57
1683758773868 8.30307 58
1683758773935 8.302986 59
1683758774000 8.302894 60
1683758774077 8.302797 61
1683758774152 8.302702 62
1683758774223 8.302607 63
1683758774287 8.302515 64
1683758774354 8.302427 65
1683758774417 8.302347 66
1683758774481 8.302272 67
1683758774545 8.302202 68
1683758774613 8.30214 69
1683758774678 8.302086 70
1683758774742 8.302036 71
1683758774807 8.301992 72
1683758774873 8.301954 73
1683758774938 8.301922 74
1683758775003 8.301895 75
1683758775068 8.301872 76
1683758775133 8.301849 77
1683758775198 8.301833 78
1683758775262 8.301817 79
1683758775328 8.301806 80
1683758775393 8.301794 81
1683758775461 8.301786 82
1683758775527 8.301779 83
1683758775595 8.301773 84
1683758775659 8.301767 85
1683758775724 8.301762 86
1683758775789 8.301758 87
1683758775854 8.301755 88
1683758775920 8.301753 89
1683758775988 8.301749 90
1683758776053 8.301747 91
1683758776120 8.301745 92
1683758776184 8.301744 93
1683758776248 8.301742 94
1683758776312 8.301742 95
1683758776379 8.301738 96
1683758776446 8.301737 97
1683758776514 8.301735 98
1683758776589 8.301735 99
1683758776655 8.301733 100
1683758776720 8.301733 101
1683758776782 8.301731 102
1683758776848 8.301731 103
1683758776913 8.301729 104
1683758776977 8.301729 105
1683758777042 8.301727 106
1683758777107 8.301727 107
1683758777170 8.301726 108
1683758777234 8.301727 109
1683758777298 8.301726 110
1683758777363 8.301725 111
1683758777427 8.301724 112
1683758777493 8.301724 113
1683758777558 8.301724 114
1683758777624 8.301725 115
1683758777687 8.301724 116
1683758777753 8.301725 117
1683758777817 8.3017235 118
1683758777995 8.3017235 119
1683758778060 8.3017235 120
1683758778125 8.301724 121
1683758778191 8.3017235 122
1683758778256 8.3017235 123
1683758778322 8.3017235 124
1683758778386 8.3017235 125
1683758778452 8.3017235 126
1683758778521 8.3017235 127
1683758778585 8.3017235 128
1683758778650 8.3017235 129
1683758778715 8.301723 130
1683758778784 8.3017235 131
1683758778849 8.301722 132
1683758778914 8.3017235 133
1683758778977 8.3017235 134
1683758779043 8.3017235 135
1683758779107 8.3017235 136
1683758779171 8.3017235 137
1683758779234 8.301723 138
1683758779339 8.301723 139
1683758779403 8.301723 140
1683758779470 8.3017235 141
1683758779536 8.3017235 142
1683758779600 8.3017235 143
1683758779665 8.3017235 144
1683758779730 8.3017235 145
1683758779797 8.3017235 146
1683758779862 8.3017235 147
1683758779928 8.301722 148
1683758779993 8.3017235 149
1683758780059 8.3017235 150
1683758780163 8.3017235 151
1683758780227 8.3017235 152
1683758780293 8.3017235 153
1683758780358 8.3017235 154
1683758780423 8.3017235 155
1683758780487 8.3017235 156
1683758780553 8.3017235 157
1683758780618 8.3017235 158
1683758780685 8.3017235 159
1683758780749 8.3017235 160
1683758780816 8.3017235 161
1683758780881 8.3017235 162
1683758780948 8.3017235 163
1683758781014 8.3017235 164
1683758781078 8.3017235 165
1683758781142 8.3017235 166
1683758781206 8.3017235 167
1683758781270 8.3017235 168
1683758781335 8.3017235 169
1683758781400 8.3017235 170
1683758781465 8.3017235 171
1683758781530 8.3017235 172
1683758781595 8.3017235 173
1683758781662 8.301723 174
1683758781728 8.3017235 175
1683758781795 8.3017235 176
1683758781861 8.301723 177
1683758781927 8.3017235 178
1683758781994 8.301723 179
1683758782059 8.301723 180
1683758782124 8.301723 181
1683758782196 8.301723 182
1683758782265 8.301723 183
1683758782333 8.301723 184
1683758782398 8.301723 185
1683758782463 8.301723 186
1683758782528 8.301723 187
1683758782591 8.301723 188
1683758782655 8.3017235 189
1683758782719 8.3017235 190
1683758782783 8.3017235 191
1683758782847 8.3017235 192
1683758782913 8.3017235 193
1683758782977 8.3017235 194
1683758783042 8.3017235 195
1683758783107 8.3017235 196
1683758783172 8.3017235 197
1683758783236 8.3017235 198
1683758783301 8.3017235 199
1683758783369 8.3017235 200
1683758783434 8.3017235 201
1683758783504 8.3017235 202
1683758783568 8.3017235 203
1683758783632 8.3017235 204
1683758783695 8.3017235 205
1683758783761 8.3017235 206
1683758783829 8.3017235 207
1683758783893 8.3017235 208
1683758783957 8.3017235 209
1683758784022 8.3017235 210
1683758784088 8.3017235 211
1683758784153 8.3017235 212
1683758784218 8.3017235 213
1683758784283 8.3017235 214
1683758784347 8.3017235 215
1683758784413 8.3017235 216
1683758784479 8.3017235 217
1683758784545 8.3017235 218
1683758784608 8.3017235 219
1683758784673 8.3017235 220
1683758784923 8.3017235 221
1683758785067 8.3017235 222
1683758785132 8.3017235 223
1683758785201 8.3017235 224
1683758785268 8.3017235 225
1683758785334 8.3017235 226
1683758785398 8.3017235 227
1683758785463 8.3017235 228
1683758785528 8.3017235 229
1683758785593 8.3017235 230
1683758785658 8.3017235 231
1683758785723 8.3017235 232
1683758785788 8.3017235 233
1683758785852 8.3017235 234
1683758785917 8.3017235 235
1683758785983 8.3017235 236
1683758786047 8.3017235 237
1683758786111 8.3017235 238
1683758786176 8.3017235 239
1683758786240 8.301723 240
1683758786303 8.3017235 241
1683758786367 8.3017235 242
1683758786431 8.3017235 243
1683758786493 8.3017235 244
1683758786556 8.3017235 245
1683758786620 8.3017235 246
1683758786686 8.3017235 247
1683758786750 8.3017235 248
1683758786812 8.3017235 249
1683758786877 8.301723 250
