1683758890064 60.38336 1
1683758890133 60.38042 2
1683758890201 60.470238 3
1683758890270 60.291748 4
1683758890338 60.24227 5
1683758890404 58.647438 6
1683758890472 57.755898 7
1683758890538 56.400276 8
1683758890603 39.8139 9
1683758890669 23.022028 10
1683758890735 19.557354 11
1683758890804 14.311553 12
1683758890873 15.171579 13
1683758890939 13.090931 14
1683758891008 11.225901 15
1683758891075 10.447523 16
1683758891143 10.354084 17
1683758891208 10.195398 18
1683758891273 10.228044 19
1683758891342 10.142909 20
1683758891407 10.149499 21
1683758891476 10.140607 22
1683758891542 10.140734 23
1683758891609 10.139759 24
1683758891675 10.139553 25
1683758891742 10.139294 26
1683758891807 10.139107 27
1683758891873 10.1390085 28
1683758891938 10.138937 29
1683758892003 10.138886 30
1683758892067 10.138841 31
1683758892132 10.138798 32
1683758892197 10.138764 33
1683758892261 10.138742 34
1683758892325 10.138733 35
1683758892391 10.138734 36
1683758892455 10.138743 37
1683758892520 10.138761 38
1683758892585 10.138783 39
1683758892651 10.138811 40
1683758892715 10.138842 41
1683758892780 10.138872 42
1683758892847 10.138905 43
1683758892912 10.138937 44
1683758892976 10.1389675 45
1683758893040 10.138998 46
1683758893105 10.139027 47
1683758893170 10.139051 48
1683758893234 10.139074 49
1683758893299 10.139095 50
1683758893362 10.139114 51
1683758893427 10.13913 52
1683758893491 10.139143 53
1683758893557 10.139155 54
1683758893623 10.139164 55
1683758893691 10.139173 56
1683758893755 10.139179 57
1683758893821 10.139183 58
1683758893890 10.139187 59
1683758893952 10.139191 60
1683758894018 10.139193 61
1683758894082 10.139194 62
1683758894147 10.1391945 63
1683758894212 10.139195 64
1683758894276 10.139196 65
1683758894340 10.139196 66
1683758894406 10.139196 67
1683758894470 10.139195 68
1683758894534 10.139195 69
1683758894597 10.139195 70
1683758894661 10.1391945 71
1683758894725 10.1391945 72
1683758894788 10.1391945 73
1683758894854 10.139194 74
1683758894918 10.139193 75
1683758894982 10.139193 76
1683758895045 10.139193 77
1683758895110 10.139193 78
1683758895173 10.139192 79
1683758895236 10.139191 80
1683758895300 10.139191 81
1683758895364 10.13919 82
1683758895428 10.139191 83
1683758895490 10.13919 84
1683758895554 10.13919 85
1683758895618 10.139191 86
1683758895681 10.13919 87
1683758895745 10.13919 88
1683758895809 10.13919 89
1683758895874 10.139189 90
1683758895938 10.139189 91
1683758896013 10.139189 92
1683758896084 10.139189 93
1683758896150 10.139189 94
1683758896216 10.139189 95
1683758896279 10.139188 96
1683758896344 10.139189 97
1683758896411 10.139189 98
1683758896476 10.139189 99
1683758896541 10.139189 100
1683758896606 10.139189 101
1683758896672 10.139188 102
1683758896736 10.139188 103
1683758896801 10.139188 104
1683758896866 10.139188 105
1683758896931 10.139188 106
1683758896998 10.139189 107
1683758897063 10.139188 108
1683758897127 10.139188 109
1683758897198 10.139189 110
1683758897265 10.139188 111
1683758897328 10.139188 112
1683758897394 10.139188 113
1683758897457 10.139188 114
1683758897522 10.139188 115
1683758897586 10.139188 116
1683758897650 10.139188 117
1683758897713 10.139188 118
1683758897776 10.139188 119
1683758897840 10.139188 120
1683758897909 10.139188 121
1683758897973 10.139189 122
1683758898038 10.139188 123
1683758898102 10.139188 124
1683758898167 10.139188 125
1683758898232 10.139188 126
1683758898295 10.139188 127
1683758898359 10.139189 128
1683758898424 10.139188 129
1683758898488 10.139188 130
1683758898552 10.139188 131
1683758898616 10.139188 132
1683758898682 10.139188 133
1683758898747 10.139188 134
1683758898811 10.139188 135
1683758898878 10.139188 136
1683758898941 10.139188 137
1683758899005 10.139188 138
1683758899068 10.139188 139
1683758899132 10.139188 140
1683758899196 10.139188 141
1683758899260 10.139188 142
1683758899323 10.139188 143
1683758899388 10.139188 144
1683758899452 10.139188 145
1683758899517 10.139189 146
1683758899581 10.139188 147
1683758899644 10.139189 148
1683758899709 10.139188 149
1683758899773 10.139188 150
1683758899837 10.139189 151
1683758899903 10.139188 152
1683758899967 10.139189 153
1683758900030 10.139189 154
1683758900094 10.139188 155
1683758900159 10.139188 156
1683758900223 10.139188 157
1683758900287 10.139188 158
1683758900352 10.139189 159
1683758900417 10.139189 160
1683758900483 10.139188 161
1683758900547 10.139189 162
1683758900724 10.139189 163
1683758900795 10.139188 164
1683758900860 10.139188 165
1683758900924 10.139189 166
1683758900991 10.139189 167
1683758901055 10.139189 168
1683758901119 10.139188 169
1683758901183 10.139188 170
1683758901247 10.139189 171
1683758901311 10.139189 172
1683758901374 10.139188 173
1683758901437 10.139189 174
1683758901502 10.139188 175
1683758901566 10.139189 176
1683758901632 10.139188 177
1683758901697 10.139189 178
1683758901762 10.139188 179
1683758901825 10.139188 180
1683758901890 10.139188 181
1683758901953 10.139189 182
1683758902018 10.139188 183
1683758902082 10.139188 184
1683758902147 10.139189 185
1683758902212 10.139188 186
1683758902279 10.139188 187
1683758902342 10.139188 188
1683758902407 10.139188 189
1683758902474 10.139188 190
1683758902541 10.139188 191
1683758902604 10.139189 192
1683758902668 10.139188 193
1683758902732 10.139188 194
1683758902797 10.139189 195
1683758902863 10.139188 196
1683758902928 10.139189 197
1683758902996 10.139188 198
1683758903062 10.139188 199
1683758903126 10.139188 200
1683758903192 10.139188 201
1683758903257 10.139188 202
1683758903334 10.139189 203
1683758903398 10.139189 204
1683758903464 10.139188 205
1683758903529 10.139188 206
1683758903592 10.139189 207
1683758903655 10.139188 208
1683758903722 10.139189 209
1683758903833 10.139188 210
1683758903899 10.139189 211
1683758903963 10.139188 212
1683758904031 10.139189 213
1683758904095 10.139188 214
1683758904167 10.139189 215
1683758904240 10.139188 216
1683758904306 10.139189 217
1683758904369 10.139188 218
1683758904433 10.139188 219
1683758904498 10.139188 220
1683758904563 10.139188 221
1683758904626 10.139188 222
1683758904692 10.139188 223
1683758904758 10.139189 224
1683758904822 10.139188 225
1683758904888 10.139188 226
1683758904952 10.139189 227
1683758905020 10.139188 228
1683758905085 10.139188 229
1683758905150 10.139188 230
1683758905213 10.139188 231
1683758905278 10.139188 232
1683758905343 10.139188 233
1683758905409 10.139188 234
1683758905474 10.139188 235
1683758905540 10.139188 236
1683758905604 10.139188 237
1683758905668 10.139188 238
1683758905734 10.139188 239
1683758905797 10.139189 240
1683758905862 10.139188 241
1683758905925 10.139188 242
1683758905990 10.139188 243
1683758906053 10.139188 244
1683758906118 10.139188 245
1683758906184 10.139188 246
1683758906249 10.139188 247
1683758906315 10.139189 248
1683758906379 10.139188 249
1683758906445 10.139188 250
