1683757340550 46.37582778930664 1
1683757340674 41.50062615530832 2
1683757340745 36.82221385410854 3
1683757340812 31.73208713531494 4
1683757340878 30.119800567626953 5
1683757340943 28.003950391496932 6
1683757341007 25.95168740408761 7
1683757341077 24.960142816816056 8
1683757341142 20.98822511945452 9
1683757341209 19.05179991040911 10
1683757341276 15.849761145455497 11
1683757341341 14.134573255266462 12
1683757341411 13.245817048209053 13
1683757341476 13.139408247811454 14
1683757341544 12.704163006373815 15
1683757341610 12.729873520987374 16
1683757341675 12.652176039559501 17
1683757341741 12.074094091142927 18
1683757341805 10.566225188119072 19
1683757341869 10.254864828927177 20
1683757341937 9.40762710571289 21
1683757342002 9.137207576206752 22
1683757342068 9.085340227399554 23
1683757342133 9.055023738316127 24
1683757342197 8.996910912649971 25
1683757342262 9.00087560926165 26
1683757342330 9.012124470302037 27
1683757342395 9.024238177708217 28
1683757342459 9.025172369820732 29
1683757342523 9.0246855872018 30
1683757342588 9.02276883806501 31
1683757342652 9.021825926644462 32
1683757342719 9.022086552211217 33
1683757342789 9.023247855050224 34
1683757342863 9.025183541434151 35
1683757342930 9.02729334150042 36
1683757342995 9.02924646650042 37
1683757343059 9.030762263706752 38
1683757343123 9.031794548034668 39
1683757343187 9.032400812421526 40
1683757343254 9.03270435333252 41
1683757343317 9.032830238342285 42
1683757343383 9.032889093671526 43
1683757343450 9.032962662833077 44
1683757343515 9.033102035522461 45
1683757343581 9.033335958208356 46
1683757343645 9.033672060285296 47
1683757343712 9.034104892185756 48
1683757343775 9.034624099731445 49
1683757343839 9.035207203456334 50
1683757343903 9.035838535853795 51
1683757343968 9.036495208740234 52
1683757344033 9.037157467433385 53
1683757344096 9.037807873317174 54
1683757344160 9.038431440080915 55
1683757344224 9.039016587393624 56
1683757344289 9.03955350603376 57
1683757344353 9.040037155151367 58
1683757344419 9.04046562739781 59
1683757344484 9.040837287902832 60
1683757344551 9.041156905038017 61
1683757344614 9.041425841195244 62
1683757344678 9.041651862008232 63
1683757344742 9.041837964739118 64
1683757344806 9.041990143912178 65
1683757344869 9.042113167898995 66
1683757344936 9.042214393615723 67
1683757345000 9.042294910975865 68
1683757345064 9.04236330304827 69
1683757345130 9.042421204703194 70
1683757345195 9.04246997833252 71
1683757345259 9.042513029915947 72
1683757345324 9.04255063193185 73
1683757345387 9.042586326599121 74
1683757345453 9.042617525373187 75
1683757345516 9.042645590645927 76
1683757345637 9.042671748570033 77
1683757345811 9.042695317949567 78
1683757345937 9.042715617588588 79
1683757346003 9.042735780988421 80
1683757346070 9.042751720973424 81
1683757346135 9.042767524719238 82
1683757346200 9.042779786246163 83
1683757346265 9.042790004185267 84
1683757346329 9.04279831477574 85
1683757346394 9.042805671691895 86
1683757346459 9.042810303824288 87
1683757346524 9.042814527239118 88
1683757346590 9.04281643458775 89
1683757346655 9.042819159371513 90
1683757346718 9.042820385524205 91
1683757346782 9.042819159371513 92
1683757346847 9.042819704328265 93
1683757346913 9.042817933218819 94
1683757346979 9.042816843305316 95
1683757347043 9.042814799717494 96
1683757347107 9.042814663478307 97
1683757347173 9.042812483651298 98
1683757347238 9.042810985020228 99
1683757347301 9.042807579040527 100
1683757347364 9.04280594417027 101
1683757347428 9.042803764343262 102
1683757347493 9.04280172075544 103
1683757347558 9.042800085885185 104
1683757347622 9.04279967716762 105
1683757347687 9.042798723493304 106
1683757347752 9.04279885973249 107
1683757347816 9.042797906058174 108
1683757347897 9.042797224862236 109
1683757347963 9.042795726231166 110
1683757348027 9.042794227600098 111
1683757348091 9.042793001447405 112
1683757348154 9.042790412902832 113
1683757348218 9.042789459228516 114
1683757348282 9.042788096836635 115
1683757348348 9.042788233075823 116
1683757348413 9.042786734444755 117
1683757348477 9.042787551879883 118
1683757348542 9.04278632572719 119
1683757348606 9.042787006923131 120
1683757348671 9.042785508292061 121
1683757348737 9.042785235813685 122
1683757348802 9.042783464704241 123
1683757348867 9.042783737182617 124
1683757348933 9.042783192225865 125
1683757348997 9.042783737182617 126
1683757349061 9.0427827835083 127
1683757349125 9.042783055986677 128
1683757349194 9.042782511029925 129
1683757349259 9.042782374790736 130
1683757349323 9.042781966073173 131
1683757349388 9.04278142111642 132
1683757349455 9.042781012398857 133
1683757349519 9.042780194963727 134
1683757349583 9.042778968811035 135
1683757349648 9.042778968811035 136
1683757349712 9.042778151375908 137
1683757349776 9.042778287615095 138
1683757349840 9.042778151375908 139
1683757349904 9.042778151375908 140
1683757349969 9.042778832571846 141
1683757350034 9.04277869633266 142
1683757350099 9.042778968811035 143
1683757350164 9.042778832571846 144
1683757350229 9.042778832571846 145
1683757350294 9.042778968811035 146
1683757350360 9.042778287615095 147
1683757350425 9.042779513767787 148
1683757350491 9.042779241289411 149
1683757350558 9.042779105050224 150
1683757350623 9.042779105050224 151
1683757350689 9.042779241289411 152
1683757350755 9.042778968811035 153
1683757350821 9.042778968811035 154
1683757350887 9.042778423854283 155
1683757350967 9.042779105050224 156
1683757351037 9.042778832571846 157
1683757351106 9.042778968811035 158
1683757351309 9.042778423854283 159
1683757351379 9.042778832571846 160
1683757351447 9.042778287615095 161
1683757351512 9.042778287615095 162
1683757351577 9.042778151375908 163
1683757351643 9.042779105050224 164
1683757351707 9.042778423854283 165
1683757351772 9.042779650006976 166
1683757351836 9.042779105050224 167
1683757351901 9.042779786246163 168
1683757352094 9.042779241289411 169
1683757352195 9.0427793775286 170
1683757352260 9.0427793775286 171
1683757352324 9.042779513767787 172
1683757352389 9.042778968811035 173
1683757352456 9.0427793775286 174
1683757352520 9.04277856009347 175
1683757352584 9.042779241289411 176
1683757352649 9.042778423854283 177
1683757352714 9.042778832571846 178
1683757352778 9.042778151375908 179
1683757352843 9.04277869633266 180
1683757352907 9.042778423854283 181
1683757352972 9.0427793775286 182
1683757353037 9.042778968811035 183
1683757353102 9.042778968811035 184
1683757353168 9.042778287615095 185
1683757353234 9.04277869633266 186
1683757353299 9.042777742658343 187
1683757353364 9.042778015136719 188
1683757353429 9.04277787889753 189
1683757353494 9.042778151375908 190
1683757353559 9.042777742658343 191
1683757353624 9.042778151375908 192
1683757353687 9.04277856009347 193
1683757353751 9.04277856009347 194
1683757353814 9.04277856009347 195
1683757353879 9.04277869633266 196
1683757353943 9.042778151375908 197
1683757354008 9.042778832571846 198
1683757354072 9.042778287615095 199
1683757354137 9.042779105050224 200
1683757354201 9.042779241289411 201
1683757354266 9.042780331202916 202
1683757354331 9.04278005872454 203
1683757354395 9.042780194963727 204
1683757354461 9.042780331202916 205
1683757354524 9.042780467442103 206
1683757354587 9.04278005872454 207
1683757354653 9.042781012398857 208
1683757354718 9.04278073992048 209
1683757354782 9.042780876159668 210
1683757354846 9.04278073992048 211
1683757354909 9.04278073992048 212
1683757354975 9.042780603681292 213
1683757355040 9.042780603681292 214
1683757355106 9.042781284877233 215
1683757355170 9.042780603681292 216
1683757355234 9.042779922485352 217
1683757355302 9.042779650006976 218
1683757355367 9.042779513767787 219
1683757355432 9.04278005872454 220
1683757355497 9.042779786246163 221
1683757355562 9.042779786246163 222
1683757355626 9.042779241289411 223
1683757355690 9.042780194963727 224
1683757355754 9.0427793775286 225
1683757355821 9.042779786246163 226
1683757355886 9.042779513767787 227
1683757355950 9.0427793775286 228
1683757356018 9.042779241289411 229
1683757356087 9.042779650006976 230
1683757356153 9.042779650006976 231
1683757356218 9.042779513767787 232
1683757356283 9.042779650006976 233
1683757356347 9.042779650006976 234
1683757356412 9.0427793775286 235
1683757356479 9.042780467442103 236
1683757356544 9.042779513767787 237
1683757356608 9.042779241289411 238
1683757356673 9.042779650006976 239
1683757356738 9.0427793775286 240
1683757356804 9.042779786246163 241
1683757356867 9.042779922485352 242
1683757356933 9.042779105050224 243
1683757356997 9.042779241289411 244
1683757357062 9.042779105050224 245
1683757357127 9.042778968811035 246
1683757357192 9.042778968811035 247
1683757357257 9.042778968811035 248
1683757357322 9.042778968811035 249
1683757357387 9.042779105050224 250
