1683759933365 54.87424622409752 1
1683759933439 52.066181855714824 2
1683759933507 45.12524737136892 3
1683759933777 32.509664542262804 4
1683759933964 24.94081939566681 5
1683759934073 22.43013192542829 6
1683759934184 20.20944244624878 7
1683759934291 19.801211642969047 8
1683759934374 13.789890232656902 9
1683759934440 12.971600588575498 10
1683759934505 12.744887561368323 11
1683759934569 12.828377094265202 12
1683759934633 10.813214562264479 13
1683759934701 10.267639052870807 14
1683759934765 10.174150846866821 15
1683759934827 9.855828559170421 16
1683759934890 9.834845667524755 17
1683759934955 9.77650195175068 18
1683759935019 9.808082800300493 19
1683759935085 9.854093889335346 20
1683759935149 9.920883011104625 21
1683759935215 9.941174618469569 22
1683759935281 9.93599464041671 23
1683759935345 9.908391331570574 24
1683759935414 9.912960790178794 25
1683759935478 9.897336331581899 26
1683759935545 9.878487013458644 27
1683759935609 9.842294869305976 28
1683759935671 9.805990028905043 29
1683759935734 9.770639295040414 30
1683759935798 9.746137329788981 31
1683759935862 9.736716443489371 32
1683759935927 9.738136584511055 33
1683759935993 9.743671122890438 34
1683759936058 9.749540618874754 35
1683759936122 9.756463443264842 36
1683759936187 9.76366139314321 37
1683759936252 9.770548841324294 38
1683759936315 9.776374734152022 39
1683759936379 9.780924892333722 40
1683759936444 9.78446453640128 41
1683759936507 9.787614534932725 42
1683759936569 9.790639530408773 43
1683759936647 9.793353145279655 44
1683759936717 9.795457607045751 45
1683759936782 9.796841573482377 46
1683759936845 9.79759881494045 47
1683759936907 9.797906790258853 48
1683759936972 9.797927353907713 49
1683759937036 9.797783547012456 50
1683759937100 9.797548522603254 51
1683759937165 9.79727943471864 52
1683759937232 9.797017460793718 53
1683759937296 9.796784605877344 54
1683759937361 9.796603198953155 55
1683759937426 9.796484241869555 56
1683759937493 9.796429490958971 57
1683759937554 9.796437674200899 58
1683759937618 9.796502531832699 59
1683759937683 9.796617088838392 60
1683759937747 9.796771477497106 61
1683759937812 9.796951857509985 62
1683759937874 9.797155729116117 63
1683759937939 9.797368266032912 64
1683759938005 9.797578922479287 65
1683759938068 9.79778086314269 66
1683759938132 9.797971302421772 67
1683759938195 9.798146422475874 68
1683759938260 9.798302831206025 69
1683759938324 9.798434078819673 70
1683759938389 9.798548469251983 71
1683759938453 9.798637715252438 72
1683759938518 9.798707244156843 73
1683759938582 9.798760816093234 74
1683759938645 9.798796632774295 75
1683759938709 9.798822064981257 76
1683759938773 9.798830810124862 77
1683759938837 9.798833710845406 78
1683759938901 9.798828571142675 79
1683759938963 9.798819297097543 80
1683759939026 9.798809022051064 81
1683759939092 9.798794255172284 82
1683759939156 9.79877599400082 83
1683759939220 9.798759505201161 84
1683759939284 9.798740733928323 85
1683759939421 9.798723409502422 86
1683759939567 9.79870661316446 87
1683759939635 9.798689898371546 88
1683759939701 9.798674336877385 89
1683759939765 9.79866262594784 90
1683759939829 9.798652248609534 91
1683759939893 9.798645952350038 92
1683759939957 9.798637098348753 93
1683759940025 9.798632651449907 94
1683759940090 9.798628261704248 95
1683759940155 9.798625204542633 96
1683759940222 9.798623016136867 97
1683759940288 9.798619819893785 98
1683759940352 9.798620358802085 99
1683759940420 9.7986200604109 100
1683759940486 9.798622579168047 101
1683759940550 9.798625125635034 102
1683759940613 9.798630713905629 103
1683759940677 9.79863313565623 104
1683759940747 9.798638206677111 105
1683759940811 9.79863909487399 106
1683759940874 9.798645593428185 107
1683759940938 9.798647948834486 108
1683759941003 9.798652146654103 109
1683759941068 9.798656400451765 110
1683759941132 9.79865587679313 111
1683759941197 9.798659003590986 112
1683759941262 9.798659003590986 113
1683759941327 9.798661369547059 114
1683759941395 9.798661236948893 115
1683759941460 9.798660440667215 116
1683759941526 9.798662264119647 117
1683759941591 9.798662587392535 118
1683759941656 9.798664203758982 119
1683759941722 9.798666406520883 120
1683759941786 9.798669098556763 121
1683759941851 9.798672179741065 122
1683759941917 9.79867456670533 123
1683759941982 9.798677352190635 124
1683759942050 9.798678645308392 125
1683759942116 9.798678446052802 126
1683759942180 9.798676533937071 127
1683759942245 9.798674765961557 128
1683759942309 9.798671808788262 129
1683759942373 9.798671485511209 130
1683759942440 9.798670757885501 131
1683759942504 9.79867068737717 132
1683759942568 9.798668747720331 133
1683759942632 9.798669070996137 134
1683759942695 9.798669035603911 135
1683759942761 9.798669429664477 136
1683759942829 9.79866927025327 137
1683759942893 9.798669523020726 138
1683759942959 9.79866896509536 139
1683759943023 9.79866896509536 140
1683759943087 9.798668318543792 141
1683759943151 9.79866896509536 142
1683759943217 9.79866566550665 143
1683759943282 9.798665085794001 144
1683759943347 9.798663402587831 145
1683759943413 9.798664209328214 146
1683759943478 9.798663819218174 147
1683759943543 9.798664315229606 148
1683759943608 9.798664315229606 149
1683759943672 9.798663704074466 150
1683759943737 9.798664315229606 151
1683759943801 9.798664315229606 152
1683759943868 9.79866366868217 153
1683759943933 9.798665224895585 154
1683759943999 9.79866366868217 155
1683759944065 9.798665608326091 156
1683759944130 9.798665285051769 157
1683759944194 9.798666254875139 158
1683759944258 9.798666254875139 159
1683759944323 9.79866690142472 160
1683759944386 9.79866690142472 161
1683759944452 9.798665732342887 162
1683759944518 9.79866754797484 163
1683759944582 9.79866670216722 164
1683759944647 9.798666378892309 165
1683759944713 9.79866670216722 166
1683759944907 9.79866670216722 167
1683759945053 9.798667025442265 168
1683759945117 9.79866670216722 169
1683759945182 9.79866605561753 170
1683759945249 9.798664790080515 171
1683759945312 9.798665608326091 172
1683759945378 9.798665409068375 173
1683759945447 9.798665436629115 174
1683759945512 9.798665085794001 175
1683759945577 9.798665931600548 176
1683759945642 9.798664143532454 177
1683759945708 9.798665285051769 178
1683759945773 9.798664894941341 179
1683759945837 9.798664894941341 180
1683759945902 9.798664894941341 181
1683759945967 9.79866511335475 182
1683759946033 9.79866521821554 183
1683759946098 9.798665046518488 184
1683759946164 9.798664571667276 185
1683759946229 9.798664894941341 186
1683759946293 9.79866554148987 187
1683759946357 9.79866385932378 188
1683759946427 9.798664315229606 189
1683759946506 9.798665608326091 190
1683759946570 9.798663707747409 191
1683759946634 9.798666083178249 192
1683759946700 9.79866500084267 193
1683759946766 9.79866754797484 194
1683759946830 9.79866830042642 195
1683759946893 9.798668623701904 196
1683759946959 9.798667653875858 197
1683759947024 9.79866884107669 198
1683759947088 9.798668680884123 199
1683759947154 9.798671551306997 200
1683759947219 9.798669802291743 201
1683759947284 9.798671077490107 202
1683759947349 9.798670364100694 203
1683759947415 9.798670515680845 204
1683759947604 9.798670328708468 205
1683759947678 9.798671010653777 206
1683759947746 9.798670005432127 207
1683759947809 9.798671909976386 208
1683759947874 9.79867068737717 209
1683759947937 9.798671551306997 210
1683759948000 9.79867068737717 211
1683759948066 9.798672197861247 212
1683759948132 9.798670448844668 213
1683759948197 9.798671874584056 214
1683759948262 9.798670514640538 215
1683759948328 9.798669934923717 216
1683759948394 9.798670258200106 217
1683759948458 9.798670258200106 218
1683759948523 9.798669763227325 219
1683759948588 9.798672197861247 220
1683759948652 9.798670620541017 221
1683759948715 9.798672627038833 222
1683759948778 9.798672349442533 223
1683759948844 9.798672521138574 224
1683759948909 9.798671667495746 225
1683759948972 9.798672521138574 226
1683759949037 9.79866993859591 227
1683759949103 9.798670258200106 228
1683759949168 9.798666822301643 229
1683759949233 9.79866767199276 230
1683759949297 9.79866799526821 231
1683759949365 9.798667348717448 232
1683759949429 9.798667025442265 233
1683759949496 9.79866799526821 234
1683759949560 9.798667862636192 235
1683759949625 9.798670940145612 236
1683759949688 9.798670514640538 237
1683759949751 9.798672415238405 238
1683759949814 9.798671636051848 239
1683759949878 9.798673385071332 240
1683759949941 9.798672330281828 241
1683759950005 9.79867330011408 242
1683759950070 9.79867265355911 243
1683759950134 9.79867280514054 244
1683759950198 9.798672330281828 245
1683759950266 9.79867265355911 246
1683759950331 9.79867265355911 247
1683759950401 9.79867265355911 248
1683759950468 9.798672481863079 249
1683759950534 9.79867265355911 250
