1683756927157 58.716095 1
1683756927231 57.39884 2
1683756927297 40.086372 3
1683756927364 22.577526 4
1683756927430 22.269823 5
1683756927497 22.121637 6
1683756927562 17.679394 7
1683756927628 15.333293 8
1683756927696 11.227783 9
1683756927762 11.256311 10
1683756927828 11.333113 11
1683756927892 11.19393 12
1683756927962 11.156274 13
1683756928029 11.288192 14
1683756928104 10.921676 15
1683756928179 9.859107 16
1683756928248 9.637588 17
1683756928314 9.494387 18
1683756928379 9.451275 19
1683756928446 9.342579 20
1683756928516 9.272737 21
1683756928582 9.039337 22
1683756928648 9.0419235 23
1683756928715 8.489126 24
1683756928781 8.433024 25
1683756928847 8.433444 26
1683756928916 8.430484 27
1683756928983 8.417597 28
1683756929050 8.460218 29
1683756929115 8.357386 30
1683756929183 8.355148 31
1683756929250 8.382099 32
1683756929317 8.407665 33
1683756929383 8.429565 34
1683756929450 8.411551 35
1683756929517 8.398146 36
1683756929585 8.378529 37
1683756929651 8.360922 38
1683756929716 8.339833 39
1683756929780 8.319683 40
1683756929843 8.302246 41
1683756929907 8.289695 42
1683756929974 8.281424 43
1683756930039 8.276299 44
1683756930102 8.273124 45
1683756930167 8.271123 46
1683756930232 8.269853 47
1683756930296 8.269068 48
1683756930360 8.268639 49
1683756930428 8.268477 50
1683756930493 8.268524 51
1683756930558 8.268724 52
1683756930621 8.269025 53
1683756930685 8.269378 54
1683756930751 8.269746 55
1683756930815 8.270094 56
1683756930879 8.270399 57
1683756930945 8.270652 58
1683756931010 8.270845 59
1683756931075 8.270982 60
1683756931139 8.271067 61
1683756931205 8.271108 62
1683756931271 8.271116 63
1683756931336 8.271096 64
1683756931401 8.271061 65
1683756931469 8.271012 66
1683756931533 8.270962 67
1683756931598 8.270907 68
1683756931664 8.270857 69
1683756931728 8.27081 70
1683756931794 8.270766 71
1683756931857 8.270729 72
1683756931922 8.270697 73
1683756931988 8.27067 74
1683756932053 8.270645 75
1683756932119 8.270626 76
1683756932185 8.27061 77
1683756932251 8.270597 78
1683756932315 8.270587 79
1683756932379 8.270577 80
1683756932443 8.270571 81
1683756932510 8.270565 82
1683756932575 8.270561 83
1683756932640 8.270559 84
1683756932703 8.270557 85
1683756932770 8.2705555 86
1683756932835 8.2705555 87
1683756932900 8.270556 88
1683756932967 8.270557 89
1683756933033 8.270559 90
1683756933098 8.270563 91
1683756933164 8.270565 92
1683756933229 8.270569 93
1683756933295 8.270573 94
1683756933358 8.270576 95
1683756933489 8.270578 96
1683756933555 8.270583 97
1683756933621 8.270587 98
1683756933685 8.27059 99
1683756933751 8.270594 100
1683756933817 8.2705965 101
1683756933884 8.2706 102
1683756933950 8.270602 103
1683756934014 8.270605 104
1683756934080 8.270607 105
1683756934145 8.270611 106
1683756934210 8.270611 107
1683756934273 8.270611 108
1683756934339 8.270614 109
1683756934403 8.270615 110
1683756934467 8.270616 111
1683756934531 8.270616 112
1683756934597 8.2706175 113
1683756934662 8.2706175 114
1683756934727 8.270618 115
1683756934793 8.270619 116
1683756934858 8.27062 117
1683756934922 8.270619 118
1683756934989 8.27062 119
1683756935055 8.270619 120
1683756935120 8.27062 121
1683756935187 8.27062 122
1683756935253 8.27062 123
1683756935318 8.27062 124
1683756935388 8.27062 125
1683756935455 8.270621 126
1683756935521 8.27062 127
1683756935585 8.27062 128
1683756935651 8.270621 129
1683756935715 8.27062 130
1683756935779 8.27062 131
1683756935844 8.27062 132
1683756935908 8.27062 133
1683756935973 8.27062 134
1683756936038 8.270621 135
1683756936103 8.27062 136
1683756936168 8.27062 137
1683756936241 8.27062 138
1683756936311 8.27062 139
1683756936375 8.27062 140
1683756936443 8.27062 141
1683756936507 8.27062 142
1683756936572 8.27062 143
1683756936637 8.270621 144
1683756936701 8.27062 145
1683756936765 8.27062 146
1683756936833 8.27062 147
1683756936899 8.27062 148
1683756936962 8.27062 149
1683756937026 8.27062 150
1683756937089 8.27062 151
1683756937153 8.27062 152
1683756937219 8.27062 153
1683756937284 8.27062 154
1683756937349 8.27062 155
1683756937415 8.27062 156
1683756937479 8.27062 157
1683756937546 8.27062 158
1683756937610 8.27062 159
1683756937675 8.27062 160
1683756937740 8.27062 161
1683756937805 8.27062 162
1683756937870 8.27062 163
1683756937934 8.27062 164
1683756937999 8.270619 165
1683756938064 8.270619 166
1683756938128 8.270619 167
1683756938193 8.270621 168
1683756938259 8.270619 169
1683756938324 8.270619 170
1683756938390 8.270619 171
1683756938454 8.270619 172
1683756938518 8.270619 173
1683756938583 8.27062 174
1683756938647 8.27062 175
1683756938711 8.27062 176
1683756938776 8.27062 177
1683756938842 8.27062 178
1683756939074 8.27062 179
1683756939270 8.27062 180
1683756939345 8.27062 181
1683756939409 8.27062 182
1683756939474 8.27062 183
1683756939539 8.27062 184
1683756939604 8.27062 185
1683756939677 8.27062 186
1683756939742 8.27062 187
1683756939807 8.27062 188
1683756939872 8.27062 189
1683756939936 8.27062 190
1683756940002 8.27062 191
1683756940066 8.27062 192
1683756940132 8.27062 193
1683756940197 8.27062 194
1683756940262 8.27062 195
1683756940328 8.27062 196
1683756940393 8.27062 197
1683756940462 8.27062 198
1683756940529 8.27062 199
1683756940596 8.27062 200
1683756940661 8.27062 201
1683756940725 8.27062 202
1683756940790 8.27062 203
1683756940856 8.27062 204
1683756940921 8.27062 205
1683756940987 8.270619 206
1683756941052 8.270619 207
1683756941119 8.27062 208
1683756941184 8.27062 209
1683756941249 8.27062 210
1683756941314 8.27062 211
1683756941379 8.27062 212
1683756941443 8.27062 213
1683756941508 8.27062 214
1683756941574 8.27062 215
1683756941644 8.27062 216
1683756941709 8.27062 217
1683756941773 8.270619 218
1683756941838 8.27062 219
1683756941904 8.27062 220
1683756941969 8.270619 221
1683756942034 8.27062 222
1683756942098 8.270619 223
1683756942162 8.27062 224
1683756942226 8.270619 225
1683756942292 8.27062 226
1683756942360 8.270619 227
1683756942424 8.270619 228
1683756942487 8.270619 229
1683756942551 8.270619 230
1683756942616 8.27062 231
1683756942682 8.270619 232
1683756942746 8.27062 233
1683756942811 8.270619 234
1683756942878 8.27062 235
1683756942943 8.270619 236
1683756943010 8.27062 237
1683756943074 8.27062 238
1683756943140 8.27062 239
1683756943205 8.27062 240
1683756943270 8.27062 241
1683756943335 8.27062 242
1683756943401 8.27062 243
1683756943464 8.27062 244
1683756943529 8.27062 245
1683756943596 8.27062 246
1683756943660 8.27062 247
1683756943724 8.27062 248
1683756943789 8.27062 249
1683756943854 8.270619 250
