1683757455149 23.660126 1
1683757455240 23.109377 2
1683757455310 12.400394 3
1683757455376 12.866442 4
1683757455442 10.482224 5
1683757455510 9.218636 6
1683757455577 9.18387 7
1683757455641 9.14631 8
1683757455705 8.820539 9
1683757455770 8.817615 10
1683757455834 8.760149 11
1683757455899 8.770505 12
1683757455965 8.459421 13
1683757456032 8.383146 14
1683757456097 8.342663 15
1683757456163 8.355682 16
1683757456228 8.240603 17
1683757456300 8.174812 18
1683757456365 8.216187 19
1683757456430 8.246823 20
1683757456497 8.172129 21
1683757456562 8.171902 22
1683757456628 8.175365 23
1683757456696 8.177747 24
1683757456771 8.176373 25
1683757456837 8.175079 26
1683757456903 8.172287 27
1683757456968 8.174664 28
1683757457032 8.172101 29
1683757457095 8.174578 30
1683757457159 8.171459 31
1683757457223 8.175964 32
1683757457288 8.171769 33
1683757457351 8.169874 34
1683757457415 8.179943 35
1683757457478 8.172958 36
1683757457544 8.166905 37
1683757457610 8.176041 38
1683757457677 8.17527 39
1683757457739 8.172698 40
1683757457805 8.171163 41
1683757457869 8.173193 42
1683757457934 8.17351 43
1683757457999 8.173393 44
1683757458064 8.173261 45
1683757458130 8.173534 46
1683757458194 8.1736 47
1683757458260 8.173674 48
1683757458323 8.173666 49
1683757458387 8.173764 50
1683757458452 8.173765 51
1683757458519 8.173836 52
1683757458583 8.173801 53
1683757458649 8.173887 54
1683757458712 8.173811 55
1683757458777 8.173935 56
1683757458842 8.173769 57
1683757458908 8.17402 58
1683757458972 8.173653 59
1683757459037 8.174229 60
1683757459101 8.173357 61
1683757459167 8.174794 62
1683757459232 8.173001 63
1683757459298 8.175635 64
1683757459363 8.174177 65
1683757459428 8.173423 66
1683757459494 8.1762495 67
1683757459559 8.173067 68
1683757459625 8.173314 69
1683757459689 8.17925 70
1683757459754 8.173326 71
1683757459817 8.173052 72
1683757459882 8.172516 73
1683757459947 8.184607 74
1683757460013 8.176992 75
1683757460078 8.165038 76
1683757460144 8.177394 77
1683757460209 8.178144 78
1683757460273 8.181985 79
1683757460336 8.172293 80
1683757460404 8.172633 81
1683757460467 8.168513 82
1683757460532 8.1894655 83
1683757460598 8.191122 84
1683757460661 8.164825 85
1683757460727 8.167245 86
1683757460792 8.180189 87
1683757460858 8.16974 88
1683757460921 8.17941 89
1683757460988 8.17707 90
1683757461053 8.169172 91
1683757461118 8.173715 92
1683757461183 8.180226 93
1683757461247 8.174781 94
1683757461316 8.1728525 95
1683757461380 8.174136 96
1683757461444 8.173894 97
1683757461508 8.173776 98
1683757461575 8.1735 99
1683757461641 8.173639 100
1683757461705 8.173908 101
1683757461769 8.173981 102
1683757461833 8.174004 103
1683757461896 8.174174 104
1683757461960 8.174278 105
1683757462026 8.174185 106
1683757462091 8.174044 107
1683757462156 8.173975 108
1683757462219 8.173959 109
1683757462283 8.173943 110
1683757462348 8.173914 111
1683757462412 8.173883 112
1683757462476 8.173857 113
1683757462540 8.173832 114
1683757462604 8.173808 115
1683757462668 8.173789 116
1683757462731 8.173776 117
1683757462797 8.173768 118
1683757462861 8.173765 119
1683757462925 8.173769 120
1683757462991 8.173775 121
1683757463058 8.173783 122
1683757463122 8.173794 123
1683757463186 8.173802 124
1683757463251 8.173813 125
1683757463316 8.17382 126
1683757463380 8.173825 127
1683757463445 8.173832 128
1683757463509 8.173834 129
1683757463575 8.173837 130
1683757463640 8.173838 131
1683757463707 8.173838 132
1683757463774 8.17384 133
1683757463838 8.173839 134
1683757463902 8.173837 135
1683757463968 8.173836 136
1683757464034 8.173835 137
1683757464099 8.173834 138
1683757464164 8.173832 139
1683757464229 8.17383 140
1683757464296 8.173829 141
1683757464363 8.173828 142
1683757464429 8.173828 143
1683757464495 8.173827 144
1683757464561 8.173826 145
1683757464625 8.173824 146
1683757464690 8.173824 147
1683757464756 8.173824 148
1683757464829 8.173824 149
1683757464904 8.173823 150
1683757464971 8.173823 151
1683757465038 8.173822 152
1683757465107 8.173823 153
1683757465175 8.173823 154
1683757465240 8.173822 155
1683757465305 8.173823 156
1683757465371 8.173824 157
1683757465437 8.173822 158
1683757465502 8.173822 159
1683757465568 8.173822 160
1683757465635 8.173823 161
1683757465702 8.173822 162
1683757465767 8.173824 163
1683757465832 8.173824 164
1683757465898 8.173823 165
1683757465963 8.173824 166
1683757466028 8.173823 167
1683757466093 8.173824 168
1683757466160 8.173824 169
1683757466224 8.173824 170
1683757466291 8.173824 171
1683757466358 8.173824 172
1683757466424 8.173824 173
1683757466489 8.173823 174
1683757466554 8.173824 175
1683757466619 8.173824 176
1683757466685 8.173824 177
1683757466753 8.173824 178
1683757466820 8.173824 179
1683757466885 8.173824 180
1683757466950 8.173824 181
1683757467014 8.173824 182
1683757467081 8.173824 183
1683757467146 8.173824 184
1683757467212 8.173824 185
1683757467278 8.173824 186
1683757467343 8.173824 187
1683757467408 8.173824 188
1683757467473 8.173824 189
1683757467537 8.173824 190
1683757467604 8.173824 191
1683757467669 8.173824 192
1683757467733 8.173824 193
1683757467800 8.173824 194
1683757467865 8.173824 195
1683757467929 8.173824 196
1683757467994 8.173824 197
1683757468059 8.173824 198
1683757468124 8.173824 199
1683757468188 8.173824 200
1683757468254 8.173823 201
1683757468319 8.173824 202
1683757468384 8.173824 203
1683757468448 8.173824 204
1683757468514 8.173824 205
1683757468578 8.173824 206
1683757468643 8.173824 207
1683757468708 8.173824 208
1683757468777 8.173824 209
1683757468842 8.173824 210
1683757468906 8.173824 211
1683757468971 8.173824 212
1683757469036 8.173824 213
1683757469102 8.173824 214
1683757469354 8.173824 215
1683757469494 8.173824 216
1683757469571 8.173824 217
1683757469644 8.173824 218
1683757469710 8.173824 219
1683757469776 8.173824 220
1683757469842 8.173824 221
1683757469907 8.173824 222
1683757469973 8.173824 223
1683757470036 8.173824 224
1683757470101 8.173824 225
1683757470165 8.173824 226
1683757470229 8.173824 227
1683757470293 8.173824 228
1683757470359 8.173824 229
1683757470423 8.173824 230
1683757470488 8.173824 231
1683757470618 8.173824 232
1683757470685 8.173824 233
1683757470749 8.173824 234
1683757470814 8.173824 235
1683757470876 8.173824 236
1683757470943 8.173824 237
1683757471008 8.173824 238
1683757471072 8.173824 239
1683757471136 8.173824 240
1683757471201 8.173824 241
1683757471265 8.173824 242
1683757471333 8.173824 243
1683757471397 8.173824 244
1683757471463 8.173824 245
1683757471527 8.173824 246
1683757471593 8.173824 247
1683757471658 8.173824 248
1683757471723 8.173824 249
1683757471788 8.173824 250
