1683757300415 58.82620144471729 1
1683757300494 46.887847122509235 2
1683757300561 33.11575199566243 3
1683757300628 23.21646753456357 4
1683757300695 20.24134146588819 5
1683757300761 20.088360531503056 6
1683757300827 16.401124432943377 7
1683757300895 14.3477870198581 8
1683757300964 12.74350158367714 9
1683757301039 12.073265233437192 10
1683757301108 10.698613929554938 11
1683757301174 10.17188749493548 12
1683757301240 10.092074005104678 13
1683757301305 10.107801111943374 14
1683757301372 10.202114486507739 15
1683757301440 10.163879967230871 16
1683757301508 9.953941165164236 17
1683757301577 10.019946448170238 18
1683757301643 9.823558867568586 19
1683757301710 9.912217290492816 20
1683757301777 9.829376881821414 21
1683757301844 9.898207756362714 22
1683757301912 9.889651700430367 23
1683757301979 9.925793104925607 24
1683757302044 9.911373376997567 25
1683757302111 9.900986348009129 26
1683757302187 9.86351153155347 27
1683757302259 9.82401094627783 28
1683757302325 9.780721747871125 29
1683757302390 9.745268082932357 30
1683757302454 9.720139901888464 31
1683757302520 9.706960999014484 32
1683757302584 9.70381407389308 33
1683757302651 9.70800108800374 34
1683757302715 9.716817041844136 35
1683757302781 9.72817014251179 36
1683757302849 9.740638165292541 37
1683757302914 9.75331083423104 38
1683757302980 9.765614230944788 39
1683757303043 9.777153084442798 40
1683757303109 9.78763113234329 41
1683757303176 9.796819095791118 42
1683757303242 9.804558614935441 43
1683757303307 9.810762008173848 44
1683757303374 9.815419036943643 45
1683757303439 9.81860564323906 46
1683757303507 9.82045199367211 47
1683757303572 9.821141154729009 48
1683757303639 9.820877062077402 49
1683757303706 9.819872466039275 50
1683757303772 9.818317517056705 51
1683757303836 9.816381362450427 52
1683757303901 9.814216591809462 53
1683757303966 9.811926490415875 54
1683757304032 9.809608127350273 55
1683757304097 9.807322459892427 56
1683757304161 9.805115870226603 57
1683757304227 9.803018359482309 58
1683757304291 9.801046442041944 59
1683757304356 9.799213998035272 60
1683757304422 9.79751702617026 61
1683757304487 9.795955235041856 62
1683757304551 9.794527497974006 63
1683757304614 9.79322294900342 64
1683757304678 9.792034949685132 65
1683757304743 9.79095495383147 66
1683757304807 9.789976422341288 67
1683757304871 9.78909086271858 68
1683757304934 9.78829517110109 69
1683757304997 9.7875776861774 70
1683757305061 9.786938319435826 71
1683757305124 9.786361644719637 72
1683757305188 9.78585554656429 73
1683757305252 9.78540366487904 74
1683757305317 9.785008177617712 75
1683757305381 9.784663573200563 76
1683757305446 9.784361961336401 77
1683757305509 9.78410565796824 78
1683757305576 9.783883524047118 79
1683757305641 9.7836958266417 80
1683757305704 9.78353538880336 81
1683757305770 9.783403697593755 82
1683757305833 9.783288029103085 83
1683757305897 9.783191374384732 84
1683757305964 9.783109884331644 85
1683757306034 9.783043915262201 86
1683757306098 9.782986191930199 87
1683757306163 9.782936939946167 88
1683757306231 9.782895917223318 89
1683757306297 9.782856048855438 90
1683757306362 9.782824681833375 91
1683757306428 9.782792673807096 92
1683757306492 9.782768444254547 93
1683757306555 9.782740218571549 94
1683757306618 9.782720090135298 95
1683757306683 9.782699330007135 96
1683757306748 9.782682154251836 97
1683757306812 9.782665339380378 98
1683757306883 9.782653875835189 99
1683757307042 9.782641063205478 100
1683757307192 9.782631517834327 101
1683757307257 9.782620929277641 102
1683757307321 9.782613408050878 103
1683757307388 9.782608905830564 104
1683757307455 9.782602001868073 105
1683757307520 9.78260102157749 106
1683757307584 9.782595285287309 107
1683757307648 9.782594767735855 108
1683757307713 9.78259216771726 109
1683757307777 9.782590761168217 110
1683757307844 9.782586707817263 111
1683757307912 9.782581011323863 112
1683757307976 9.782579254688049 113
1683757308040 9.782576655902206 114
1683757308105 9.78257823814692 115
1683757308169 9.782575429703487 116
1683757308234 9.782574941071791 117
1683757308298 9.782574159093858 118
1683757308365 9.782574353486321 119
1683757308430 9.782577200211382 120
1683757308495 9.782577142074866 121
1683757308559 9.782579800538263 122
1683757308623 9.782580414248734 123
1683757308688 9.782583841052276 124
1683757308752 9.782584233227368 125
1683757308815 9.782586657539705 126
1683757308880 9.782588859572709 127
1683757308944 9.78259065356489 128
1683757309008 9.782588859572709 129
1683757309073 9.782585821545721 130
1683757309137 9.78258281716169 131
1683757309205 9.782583380626306 132
1683757309268 9.782582798791713 133
1683757309333 9.782582976574727 134
1683757309397 9.782583186234772 135
1683757309463 9.782582993183281 136
1683757309527 9.782582798791713 137
1683757309592 9.782582976574727 138
1683757309657 9.782581825525732 139
1683757309723 9.782583636123862 140
1683757309787 9.782584233227368 141
1683757309853 9.782584831670636 142
1683757309918 9.782586674148499 143
1683757309981 9.782587841806391 144
1683757310046 9.782586851930805 145
1683757310111 9.782587484013579 146
1683757310175 9.782586674148499 147
1683757310240 9.78258746564429 148
1683757310313 9.782587272591819 149
1683757310386 9.782586043826559 150
1683757310451 9.782586062196122 151
1683757310515 9.782585866044109 152
1683757310578 9.782586060435298 153
1683757310643 9.782586027217967 154
1683757310707 9.782584233227368 155
1683757310771 9.782586300341881 156
1683757310834 9.782581239702928 157
1683757310899 9.782581661381608 158
1683757310962 9.78257944098323 159
1683757311028 9.782580215869029 160
1683757311098 9.782581251580266 161
1683757311162 9.782583448281116 162
1683757311227 9.782583481498147 163
1683757311290 9.782585485149148 164
1683757311354 9.782585275488401 165
1683757311419 9.782583675889624 166
1683757311482 9.782583448281116 167
1683757311546 9.782583659281052 168
1683757311609 9.782583633562174 169
1683757311673 9.782585275488401 170
1683757311737 9.782584262456327 171
1683757311801 9.782586697305616 172
1683757311865 9.782586891696699 173
1683757311930 9.782586697305616 174
1683757311994 9.782587073467768 175
1683757312060 9.782586862468005 176
1683757312124 9.782587266520242 177
1683757312188 9.782587266520242 178
1683757312252 9.782587249911638 179
1683757312316 9.782587117966663 180
1683757312380 9.782587295748923 181
1683757312635 9.782587505410227 182
1683757312759 9.782587084749265 183
1683757312827 9.782587312357677 184
1683757312892 9.782587084749265 185
1683757312958 9.782586713914366 186
1683757313025 9.782587653963914 187
1683757313092 9.782585292097052 188
1683757313157 9.78258587259268 189
1683757313223 9.782585905809956 190
1683757313289 9.782585485149148 191
1683757313356 9.782585057939958 192
1683757313423 9.782586100201122 193
1683757313487 9.782585924179498 194
1683757313554 9.782583841795976 195
1683757313619 9.782586879076733 196
1683757313683 9.782581434094725 197
1683757313748 9.782583244370665 198
1683757313815 9.782582867786267 199
1683757313878 9.78258265678614 200
1683757313943 9.782583842813796 201
1683757314008 9.782583516476706 202
1683757314073 9.782583464889559 203
1683757314136 9.782583642672627 204
1683757314202 9.78258263362893 205
1683757314267 9.782584693653783 206
1683757314335 9.782582600411889 207
1683757314400 9.782582828020526 208
1683757314465 9.78258319885512 209
1683757314530 9.782582651998865 210
1683757314634 9.782582600411889 211
1683757314699 9.782582617020337 212
1683757314765 9.782583636123862 213
1683757314830 9.782582651998865 214
1683757314897 9.7825840633328 215
1683757314961 9.78258269176472 216
1683757315024 9.782583675889624 217
1683757315089 9.782580795885828 218
1683757315155 9.78258321546357 219
1683757315219 9.782583267050724 220
1683757315283 9.78258263362893 221
1683757315350 9.782583408515245 222
1683757315416 9.782582828020526 223
1683757315481 9.78258201991743 224
1683757315547 9.782581808917177 225
1683757315612 9.782581860504399 226
1683757315678 9.782581043141903 227
1683757315743 9.78258401270809 228
1683757315809 9.782584205338257 229
1683757315873 9.78258442761878 230
1683757315937 9.78258404017562 231
1683757316005 9.782583845784176 232
1683757316074 9.782583829175522 233
1683757316138 9.782583654493704 234
1683757316202 9.782582828020526 235
1683757316267 9.782582851177734 236
1683757316332 9.78258147961016 237
1683757316397 9.782582304321728 238
1683757316462 9.782581505737244 239
1683757316527 9.782583499868057 240
1683757316592 9.78258411491992 241
1683757316657 9.782583887311294 242
1683757316722 9.782584307971632 243
1683757316785 9.782584483993219 244
1683757316850 9.78258445077614 245
1683757316917 9.782583425123732 246
1683757316981 9.782585656383242 247
1683757317047 9.782583408515245 248
1683757317112 9.78258442761878 249
1683757317176 9.782585940788266 250
