1683759056250 58.60301 1
1683759056322 58.09026 2
1683759056389 57.26773 3
1683759056454 55.49466 4
1683759056520 55.094315 5
1683759056585 55.001415 6
1683759056651 50.72972 7
1683759056717 49.342785 8
1683759056783 35.560135 9
1683759056850 34.114777 10
1683759056916 24.828524 11
1683759056981 18.49814 12
1683759057050 12.090353 13
1683759057118 11.158596 14
1683759057185 9.906853 15
1683759057251 8.819122 16
1683759057316 8.194194 17
1683759057381 8.069498 18
1683759057446 8.374545 19
1683759057513 8.769009 20
1683759057578 9.253643 21
1683759057642 9.806868 22
1683759057707 10.418497 23
1683759057772 11.065672 24
1683759057838 11.743385 25
1683759057903 12.466816 26
1683759057971 13.207855 27
1683759058035 13.996498 28
1683759058099 14.771977 29
1683759058163 15.608958 30
1683759058227 16.385782 31
1683759058292 17.275959 32
1683759058357 17.978535 33
1683759058423 18.936508 34
1683759058487 19.155718 35
1683759058554 19.975176 36
1683759058631 20.15347 37
1683759058703 21.109783 38
1683759058767 20.5888 39
1683759058833 18.68163 40
1683759058897 18.424755 41
1683759058965 17.25549 42
1683759059033 15.482811 43
1683759059098 15.573224 44
1683759059162 13.57433 45
1683759059228 11.07552 46
1683759059292 10.060535 47
1683759059356 8.856998 48
1683759059421 8.535824 49
1683759059485 8.506154 50
1683759059550 8.586944 51
1683759059615 8.691645 52
1683759059679 8.770348 53
1683759059744 8.824627 54
1683759059809 8.871639 55
1683759059873 8.928129 56
1683759059939 9.002128 57
1683759060004 9.093686 58
1683759060074 9.197075 59
1683759060139 9.30355 60
1683759060202 9.403824 61
1683759060267 9.489874 62
1683759060333 9.556083 63
1683759060397 9.599724 64
1683759060463 9.620861 65
1683759060527 9.621831 66
1683759060594 9.606539 67
1683759060659 9.579666 68
1683759060723 9.545898 69
1683759060790 9.509357 70
1683759060857 9.473313 71
1683759060922 9.439939 72
1683759060987 9.410528 73
1683759061053 9.385617 74
1683759061119 9.365205 75
1683759061185 9.349001 76
1683759061250 9.336557 77
1683759061315 9.327381 78
1683759061380 9.320951 79
1683759061445 9.316805 80
1683759061509 9.314489 81
1683759061574 9.313623 82
1683759061639 9.313839 83
1683759061705 9.314846 84
1683759061770 9.316364 85
1683759061835 9.318199 86
1683759061898 9.3201685 87
1683759061963 9.322145 88
1683759062027 9.324038 89
1683759062093 9.325777 90
1683759062157 9.327345 91
1683759062224 9.328719 92
1683759062290 9.329904 93
1683759062355 9.330902 94
1683759062421 9.33175 95
1683759062488 9.33244 96
1683759062554 9.333015 97
1683759062619 9.333475 98
1683759062685 9.333834 99
1683759062750 9.334112 100
1683759062961 9.334315 101
1683759063032 9.334454 102
1683759063097 9.33453 103
1683759063163 9.3345585 104
1683759063229 9.334543 105
1683759063296 9.33449 106
1683759063365 9.334396 107
1683759063428 9.334266 108
1683759063492 9.3341255 109
1683759063557 9.333954 110
1683759063621 9.333771 111
1683759063686 9.333572 112
1683759063752 9.333368 113
1683759063816 9.333166 114
1683759063881 9.332961 115
1683759063946 9.3327675 116
1683759064014 9.332579 117
1683759064078 9.3324 118
1683759064143 9.332241 119
1683759064208 9.332089 120
1683759064275 9.331955 121
1683759064341 9.331833 122
1683759064407 9.331733 123
1683759064472 9.33164 124
1683759064537 9.331565 125
1683759064603 9.331493 126
1683759064668 9.331443 127
1683759064733 9.331392 128
1683759064798 9.331354 129
1683759064862 9.331319 130
1683759064928 9.331293 131
1683759064992 9.33127 132
1683759065056 9.331261 133
1683759065121 9.331249 134
1683759065186 9.331243 135
1683759065253 9.331233 136
1683759065316 9.331234 137
1683759065383 9.33123 138
1683759065450 9.331232 139
1683759065516 9.331232 140
1683759065581 9.33123 141
1683759065646 9.331233 142
1683759065712 9.331236 143
1683759065776 9.331236 144
1683759065841 9.331236 145
1683759065904 9.331238 146
1683759065972 9.331232 147
1683759066037 9.331233 148
1683759066102 9.331233 149
1683759066167 9.33123 150
1683759066234 9.331226 151
1683759066297 9.331227 152
1683759066362 9.331224 153
1683759066428 9.331223 154
1683759066492 9.331225 155
1683759066556 9.331226 156
1683759066619 9.331226 157
1683759066685 9.331226 158
1683759066760 9.331223 159
1683759066828 9.331222 160
1683759066894 9.331223 161
1683759066959 9.331221 162
1683759067023 9.33122 163
1683759067087 9.331219 164
1683759067151 9.331222 165
1683759067218 9.331221 166
1683759067284 9.331213 167
1683759067349 9.331211 168
1683759067413 9.331211 169
1683759067477 9.331211 170
1683759067543 9.331211 171
1683759067608 9.331209 172
1683759067672 9.33121 173
1683759067737 9.331209 174
1683759067802 9.331211 175
1683759067866 9.33121 176
1683759067929 9.331208 177
1683759067993 9.331209 178
1683759068058 9.331212 179
1683759068123 9.331211 180
1683759068188 9.331213 181
1683759068253 9.331212 182
1683759068317 9.331211 183
1683759068382 9.331213 184
1683759068448 9.331213 185
1683759068513 9.33121 186
1683759068579 9.331211 187
1683759068645 9.331209 188
1683759068710 9.33121 189
1683759068773 9.331209 190
1683759068837 9.33121 191
1683759068901 9.331207 192
1683759068966 9.331207 193
1683759069033 9.331211 194
1683759069098 9.331207 195
1683759069163 9.33121 196
1683759069229 9.33121 197
1683759069294 9.33121 198
1683759069358 9.331203 199
1683759069422 9.331203 200
1683759069487 9.331203 201
1683759069552 9.3312025 202
1683759069662 9.3312025 203
1683759069729 9.331205 204
1683759069794 9.331204 205
1683759069860 9.331204 206
1683759069926 9.331203 207
1683759069994 9.331203 208
1683759070060 9.331203 209
1683759070123 9.331203 210
1683759070190 9.331203 211
1683759070254 9.3312025 212
1683759070318 9.331207 213
1683759070381 9.331205 214
1683759070448 9.331207 215
1683759070515 9.331207 216
1683759070580 9.331209 217
1683759070646 9.331206 218
1683759070712 9.33121 219
1683759070780 9.331207 220
1683759070845 9.331209 221
1683759070909 9.331209 222
1683759070976 9.331207 223
1683759071040 9.331207 224
1683759071105 9.331211 225
1683759071171 9.331206 226
1683759071236 9.331209 227
1683759071302 9.331203 228
1683759071367 9.331204 229
1683759071433 9.331204 230
1683759071498 9.331203 231
1683759071565 9.331205 232
1683759071629 9.331205 233
1683759071694 9.331206 234
1683759071759 9.331205 235
1683759071824 9.331207 236
1683759071888 9.331209 237
1683759071953 9.331204 238
1683759072017 9.331204 239
1683759072081 9.331203 240
1683759072144 9.331207 241
1683759072209 9.331207 242
1683759072273 9.331206 243
1683759072340 9.331206 244
1683759072404 9.331205 245
1683759072468 9.331206 246
1683759072532 9.331211 247
1683759072597 9.331204 248
1683759072662 9.331207 249
1683759072728 9.331206 250
