1683758648450 49.132683 1
1683758648523 46.925095 2
1683758648589 46.050644 3
1683758648655 45.72756 4
1683758648723 42.959812 5
1683758648787 41.395462 6
1683758648854 41.661053 7
1683758648918 42.0586 8
1683758648985 41.52573 9
1683758649049 37.6585 10
1683758649115 37.428886 11
1683758649180 35.52951 12
1683758649245 35.19917 13
1683758649311 33.552204 14
1683758649376 33.092484 15
1683758649441 28.572876 16
1683758649506 25.724642 17
1683758649570 25.161083 18
1683758649635 20.831722 19
1683758649701 20.298477 20
1683758649766 17.449348 21
1683758649830 12.37766 22
1683758649895 10.643752 23
1683758649963 11.213571 24
1683758650027 11.423566 25
1683758650091 11.520883 26
1683758650158 11.59347 27
1683758650223 11.677416 28
1683758650288 11.26968 29
1683758650355 11.213043 30
1683758650421 10.698025 31
1683758650485 10.4992 32
1683758650550 9.459347 33
1683758650615 9.383731 34
1683758650679 9.371829 35
1683758650744 9.375486 36
1683758650808 9.372262 37
1683758650872 9.378189 38
1683758650938 9.384514 39
1683758651002 9.390442 40
1683758651068 9.39468 41
1683758651135 9.397791 42
1683758651200 9.400143 43
1683758651266 9.402064 44
1683758651330 9.403767 45
1683758651397 9.405332 46
1683758651462 9.406744 47
1683758651527 9.407933 48
1683758651592 9.408836 49
1683758651657 9.409426 50
1683758651722 9.409717 51
1683758651786 9.4097595 52
1683758651852 9.4096155 53
1683758651917 9.409355 54
1683758651985 9.409037 55
1683758652061 9.408702 56
1683758652129 9.408388 57
1683758652196 9.40811 58
1683758652260 9.407877 59
1683758652324 9.407696 60
1683758652390 9.407558 61
1683758652454 9.407463 62
1683758652522 9.4074 63
1683758652588 9.407362 64
1683758652654 9.407341 65
1683758652719 9.407329 66
1683758652784 9.40732 67
1683758652849 9.407312 68
1683758652915 9.407301 69
1683758652982 9.407284 70
1683758653048 9.407261 71
1683758653114 9.40723 72
1683758653178 9.407195 73
1683758653242 9.407154 74
1683758653311 9.407112 75
1683758653377 9.407067 76
1683758653443 9.407021 77
1683758653508 9.406975 78
1683758653573 9.40693 79
1683758653637 9.406885 80
1683758653705 9.406845 81
1683758653769 9.406805 82
1683758653835 9.406769 83
1683758653902 9.406734 84
1683758653965 9.406704 85
1683758654029 9.406675 86
1683758654092 9.406651 87
1683758654156 9.406627 88
1683758654221 9.406605 89
1683758654288 9.406586 90
1683758654353 9.406568 91
1683758654417 9.40655 92
1683758654479 9.406535 93
1683758654543 9.406523 94
1683758654609 9.406509 95
1683758654676 9.406498 96
1683758654744 9.406487 97
1683758654809 9.406479 98
1683758654873 9.406471 99
1683758654938 9.406464 100
1683758655003 9.406456 101
1683758655070 9.406449 102
1683758655134 9.4064455 103
1683758655201 9.406441 104
1683758655268 9.406438 105
1683758655333 9.406434 106
1683758655397 9.406429 107
1683758655463 9.406427 108
1683758655527 9.406425 109
1683758655592 9.406424 110
1683758655657 9.406422 111
1683758655723 9.406421 112
1683758655788 9.40642 113
1683758655854 9.406417 114
1683758655921 9.406416 115
1683758655987 9.406416 116
1683758656052 9.406416 117
1683758656120 9.406416 118
1683758656192 9.406416 119
1683758656259 9.406414 120
1683758656324 9.406414 121
1683758656389 9.406414 122
1683758656455 9.406414 123
1683758656520 9.406412 124
1683758656590 9.406412 125
1683758656655 9.406412 126
1683758656720 9.406412 127
1683758656786 9.406412 128
1683758656853 9.406412 129
1683758656918 9.406412 130
1683758656982 9.406412 131
1683758657047 9.406412 132
1683758657111 9.406412 133
1683758657178 9.406412 134
1683758657244 9.406412 135
1683758657310 9.406412 136
1683758657376 9.406412 137
1683758657440 9.406412 138
1683758657506 9.406412 139
1683758657573 9.406412 140
1683758657639 9.406412 141
1683758657703 9.406412 142
1683758657768 9.406412 143
1683758657833 9.406412 144
1683758657900 9.406412 145
1683758657966 9.406412 146
1683758658031 9.406413 147
1683758658097 9.406412 148
1683758658162 9.406412 149
1683758658227 9.406412 150
1683758658293 9.406411 151
1683758658361 9.406411 152
1683758658426 9.406412 153
1683758658492 9.406411 154
1683758658558 9.406412 155
1683758658622 9.406412 156
1683758658687 9.406412 157
1683758658752 9.406412 158
1683758658819 9.406412 159
1683758658886 9.406411 160
1683758658950 9.406412 161
1683758659016 9.406412 162
1683758659082 9.406412 163
1683758659147 9.406412 164
1683758659213 9.406412 165
1683758659395 9.406412 166
1683758659479 9.406412 167
1683758659565 9.406412 168
1683758659645 9.406412 169
1683758659712 9.406412 170
1683758659776 9.406412 171
1683758659842 9.406412 172
1683758659910 9.406412 173
1683758659974 9.406412 174
1683758660039 9.406412 175
1683758660103 9.406412 176
1683758660180 9.406412 177
1683758660251 9.406412 178
1683758660315 9.406412 179
1683758660381 9.406412 180
1683758660446 9.406412 181
1683758660511 9.406412 182
1683758660577 9.406413 183
1683758660641 9.406412 184
1683758660761 9.406412 185
1683758660834 9.406412 186
1683758660906 9.406413 187
1683758660973 9.406413 188
1683758661038 9.406413 189
1683758661104 9.406412 190
1683758661170 9.406412 191
1683758661235 9.406413 192
1683758661299 9.406412 193
1683758661364 9.406412 194
1683758661431 9.406412 195
1683758661497 9.406412 196
1683758661563 9.406412 197
1683758661628 9.406412 198
1683758661695 9.406412 199
1683758661759 9.406412 200
1683758661826 9.406413 201
1683758661890 9.406412 202
1683758661955 9.406412 203
1683758662022 9.406412 204
1683758662088 9.406412 205
1683758662154 9.406412 206
1683758662220 9.406413 207
1683758662284 9.406412 208
1683758662349 9.406413 209
1683758662414 9.406413 210
1683758662495 9.406413 211
1683758662560 9.406412 212
1683758662627 9.406413 213
1683758662693 9.406412 214
1683758662784 9.406412 215
1683758662850 9.406412 216
1683758662918 9.406412 217
1683758662984 9.406412 218
1683758663051 9.406413 219
1683758663115 9.406412 220
1683758663181 9.406412 221
1683758663245 9.406413 222
1683758663312 9.406413 223
1683758663377 9.406413 224
1683758663443 9.406413 225
1683758663508 9.406412 226
1683758663575 9.406413 227
1683758663639 9.406413 228
1683758663708 9.406413 229
1683758663773 9.406412 230
1683758663838 9.406412 231
1683758663903 9.406412 232
1683758663968 9.406413 233
1683758664035 9.406412 234
1683758664100 9.406413 235
1683758664164 9.406412 236
1683758664232 9.406412 237
1683758664297 9.406412 238
1683758664363 9.406412 239
1683758664428 9.406412 240
1683758664493 9.406412 241
1683758664558 9.406412 242
1683758664623 9.406412 243
1683758664689 9.406412 244
1683758664758 9.406412 245
1683758664823 9.406412 246
1683758664889 9.406412 247
1683758664954 9.406412 248
1683758665018 9.406412 249
1683758665082 9.406412 250
