1683760474501 29.197952 1
1683760474575 27.432894 2
1683760474640 24.277666 3
1683760474705 15.045549 4
1683760474772 12.169671 5
1683760474838 10.262379 6
1683760474905 9.620649 7
1683760474972 9.362358 8
1683760475039 9.083633 9
1683760475106 8.967466 10
1683760475172 9.129632 11
1683760475237 9.463879 12
1683760475309 9.614272 13
1683760475375 9.695188 14
1683760475441 10.119429 15
1683760475510 9.353186 16
1683760475577 9.05089 17
1683760475642 8.909183 18
1683760475707 8.879215 19
1683760475774 8.9168415 20
1683760475840 9.018574 21
1683760475904 9.223789 22
1683760475969 9.494759 23
1683760476035 9.65928 24
1683760476100 9.876155 25
1683760476168 9.888544 26
1683760476236 10.045408 27
1683760476302 10.023793 28
1683760476367 10.1480465 29
1683760476435 10.155334 30
1683760476499 10.240167 31
1683760476563 10.279797 32
1683760476627 10.34696 33
1683760476694 10.380419 34
1683760476758 10.394285 35
1683760476823 10.395313 36
1683760476889 10.394406 37
1683760476954 10.3929205 38
1683760477019 10.392683 39
1683760477085 10.394493 40
1683760477150 10.398424 41
1683760477214 10.4039345 42
1683760477278 10.410259 43
1683760477342 10.416652 44
1683760477407 10.422429 45
1683760477469 10.427084 46
1683760477531 10.430365 47
1683760477595 10.43231 48
1683760477661 10.433028 49
1683760477725 10.432537 50
1683760477788 10.4307785 51
1683760477981 10.42779 52
1683760478086 10.423683 53
1683760478150 10.418679 54
1683760478216 10.413008 55
1683760478281 10.406897 56
1683760478345 10.400554 57
1683760478410 10.39415 58
1683760478474 10.38783 59
1683760478537 10.381714 60
1683760478599 10.375914 61
1683760478663 10.370476 62
1683760478730 10.36545 63
1683760478794 10.360859 64
1683760478858 10.356714 65
1683760478923 10.353002 66
1683760478989 10.349703 67
1683760479053 10.346801 68
1683760479117 10.344254 69
1683760479182 10.342045 70
1683760479249 10.340121 71
1683760479313 10.338464 72
1683760479377 10.337039 73
1683760479439 10.335811 74
1683760479504 10.334757 75
1683760479569 10.333857 76
1683760479632 10.333082 77
1683760479697 10.332419 78
1683760479763 10.331847 79
1683760479827 10.331349 80
1683760479892 10.330919 81
1683760479956 10.330542 82
1683760480020 10.330217 83
1683760480083 10.329945 84
1683760480147 10.329696 85
1683760480210 10.329485 86
1683760480275 10.329298 87
1683760480338 10.329124 88
1683760480402 10.3289795 89
1683760480470 10.32884 90
1683760480535 10.328732 91
1683760480600 10.328632 92
1683760480665 10.32854 93
1683760480730 10.328468 94
1683760480796 10.3284025 95
1683760480860 10.328342 96
1683760480926 10.328283 97
1683760480996 10.328226 98
1683760481061 10.328175 99
1683760481125 10.328134 100
1683760481193 10.328093 101
1683760481258 10.328049 102
1683760481322 10.328019 103
1683760481386 10.327995 104
1683760481450 10.327978 105
1683760481514 10.327961 106
1683760481577 10.32795 107
1683760481640 10.327936 108
1683760481707 10.32792 109
1683760481775 10.327909 110
1683760481841 10.327893 111
1683760481916 10.327897 112
1683760481988 10.327892 113
1683760482054 10.327898 114
1683760482120 10.327895 115
1683760482184 10.327903 116
1683760482250 10.327904 117
1683760482313 10.32791 118
1683760482376 10.327906 119
1683760482440 10.327913 120
1683760482504 10.327914 121
1683760482568 10.327922 122
1683760482632 10.327923 123
1683760482698 10.32793 124
1683760482762 10.327927 125
1683760482827 10.327929 126
1683760482890 10.327927 127
1683760482954 10.327928 128
1683760483019 10.327925 129
1683760483083 10.327934 130
1683760483147 10.32793 131
1683760483213 10.32793 132
1683760483390 10.32793 133
1683760483455 10.327937 134
1683760483522 10.327938 135
1683760483586 10.327946 136
1683760483650 10.327946 137
1683760483713 10.327947 138
1683760483776 10.327946 139
1683760483841 10.327941 140
1683760483905 10.327944 141
1683760483969 10.327936 142
1683760484035 10.327939 143
1683760484099 10.327934 144
1683760484165 10.327936 145
1683760484231 10.327936 146
1683760484296 10.327934 147
1683760484360 10.327934 148
1683760484424 10.327934 149
1683760484489 10.327934 150
1683760484580 10.327934 151
1683760484645 10.327934 152
1683760484711 10.327934 153
1683760484777 10.327939 154
1683760484842 10.327934 155
1683760484908 10.327936 156
1683760484972 10.327936 157
1683760485038 10.327936 158
1683760485103 10.327941 159
1683760485171 10.327941 160
1683760485234 10.327942 161
1683760485297 10.327942 162
1683760485361 10.327943 163
1683760485426 10.327942 164
1683760485488 10.327944 165
1683760485552 10.327946 166
1683760485617 10.327944 167
1683760485683 10.327947 168
1683760485745 10.327946 169
1683760485807 10.327948 170
1683760485869 10.327944 171
1683760485934 10.327944 172
1683760486000 10.327943 173
1683760486065 10.327946 174
1683760486129 10.327944 175
1683760486200 10.327944 176
1683760486263 10.327944 177
1683760486327 10.327944 178
1683760486390 10.327944 179
1683760486455 10.327944 180
1683760486517 10.32795 181
1683760486579 10.327946 182
1683760486646 10.327946 183
1683760486712 10.327946 184
1683760486775 10.327944 185
1683760486839 10.327944 186
1683760486904 10.327943 187
1683760486969 10.327944 188
1683760487033 10.327942 189
1683760487099 10.327946 190
1683760487167 10.327943 191
1683760487232 10.327947 192
1683760487297 10.327946 193
1683760487363 10.327948 194
1683760487426 10.327947 195
1683760487493 10.327946 196
1683760487558 10.327946 197
1683760487623 10.327946 198
1683760487689 10.327946 199
1683760487753 10.32794 200
1683760487818 10.327942 201
1683760487881 10.327943 202
1683760487947 10.327945 203
1683760488011 10.327943 204
1683760488075 10.327946 205
1683760488139 10.327944 206
1683760488205 10.327943 207
1683760488269 10.327943 208
1683760488333 10.327942 209
1683760488399 10.327944 210
1683760488464 10.327944 211
1683760488528 10.327948 212
1683760488591 10.327943 213
1683760488656 10.327946 214
1683760488726 10.327944 215
1683760488789 10.327944 216
1683760488853 10.327942 217
1683760488918 10.327942 218
1683760488982 10.327942 219
1683760489045 10.327943 220
1683760489109 10.327942 221
1683760489176 10.327943 222
1683760489242 10.327942 223
1683760489308 10.327942 224
1683760489372 10.327942 225
1683760489438 10.327944 226
1683760489501 10.327943 227
1683760489564 10.327946 228
1683760489627 10.327942 229
1683760489693 10.327946 230
1683760489758 10.327944 231
1683760489823 10.327946 232
1683760489888 10.327944 233
1683760489954 10.327945 234
1683760490026 10.327942 235
1683760490242 10.327947 236
1683760490416 10.327946 237
1683760490486 10.327946 238
1683760490552 10.32794 239
1683760490617 10.327942 240
1683760490683 10.327946 241
1683760490749 10.327946 242
1683760490813 10.327946 243
1683760490878 10.327948 244
1683760490943 10.327944 245
1683760491009 10.32795 246
1683760491073 10.327948 247
1683760491137 10.32795 248
1683760491206 10.32795 249
1683760491271 10.3279505 250
