1683412137020 13.961003544314847 1
1683412137109 16.078853395140584 2
1683412137189 16.33072953604205 3
1683412137273 10.845045848111802 4
1683412137357 4.986022712926698 5
1683412137437 3.6444875208321137 6
1683412137521 4.596727045830187 7
1683412137597 4.301147564152527 8
1683412137677 3.704254280606836 9
1683412137753 3.6311495200031803 10
1683412137833 3.6562790098293223 11
1683412137913 3.6291339708130286 12
1683412137993 3.532491745082846 13
1683412138073 3.562856331766159 14
1683412138153 3.1499052827838057 15
1683412138232 3.0207928571628995 16
1683412138308 3.0534556995576065 17
1683412138388 2.979420167834136 18
1683412138468 2.926291850805019 19
1683412138548 2.9865600671856094 20
1683412138628 2.7652648632938317 21
1683412138708 2.65311478536621 22
1683412138788 2.7024874238217422 23
1683412138864 2.55676385994309 24
1683412138944 2.3519040524597123 25
1683412139024 2.378126513347334 26
1683412139100 1.863830348064565 27
1683412139185 1.3966880145720715 28
1683412139261 1.3083245357593942 29
1683412139337 0.41390986245811734 30
1683412139417 0.4023177651956564 31
1683412139493 0.41557800309279574 32
1683412139569 0.4677487864457972 33
1683412139649 0.47035792191948217 34
1683412139728 0.485777020294229 35
1683412139803 0.5191527682050838 36
1683412139879 0.5303990428887063 37
1683412139959 0.5246786160836652 38
1683412140035 0.5591605709942865 39
1683412140115 0.6296456094877263 40
1683412140191 0.7457377623106437 41
1683412140267 0.8977686035190239 42
1683412140347 1.0753025008068509 43
1683412140423 1.2751875191694333 44
1683412140503 1.4973671507780137 45
1683412140579 1.740846203188978 46
1683412140659 2.006054067964637 47
1683412140735 2.293468412361909 48
1683412140813 2.6009771174243843 49
1683412140889 2.92310243152725 50
1683412140965 3.250182855559382 51
1683412141045 3.5660586184440097 52
1683412141121 3.8506774803490273 53
1683412141197 4.089146162116167 54
1683412141273 4.281124885354241 55
1683412141354 4.4425924337421785 56
1683412141430 4.606439597205767 57
1683412141506 4.798468726191022 58
1683412141578 5.0236638898646815 59
1683412141654 5.267420847767674 60
1683412141730 5.519997222070117 61
1683412141802 5.769647365045121 62
1683412141875 6.015778479759756 63
1683412141951 6.238273087234124 64
1683412142027 6.422878494080452 65
1683412142099 6.4501986944994325 66
1683412142175 6.3772552994066585 67
1683412142247 6.027575833241655 68
1683412142319 5.7960417296255535 69
1683412142393 5.233119627863483 70
1683412142473 4.959092447487121 71
1683412142545 4.246610924860894 72
1683412142621 3.868449418658276 73
1683412142693 2.8753539395961485 74
1683412142765 1.8788856463495804 75
1683412142837 0.7663768538008839 76
1683412142913 0.5423083463232008 77
1683412142985 0.5076204479522819 78
1683412143061 0.5780574132653846 79
1683412143133 0.7087887694314767 80
1683412143209 0.8840465299031408 81
1683412143281 1.0729831915197368 82
1683412143353 1.2471391808467327 83
1683412143429 1.3914541150569495 84
1683412143502 1.5004630152834721 85
1683412143574 1.5747054957600037 86
1683412143650 1.6193544085461105 87
1683412143726 1.6448485734543834 88
1683412143798 1.6595868106966403 89
1683412143870 1.6675939411845804 90
1683412143944 1.6714678921595458 91
1683412144016 1.6733415268253184 92
1683412144088 1.6741005407179177 93
1683412144164 1.673248091975604 94
1683412144232 1.6678381244496805 95
1683412144308 1.654646366159478 96
1683412144380 1.634380873198961 97
1683412144452 1.61565484468394 98
1683412144525 1.6129087684771326 99
1683412144597 1.6408440628352663 100
1683412144669 1.708822793412132 101
1683412144741 1.8203503766420404 102
1683412144813 1.9752268556498418 103
1683412144885 2.173303815640985 104
1683412144961 2.4180647072459953 105
1683412145035 2.715059271365541 106
1683412145107 3.061693656200692 107
1683412145179 3.4426677306943727 108
1683412145251 3.840912258127076 109
1683412145323 4.245387589575745 110
1683412145399 4.649456121638093 111
1683412145471 5.047323755417899 112
1683412145559 5.4316064853051165 113
1683412145637 5.7950718896586695 114
1683412145713 6.130295148992359 115
1683412145797 6.432075322854264 116
1683412145877 6.688739314977964 117
1683412145961 6.887162246752365 118
1683412146029 6.982779255832904 119
1683412146093 6.944562508822642 120
1683412146161 6.663399389238035 121
1683412146221 6.247794263814024 122
1683412146285 5.577370501792832 123
1683412146341 5.097494309256852 124
1683412146401 4.577711233192545 125
1683412146457 4.337656710546121 126
1683412146509 4.023206033684094 127
1683412146565 3.8376909322713995 128
1683412146616 3.322270532561826 129
1683412146667 2.994232841311374 130
1683412146719 2.494539259026271 131
1683412146767 2.166523162234623 132
1683412146819 1.7947805422890801 133
1683412146867 1.4268225466069502 134
1683412146923 1.1990460718276414 135
1683412146971 1.0432393464389922 136
1683412147023 0.7900847288876007 137
1683412147083 0.5070198663142458 138
1683412147137 0.5306020910084349 139
1683412147187 0.4490973887378212 140
1683412147241 0.4117720558748127 141
1683412147289 0.4091140022387222 142
1683412147341 0.4180803725508558 143
1683412147389 0.42635604617330763 144
1683412147441 0.43264115666724484 145
1683412147493 0.4436064163424121 146
1683412147545 0.4626811461747767 147
1683412147597 0.49359007377764397 148
1683412147645 0.5408250546342928 149
1683412147697 0.6072080615350443 150
1683412147886 0.6930440929086007 151
1683412148030 0.7969100239164917 152
1683412148158 0.9164939916304047 153
1683412148217 1.0491117854428789 154
1683412148269 1.1921852536494328 155
1683412148321 1.3436370121398322 156
1683412148373 1.5020813673105675 157
1683412148425 1.6668435640743722 158
1683412148478 1.8379049562481953 159
1683412148532 2.0158532010787336 160
1683412148584 2.2018168033588434 161
1683412148636 2.397373039926 162
1683412148688 2.604339724880663 163
1683412148738 2.8244444855875277 164
1683412148790 3.058873991584294 165
1683412148842 3.3077931058096866 166
1683412148894 3.570008699331614 167
1683412148942 3.8427919737704634 168
1683412148990 4.121624046015334 169
1683412149042 4.399227486349757 170
1683412149102 4.663156624011144 171
1683412149166 4.893304500187839 172
1683412149222 5.067244153339354 173
1683412149280 5.175140508036735 174
1683412149340 5.224303339766405 175
1683412149400 5.22825946845285 176
1683412149464 5.19877711150046 177
1683412149532 5.14107868736492 178
1683412149640 5.058010260724741 179
1683412149708 4.948410041128738 180
1683412149777 4.816582596929066 181
1683412149841 4.662723430868601 182
1683412149901 4.497464057365125 183
1683412149961 4.318470764411974 184
1683412150025 4.136933019961469 185
1683412150085 3.9347003183191034 186
1683412150153 3.7116688579524624 187
1683412150213 3.421192407316906 188
1683412150269 3.097059838961742 189
1683412150338 2.7454438107923367 190
1683412150402 2.4356363499246565 191
1683412150474 2.146277387820652 192
1683412150538 1.9067860762558895 193
1683412150602 1.703667918792059 194
1683412150674 1.5532949512686105 195
1683412150742 1.4500045824826526 196
1683412150806 1.3934912101934709 197
1683412150865 1.371451161025243 198
1683412150940 1.3703452808413648 199
1683412151020 1.3752724252129531 200
1683412151084 1.3718760178775586 201
1683412151136 1.351878828604689 202
1683412151188 1.3194221906411978 203
1683412151240 1.283767712561407 204
1683412151292 1.2514973281798507 205
1683412151344 1.2242330900639349 206
1683412151400 1.1987081672678583 207
1683412151452 1.165349989507578 208
1683412151504 1.1042700484352523 209
1683412151564 0.9776461556829052 210
1683412151612 0.7270604199949046 211
1683412151664 0.53742574111332 212
1683412151716 0.4922071498018243 213
1683412151776 0.5004008686914364 214
1683412151836 0.5173219551335638 215
1683412151895 0.5365451204832173 216
1683412151946 0.5587957091749685 217
1683412151998 0.5858478709933423 218
1683412152046 0.6203708694183344 219
1683412152098 0.6650946318839974 220
1683412152150 0.7218988905812339 221
1683412152202 0.7918412844276232 222
1683412152250 0.8752792162729582 223
1683412152302 0.9719592581286628 224
1683412152350 1.0813165157954638 225
1683412152398 1.2028268060229304 226
1683412152447 1.336293939305107 227
1683412152499 1.4819338300651483 228
1683412152547 1.6401870364707487 229
1683412152595 1.8113024052924829 230
1683412152647 1.99493368536795 231
1683412152695 2.189995517094962 232
1683412152747 2.3949713619112223 233
1683412152795 2.6084727904786145 234
1683412152847 2.8295244860548086 235
1683412152895 3.0573149384656073 236
1683412152947 3.2911066235149615 237
1683412152997 3.5303366216103695 238
1683412153049 3.774265225389299 239
1683412153101 4.021177654330551 240
1683412153153 4.267229244357524 241
1683412153209 4.5048958950746085 242
1683412153257 4.722522680301057 243
1683412153305 4.908466415775299 244
1683412153357 5.0598436254597 245
1683412153409 5.183509790272702 246
1683412153461 5.289406702896122 247
1683412153514 5.382608354729967 248
1683412153566 5.464936162546458 249
1683412153618 5.531469562960475 250
