1684413420589 55.52638 1
1684413420605 55.009 2
1684413420620 53.53865 3
1684413420635 50.98149 4
1684413420649 48.29738 5
1684413420664 45.60557 6
1684413420678 42.993057 7
1684413420692 40.519157 8
1684413420706 38.217575 9
1684413420721 36.09637 10
1684413420736 34.14181 11
1684413420750 32.327396 12
1684413420765 30.62416 13
1684413420779 29.008774 14
1684413420794 27.46775 15
1684413420808 25.99726 16
1684413420823 24.59998 17
1684413420837 23.281347 18
1684413420851 22.046593 19
1684413420866 20.898983 20
1684413420880 19.839016 21
1684413420894 18.864365 22
1684413420908 17.97036 23
1684413420922 17.150776 24
1684413420937 16.398699 25
1684413420951 15.707295 26
1684413420965 15.070337 27
1684413420979 14.482536 28
1684413420993 13.939655 29
1684413421007 13.438455 30
1684413421022 12.976532 31
1684413421036 12.552087 32
1684413421050 12.1636715 33
1684413421064 11.809944 34
1684413421079 11.489487 35
1684413421093 11.200671 36
1684413421108 10.941614 37
1684413421122 10.710195 38
1684413421136 10.504114 39
1684413421151 10.321 40
1684413421165 10.15848 41
1684413421179 10.014254 42
1684413421193 9.886133 43
1684413421208 9.772068 44
1684413421222 9.67016 45
1684413421237 9.578676 46
1684413421251 9.49605 47
1684413421265 9.420903 48
1684413421280 9.352024 49
1684413421295 9.288384 50
1684413421309 9.229109 51
1684413421323 9.173479 52
1684413421338 9.120908 53
1684413421352 9.070929 54
1684413421366 9.023176 55
1684413421382 8.977378 56
1684413421398 8.933322 57
1684413421413 8.890848 58
1684413421428 8.849834 59
1684413421443 8.8101845 60
1684413421459 8.771821 61
1684413421474 8.734674 62
1684413421489 8.698691 63
1684413421504 8.66382 64
1684413421519 8.630025 65
1684413421535 8.597273 66
1684413421550 8.565543 67
1684413421565 8.534826 68
1684413421580 8.505127 69
1684413421595 8.476455 70
1684413421610 8.448843 71
1684413421625 8.422329 72
1684413421641 8.396966 73
1684413421655 8.372815 74
1684413421669 8.349937 75
1684413421684 8.328391 76
1684413421699 8.308226 77
1684413421714 8.289472 78
1684413421730 8.27214 79
1684413421745 8.256212 80
1684413421760 8.24165 81
1684413421775 8.228387 82
1684413421791 8.216335 83
1684413421806 8.205394 84
1684413421821 8.19545 85
1684413421836 8.186387 86
1684413421852 8.178084 87
1684413421867 8.170429 88
1684413421883 8.163313 89
1684413421899 8.156633 90
1684413421914 8.150305 91
1684413421928 8.144245 92
1684413421942 8.138386 93
1684413421958 8.1326685 94
1684413421972 8.127047 95
1684413421987 8.121481 96
1684413422002 8.115941 97
1684413422016 8.110408 98
1684413422030 8.104862 99
1684413422045 8.099297 100
1684413422059 8.09371 101
1684413422074 8.088102 102
1684413422088 8.08248 103
1684413422103 8.076855 104
1684413422117 8.071241 105
1684413422131 8.065661 106
1684413422145 8.060139 107
1684413422160 8.054701 108
1684413422174 8.049376 109
1684413422188 8.044197 110
1684413422203 8.039195 111
1684413422217 8.034403 112
1684413422231 8.029848 113
1684413422245 8.025559 114
1684413422260 8.021562 115
1684413422274 8.017878 116
1684413422288 8.014528 117
1684413422303 8.011539 118
1684413422317 8.008942 119
1684413422333 8.006782 120
1684413422347 8.005123 121
1684413422362 8.004043 122
1684413422376 8.003584 123
1684413422390 8.003727 124
1684413422406 8.004389 125
1684413422420 8.005455 126
1684413422434 8.006816 127
1684413422448 8.008367 128
1684413422463 8.010026 129
1684413422478 8.011734 130
1684413422492 8.0134535 131
1684413422506 8.015171 132
1684413422521 8.01689 133
1684413422535 8.018616 134
1684413422550 8.020349 135
1684413422565 8.022083 136
1684413422579 8.0238 137
1684413422593 8.025468 138
1684413422607 8.027042 139
1684413422622 8.028458 140
1684413422636 8.0296135 141
1684413422650 8.03034 142
1684413422665 8.030449 143
1684413422679 8.02984 144
1684413422694 8.028548 145
1684413422708 8.026701 146
1684413422723 8.024483 147
1684413422737 8.022079 148
1684413422751 8.019653 149
1684413422766 8.017332 150
1684413422780 8.015203 151
1684413422794 8.013321 152
1684413422808 8.011707 153
1684413422823 8.010366 154
1684413422837 8.009285 155
1684413422852 8.008441 156
1684413422866 8.007811 157
1684413422880 8.007365 158
1684413422894 8.007078 159
1684413422909 8.0069275 160
1684413422923 8.006891 161
1684413422937 8.00695 162
1684413422951 8.007092 163
1684413422965 8.007303 164
1684413422980 8.007575 165
1684413422994 8.007898 166
1684413423008 8.008268 167
1684413423023 8.008677 168
1684413423037 8.009121 169
1684413423051 8.009594 170
1684413423065 8.010088 171
1684413423080 8.010599 172
1684413423094 8.011117 173
1684413423108 8.011632 174
1684413423122 8.012136 175
1684413423136 8.012623 176
1684413423150 8.013084 177
1684413423165 8.013516 178
1684413423180 8.013918 179
1684413423194 8.014293 180
1684413423208 8.014645 181
1684413423222 8.014982 182
1684413423237 8.015316 183
1684413423251 8.015657 184
1684413423265 8.016022 185
1684413423280 8.016422 186
1684413423294 8.016874 187
1684413423308 8.01739 188
1684413423322 8.017986 189
1684413423337 8.018677 190
1684413423351 8.019471 191
1684413423365 8.020384 192
1684413423380 8.0214205 193
1684413423394 8.022588 194
1684413423409 8.023886 195
1684413423423 8.02531 196
1684413423438 8.026854 197
1684413423452 8.028505 198
1684413423467 8.030253 199
1684413423482 8.03208 200
1684413423496 8.033973 201
1684413423511 8.035913 202
1684413423525 8.037884 203
1684413423539 8.039866 204
1684413423554 8.04184 205
1684413423568 8.043777 206
1684413423583 8.0456505 207
1684413423597 8.047428 208
1684413423611 8.049068 209
1684413423625 8.050533 210
1684413423640 8.051784 211
1684413423654 8.05279 212
1684413423668 8.053526 213
1684413423683 8.053982 214
1684413423697 8.054161 215
1684413423711 8.054072 216
1684413423727 8.053736 217
1684413423742 8.053175 218
1684413423756 8.052412 219
1684413423770 8.051471 220
1684413423784 8.050371 221
1684413423799 8.049131 222
1684413423813 8.047762 223
1684413423828 8.046276 224
1684413423842 8.044681 225
1684413423857 8.042984 226
1684413423871 8.041192 227
1684413423885 8.039311 228
1684413423900 8.037352 229
1684413423914 8.03532 230
1684413423928 8.033229 231
1684413423943 8.031089 232
1684413423957 8.028912 233
1684413423971 8.026711 234
1684413423986 8.024504 235
1684413424000 8.022297 236
1684413424014 8.020105 237
1684413424029 8.0179405 238
1684413424043 8.015814 239
1684413424057 8.013731 240
1684413424072 8.0117 241
1684413424086 8.009729 242
1684413424101 8.007822 243
1684413424115 8.005982 244
1684413424129 8.004211 245
1684413424144 8.002512 246
1684413424158 8.000886 247
1684413424172 7.9993324 248
1684413424187 7.99785 249
1684413424201 7.996441 250
