1684413401655 55.99722635317997 1
1684413401670 55.25521867473569 2
1684413401685 54.179704101735545 3
1684413401699 52.8764280618126 4
1684413401715 51.45636821871597 5
1684413401730 49.9955402681162 6
1684413401745 48.533377218574785 7
1684413401759 47.0816330409619 8
1684413401774 45.63763698927183 9
1684413401788 44.19930010017102 10
1684413401802 42.77468507907924 11
1684413401817 41.38263914273121 12
1684413401831 40.04729984457339 13
1684413401846 38.78938946238214 14
1684413401860 37.61951597478121 15
1684413401875 36.53724126962058 16
1684413401889 35.534323168388 17
1684413401903 34.598802638602464 18
1684413401917 33.71810794149042 19
1684413401932 32.88070251090276 20
1684413401946 32.07656830223637 21
1684413401960 31.29726419479528 22
1684413401975 30.536224255950394 23
1684413401989 29.789387371172584 24
1684413402004 29.05556008023282 25
1684413402019 28.336146642044213 26
1684413402034 27.63431226802384 27
1684413402048 26.953965784221182 28
1684413402063 26.29896191989435 29
1684413402077 25.67284623154492 30
1684413402092 25.078766914840937 31
1684413402106 24.519017840133014 32
1684413402121 23.994746714966517 33
1684413402135 23.506120449407174 34
1684413402150 23.052701120687985 35
1684413402164 22.633824791839547 36
1684413402179 22.248701615073536 37
1684413402193 21.89604538505613 38
1684413402208 21.573426684212848 39
1684413402222 21.2768490707734 40
1684413402237 21.000711047494544 41
1684413402251 20.737891472875766 42
1684413402265 20.479685179233016 43
1684413402280 20.216002303357413 44
1684413402294 19.93682864654707 45
1684413402309 19.634559705901555 46
1684413402323 19.305482909758023 47
1684413402338 18.94950340104959 48
1684413402352 18.568925332807233 49
1684413402367 18.168405724122092 50
1684413402381 17.755027491491692 51
1684413402396 17.3370092836504 52
1684413402410 16.92228977321939 53
1684413402424 16.517589843989253 54
1684413402439 16.127993349317833 55
1684413402454 15.756929472094956 56
1684413402468 15.406375671861174 57
1684413402482 15.077115375329967 58
1684413402497 14.76895063524044 59
1684413402511 14.48097747414089 60
1684413402525 14.211799191058574 61
1684413402540 13.959721247078189 62
1684413402555 13.72295282024966 63
1684413402569 13.499771073152974 64
1684413402584 13.28861975404796 65
1684413402598 13.088165349576947 66
1684413402613 12.897325162103396 67
1684413402627 12.71526378500182 68
1684413402641 12.541371312023866 69
1684413402656 12.375236264675873 70
1684413402670 12.21657816781227 71
1684413402684 12.06519052353067 72
1684413402699 11.920876241248138 73
1684413402713 11.78340173838653 74
1684413402733 11.652480731843614 75
1684413402748 11.527789722697822 76
1684413402767 11.408982311576974 77
1684413402784 11.295722880504279 78
1684413402802 11.18770188704157 79
1684413402818 11.084648729710846 80
1684413402832 10.98633906253286 81
1684413402847 10.892585044096705 82
1684413402861 10.803217419047286 83
1684413402876 10.718067272385365 84
1684413402890 10.636941960358886 85
1684413402904 10.559608926824204 86
1684413402919 10.485790457043226 87
1684413402933 10.415181862790401 88
1684413402947 10.347479144340184 89
1684413402962 10.282412510366118 90
1684413402976 10.219763817720139 91
1684413402991 10.159371089560654 92
1684413403005 10.101110407083947 93
1684413403020 10.044878590263085 94
1684413403034 9.990574468170525 95
1684413403048 9.938092403352854 96
1684413403063 9.887316560948047 97
1684413403078 9.838128522750253 98
1684413403092 9.790408093083872 99
1684413403107 9.74404195899158 100
1684413403121 9.698926250931283 101
1684413403136 9.654964635465067 102
1684413403150 9.612077265543078 103
1684413403165 9.57019009325931 104
1684413403179 9.529242786263612 105
1684413403193 9.489182332172867 106
1684413403207 9.449964743113664 107
1684413403222 9.411553513369572 108
1684413403236 9.373914920136531 109
1684413403250 9.337023534715946 110
1684413403264 9.300858930377032 111
1684413403279 9.265403255410167 112
1684413403293 9.230643301516743 113
1684413403307 9.196567024238313 114
1684413403322 9.163164700120763 115
1684413403336 9.130430845590105 116
1684413403350 9.098356655718952 117
1684413403364 9.066936081094685 118
1684413403379 9.036162710896992 119
1684413403393 9.006029010241061 120
1684413403407 8.976527495916823 121
1684413403421 8.947651057433958 122
1684413403436 8.919390606614108 123
1684413403450 8.891735813387072 124
1684413403464 8.864678935891437 125
1684413403478 8.838209506487434 126
1684413403493 8.812315858298838 127
1684413403507 8.786987099716445 128
1684413403522 8.762209858080475 129
1684413403537 8.73797321455245 130
1684413403552 8.714261458154581 131
1684413403568 8.691060566418333 132
1684413403583 8.668355211807572 133
1684413403598 8.64612773801112 134
1684413403613 8.624363892623816 135
1684413403628 8.60304250818145 136
1684413403644 8.582148163823017 137
1684413403659 8.561659975152462 138
1684413403674 8.541562158150612 139
1684413403690 8.521835774181707 140
1684413403705 8.502462840860346 141
1684413403720 8.483425744955603 142
1684413403734 8.464709405130176 143
1684413403749 8.446295586958907 144
1684413403763 8.428172044625693 145
1684413403777 8.410321666167608 146
1684413403791 8.392733692975408 147
1684413403806 8.375394562972957 148
1684413403820 8.358293995985065 149
1684413403835 8.341419963737632 150
1684413403849 8.324763559556335 151
1684413403863 8.308315701754395 152
1684413403877 8.292067655033375 153
1684413403892 8.276011081346216 154
1684413403906 8.260140578552956 155
1684413403920 8.24444791887921 156
1684413403934 8.228927103388369 157
1684413403948 8.21357208463344 158
1684413403962 8.198378596062149 159
1684413403977 8.183339649268092 160
1684413403991 8.16845200309049 161
1684413404005 8.153709872178496 162
1684413404019 8.139110184494175 163
1684413404034 8.124647581696095 164
1684413404048 8.110318766532934 165
1684413404062 8.096121637959001 166
1684413404077 8.082050804424775 167
1684413404091 8.068104138597523 168
1684413404105 8.054278496433248 169
1684413404119 8.040570942269625 170
1684413404133 8.026977824226488 171
1684413404148 8.013498092587277 172
1684413404162 8.00013007389499 173
1684413404176 7.986869041912961 174
1684413404190 7.973715922057387 175
1684413404204 7.960666254264865 176
1684413404219 7.947720162254605 177
1684413404233 7.93487233087242 178
1684413404247 7.922126322714259 179
1684413404262 7.9094762440482285 180
1684413404276 7.896920965542474 181
1684413404290 7.884461094852966 182
1684413404304 7.872094001577221 183
1684413404318 7.859818411138427 184
1684413404333 7.847632570028303 185
1684413404347 7.83553468540287 186
1684413404361 7.82352499238662 187
1684413404375 7.811601248485921 188
1684413404390 7.799762324617511 189
1684413404404 7.788007875989958 190
1684413404418 7.776334706068589 191
1684413404432 7.764743402976894 192
1684413404447 7.753233231406785 193
1684413404461 7.741800599901957 194
1684413404475 7.730449179563326 195
1684413404490 7.7191728259699985 196
1684413404504 7.707973542524485 197
1684413404518 7.6968494672862775 198
1684413404533 7.685800189386452 199
1684413404547 7.674825089960287 200
1684413404561 7.663923098849537 201
1684413404575 7.65309334262302 202
1684413404590 7.642335096158924 203
1684413404605 7.631647172538898 204
1684413404619 7.621032041965872 205
1684413404634 7.610486756502638 206
1684413404649 7.600011287292457 207
1684413404663 7.589606147547848 208
1684413404677 7.579272343311388 209
1684413404692 7.569010456791098 210
1684413404706 7.558818688115544 211
1684413404720 7.548700236269262 212
1684413404735 7.538654653106903 213
1684413404750 7.52868569786364 214
1684413404764 7.518791718172377 215
1684413404778 7.508977677864824 216
1684413404792 7.499243481985403 217
1684413404806 7.489594083426724 218
1684413404821 7.480030731196383 219
1684413404835 7.4705585444913005 220
1684413404849 7.461179705410434 221
1684413404863 7.451899554183196 222
1684413404878 7.442722859921645 223
1684413404892 7.433654312046485 224
1684413404906 7.424698961714512 225
1684413404920 7.415861817754244 226
1684413404934 7.407148958764118 227
1684413404948 7.398565570811584 228
1684413404963 7.390115909633085 229
1684413404977 7.3818061250117175 230
1684413404991 7.373637456138134 231
1684413405005 7.365613673057474 232
1684413405019 7.357739238361884 233
1684413405033 7.350011543567238 234
1684413405047 7.342433186409394 235
1684413405061 7.3350012525649895 236
1684413405075 7.327713492516388 237
1684413405089 7.320566865727248 238
1684413405104 7.3135553503176425 239
1684413405118 7.306675114637255 240
1684413405132 7.299920680168334 241
1684413405146 7.293284290085104 242
1684413405160 7.2867609805975775 243
1684413405174 7.280344124915857 244
1684413405188 7.274026819736644 245
1684413405202 7.267804910056551 246
1684413405216 7.261672924184502 247
1684413405231 7.255623624774316 248
1684413405246 7.249655210014378 249
1684413405260 7.24376222189008 250
