1684413802982 56.48813 1
1684413802997 56.415855 2
1684413803011 56.331657 3
1684413803026 56.245026 4
1684413803040 56.163223 5
1684413803055 56.090515 6
1684413803069 56.02462 7
1684413803084 55.95629 8
1684413803098 55.87337 9
1684413803113 55.756977 10
1684413803127 55.58822 11
1684413803142 55.3607 12
1684413803156 55.080128 13
1684413803170 54.75823 14
1684413803185 54.408 15
1684413803200 54.041077 16
1684413803214 53.666718 17
1684413803228 53.29173 18
1684413803243 52.92067 19
1684413803257 52.55616 20
1684413803272 52.198822 21
1684413803286 51.846584 22
1684413803300 51.492317 23
1684413803315 51.117023 24
1684413803329 50.673866 25
1684413803344 50.07621 26
1684413803358 49.24665 27
1684413803373 48.171417 28
1684413803387 46.882843 29
1684413803402 45.410236 30
1684413803417 43.779472 31
1684413803431 42.06118 32
1684413803446 40.35404 33
1684413803460 38.744125 34
1684413803474 37.281635 35
1684413803489 35.97928 36
1684413803503 34.82283 37
1684413803517 33.78379 38
1684413803532 32.829205 39
1684413803546 31.927769 40
1684413803561 31.052795 41
1684413803575 30.183155 42
1684413803590 29.303156 43
1684413803604 28.402012 44
1684413803619 27.473259 45
1684413803633 26.514254 46
1684413803648 25.525757 47
1684413803662 24.511494 48
1684413803676 23.477602 49
1684413803691 22.431866 50
1684413803705 21.382904 51
1684413803719 20.339506 52
1684413803733 19.310617 53
1684413803748 18.306192 54
1684413803762 17.338112 55
1684413803776 16.419577 56
1684413803791 15.562897 57
1684413803805 14.777371 58
1684413803819 14.068209 59
1684413803833 13.436422 60
1684413803848 12.879284 61
1684413803862 12.391148 62
1684413803876 11.964531 63
1684413803891 11.591237 64
1684413803905 11.263271 65
1684413803919 10.973469 66
1684413803933 10.7158165 67
1684413803948 10.485533 68
1684413803962 10.278976 69
1684413803976 10.093443 70
1684413803991 9.926926 71
1684413804005 9.777893 72
1684413804019 9.645092 73
1684413804033 9.527395 74
1684413804048 9.4237 75
1684413804062 9.332849 76
1684413804076 9.253598 77
1684413804091 9.184642 78
1684413804105 9.124653 79
1684413804119 9.072338 80
1684413804134 9.02649 81
1684413804148 8.98601 82
1684413804163 8.949944 83
1684413804177 8.917492 84
1684413804192 8.888033 85
1684413804206 8.861122 86
1684413804220 8.836499 87
1684413804235 8.814079 88
1684413804249 8.793922 89
1684413804263 8.776192 90
1684413804278 8.761074 91
1684413804292 8.748715 92
1684413804306 8.739138 93
1684413804320 8.732222 94
1684413804335 8.727712 95
1684413804349 8.725279 96
1684413804364 8.724573 97
1684413804378 8.725248 98
1684413804392 8.726942 99
1684413804407 8.729291 100
1684413804421 8.731943 101
1684413804435 8.734582 102
1684413804449 8.736942 103
1684413804464 8.738817 104
1684413804478 8.740068 105
1684413804492 8.740614 106
1684413804507 8.74044 107
1684413804521 8.739582 108
1684413804535 8.738127 109
1684413804550 8.736185 110
1684413804564 8.733889 111
1684413804578 8.731377 112
1684413804593 8.72877 113
1684413804607 8.726185 114
1684413804622 8.723706 115
1684413804637 8.721397 116
1684413804651 8.719299 117
1684413804665 8.717426 118
1684413804680 8.715776 119
1684413804694 8.714327 120
1684413804709 8.713053 121
1684413804723 8.711918 122
1684413804737 8.71088 123
1684413804752 8.709899 124
1684413804767 8.708935 125
1684413804781 8.70795 126
1684413804795 8.706905 127
1684413804809 8.705769 128
1684413804824 8.704515 129
1684413804838 8.703117 130
1684413804853 8.701557 131
1684413804867 8.699823 132
1684413804882 8.697907 133
1684413804896 8.6958065 134
1684413804911 8.693525 135
1684413804925 8.691069 136
1684413804940 8.688448 137
1684413804954 8.685675 138
1684413804969 8.682762 139
1684413804983 8.679724 140
1684413804998 8.676573 141
1684413805012 8.673323 142
1684413805026 8.669985 143
1684413805041 8.666571 144
1684413805055 8.66309 145
1684413805070 8.65955 146
1684413805084 8.655957 147
1684413805099 8.65232 148
1684413805113 8.648642 149
1684413805128 8.644929 150
1684413805142 8.641186 151
1684413805157 8.637415 152
1684413805171 8.633619 153
1684413805186 8.629803 154
1684413805200 8.625966 155
1684413805215 8.622112 156
1684413805229 8.61824 157
1684413805243 8.614353 158
1684413805258 8.61045 159
1684413805272 8.606531 160
1684413805286 8.602599 161
1684413805301 8.598656 162
1684413805315 8.594699 163
1684413805329 8.5907345 164
1684413805344 8.586763 165
1684413805358 8.582787 166
1684413805373 8.578809 167
1684413805388 8.574833 168
1684413805402 8.570864 169
1684413805417 8.566902 170
1684413805431 8.562954 171
1684413805445 8.559019 172
1684413805460 8.555101 173
1684413805474 8.551206 174
1684413805489 8.547331 175
1684413805503 8.54348 176
1684413805518 8.539654 177
1684413805532 8.535854 178
1684413805546 8.532082 179
1684413805561 8.5283375 180
1684413805575 8.52462 181
1684413805589 8.520933 182
1684413805604 8.517275 183
1684413805619 8.513647 184
1684413805634 8.510049 185
1684413805649 8.506479 186
1684413805663 8.502942 187
1684413805678 8.499434 188
1684413805693 8.495958 189
1684413805707 8.492511 190
1684413805722 8.489096 191
1684413805736 8.48571 192
1684413805751 8.482359 193
1684413805765 8.479036 194
1684413805780 8.475746 195
1684413805794 8.472486 196
1684413805808 8.469257 197
1684413805823 8.466061 198
1684413805837 8.462895 199
1684413805852 8.459763 200
1684413805866 8.456661 201
1684413805880 8.453591 202
1684413805895 8.450553 203
1684413805910 8.447547 204
1684413805924 8.444574 205
1684413805938 8.441631 206
1684413805952 8.438723 207
1684413805967 8.435845 208
1684413805982 8.433002 209
1684413805996 8.430191 210
1684413806010 8.427414 211
1684413806025 8.424667 212
1684413806039 8.421957 213
1684413806054 8.419279 214
1684413806068 8.4166355 215
1684413806082 8.414027 216
1684413806096 8.411451 217
1684413806111 8.408911 218
1684413806126 8.4064045 219
1684413806140 8.4039345 220
1684413806154 8.401498 221
1684413806168 8.399096 222
1684413806183 8.3967285 223
1684413806197 8.394398 224
1684413806211 8.392101 225
1684413806226 8.389841 226
1684413806240 8.387615 227
1684413806254 8.385426 228
1684413806269 8.383269 229
1684413806283 8.381149 230
1684413806298 8.379065 231
1684413806312 8.377013 232
1684413806327 8.374998 233
1684413806341 8.373016 234
1684413806356 8.371069 235
1684413806370 8.369157 236
1684413806385 8.367279 237
1684413806399 8.365433 238
1684413806414 8.363621 239
1684413806428 8.361843 240
1684413806442 8.360097 241
1684413806457 8.358384 242
1684413806471 8.356705 243
1684413806485 8.355055 244
1684413806500 8.353438 245
1684413806514 8.351852 246
1684413806528 8.350299 247
1684413806543 8.348776 248
1684413806557 8.347282 249
1684413806572 8.345819 250
