1684412176679 55.744026 1
1684412176695 55.73535 2
1684412176710 55.725796 3
1684412176724 55.715576 4
1684412176739 55.703655 5
1684412176753 55.686398 6
1684412176767 55.66098 7
1684412176781 55.62767 8
1684412176796 55.589096 9
1684412176810 55.549477 10
1684412176824 55.512375 11
1684412176838 55.479008 12
1684412176853 55.448635 13
1684412176867 55.41961 14
1684412176881 55.39035 15
1684412176896 55.35971 16
1684412176910 55.327084 17
1684412176924 55.292255 18
1684412176938 55.25527 19
1684412176953 55.21629 20
1684412176967 55.175568 21
1684412176981 55.133392 22
1684412176996 55.09008 23
1684412177010 55.04595 24
1684412177024 55.00128 25
1684412177039 54.956318 26
1684412177053 54.911224 27
1684412177068 54.866135 28
1684412177082 54.82111 29
1684412177096 54.776203 30
1684412177111 54.73143 31
1684412177125 54.6868 32
1684412177139 54.642296 33
1684412177154 54.597942 34
1684412177168 54.5537 35
1684412177182 54.50952 36
1684412177198 54.465294 37
1684412177213 54.42083 38
1684412177227 54.375797 39
1684412177241 54.32975 40
1684412177255 54.282055 41
1684412177269 54.231968 42
1684412177284 54.178658 43
1684412177298 54.12127 44
1684412177312 54.059074 45
1684412177327 53.991547 46
1684412177341 53.91839 47
1684412177356 53.839554 48
1684412177370 53.755234 49
1684412177384 53.665768 50
1684412177398 53.571606 51
1684412177414 53.473267 52
1684412177429 53.37127 53
1684412177444 53.266117 54
1684412177460 53.158253 55
1684412177475 53.048073 56
1684412177489 52.935818 57
1684412177504 52.821537 58
1684412177518 52.704796 59
1684412177533 52.583954 60
1684412177547 52.45498 61
1684412177562 52.310894 62
1684412177576 52.14437 63
1684412177590 51.95087 64
1684412177604 51.729042 65
1684412177619 51.479713 66
1684412177634 51.204887 67
1684412177648 50.90708 68
1684412177663 50.58895 69
1684412177677 50.253147 70
1684412177691 49.902245 71
1684412177705 49.538734 72
1684412177721 49.164978 73
1684412177737 48.783264 74
1684412177751 48.395763 75
1684412177766 48.004536 76
1684412177781 47.61158 77
1684412177795 47.218796 78
1684412177810 46.828045 79
1684412177824 46.44114 80
1684412177839 46.059906 81
1684412177853 45.68619 82
1684412177868 45.32186 83
1684412177882 44.96882 84
1684412177897 44.628975 85
1684412177911 44.304176 86
1684412177926 43.996105 87
1684412177940 43.70617 88
1684412177954 43.435333 89
1684412177969 43.183968 90
1684412177983 42.951744 91
1684412177998 42.73759 92
1684412178012 42.539707 93
1684412178026 42.35569 94
1684412178041 42.18268 95
1684412178055 42.01755 96
1684412178070 41.85711 97
1684412178084 41.698235 98
1684412178099 41.538006 99
1684412178113 41.373844 100
1684412178127 41.203606 101
1684412178142 41.025738 102
1684412178156 40.839443 103
1684412178170 40.644825 104
1684412178185 40.442917 105
1684412178199 40.23558 106
1684412178213 40.025345 107
1684412178228 39.815117 108
1684412178242 39.60797 109
1684412178256 39.406876 110
1684412178271 39.214596 111
1684412178285 39.03351 112
1684412178300 38.865585 113
1684412178314 38.712326 114
1684412178328 38.574764 115
1684412178343 38.453423 116
1684412178357 38.348347 117
1684412178371 38.25911 118
1684412178386 38.184822 119
1684412178400 38.12424 120
1684412178415 38.07581 121
1684412178429 38.03778 122
1684412178444 38.00832 123
1684412178458 37.985596 124
1684412178473 37.967884 125
1684412178487 37.95362 126
1684412178501 37.941437 127
1684412178516 37.93019 128
1684412178530 37.91896 129
1684412178544 37.90703 130
1684412178559 37.89386 131
1684412178573 37.87909 132
1684412178588 37.86246 133
1684412178602 37.843834 134
1684412178616 37.823154 135
1684412178631 37.800404 136
1684412178645 37.77562 137
1684412178660 37.74886 138
1684412178674 37.720207 139
1684412178689 37.689754 140
1684412178703 37.657608 141
1684412178718 37.6239 142
1684412178732 37.588753 143
1684412178747 37.552326 144
1684412178761 37.514755 145
1684412178776 37.47622 146
1684412178790 37.436874 147
1684412178805 37.39688 148
1684412178819 37.3564 149
1684412178833 37.31558 150
1684412178848 37.274544 151
1684412178862 37.233418 152
1684412178876 37.1923 153
1684412178891 37.15127 154
1684412178905 37.110397 155
1684412178920 37.06974 156
1684412178934 37.029327 157
1684412178948 36.9892 158
1684412178963 36.94938 159
1684412178977 36.909874 160
1684412178991 36.870705 161
1684412179006 36.83188 162
1684412179020 36.793407 163
1684412179034 36.755295 164
1684412179049 36.717552 165
1684412179063 36.680187 166
1684412179077 36.64321 167
1684412179092 36.60663 168
1684412179106 36.570457 169
1684412179120 36.534702 170
1684412179134 36.499374 171
1684412179149 36.464478 172
1684412179163 36.43003 173
1684412179177 36.396034 174
1684412179192 36.362495 175
1684412179206 36.329422 176
1684412179220 36.296806 177
1684412179234 36.26467 178
1684412179249 36.233006 179
1684412179263 36.201813 180
1684412179277 36.17109 181
1684412179291 36.14083 182
1684412179306 36.111046 183
1684412179320 36.081726 184
1684412179334 36.052856 185
1684412179349 36.02445 186
1684412179363 35.99649 187
1684412179377 35.96897 188
1684412179392 35.94189 189
1684412179407 35.915245 190
1684412179421 35.88903 191
1684412179435 35.86323 192
1684412179450 35.837845 193
1684412179464 35.81287 194
1684412179478 35.788296 195
1684412179492 35.764114 196
1684412179507 35.740322 197
1684412179521 35.716915 198
1684412179535 35.69388 199
1684412179550 35.67122 200
1684412179564 35.64892 201
1684412179579 35.626984 202
1684412179593 35.605392 203
1684412179608 35.584156 204
1684412179622 35.563255 205
1684412179636 35.5427 206
1684412179652 35.52247 207
1684412179666 35.502563 208
1684412179681 35.482983 209
1684412179695 35.46372 210
1684412179710 35.444763 211
1684412179724 35.42612 212
1684412179739 35.40778 213
1684412179753 35.38974 214
1684412179768 35.371994 215
1684412179782 35.354538 216
1684412179796 35.33738 217
1684412179810 35.320496 218
1684412179825 35.303894 219
1684412179839 35.287575 220
1684412179853 35.27153 221
1684412179867 35.25576 222
1684412179881 35.240257 223
1684412179895 35.225018 224
1684412179910 35.210052 225
1684412179924 35.195343 226
1684412179938 35.1809 227
1684412179952 35.16671 228
1684412179967 35.152782 229
1684412179981 35.139107 230
1684412179996 35.125687 231
1684412180010 35.11252 232
1684412180024 35.099598 233
1684412180038 35.08693 234
1684412180052 35.07451 235
1684412180067 35.062332 236
1684412180081 35.050404 237
1684412180095 35.038723 238
1684412180109 35.027283 239
1684412180124 35.016083 240
1684412180138 35.005135 241
1684412180152 34.994423 242
1684412180166 34.983955 243
1684412180181 34.97373 244
1684412180195 34.96374 245
1684412180210 34.953995 246
1684412180224 34.94449 247
1684412180239 34.935215 248
1684412180253 34.926186 249
1684412180267 34.917397 250
