1684412905066 57.008875642428514 1
1684412905081 56.00717503226288 2
1684412905095 54.662749642690635 3
1684412905110 53.10137392071346 4
1684412905124 51.430198540275285 5
1684412905139 49.72681502735736 6
1684412905154 48.042784118904564 7
1684412905168 46.409906822158156 8
1684412905183 44.84642453103491 9
1684412905197 43.36151932471479 10
1684412905212 41.958323742796395 11
1684412905226 40.63657128087795 12
1684412905240 39.39370441227143 13
1684412905255 38.22540948555625 14
1684412905270 37.12614376647303 15
1684412905284 36.08969448511382 16
1684412905299 35.1097727306614 17
1684412905313 34.180602342048054 18
1684412905328 33.297389806214184 19
1684412905343 32.456208381492765 20
1684412905357 31.653677674744376 21
1684412905372 30.886939111164224 22
1684412905386 30.15361368155675 23
1684412905401 29.4515251495599 24
1684412905416 28.778465469635627 25
1684412905430 28.132416399016115 26
1684412905445 27.51192694606459 27
1684412905460 26.916212164508604 28
1684412905475 26.344913423479042 29
1684412905490 25.79736950216191 30
1684412905504 25.271690048170374 31
1684412905519 24.764581347836653 32
1684412905534 24.27218463018119 33
1684412905549 23.791145197456007 34
1684412905563 23.31928484956295 35
1684412905578 22.855743806016132 36
1684412905592 22.40068117478 37
1684412905607 21.954789468816628 38
1684412905622 21.51881811815545 39
1684412905637 21.093257288464248 40
1684412905651 20.678196713576288 41
1684412905666 20.273374643445333 42
1684412905681 19.878301847208117 43
1684412905695 19.492449725271722 44
1684412905710 19.11539280050881 45
1684412905725 18.74693215385934 46
1684412905740 18.387198818125427 47
1684412905755 18.03670399503712 48
1684412905770 17.696211587437052 49
1684412905786 17.36632145270672 50
1684412905801 17.047051499961057 51
1684412905816 16.737803285916552 52
1684412905831 16.437639775552054 53
1684412905846 16.145616915645242 54
1684412905860 15.861094500202256 55
1684412905875 15.584033887491202 56
1684412905889 15.315216798895808 57
1684412905904 15.056193583099688 58
1684412905918 14.808935849271915 59
1684412905933 14.57538522120376 60
1684412905947 14.357167409432584 61
1684412905962 14.155510706423783 62
1684412905976 13.971183795657879 63
1684412905991 13.80426422343574 64
1684412906005 13.65387163735744 65
1684412906020 13.518082545234783 66
1684412906034 13.39403833168273 67
1684412906049 13.278228116192402 68
1684412906063 13.166865233834674 69
1684412906078 13.05627292830114 70
1684412906092 12.943209968593276 71
1684412906107 12.825064668924846 72
1684412906122 12.699955134851749 73
1684412906136 12.56674128684067 74
1684412906150 12.42500816892062 75
1684412906165 12.275004512116222 76
1684412906179 12.117536379839954 77
1684412906194 11.953818342334412 78
1684412906208 11.785320618303857 79
1684412906223 11.613653785619292 80
1684412906238 11.440510700486005 81
1684412906253 11.267649411744564 82
1684412906268 11.096869675466106 83
1684412906282 10.929951379880059 84
1684412906297 10.76854719656934 85
1684412906311 10.614057396413074 86
1684412906326 10.467532284248147 87
1684412906340 10.329633382421626 88
1684412906354 10.200641275472705 89
1684412906369 10.080519941613112 90
1684412906383 9.96899863820687 91
1684412906398 9.865668014147328 92
1684412906412 9.770069598294558 93
1684412906426 9.681754591290737 94
1684412906441 9.600281807457112 95
1684412906455 9.525138814921505 96
1684412906470 9.455675818788485 97
1684412906484 9.391134576613933 98
1684412906498 9.330750791746738 99
1684412906513 9.273831832748694 100
1684412906527 9.219792617195143 101
1684412906542 9.168158526844213 102
1684412906556 9.118562864409043 103
1684412906570 9.0707545789739 104
1684412906584 9.024597275162868 105
1684412906599 8.980061353912099 106
1684412906614 8.937218702818594 107
1684412906629 8.896212948358343 108
1684412906643 8.85723921064395 109
1684412906658 8.82051080540202 110
1684412906672 8.786235235978356 111
1684412906687 8.754598141951359 112
1684412906701 8.725746138486357 113
1684412906717 8.699784048245125 114
1684412906732 8.676768648342243 115
1684412906747 8.656716379913806 116
1684412906761 8.63960206280041 117
1684412906776 8.62536917977567 118
1684412906790 8.613930077791792 119
1684412906805 8.605179010609028 120
1684412906819 8.598989102456457 121
1684412906834 8.595227261728468 122
1684412906849 8.59374711474582 123
1684412906863 8.59440593698475 124
1684412906877 8.597059116038515 125
1684412906892 8.601566894591866 126
1684412906907 8.607795308700403 127
1684412906921 8.615620661713631 128
1684412906935 8.624923783399502 129
1684412906951 8.63558362982587 130
1684412906966 8.64745957650743 131
1684412906980 8.6603534480879 132
1684412906995 8.6739432381465 133
1684412907011 8.687667580211588 134
1684412907026 8.700555160437656 135
1684412907042 8.711016627518717 136
1684412907057 8.716666733130474 137
1684412907072 8.71427877271071 138
1684412907087 8.699973653272703 139
1684412907103 8.669666432055195 140
1684412907117 8.619699551577202 141
1684412907132 8.54750119116487 142
1684412907146 8.452081431570761 143
1684412907161 8.334201468590994 144
1684412907175 8.196216984330555 145
1684412907190 8.04164728759826 146
1684412907204 7.8746081245915 147
1684412907218 7.699239422111727 148
1684412907232 7.519226346569479 149
1684412907247 7.337328769726579 150
1684412907261 7.154707810117316 151
1684412907275 6.971088363023387 152
1684412907289 6.787189440046639 153
1684412907303 6.604871331029177 154
1684412907318 6.426339017671008 155
1684412907334 6.25369599395853 156
1684412907348 6.088703329304899 157
1684412907362 5.932676963907777 158
1684412907376 5.786469070824577 159
1684412907391 5.650528374261619 160
1684412907405 5.524986001977204 161
1684412907419 5.409756925658364 162
1684412907433 5.3045866502423635 163
1684412907447 5.209091121492651 164
1684412907463 5.122774372100174 165
1684412907477 5.0450816712328646 166
1684412907491 4.975426853648155 167
1684412907506 4.913203416902277 168
1684412907520 4.857791794447451 169
1684412907535 4.808552333617815 170
1684412907549 4.7648326386293895 171
1684412907563 4.725990396261544 172
1684412907577 4.691411745221096 173
1684412907592 4.660546743026142 174
1684412907606 4.6329148243460025 175
1684412907620 4.608112951686717 176
1684412907635 4.585803830963627 177
1684412907649 4.565706919921848 178
1684412907663 4.547587545106708 179
1684412907678 4.53124650494772 180
1684412907692 4.516509347197196 181
1684412907706 4.503223486508553 182
1684412907726 4.491252711810759 183
1684412907743 4.480468607412586 184
1684412907759 4.470756775362254 185
1684412907780 4.462006065241646 186
1684412907795 4.4541163360674965 187
1684412907811 4.446994056629354 188
1684412907828 4.440555227372407 189
1684412907843 4.434724358819405 190
1684412907857 4.429436098926644 191
1684412907872 4.424632699736101 192
1684412907887 4.42026988092957 193
1684412907901 4.41630771828801 194
1684412907916 4.412714017360685 195
1684412907930 4.409467559611347 196
1684412907944 4.406546998297525 197
1684412907959 4.403937476100733 198
1684412907974 4.4016298385941575 199
1684412907988 4.39961367511178 200
1684412908003 4.397879412316968 201
1684412908017 4.39641925820958 202
1684412908032 4.395223175037906 203
1684412908047 4.394280904763498 204
1684412908061 4.393581233397004 205
1684412908076 4.393112160644002 206
1684412908090 4.392858565964119 207
1684412908105 4.392809811568341 208
1684412908120 4.392950467478116 209
1684412908134 4.393269168424393 210
1684412908149 4.393752423683196 211
1684412908163 4.394388992230237 212
1684412908178 4.395167317426875 213
1684412908193 4.396078977504729 214
1684412908207 4.397114149428663 215
1684412908222 4.398266301139838 216
1684412908236 4.399527642390545 217
1684412908251 4.400892162506427 218
1684412908265 4.40235427331239 219
1684412908280 4.403908494298776 220
1684412908294 4.405551333062654 221
1684412908309 4.4072765701544085 222
1684412908324 4.40908064416924 223
1684412908338 4.410959504971011 224
1684412908352 4.4129072959521025 225
1684412908367 4.414923527003339 226
1684412908382 4.417000802287909 227
1684412908396 4.41913890890622 228
1684412908411 4.421330605004442 229
1684412908426 4.423573805059618 230
1684412908440 4.425866634708278 231
1684412908454 4.428203342175792 232
1684412908469 4.430583619919258 233
1684412908484 4.4330022681247385 234
1684412908498 4.435457842197433 235
1684412908512 4.437948734539173 236
1684412908527 4.4404720795300285 237
1684412908542 4.443026946392369 238
1684412908556 4.445611789864927 239
1684412908570 4.44822539113628 240
1684412908585 4.450867657861664 241
1684412908599 4.453538081854607 242
1684412908614 4.456234380548757 243
1684412908629 4.458957790328689 244
1684412908643 4.461709078743429 245
1684412908657 4.46448725699064 246
1684412908672 4.467293480008351 247
1684412908686 4.470128348781209 248
1684412908700 4.472993630232558 249
1684412908715 4.475888380994203 250
