1684412445379 52.919155 1
1684412445394 51.761738 2
1684412445409 50.391476 3
1684412445424 48.517487 4
1684412445439 46.116608 5
1684412445453 43.722603 6
1684412445468 41.39645 7
1684412445483 39.172226 8
1684412445497 37.072372 9
1684412445512 35.127167 10
1684412445527 33.35531 11
1684412445541 31.743216 12
1684412445556 30.256878 13
1684412445571 28.856339 14
1684412445586 27.512707 15
1684412445600 26.214123 16
1684412445614 24.961702 17
1684412445629 23.767 18
1684412445644 22.649261 19
1684412445658 21.622913 20
1684412445673 20.690155 21
1684412445688 19.844284 22
1684412445702 19.074533 23
1684412445717 18.369524 24
1684412445735 17.71912 25
1684412445751 17.115128 26
1684412445771 16.551365 27
1684412445787 16.023434 28
1684412445804 15.528415 29
1684412445821 15.064625 30
1684412445835 14.631451 31
1684412445849 14.229236 32
1684412445864 13.8591175 33
1684412445878 13.522604 34
1684412445892 13.220865 35
1684412445907 12.953968 36
1684412445921 12.720495 37
1684412445935 12.517712 38
1684412445949 12.342098 39
1684412445964 12.189947 40
1684412445978 12.057823 41
1684412445992 11.942856 42
1684412446006 11.84284 43
1684412446020 11.756165 44
1684412446035 11.681604 45
1684412446049 11.618055 46
1684412446063 11.5642805 47
1684412446077 11.518795 48
1684412446091 11.479906 49
1684412446106 11.445869 50
1684412446120 11.415091 51
1684412446134 11.38634 52
1684412446149 11.358952 53
1684412446163 11.332947 54
1684412446177 11.308853 55
1684412446192 11.286977 56
1684412446206 11.266453 57
1684412446220 11.245229 58
1684412446234 11.221821 59
1684412446248 11.196685 60
1684412446262 11.171497 61
1684412446276 11.147872 62
1684412446291 11.12658 63
1684412446305 11.107378 64
1684412446319 11.089086 65
1684412446333 10.944283 66
1684412446347 10.741833 67
1684412446362 10.558712 68
1684412446376 10.391972 69
1684412446390 10.238726 70
1684412446404 10.096369 71
1684412446419 9.962718 72
1684412446433 9.836086 73
1684412446447 9.715292 74
1684412446461 9.599619 75
1684412446476 9.488745 76
1684412446490 9.382651 77
1684412446504 9.28153 78
1684412446519 9.18568 79
1684412446533 9.09543 80
1684412446548 9.011056 81
1684412446562 8.932751 82
1684412446576 8.860588 83
1684412446590 8.79452 84
1684412446605 8.734383 85
1684412446619 8.6799 86
1684412446633 8.630716 87
1684412446648 8.586418 88
1684412446662 8.546558 89
1684412446676 8.510679 90
1684412446691 8.478331 91
1684412446705 8.449072 92
1684412446720 8.422482 93
1684412446734 8.3981495 94
1684412446748 8.375685 95
1684412446763 8.354709 96
1684412446778 8.334864 97
1684412446792 8.315821 98
1684412446807 8.297279 99
1684412446821 8.2789955 100
1684412446836 8.260783 101
1684412446850 8.242523 102
1684412446865 8.2241745 103
1684412446879 8.2057705 104
1684412446893 8.187421 105
1684412446908 8.16929 106
1684412446922 8.151584 107
1684412446936 8.13453 108
1684412446950 8.118355 109
1684412446965 8.103258 110
1684412446979 8.089401 111
1684412446993 8.076895 112
1684412447010 8.065789 113
1684412447024 8.056084 114
1684412447038 8.0477295 115
1684412447052 8.040634 116
1684412447067 8.034684 117
1684412447081 8.029745 118
1684412447095 8.025681 119
1684412447109 8.022352 120
1684412447124 8.019638 121
1684412447138 8.017423 122
1684412447152 8.01561 123
1684412447166 8.014119 124
1684412447180 8.012881 125
1684412447195 8.011845 126
1684412447209 8.010968 127
1684412447223 8.010219 128
1684412447237 8.009571 129
1684412447251 8.009006 130
1684412447266 8.008511 131
1684412447280 8.008075 132
1684412447294 8.007689 133
1684412447308 8.007348 134
1684412447323 8.007048 135
1684412447337 8.006781 136
1684412447351 8.006545 137
1684412447365 8.006338 138
1684412447380 8.006157 139
1684412447394 8.005998 140
1684412447408 8.005857 141
1684412447423 8.005736 142
1684412447438 8.005629 143
1684412447453 8.005537 144
1684412447469 8.005455 145
1684412447485 8.0053835 146
1684412447501 8.00532 147
1684412447516 8.005262 148
1684412447532 8.005212 149
1684412447547 8.005168 150
1684412447562 8.005127 151
1684412447577 8.00509 152
1684412447591 8.005054 153
1684412447606 8.005024 154
1684412447620 8.004994 155
1684412447634 8.004967 156
1684412447649 8.004942 157
1684412447663 8.004916 158
1684412447678 8.004893 159
1684412447692 8.004872 160
1684412447707 8.00485 161
1684412447724 8.004829 162
1684412447739 8.00481 163
1684412447753 8.004792 164
1684412447768 8.004774 165
1684412447782 8.004757 166
1684412447797 8.00474 167
1684412447811 8.004724 168
1684412447825 8.004707 169
1684412447840 8.004691 170
1684412447854 8.004676 171
1684412447868 8.004661 172
1684412447883 8.004646 173
1684412447897 8.004633 174
1684412447911 8.00462 175
1684412447925 8.004604 176
1684412447940 8.004591 177
1684412447954 8.004577 178
1684412447968 8.004564 179
1684412447983 8.004551 180
1684412447997 8.004538 181
1684412448012 8.004524 182
1684412448026 8.004511 183
1684412448041 8.0044985 184
1684412448055 8.004486 185
1684412448069 8.004473 186
1684412448083 8.00446 187
1684412448098 8.004448 188
1684412448112 8.004436 189
1684412448126 8.004423 190
1684412448141 8.004411 191
1684412448155 8.004398 192
1684412448169 8.004387 193
1684412448183 8.004374 194
1684412448198 8.004362 195
1684412448212 8.004351 196
1684412448226 8.004339 197
1684412448240 8.004327 198
1684412448254 8.004316 199
1684412448269 8.004305 200
1684412448283 8.004293 201
1684412448297 8.004282 202
1684412448312 8.004271 203
1684412448326 8.00426 204
1684412448340 8.00425 205
1684412448355 8.004238 206
1684412448371 8.004228 207
1684412448385 8.004217 208
1684412448400 8.004207 209
1684412448414 8.004196 210
1684412448428 8.004186 211
1684412448442 8.004176 212
1684412448457 8.004166 213
1684412448471 8.004156 214
1684412448485 8.004147 215
1684412448500 8.004137 216
1684412448514 8.0041275 217
1684412448528 8.004118 218
1684412448543 8.004108 219
1684412448557 8.004099 220
1684412448571 8.004089 221
1684412448585 8.00408 222
1684412448601 8.004071 223
1684412448616 8.004063 224
1684412448631 8.004054 225
1684412448646 8.0040455 226
1684412448661 8.004036 227
1684412448675 8.004028 228
1684412448689 8.00402 229
1684412448704 8.004011 230
1684412448718 8.004004 231
1684412448732 8.003996 232
1684412448746 8.003988 233
1684412448761 8.003979 234
1684412448775 8.003971 235
1684412448789 8.003963 236
1684412448804 8.003958 237
1684412448818 8.00395 238
1684412448833 8.003942 239
1684412448847 8.003935 240
1684412448862 8.003927 241
1684412448876 8.003921 242
1684412448890 8.003914 243
1684412448904 8.003907 244
1684412448919 8.003901 245
1684412448933 8.003894 246
1684412448947 8.003887 247
1684412448962 8.00388 248
1684412448976 8.003874 249
1684412448990 8.003868 250
