1684412944667 60.229443 1
1684412944683 60.2164 2
1684412944697 60.199974 3
1684412944712 60.18103 4
1684412944726 60.160313 5
1684412944741 60.139008 6
1684412944755 60.118454 7
1684412944770 60.09977 8
1684412944784 60.08361 9
1684412944798 60.07028 10
1684412944812 60.05983 11
1684412944828 60.05214 12
1684412944842 60.046806 13
1684412944856 60.04294 14
1684412944870 60.03885 15
1684412944885 60.03234 16
1684412944899 60.021484 17
1684412944914 60.00519 18
1684412944928 59.98333 19
1684412944943 59.956657 20
1684412944957 59.926468 21
1684412944971 59.894234 22
1684412944986 59.861233 23
1684412945000 59.82833 24
1684412945014 59.79574 25
1684412945029 59.76251 26
1684412945044 59.725647 27
1684412945058 59.67987 28
1684412945072 59.619854 29
1684412945087 59.542824 30
1684412945102 59.448845 31
1684412945116 59.33998 32
1684412945131 59.219315 33
1684412945145 59.09015 34
1684412945159 58.955605 35
1684412945174 58.81833 36
1684412945188 58.68049 37
1684412945203 58.54374 38
1684412945217 58.409317 39
1684412945232 58.278076 40
1684412945246 58.150604 41
1684412945260 58.02724 42
1684412945275 57.908165 43
1684412945289 57.793407 44
1684412945304 57.68292 45
1684412945318 57.57661 46
1684412945333 57.47445 47
1684412945347 57.376526 48
1684412945362 57.283268 49
1684412945376 57.195473 50
1684412945391 57.114388 51
1684412945405 57.041534 52
1684412945419 56.9784 53
1684412945434 56.926044 54
1684412945448 56.88489 55
1684412945463 56.85476 56
1684412945477 56.834972 57
1684412945492 56.824432 58
1684412945506 56.821606 59
1684412945520 56.82466 60
1684412945535 56.831688 61
1684412945550 56.840954 62
1684412945564 56.85096 63
1684412945578 56.860485 64
1684412945593 56.868515 65
1684412945608 56.874115 66
1684412945622 56.8763 67
1684412945637 56.873886 68
1684412945651 56.865486 69
1684412945666 56.849678 70
1684412945680 56.82534 71
1684412945695 56.79196 72
1684412945709 56.74975 73
1684412945723 56.69954 74
1684412945737 56.6426 75
1684412945752 56.5804 76
1684412945766 56.514427 77
1684412945780 56.44609 78
1684412945795 56.376633 79
1684412945809 56.30712 80
1684412945824 56.23843 81
1684412945838 56.17121 82
1684412945853 56.10587 83
1684412945867 56.042503 84
1684412945881 55.980858 85
1684412945896 55.920227 86
1684412945910 55.859337 87
1684412945924 55.79625 88
1684412945938 55.728374 89
1684412945953 55.652824 90
1684412945967 55.567097 91
1684412945981 55.46954 92
1684412945996 55.35963 93
1684412946010 55.237892 94
1684412946024 55.105736 95
1684412946039 54.965256 96
1684412946053 54.81905 97
1684412946068 54.670017 98
1684412946082 54.52121 99
1684412946096 54.375595 100
1684412946111 54.23589 101
1684412946125 54.10443 102
1684412946140 53.983265 103
1684412946154 53.874275 104
1684412946169 53.779316 105
1684412946183 53.70005 106
1684412946197 53.637424 107
1684412946212 53.591152 108
1684412946226 53.55967 109
1684412946240 53.540512 110
1684412946255 53.530838 111
1684412946269 53.527878 112
1684412946283 53.52925 113
1684412946297 53.53308 114
1684412946312 53.538013 115
1684412946327 53.54322 116
1684412946341 53.54825 117
1684412946356 53.552948 118
1684412946372 53.557285 119
1684412946386 53.561287 120
1684412946401 53.564945 121
1684412946415 53.568222 122
1684412946430 53.571068 123
1684412946444 53.573433 124
1684412946459 53.57528 125
1684412946473 53.576595 126
1684412946487 53.577408 127
1684412946502 53.577744 128
1684412946516 53.577652 129
1684412946530 53.577164 130
1684412946545 53.576324 131
1684412946559 53.57515 132
1684412946573 53.573666 133
1684412946587 53.57189 134
1684412946602 53.569817 135
1684412946616 53.567436 136
1684412946631 53.56472 137
1684412946645 53.561646 138
1684412946659 53.55815 139
1684412946673 53.554176 140
1684412946688 53.549644 141
1684412946702 53.54444 142
1684412946716 53.53846 143
1684412946730 53.53157 144
1684412946745 53.52362 145
1684412946759 53.514465 146
1684412946773 53.50396 147
1684412946787 53.49195 148
1684412946801 53.478333 149
1684412946816 53.463 150
1684412946830 53.44588 151
1684412946844 53.42692 152
1684412946859 53.406105 153
1684412946873 53.383423 154
1684412946887 53.358887 155
1684412946901 53.332527 156
1684412946916 53.30438 157
1684412946930 53.27447 158
1684412946944 53.242836 159
1684412946958 53.209526 160
1684412946972 53.174576 161
1684412946987 53.13801 162
1684412947001 53.09987 163
1684412947015 53.06019 164
1684412947029 53.01902 165
1684412947043 52.976395 166
1684412947057 52.93237 167
1684412947072 52.886993 168
1684412947086 52.840336 169
1684412947100 52.792458 170
1684412947114 52.74342 171
1684412947128 52.693295 172
1684412947142 52.64216 173
1684412947156 52.590076 174
1684412947171 52.53713 175
1684412947185 52.483368 176
1684412947199 52.42888 177
1684412947213 52.373714 178
1684412947227 52.317932 179
1684412947242 52.26159 180
1684412947256 52.204735 181
1684412947270 52.147423 182
1684412947284 52.08969 183
1684412947298 52.03158 184
1684412947313 51.97313 185
1684412947329 51.914368 186
1684412947343 51.855324 187
1684412947357 51.79604 188
1684412947372 51.736526 189
1684412947386 51.67681 190
1684412947400 51.616913 191
1684412947414 51.55686 192
1684412947429 51.496666 193
1684412947443 51.436344 194
1684412947457 51.375916 195
1684412947471 51.315384 196
1684412947485 51.25477 197
1684412947499 51.194088 198
1684412947513 51.13334 199
1684412947528 51.072544 200
1684412947542 51.011703 201
1684412947556 50.95083 202
1684412947570 50.88993 203
1684412947584 50.829018 204
1684412947599 50.76809 205
1684412947613 50.707165 206
1684412947627 50.64624 207
1684412947641 50.585327 208
1684412947655 50.524437 209
1684412947670 50.46357 210
1684412947684 50.402725 211
1684412947698 50.34191 212
1684412947713 50.28112 213
1684412947730 50.22034 214
1684412947745 50.15955 215
1684412947759 50.098732 216
1684412947773 50.037838 217
1684412947788 49.97685 218
1684412947802 49.91572 219
1684412947817 49.854427 220
1684412947831 49.792953 221
1684412947845 49.731274 222
1684412947859 49.6694 223
1684412947873 49.607323 224
1684412947888 49.54508 225
1684412947902 49.48268 226
1684412947916 49.420143 227
1684412947931 49.357513 228
1684412947945 49.29481 229
1684412947960 49.23207 230
1684412947975 49.16931 231
1684412947990 49.106567 232
1684412948004 49.043854 233
1684412948019 48.98121 234
1684412948033 48.918633 235
1684412948048 48.856148 236
1684412948062 48.793755 237
1684412948076 48.73148 238
1684412948091 48.66931 239
1684412948105 48.607265 240
1684412948119 48.545326 241
1684412948134 48.483505 242
1684412948148 48.421787 243
1684412948162 48.36018 244
1684412948177 48.298668 245
1684412948191 48.237247 246
1684412948205 48.175915 247
1684412948220 48.11467 248
1684412948234 48.053505 249
1684412948248 47.992424 250
