1684412408258 60.93741 1
1684412408272 60.932236 2
1684412408286 60.925606 3
1684412408300 60.91817 4
1684412408315 60.910553 5
1684412408329 60.903336 6
1684412408343 60.896996 7
1684412408357 60.89187 8
1684412408372 60.8881 9
1684412408386 60.885715 10
1684412408400 60.884567 11
1684412408414 60.884468 12
1684412408429 60.885162 13
1684412408443 60.886414 14
1684412408457 60.887997 15
1684412408471 60.889717 16
1684412408486 60.891438 17
1684412408500 60.89303 18
1684412408514 60.894424 19
1684412408528 60.895584 20
1684412408542 60.89647 21
1684412408557 60.89709 22
1684412408571 60.897438 23
1684412408585 60.897545 24
1684412408599 60.897408 25
1684412408614 60.89707 26
1684412408629 60.896553 27
1684412408643 60.89586 28
1684412408658 60.895027 29
1684412408673 60.894073 30
1684412408687 60.893005 31
1684412408702 60.891853 32
1684412408716 60.890617 33
1684412408731 60.889317 34
1684412408745 60.887955 35
1684412408760 60.88655 36
1684412408774 60.8851 37
1684412408789 60.883614 38
1684412408803 60.882107 39
1684412408818 60.88056 40
1684412408832 60.878998 41
1684412408846 60.877415 42
1684412408861 60.87581 43
1684412408875 60.87418 44
1684412408890 60.872528 45
1684412408904 60.87085 46
1684412408918 60.869133 47
1684412408932 60.867386 48
1684412408947 60.865593 49
1684412408961 60.863766 50
1684412408976 60.861916 51
1684412408990 60.860046 52
1684412409004 60.858192 53
1684412409019 60.85634 54
1684412409033 60.85453 55
1684412409047 60.852745 56
1684412409061 60.850998 57
1684412409076 60.84929 58
1684412409090 60.847603 59
1684412409105 60.845936 60
1684412409119 60.844288 61
1684412409133 60.84265 62
1684412409148 60.84102 63
1684412409162 60.839405 64
1684412409177 60.837788 65
1684412409191 60.836178 66
1684412409205 60.834564 67
1684412409219 60.832954 68
1684412409234 60.831333 69
1684412409248 60.829704 70
1684412409262 60.82807 71
1684412409276 60.82644 72
1684412409290 60.824795 73
1684412409304 60.823143 74
1684412409319 60.821487 75
1684412409333 60.819824 76
1684412409347 60.818157 77
1684412409361 60.81648 78
1684412409376 60.814796 79
1684412409390 60.813107 80
1684412409405 60.811417 81
1684412409419 60.80973 82
1684412409434 60.808033 83
1684412409448 60.806335 84
1684412409463 60.804634 85
1684412409477 60.802925 86
1684412409491 60.80121 87
1684412409505 60.799488 88
1684412409520 60.797775 89
1684412409534 60.796066 90
1684412409548 60.794384 91
1684412409562 60.792717 92
1684412409577 60.791077 93
1684412409591 60.789467 94
1684412409605 60.787872 95
1684412409619 60.7863 96
1684412409634 60.784737 97
1684412409648 60.783188 98
1684412409662 60.78164 99
1684412409677 60.780098 100
1684412409691 60.778553 101
1684412409705 60.777004 102
1684412409719 60.77546 103
1684412409734 60.77391 104
1684412409749 60.772358 105
1684412409763 60.7708 106
1684412409778 60.76924 107
1684412409792 60.767673 108
1684412409806 60.766106 109
1684412409820 60.764526 110
1684412409835 60.76294 111
1684412409849 60.761337 112
1684412409863 60.759727 113
1684412409877 60.758102 114
1684412409892 60.75646 115
1684412409906 60.7548 116
1684412409920 60.753105 117
1684412409935 60.751396 118
1684412409949 60.749657 119
1684412409963 60.7479 120
1684412409977 60.74612 121
1684412409992 60.744324 122
1684412410006 60.742516 123
1684412410021 60.7407 124
1684412410035 60.738884 125
1684412410049 60.73707 126
1684412410064 60.73526 127
1684412410078 60.73346 128
1684412410093 60.731674 129
1684412410107 60.729897 130
1684412410121 60.72813 131
1684412410135 60.726383 132
1684412410150 60.724648 133
1684412410164 60.722916 134
1684412410178 60.72119 135
1684412410193 60.719475 136
1684412410207 60.71776 137
1684412410221 60.71604 138
1684412410235 60.71431 139
1684412410250 60.712578 140
1684412410264 60.710823 141
1684412410278 60.709057 142
1684412410292 60.70726 143
1684412410307 60.70543 144
1684412410321 60.70357 145
1684412410335 60.70168 146
1684412410350 60.699738 147
1684412410364 60.697746 148
1684412410378 60.695713 149
1684412410392 60.693623 150
1684412410407 60.691483 151
1684412410421 60.68929 152
1684412410435 60.68704 153
1684412410450 60.684746 154
1684412410464 60.682404 155
1684412410478 60.68001 156
1684412410492 60.677574 157
1684412410507 60.675095 158
1684412410521 60.672577 159
1684412410535 60.670013 160
1684412410549 60.66741 161
1684412410565 60.66478 162
1684412410579 60.6621 163
1684412410594 60.659393 164
1684412410609 60.656654 165
1684412410624 60.653873 166
1684412410638 60.651062 167
1684412410652 60.648216 168
1684412410667 60.645348 169
1684412410682 60.64244 170
1684412410697 60.639503 171
1684412410713 60.636528 172
1684412410728 60.633537 173
1684412410742 60.630516 174
1684412410757 60.627464 175
1684412410771 60.62439 176
1684412410786 60.621292 177
1684412410800 60.618168 178
1684412410815 60.61502 179
1684412410829 60.611855 180
1684412410843 60.608673 181
1684412410857 60.605473 182
1684412410872 60.602253 183
1684412410886 60.599014 184
1684412410900 60.59576 185
1684412410915 60.59249 186
1684412410929 60.58921 187
1684412410943 60.585915 188
1684412410957 60.582607 189
1684412410972 60.579292 190
1684412410986 60.57596 191
1684412411000 60.572617 192
1684412411015 60.569267 193
1684412411029 60.565903 194
1684412411044 60.56254 195
1684412411058 60.55916 196
1684412411073 60.55577 197
1684412411087 60.552376 198
1684412411101 60.548973 199
1684412411115 60.545563 200
1684412411130 60.542145 201
1684412411144 60.53872 202
1684412411158 60.535294 203
1684412411173 60.531857 204
1684412411187 60.52841 205
1684412411201 60.524963 206
1684412411215 60.521507 207
1684412411230 60.51805 208
1684412411244 60.514587 209
1684412411258 60.511116 210
1684412411272 60.507652 211
1684412411287 60.504173 212
1684412411301 60.500694 213
1684412411315 60.497208 214
1684412411330 60.49372 215
1684412411344 60.490234 216
1684412411358 60.48674 217
1684412411372 60.483242 218
1684412411387 60.479744 219
1684412411401 60.476242 220
1684412411415 60.472736 221
1684412411430 60.469227 222
1684412411444 60.46572 223
1684412411458 60.462208 224
1684412411473 60.458694 225
1684412411488 60.455185 226
1684412411502 60.451668 227
1684412411516 60.448154 228
1684412411531 60.444633 229
1684412411545 60.441113 230
1684412411559 60.437595 231
1684412411574 60.434074 232
1684412411588 60.43055 233
1684412411602 60.42703 234
1684412411617 60.423508 235
1684412411631 60.419983 236
1684412411646 60.416454 237
1684412411660 60.412933 238
1684412411675 60.40941 239
1684412411689 60.40588 240
1684412411703 60.402355 241
1684412411719 60.398827 242
1684412411734 60.3953 243
1684412411749 60.391777 244
1684412411763 60.388252 245
1684412411778 60.384724 246
1684412411793 60.381203 247
1684412411807 60.377674 248
1684412411821 60.374146 249
1684412411836 60.370625 250
