1684413095676 57.66045 1
1684413095690 55.890724 2
1684413095705 53.70933 3
1684413095719 51.30362 4
1684413095733 48.863205 5
1684413095747 46.548225 6
1684413095762 44.44036 7
1684413095777 42.555756 8
1684413095791 40.87365 9
1684413095806 39.35746 10
1684413095820 37.96653 11
1684413095835 36.66125 12
1684413095849 35.40467 13
1684413095864 34.163284 14
1684413095878 32.908867 15
1684413095893 31.62225 16
1684413095907 30.297203 17
1684413095921 28.941082 18
1684413095936 27.571201 19
1684413095950 26.20942 20
1684413095964 24.877487 21
1684413095979 23.59414 22
1684413095993 22.373898 23
1684413096007 21.22715 24
1684413096021 20.161 25
1684413096035 19.180618 26
1684413096050 18.290834 27
1684413096064 17.49757 28
1684413096078 16.808067 29
1684413096092 16.228813 30
1684413096107 15.761732 31
1684413096121 15.401266 32
1684413096136 15.134705 33
1684413096150 14.944954 34
1684413096164 14.81366 35
1684413096178 14.723619 36
1684413096193 14.660416 37
1684413096207 14.613527 38
1684413096221 14.577163 39
1684413096236 14.550667 40
1684413096250 14.537107 41
1684413096264 14.538813 42
1684413096279 14.554419 43
1684413096293 14.579979 44
1684413096307 14.610781 45
1684413096321 14.642511 46
1684413096335 14.671801 47
1684413096350 14.696356 48
1684413096364 14.7148075 49
1684413096379 14.726423 50
1684413096393 14.73069 51
1684413096407 14.726803 52
1684413096422 14.713329 53
1684413096436 14.689098 54
1684413096451 14.655304 55
1684413096465 14.615736 56
1684413096479 14.574835 57
1684413096494 14.53615 58
1684413096508 14.501894 59
1684413096522 14.473072 60
1684413096537 14.449748 61
1684413096551 14.431337 62
1684413096565 14.416885 63
1684413096579 14.405284 64
1684413096594 14.395436 65
1684413096608 14.386374 66
1684413096623 14.377329 67
1684413096637 14.367804 68
1684413096651 14.3576355 69
1684413096666 14.347046 70
1684413096680 14.336628 71
1684413096694 14.327135 72
1684413096709 14.319153 73
1684413096724 14.312897 74
1684413096739 14.308283 75
1684413096753 14.305038 76
1684413096768 14.30282 77
1684413096782 14.301292 78
1684413096796 14.30016 79
1684413096811 14.299173 80
1684413096825 14.29814 81
1684413096839 14.296903 82
1684413096854 14.295338 83
1684413096868 14.293335 84
1684413096882 14.290797 85
1684413096896 14.28763 86
1684413096911 14.283739 87
1684413096925 14.279037 88
1684413096939 14.273458 89
1684413096954 14.266954 90
1684413096968 14.2595215 91
1684413096982 14.251196 92
1684413096997 14.242052 93
1684413097011 14.232192 94
1684413097025 14.221739 95
1684413097039 14.210818 96
1684413097054 14.19955 97
1684413097068 14.18804 98
1684413097082 14.176378 99
1684413097097 14.164631 100
1684413097111 14.152849 101
1684413097125 14.141064 102
1684413097140 14.129298 103
1684413097154 14.117561 104
1684413097168 14.105862 105
1684413097182 14.094202 106
1684413097197 14.082586 107
1684413097211 14.071022 108
1684413097225 14.059517 109
1684413097239 14.048087 110
1684413097254 14.036743 111
1684413097268 14.025507 112
1684413097282 14.0144005 113
1684413097296 14.003441 114
1684413097311 13.992649 115
1684413097327 13.982042 116
1684413097341 13.971632 117
1684413097355 13.96143 118
1684413097369 13.951437 119
1684413097383 13.941652 120
1684413097397 13.93207 121
1684413097411 13.922678 122
1684413097425 13.913462 123
1684413097439 13.9044075 124
1684413097454 13.895496 125
1684413097468 13.886713 126
1684413097482 13.878038 127
1684413097496 13.869457 128
1684413097511 13.860954 129
1684413097526 13.85252 130
1684413097540 13.844143 131
1684413097555 13.835812 132
1684413097569 13.827523 133
1684413097584 13.819269 134
1684413097598 13.811047 135
1684413097613 13.802855 136
1684413097627 13.794685 137
1684413097641 13.786543 138
1684413097656 13.778425 139
1684413097670 13.77033 140
1684413097684 13.762259 141
1684413097698 13.7542095 142
1684413097714 13.746185 143
1684413097730 13.738184 144
1684413097744 13.730206 145
1684413097759 13.722253 146
1684413097773 13.714324 147
1684413097788 13.706422 148
1684413097802 13.698545 149
1684413097817 13.690696 150
1684413097831 13.682875 151
1684413097846 13.675083 152
1684413097860 13.667322 153
1684413097875 13.659593 154
1684413097889 13.6518955 155
1684413097903 13.644234 156
1684413097918 13.636606 157
1684413097932 13.629013 158
1684413097946 13.621458 159
1684413097961 13.613941 160
1684413097976 13.606464 161
1684413097990 13.59903 162
1684413098004 13.591637 163
1684413098018 13.58429 164
1684413098032 13.57699 165
1684413098047 13.569737 166
1684413098061 13.562536 167
1684413098076 13.555384 168
1684413098090 13.548281 169
1684413098104 13.541227 170
1684413098119 13.534219 171
1684413098133 13.527253 172
1684413098147 13.520323 173
1684413098161 13.513422 174
1684413098176 13.506546 175
1684413098190 13.49968 176
1684413098204 13.492817 177
1684413098218 13.48595 178
1684413098233 13.479068 179
1684413098247 13.47216 180
1684413098261 13.465227 181
1684413098276 13.4582615 182
1684413098290 13.451267 183
1684413098304 13.4442425 184
1684413098318 13.437197 185
1684413098333 13.430135 186
1684413098347 13.423069 187
1684413098361 13.416007 188
1684413098376 13.40896 189
1684413098390 13.401936 190
1684413098404 13.394943 191
1684413098418 13.387989 192
1684413098433 13.381076 193
1684413098447 13.37421 194
1684413098462 13.367391 195
1684413098476 13.360617 196
1684413098491 13.3538885 197
1684413098505 13.347204 198
1684413098519 13.340563 199
1684413098534 13.333961 200
1684413098548 13.3273945 201
1684413098563 13.320864 202
1684413098577 13.314364 203
1684413098591 13.307897 204
1684413098605 13.301457 205
1684413098620 13.295046 206
1684413098636 13.288662 207
1684413098651 13.282307 208
1684413098666 13.275976 209
1684413098682 13.269674 210
1684413098696 13.263398 211
1684413098710 13.257149 212
1684413098725 13.250929 213
1684413098739 13.244736 214
1684413098753 13.238571 215
1684413098767 13.232435 216
1684413098782 13.226328 217
1684413098796 13.220249 218
1684413098810 13.214198 219
1684413098824 13.208177 220
1684413098839 13.202185 221
1684413098853 13.196224 222
1684413098867 13.1902895 223
1684413098881 13.184384 224
1684413098896 13.178508 225
1684413098910 13.172661 226
1684413098924 13.1668415 227
1684413098939 13.161053 228
1684413098953 13.155291 229
1684413098967 13.149559 230
1684413098981 13.143854 231
1684413098995 13.138178 232
1684413099009 13.13253 233
1684413099023 13.126909 234
1684413099038 13.121317 235
1684413099052 13.115754 236
1684413099066 13.110219 237
1684413099080 13.104712 238
1684413099095 13.099231 239
1684413099109 13.09378 240
1684413099123 13.088355 241
1684413099137 13.08296 242
1684413099152 13.077589 243
1684413099166 13.07225 244
1684413099180 13.0669365 245
1684413099195 13.061649 246
1684413099209 13.056392 247
1684413099223 13.051162 248
1684413099237 13.045959 249
1684413099252 13.040784 250
