1684412054065 55.855995 1
1684412054079 54.07118 2
1684412054094 51.856033 3
1684412054108 49.381382 4
1684412054123 46.795227 5
1684412054137 44.20977 6
1684412054151 41.703934 7
1684412054166 39.33465 8
1684412054180 37.146828 9
1684412054195 35.170662 10
1684412054209 33.413963 11
1684412054224 31.862617 12
1684412054238 30.4879 13
1684412054252 29.25466 14
1684412054267 28.127659 15
1684412054281 27.075523 16
1684412054295 26.072762 17
1684412054309 25.100515 18
1684412054324 24.146637 19
1684412054338 23.205305 20
1684412054352 22.276114 21
1684412054367 21.362644 22
1684412054381 20.470776 23
1684412054395 19.607119 24
1684412054410 18.777813 25
1684412054424 17.98787 26
1684412054438 17.240927 27
1684412054452 16.53935 28
1684412054467 15.884473 29
1684412054481 15.276853 30
1684412054495 14.716503 31
1684412054509 14.203014 32
1684412054523 13.735618 33
1684412054538 13.313215 34
1684412054552 12.934412 35
1684412054566 12.597568 36
1684412054580 12.300879 37
1684412054595 12.0424385 38
1684412054609 11.820222 39
1684412054623 11.631937 40
1684412054638 11.474816 41
1684412054652 11.345465 42
1684412054666 11.239897 43
1684412054680 11.153785 44
1684412054694 11.082754 45
1684412054709 11.022703 46
1684412054724 10.970002 47
1684412054738 10.921623 48
1684412054752 10.875147 49
1684412054767 10.828716 50
1684412054781 10.7809725 51
1684412054795 10.731109 52
1684412054810 10.67897 53
1684412054824 10.625032 54
1684412054838 10.570206 55
1684412054853 10.5156 56
1684412054867 10.462355 57
1684412054881 10.411596 58
1684412054895 10.364481 59
1684412054910 10.322209 60
1684412054924 10.285819 61
1684412054938 10.255758 62
1684412054952 10.231588 63
1684412054967 10.212096 64
1684412054981 10.195696 65
1684412054995 10.180864 66
1684412055010 10.166462 67
1684412055024 10.1518545 68
1684412055038 10.136883 69
1684412055053 10.121756 70
1684412055067 10.106915 71
1684412055081 10.092924 72
1684412055095 10.080372 73
1684412055110 10.069767 74
1684412055124 10.061451 75
1684412055138 10.055521 76
1684412055153 10.051823 77
1684412055167 10.050011 78
1684412055182 10.049637 79
1684412055196 10.050232 80
1684412055210 10.051363 81
1684412055224 10.052681 82
1684412055239 10.053944 83
1684412055253 10.05504 84
1684412055268 10.055978 85
1684412055287 10.056826 86
1684412055305 10.057665 87
1684412055319 10.0585575 88
1684412055334 10.059525 89
1684412055349 10.06057 90
1684412055366 10.061676 91
1684412055381 10.062823 92
1684412055396 10.063988 93
1684412055411 10.065147 94
1684412055425 10.066288 95
1684412055440 10.067396 96
1684412055456 10.06846 97
1684412055474 10.069476 98
1684412055489 10.070442 99
1684412055503 10.071359 100
1684412055517 10.072228 101
1684412055534 10.073053 102
1684412055549 10.073839 103
1684412055564 10.074587 104
1684412055578 10.075296 105
1684412055594 10.075959 106
1684412055612 10.076574 107
1684412055631 10.077124 108
1684412055648 10.0776 109
1684412055665 10.077982 110
1684412055680 10.078252 111
1684412055695 10.07839 112
1684412055710 10.078372 113
1684412055724 10.078178 114
1684412055739 10.077782 115
1684412055754 10.077158 116
1684412055768 10.076283 117
1684412055782 10.075136 118
1684412055797 10.073693 119
1684412055812 10.071936 120
1684412055827 10.069849 121
1684412055841 10.067421 122
1684412055856 10.064646 123
1684412055871 10.06152 124
1684412055885 10.058049 125
1684412055900 10.054237 126
1684412055915 10.050098 127
1684412055929 10.045645 128
1684412055944 10.040892 129
1684412055959 10.035856 130
1684412055973 10.0305605 131
1684412055988 10.025019 132
1684412056003 10.019255 133
1684412056017 10.013283 134
1684412056032 10.007122 135
1684412056046 10.000793 136
1684412056061 9.994312 137
1684412056075 9.987698 138
1684412056090 9.980963 139
1684412056105 9.974129 140
1684412056119 9.967209 141
1684412056134 9.960218 142
1684412056148 9.953176 143
1684412056163 9.946093 144
1684412056178 9.938983 145
1684412056192 9.931862 146
1684412056209 9.924736 147
1684412056223 9.917621 148
1684412056237 9.910522 149
1684412056252 9.903448 150
1684412056266 9.896408 151
1684412056281 9.889408 152
1684412056295 9.882454 153
1684412056309 9.875553 154
1684412056324 9.868713 155
1684412056338 9.861938 156
1684412056353 9.855235 157
1684412056367 9.84861 158
1684412056382 9.842066 159
1684412056396 9.835609 160
1684412056411 9.829241 161
1684412056425 9.822964 162
1684412056439 9.81678 163
1684412056453 9.810694 164
1684412056467 9.804703 165
1684412056481 9.798809 166
1684412056496 9.793011 167
1684412056510 9.787308 168
1684412056524 9.781702 169
1684412056538 9.77619 170
1684412056552 9.770772 171
1684412056566 9.765448 172
1684412056580 9.760214 173
1684412056595 9.755074 174
1684412056609 9.750022 175
1684412056623 9.74506 176
1684412056638 9.740187 177
1684412056652 9.735402 178
1684412056667 9.730707 179
1684412056681 9.726103 180
1684412056695 9.721586 181
1684412056710 9.717162 182
1684412056724 9.71283 183
1684412056738 9.708588 184
1684412056752 9.704439 185
1684412056766 9.700386 186
1684412056780 9.6964245 187
1684412056795 9.692556 188
1684412056809 9.688782 189
1684412056823 9.685099 190
1684412056837 9.681506 191
1684412056851 9.678004 192
1684412056866 9.674589 193
1684412056880 9.671259 194
1684412056894 9.668013 195
1684412056908 9.664847 196
1684412056922 9.661763 197
1684412056936 9.658755 198
1684412056950 9.655824 199
1684412056964 9.652965 200
1684412056979 9.65018 201
1684412056993 9.647464 202
1684412057007 9.644817 203
1684412057022 9.642239 204
1684412057036 9.639727 205
1684412057050 9.63728 206
1684412057064 9.634897 207
1684412057079 9.632578 208
1684412057093 9.6303215 209
1684412057107 9.628125 210
1684412057121 9.625989 211
1684412057135 9.623912 212
1684412057149 9.621893 213
1684412057164 9.61993 214
1684412057178 9.618024 215
1684412057192 9.616173 216
1684412057206 9.614376 217
1684412057220 9.612633 218
1684412057234 9.610941 219
1684412057248 9.609299 220
1684412057262 9.607708 221
1684412057276 9.606167 222
1684412057291 9.604673 223
1684412057305 9.603228 224
1684412057319 9.601828 225
1684412057333 9.600473 226
1684412057347 9.599164 227
1684412057361 9.597898 228
1684412057375 9.596674 229
1684412057390 9.595492 230
1684412057404 9.594353 231
1684412057419 9.593251 232
1684412057433 9.592192 233
1684412057447 9.591168 234
1684412057461 9.590184 235
1684412057475 9.589237 236
1684412057490 9.588327 237
1684412057504 9.587454 238
1684412057518 9.586614 239
1684412057532 9.58581 240
1684412057546 9.585039 241
1684412057561 9.584303 242
1684412057575 9.583598 243
1684412057590 9.582926 244
1684412057605 9.582287 245
1684412057619 9.581678 246
1684412057633 9.581102 247
1684412057647 9.580557 248
1684412057662 9.580043 249
1684412057676 9.579559 250
