1684413439317 55.420227 1
1684413439332 54.840775 2
1684413439347 52.81349 3
1684413439362 50.498383 4
1684413439376 48.060646 5
1684413439390 45.60047 6
1684413439405 43.18682 7
1684413439420 40.864307 8
1684413439434 38.66151 9
1684413439449 36.585518 10
1684413439463 34.63112 11
1684413439478 32.79418 12
1684413439492 31.070583 13
1684413439507 29.456408 14
1684413439522 27.949932 15
1684413439536 26.558468 16
1684413439551 25.306004 17
1684413439565 24.215683 18
1684413439580 23.286486 19
1684413439594 22.496141 20
1684413439609 21.812025 21
1684413439623 21.199478 22
1684413439637 20.627165 23
1684413439653 20.070354 24
1684413439668 19.512405 25
1684413439683 18.944622 26
1684413439698 18.364908 27
1684413439713 17.775887 28
1684413439727 17.183014 29
1684413439742 16.593 30
1684413439756 16.012623 31
1684413439771 15.447977 32
1684413439785 14.904028 33
1684413439799 14.384451 34
1684413439814 13.891607 35
1684413439829 13.426659 36
1684413439843 12.989706 37
1684413439857 12.579998 38
1684413439872 12.196164 39
1684413439886 11.836454 40
1684413439901 11.498987 41
1684413439916 11.181968 42
1684413439930 10.883858 43
1684413439944 10.603507 44
1684413439959 10.340212 45
1684413439974 10.09371 46
1684413439988 9.864122 47
1684413440002 9.651828 48
1684413440017 9.457307 49
1684413440032 9.280985 50
1684413440046 9.123093 51
1684413440060 8.983568 52
1684413440075 8.8619995 53
1684413440089 8.757605 54
1684413440104 8.669247 55
1684413440120 8.595484 56
1684413440134 8.534659 57
1684413440149 8.485002 58
1684413440164 8.44475 59
1684413440180 8.4122305 60
1684413440195 8.385935 61
1684413440210 8.364548 62
1684413440225 8.346971 63
1684413440240 8.332307 64
1684413440256 8.319856 65
1684413440271 8.309084 66
1684413440286 8.299593 67
1684413440301 8.291109 68
1684413440315 8.283436 69
1684413440330 8.276447 70
1684413440345 8.270058 71
1684413440359 8.26421 72
1684413440375 8.258865 73
1684413440389 8.253995 74
1684413440403 8.249575 75
1684413440418 8.245575 76
1684413440433 8.241975 77
1684413440447 8.238743 78
1684413440461 8.235857 79
1684413440476 8.233284 80
1684413440490 8.230997 81
1684413440505 8.228971 82
1684413440519 8.227177 83
1684413440534 8.225594 84
1684413440548 8.2241955 85
1684413440562 8.222967 86
1684413440577 8.2218895 87
1684413440592 8.220948 88
1684413440606 8.220133 89
1684413440620 8.219431 90
1684413440635 8.218835 91
1684413440649 8.218338 92
1684413440664 8.217934 93
1684413440678 8.217613 94
1684413440693 8.217372 95
1684413440708 8.217204 96
1684413440722 8.2171 97
1684413440736 8.217058 98
1684413440751 8.217068 99
1684413440766 8.217128 100
1684413440780 8.21723 101
1684413440795 8.217372 102
1684413440809 8.21755 103
1684413440823 8.217766 104
1684413440838 8.218018 105
1684413440852 8.218309 106
1684413440866 8.2186365 107
1684413440880 8.218988 108
1684413440895 8.21933 109
1684413440909 8.219614 110
1684413440923 8.219772 111
1684413440937 8.219728 112
1684413440952 8.219437 113
1684413440966 8.218885 114
1684413440980 8.218118 115
1684413440994 8.217205 116
1684413441009 8.216227 117
1684413441023 8.215255 118
1684413441037 8.214342 119
1684413441052 8.213524 120
1684413441066 8.212811 121
1684413441080 8.21221 122
1684413441095 8.211707 123
1684413441109 8.211292 124
1684413441123 8.210951 125
1684413441138 8.210667 126
1684413441152 8.210426 127
1684413441166 8.210218 128
1684413441181 8.210033 129
1684413441195 8.209866 130
1684413441210 8.209707 131
1684413441224 8.209556 132
1684413441238 8.209408 133
1684413441253 8.209265 134
1684413441267 8.209124 135
1684413441281 8.208985 136
1684413441296 8.208851 137
1684413441311 8.208721 138
1684413441325 8.208596 139
1684413441339 8.208476 140
1684413441354 8.208363 141
1684413441368 8.208254 142
1684413441382 8.208153 143
1684413441397 8.2080555 144
1684413441411 8.207964 145
1684413441425 8.207878 146
1684413441440 8.207796 147
1684413441455 8.20772 148
1684413441469 8.207645 149
1684413441483 8.207576 150
1684413441497 8.20751 151
1684413441512 8.207445 152
1684413441526 8.207384 153
1684413441540 8.207326 154
1684413441556 8.20727 155
1684413441571 8.207216 156
1684413441586 8.207165 157
1684413441601 8.207113 158
1684413441616 8.207066 159
1684413441630 8.20702 160
1684413441644 8.206976 161
1684413441659 8.206932 162
1684413441673 8.206891 163
1684413441688 8.206851 164
1684413441704 8.206814 165
1684413441719 8.206776 166
1684413441734 8.206739 167
1684413441748 8.206706 168
1684413441763 8.206672 169
1684413441777 8.206638 170
1684413441791 8.206607 171
1684413441806 8.206575 172
1684413441820 8.206545 173
1684413441835 8.206516 174
1684413441849 8.206486 175
1684413441863 8.206457 176
1684413441878 8.206429 177
1684413441892 8.2064 178
1684413441906 8.206373 179
1684413441920 8.206346 180
1684413441935 8.206318 181
1684413441949 8.206293 182
1684413441963 8.206266 183
1684413441977 8.206241 184
1684413441991 8.206217 185
1684413442006 8.206192 186
1684413442020 8.206169 187
1684413442034 8.206146 188
1684413442048 8.206123 189
1684413442063 8.2061 190
1684413442077 8.2060795 191
1684413442091 8.2060585 192
1684413442105 8.2060375 193
1684413442120 8.206018 194
1684413442134 8.205999 195
1684413442148 8.20598 196
1684413442162 8.205963 197
1684413442176 8.205944 198
1684413442190 8.205927 199
1684413442205 8.20591 200
1684413442219 8.2058935 201
1684413442234 8.205877 202
1684413442248 8.20586 203
1684413442262 8.205843 204
1684413442277 8.205828 205
1684413442291 8.2058115 206
1684413442306 8.205796 207
1684413442320 8.205781 208
1684413442334 8.205765 209
1684413442349 8.2057495 210
1684413442363 8.205735 211
1684413442378 8.205721 212
1684413442392 8.205706 213
1684413442406 8.205691 214
1684413442420 8.205677 215
1684413442435 8.205662 216
1684413442449 8.205648 217
1684413442463 8.205634 218
1684413442478 8.20562 219
1684413442493 8.205606 220
1684413442507 8.205592 221
1684413442521 8.205579 222
1684413442536 8.205566 223
1684413442550 8.205553 224
1684413442564 8.205539 225
1684413442579 8.205525 226
1684413442593 8.205513 227
1684413442608 8.2055 228
1684413442623 8.205486 229
1684413442638 8.205473 230
1684413442653 8.2054615 231
1684413442668 8.205447 232
1684413442684 8.205436 233
1684413442699 8.205423 234
1684413442714 8.205411 235
1684413442729 8.205399 236
1684413442745 8.205386 237
1684413442760 8.205374 238
1684413442775 8.205362 239
1684413442791 8.20535 240
1684413442806 8.205338 241
1684413442822 8.205326 242
1684413442837 8.205315 243
1684413442852 8.205303 244
1684413442867 8.205292 245
1684413442883 8.205279 246
1684413442898 8.205269 247
1684413442913 8.205257 248
1684413442928 8.205246 249
1684413442943 8.205235 250
