1683821411703 55.12623 1
1683821411771 52.739647 2
1683821411832 32.59763 3
1683821411888 19.461678 4
1683821411940 13.223814 5
1683821411992 13.3268585 6
1683821412047 12.514811 7
1683821412099 11.70105 8
1683821412151 10.3831415 9
1683821412203 9.542936 10
1683821412258 9.412803 11
1683821412311 9.408008 12
1683821412363 9.336147 13
1683821412414 9.333963 14
1683821412466 9.380199 15
1683821412522 9.452354 16
1683821412576 9.53298 17
1683821412629 9.604371 18
1683821412684 9.660906 19
1683821412745 9.705815 20
1683821412800 9.71123 21
1683821412852 9.680188 22
1683821412906 9.614813 23
1683821412958 9.536615 24
1683821413010 9.464865 25
1683821413068 9.408131 26
1683821413125 9.36673 27
1683821413179 9.337518 28
1683821413232 9.317095 29
1683821413284 9.302857 30
1683821413334 9.293 31
1683821413384 9.28632 32
1683821413436 9.282023 33
1683821413487 9.279577 34
1683821413539 9.278606 35
1683821413596 9.278828 36
1683821413649 9.2800255 37
1683821413700 9.282004 38
1683821413751 9.284576 39
1683821413802 9.287548 40
1683821413852 9.290707 41
1683821413904 9.293835 42
1683821413954 9.296723 43
1683821414004 9.2992 44
1683821414059 9.301184 45
1683821414109 9.302732 46
1683821414159 9.303947 47
1683821414210 9.304271 48
1683821414260 9.303446 49
1683821414311 9.302906 50
1683821414363 9.303565 51
1683821414415 9.305404 52
1683821414466 9.307996 53
1683821414519 9.311116 54
1683821414574 9.31473 55
1683821414626 9.318732 56
1683821414677 9.322908 57
1683821414730 9.327013 58
1683821414785 9.330811 59
1683821414846 9.334078 60
1683821414902 9.336611 61
1683821414958 9.338259 62
1683821415015 9.338947 63
1683821415071 9.338678 64
1683821415128 9.337531 65
1683821415181 9.335646 66
1683821415234 9.3332 67
1683821415287 9.330389 68
1683821415337 9.3274 69
1683821415389 9.324398 70
1683821415440 9.321522 71
1683821415492 9.31887 72
1683821415546 9.316512 73
1683821415599 9.314487 74
1683821415654 9.312812 75
1683821415706 9.311483 76
1683821415758 9.310482 77
1683821415811 9.309782 78
1683821415862 9.309352 79
1683821415915 9.3091545 80
1683821415968 9.309156 81
1683821416020 9.309319 82
1683821416074 9.309611 83
1683821416125 9.310005 84
1683821416176 9.3104725 85
1683821416228 9.310992 86
1683821416290 9.311548 87
1683821416346 9.312124 88
1683821416399 9.312709 89
1683821416451 9.313294 90
1683821416501 9.313873 91
1683821416555 9.314439 92
1683821416607 9.314985 93
1683821416658 9.315507 94
1683821416711 9.315998 95
1683821416762 9.316454 96
1683821416814 9.31687 97
1683821416865 9.31724 98
1683821416916 9.317561 99
1683821416966 9.31783 100
1683821417018 9.318044 101
1683821417072 9.318203 102
1683821417123 9.318309 103
1683821417175 9.318361 104
1683821417228 9.318365 105
1683821417281 9.318323 106
1683821417333 9.318244 107
1683821417383 9.318129 108
1683821417435 9.317986 109
1683821417487 9.317822 110
1683821417542 9.317642 111
1683821417596 9.317453 112
1683821417651 9.317261 113
1683821417709 9.317069 114
1683821417766 9.316881 115
1683821417823 9.316703 116
1683821417875 9.316536 117
1683821417926 9.316383 118
1683821417975 9.316246 119
1683821418029 9.316124 120
1683821418082 9.31602 121
1683821418133 9.315934 122
1683821418183 9.315865 123
1683821418233 9.31581 124
1683821418284 9.315772 125
1683821418336 9.315751 126
1683821418387 9.315744 127
1683821418439 9.31575 128
1683821418490 9.315766 129
1683821418542 9.315794 130
1683821418595 9.315828 131
1683821418647 9.315872 132
1683821418699 9.315919 133
1683821418750 9.315969 134
1683821418803 9.316023 135
1683821418855 9.316076 136
1683821418907 9.316128 137
1683821418956 9.316179 138
1683821419007 9.316225 139
1683821419159 9.316266 140
1683821419219 9.316302 141
1683821419270 9.31633 142
1683821419321 9.316353 143
1683821419374 9.316367 144
1683821419426 9.316374 145
1683821419482 9.316374 146
1683821419534 9.316366 147
1683821419586 9.316351 148
1683821419640 9.316329 149
1683821419691 9.316301 150
1683821419746 9.316269 151
1683821419801 9.316233 152
1683821419862 9.316192 153
1683821419925 9.316148 154
1683821419984 9.316101 155
1683821420040 9.316052 156
1683821420096 9.316004 157
1683821420148 9.315954 158
1683821420201 9.315905 159
1683821420255 9.315855 160
1683821420308 9.315808 161
1683821420361 9.3157625 162
1683821420440 9.315718 163
1683821420496 9.315676 164
1683821420552 9.315635 165
1683821420605 9.315597 166
1683821420656 9.315561 167
1683821420708 9.315527 168
1683821420762 9.3154955 169
1683821420815 9.315466 170
1683821420867 9.315437 171
1683821420919 9.315412 172
1683821420973 9.315388 173
1683821421026 9.315363 174
1683821421080 9.315341 175
1683821421132 9.315319 176
1683821421184 9.315296 177
1683821421236 9.315274 178
1683821421286 9.315252 179
1683821421336 9.315228 180
1683821421389 9.315205 181
1683821421446 9.315178 182
1683821421501 9.315151 183
1683821421553 9.315124 184
1683821421605 9.315096 185
1683821421658 9.315065 186
1683821421710 9.315035 187
1683821421766 9.315002 188
1683821421821 9.314968 189
1683821421874 9.314935 190
1683821421927 9.314899 191
1683821421983 9.314863 192
1683821422036 9.314827 193
1683821422088 9.31479 194
1683821422139 9.314752 195
1683821422190 9.314714 196
1683821422241 9.314674 197
1683821422293 9.314636 198
1683821422344 9.314598 199
1683821422396 9.314558 200
1683821422450 9.31452 201
1683821422503 9.314484 202
1683821422556 9.314445 203
1683821422608 9.314407 204
1683821422660 9.314369 205
1683821422713 9.314333 206
1683821422764 9.314295 207
1683821422815 9.3142605 208
1683821422865 9.314224 209
1683821422916 9.314188 210
1683821422968 9.314153 211
1683821423021 9.314117 212
1683821423073 9.314083 213
1683821423161 9.314049 214
1683821423220 9.314014 215
1683821423277 9.31398 216
1683821423328 9.313947 217
1683821423378 9.313911 218
1683821423431 9.313878 219
1683821423487 9.313845 220
1683821423543 9.31381 221
1683821423597 9.313777 222
1683821423650 9.313744 223
1683821423704 9.313709 224
1683821423757 9.313677 225
1683821423809 9.313643 226
1683821423862 9.31361 227
1683821423913 9.313578 228
1683821423966 9.313545 229
1683821424020 9.313513 230
1683821424072 9.31348 231
1683821424125 9.313448 232
1683821424177 9.313416 233
1683821424230 9.313382 234
1683821424283 9.31335 235
1683821424334 9.313317 236
1683821424387 9.313284 237
1683821424441 9.3132515 238
1683821424498 9.313219 239
1683821424551 9.313189 240
1683821424605 9.313155 241
1683821424659 9.313124 242
1683821424714 9.313092 243
1683821424773 9.313061 244
1683821424828 9.313028 245
1683821424882 9.312999 246
1683821424934 9.312967 247
1683821424988 9.312939 248
1683821425040 9.312908 249
1683821425093 9.31288 250
