1683821754521 59.057175 1
1683821754585 57.916924 2
1683821754644 53.994293 3
1683821754701 41.95781 4
1683821754758 34.32159 5
1683821754812 32.319237 6
1683821754870 27.605562 7
1683821754928 24.709145 8
1683821754985 22.373995 9
1683821755040 19.395096 10
1683821755096 16.040356 11
1683821755150 14.566215 12
1683821755205 14.736108 13
1683821755263 14.9572735 14
1683821755319 15.198615 15
1683821755377 15.4541025 16
1683821755432 15.713745 17
1683821755490 15.953191 18
1683821755551 16.13565 19
1683821755609 16.209179 20
1683821755673 16.136337 21
1683821755730 15.9123745 22
1683821755786 15.544762 23
1683821755842 15.043223 24
1683821755897 14.435787 25
1683821755952 13.774377 26
1683821756016 13.114291 27
1683821756075 12.498484 28
1683821756132 11.951511 29
1683821756190 11.478008 30
1683821756247 11.071052 31
1683821756301 10.720549 32
1683821756356 10.413994 33
1683821756411 10.133311 34
1683821756466 9.852726 35
1683821756517 9.728949 36
1683821756572 9.7284 37
1683821756628 9.727859 38
1683821756681 9.727293 39
1683821756737 9.726649 40
1683821756794 9.72591 41
1683821756849 9.725109 42
1683821756904 9.724301 43
1683821756958 9.7235365 44
1683821757009 9.72285 45
1683821757059 9.722264 46
1683821757111 9.721788 47
1683821757164 9.721418 48
1683821757216 9.721144 49
1683821757269 9.720943 50
1683821757323 9.720806 51
1683821757378 9.720715 52
1683821757434 9.720658 53
1683821757486 9.720625 54
1683821757536 9.720606 55
1683821757587 9.720595 56
1683821757639 9.720588 57
1683821757691 9.720578 58
1683821757744 9.720564 59
1683821757799 9.720547 60
1683821757852 9.720522 61
1683821757906 9.720491 62
1683821757962 9.720455 63
1683821758019 9.720415 64
1683821758072 9.720371 65
1683821758125 9.720325 66
1683821758179 9.72028 67
1683821758232 9.720233 68
1683821758284 9.720186 69
1683821758336 9.72014 70
1683821758390 9.720095 71
1683821758447 9.720051 72
1683821758504 9.720009 73
1683821758562 9.719967 74
1683821758620 9.719927 75
1683821758675 9.719887 76
1683821758729 9.719851 77
1683821758782 9.719814 78
1683821758834 9.719779 79
1683821758887 9.719746 80
1683821758942 9.719712 81
1683821758996 9.719681 82
1683821759050 9.719649 83
1683821759103 9.719619 84
1683821759159 9.719587 85
1683821759213 9.719557 86
1683821759268 9.719526 87
1683821759319 9.719495 88
1683821759370 9.719463 89
1683821759423 9.719433 90
1683821759477 9.719402 91
1683821759534 9.719371 92
1683821759588 9.71934 93
1683821759641 9.719311 94
1683821759691 9.719282 95
1683821759745 9.719254 96
1683821759799 9.719227 97
1683821759857 9.7192 98
1683821759914 9.719175 99
1683821759969 9.7191515 100
1683821760028 9.719128 101
1683821760083 9.719107 102
1683821760135 9.719087 103
1683821760188 9.719068 104
1683821760244 9.719049 105
1683821760300 9.719033 106
1683821760356 9.719017 107
1683821760413 9.719004 108
1683821760470 9.71899 109
1683821760524 9.718979 110
1683821760579 9.718967 111
1683821760632 9.718956 112
1683821760684 9.718946 113
1683821760736 9.718938 114
1683821760789 9.718929 115
1683821760842 9.718922 116
1683821760896 9.718914 117
1683821760951 9.718906 118
1683821761008 9.718899 119
1683821761065 9.718891 120
1683821761118 9.7188835 121
1683821761170 9.718877 122
1683821761222 9.71887 123
1683821761275 9.7188635 124
1683821761329 9.718857 125
1683821761381 9.718849 126
1683821761435 9.7188425 127
1683821761491 9.718835 128
1683821761555 9.718828 129
1683821761614 9.718821 130
1683821761673 9.718813 131
1683821761728 9.718807 132
1683821761780 9.7188 133
1683821761833 9.718792 134
1683821761885 9.718785 135
1683821761938 9.71878 136
1683821761990 9.718773 137
1683821762040 9.718766 138
1683821762092 9.7187605 139
1683821762147 9.718754 140
1683821762201 9.718749 141
1683821762258 9.718744 142
1683821762315 9.718739 143
1683821762371 9.718733 144
1683821762428 9.718729 145
1683821762482 9.718724 146
1683821762539 9.71872 147
1683821762594 9.718718 148
1683821762649 9.718715 149
1683821762703 9.718711 150
1683821762755 9.718708 151
1683821762811 9.718704 152
1683821762866 9.718701 153
1683821762924 9.7186985 154
1683821762979 9.718697 155
1683821763031 9.718695 156
1683821763083 9.718692 157
1683821763136 9.71869 158
1683821763189 9.718688 159
1683821763244 9.718685 160
1683821763297 9.718684 161
1683821763349 9.718682 162
1683821763401 9.71868 163
1683821763456 9.718678 164
1683821763512 9.718677 165
1683821763567 9.718676 166
1683821763619 9.718673 167
1683821763672 9.718672 168
1683821763725 9.718669 169
1683821763777 9.718668 170
1683821763830 9.718666 171
1683821763882 9.718666 172
1683821763938 9.718664 173
1683821763992 9.718662 174
1683821764048 9.718662 175
1683821764107 9.718659 176
1683821764162 9.718659 177
1683821764214 9.718657 178
1683821764266 9.718656 179
1683821764318 9.718656 180
1683821764368 9.718655 181
1683821764421 9.718653 182
1683821764472 9.718653 183
1683821764523 9.718652 184
1683821764573 9.718651 185
1683821764625 9.718651 186
1683821764683 9.718649 187
1683821764741 9.718649 188
1683821764796 9.718649 189
1683821764849 9.718649 190
1683821764900 9.718647 191
1683821764954 9.718647 192
1683821765008 9.718647 193
1683821765062 9.718647 194
1683821765115 9.718647 195
1683821765168 9.718646 196
1683821765220 9.718647 197
1683821765405 9.718647 198
1683821765499 9.718646 199
1683821765551 9.718647 200
1683821765602 9.718647 201
1683821765654 9.718647 202
1683821765708 9.718647 203
1683821765762 9.718647 204
1683821765816 9.718647 205
1683821765872 9.718647 206
1683821765929 9.718647 207
1683821765988 9.718648 208
1683821766042 9.718648 209
1683821766095 9.718648 210
1683821766148 9.718648 211
1683821766201 9.718649 212
1683821766255 9.718649 213
1683821766309 9.718649 214
1683821766362 9.718649 215
1683821766416 9.71865 216
1683821766487 9.718651 217
1683821766546 9.718651 218
1683821766601 9.718651 219
1683821766655 9.718651 220
1683821766710 9.718652 221
1683821766765 9.718653 222
1683821766819 9.718653 223
1683821766871 9.718653 224
1683821766923 9.718653 225
1683821766976 9.718655 226
1683821767028 9.718655 227
1683821767082 9.718656 228
1683821767136 9.718656 229
1683821767194 9.718657 230
1683821767248 9.718657 231
1683821767301 9.7186575 232
1683821767353 9.718658 233
1683821767405 9.718658 234
1683821767458 9.71866 235
1683821767510 9.718659 236
1683821767561 9.71866 237
1683821767612 9.718661 238
1683821767667 9.718662 239
1683821767724 9.718662 240
1683821767781 9.718663 241
1683821767836 9.718664 242
1683821767894 9.718664 243
1683821767948 9.718665 244
1683821768006 9.718666 245
1683821768064 9.718667 246
1683821768121 9.718667 247
1683821768174 9.718668 248
1683821768229 9.718669 249
1683821768284 9.71867 250
