1683822410089 13.767386235913431 1
1683822410168 15.922432748660471 2
1683822410226 17.232771439861352 3
1683822410280 19.050561812646922 4
1683822410333 19.891099329479406 5
1683822410386 19.919589924314796 6
1683822410440 18.581847659101363 7
1683822410493 17.554219890836116 8
1683822410546 17.160654405442905 9
1683822410599 16.863351166355034 10
1683822410652 16.609445791668428 11
1683822410708 16.23778690580659 12
1683822410763 15.869635532433023 13
1683822410818 15.583179698914856 14
1683822410873 15.373159685285165 15
1683822410929 15.191133024745712 16
1683822410984 15.027223476909942 17
1683822411038 14.878963251253941 18
1683822411095 14.744016105788821 19
1683822411152 14.608659113544629 20
1683822411213 14.477082666468366 21
1683822411267 14.351268945030696 22
1683822411324 14.231628509254788 23
1683822411379 14.118937598228825 24
1683822411434 14.014294486057327 25
1683822411488 13.916589112135144 26
1683822411590 13.823927847778206 27
1683822411648 13.733265466607051 28
1683822411703 13.639100555428874 29
1683822411755 13.526365174023768 30
1683822411808 13.359703332710039 31
1683822411862 13.08892975020686 32
1683822411915 12.704289410213963 33
1683822411970 12.24164022395969 34
1683822412023 11.733788841987696 35
1683822412074 11.20235045803618 36
1683822412136 10.658628593413788 37
1683822412196 10.100645841036881 38
1683822412252 9.541151027093395 39
1683822412310 8.982696744788392 40
1683822412364 8.435082208404275 41
1683822412417 7.904800116989349 42
1683822412470 7.393911185594885 43
1683822412522 6.903396529854878 44
1683822412572 6.434316089603976 45
1683822412623 5.986971444671302 46
1683822412675 5.560326575487883 47
1683822412730 5.15195649919194 48
1683822412781 4.7582093885082735 49
1683822412834 4.374561742821657 50
1683822412894 3.996283588339207 51
1683822412952 3.619674065394242 52
1683822413007 3.244217966050755 53
1683822413061 2.878812705563312 54
1683822413114 2.5659418695526304 55
1683822413169 2.3543875947483737 56
1683822413224 2.2064982103883266 57
1683822413277 2.0861004551118247 58
1683822413331 1.9700516095563454 59
1683822413384 1.831713617293618 60
1683822413440 1.6224238322262732 61
1683822413494 1.2899050053363856 62
1683822413546 0.9213284094369308 63
1683822413597 0.68885784479236 64
1683822413648 0.6355629176270307 65
1683822413701 0.6163178506421478 66
1683822413753 0.6072514817802087 67
1683822413804 0.6025545586446779 68
1683822413854 0.6001162507373153 69
1683822413905 0.5987301862310307 70
1683822413961 0.5974859820610264 71
1683822414017 0.5958181120355889 72
1683822414070 0.5938003517895307 73
1683822414127 0.5919799785085185 74
1683822414183 0.590866580788827 75
1683822414238 0.5906919863336973 76
1683822414289 0.591455474816137 77
1683822414341 0.5930204652543154 78
1683822414392 0.595172961516476 79
1683822414444 0.5976326204108698 80
1683822414498 0.6000528496007956 81
1683822414548 0.6020176178006388 82
1683822414600 0.6030462698982211 83
1683822414651 0.6026189683924923 84
1683822414703 0.6002327526943436 85
1683822414754 0.5955018868744099 86
1683822414805 0.5882964732682353 87
1683822414856 0.578900222009829 88
1683822414907 0.5681051140576922 89
1683822414959 0.5571142953931366 90
1683822415011 0.5471715727484897 91
1683822415062 0.5390982048146684 92
1683822415113 0.533082588382764 93
1683822415167 0.5288466791475465 94
1683822415218 0.5259498883637079 95
1683822415269 0.5239933267279326 96
1683822415320 0.5226869113770033 97
1683822415371 0.5218380443670055 98
1683822415422 0.5213238450689958 99
1683822415593 0.521067233019572 100
1683822415688 0.5210178383416139 101
1683822415744 0.5211433986111647 102
1683822415795 0.5214205792433617 103
1683822415848 0.5218324072108476 104
1683822415902 0.5223637848754465 105
1683822415955 0.5229992136825014 106
1683822416006 0.5237212302912837 107
1683822416061 0.5245095692375416 108
1683822416117 0.5253412537421228 109
1683822416174 0.5261903968394296 110
1683822416230 0.5270297128240917 111
1683822416286 0.5278336081625127 112
1683822416343 0.5285785619963873 113
1683822416399 0.529245172997154 114
1683822416454 0.5298185629790356 115
1683822416510 0.530290318119722 116
1683822416566 0.5306566104201885 117
1683822416622 0.5309189048151828 118
1683822416678 0.5310800831480083 119
1683822416735 0.5311484971898001 120
1683822416788 0.5311321213147593 121
1683822416881 0.5310400238185187 122
1683822416943 0.5308830620658954 123
1683822417000 0.5306722681556827 124
1683822417056 0.5304186791988148 125
1683822417113 0.5301334437595816 126
1683822417170 0.5298266618940911 127
1683822417226 0.5295084465548965 128
1683822417282 0.529188784682754 129
1683822417340 0.5288761599062998 130
1683822417397 0.5285779306084211 131
1683822417454 0.5282994376643586 132
1683822417509 0.5280472749370567 133
1683822417564 0.5278243385237793 134
1683822417617 0.5276332030333726 135
1683822417673 0.5274757570653335 136
1683822417728 0.527352485416913 137
1683822417785 0.5272629237929537 138
1683822417840 0.5272053425960137 139
1683822417905 0.5271791569130375 140
1683822417963 0.5271810130648289 141
1683822418019 0.5272082123564481 142
1683822418074 0.5272580151628219 143
1683822418129 0.5273272075438695 144
1683822418185 0.5274118511078069 145
1683822418243 0.5275083142607769 146
1683822418297 0.5276135057487805 147
1683822418351 0.5277233100671693 148
1683822418407 0.5278353252566176 149
1683822418467 0.5279459281479545 150
1683822418527 0.528052846959125 151
1683822418583 0.5281537005353254 152
1683822418638 0.5282463691217317 153
1683822418695 0.5283292323447015 154
1683822418750 0.5284010914355889 155
1683822418801 0.5284614403713505 156
1683822418853 0.5285095040061896 157
1683822418909 0.5285451822902517 158
1683822418965 0.5285693185170446 159
1683822419021 0.5285815776982878 160
1683822419074 0.5285829735747172 161
1683822419127 0.528574264343599 162
1683822419182 0.5285570543720762 163
1683822419237 0.5285319141964754 164
1683822419291 0.5284999490408903 165
1683822419342 0.5284629412864494 166
1683822419395 0.5284217630589032 167
1683822419449 0.528377918074334 168
1683822419500 0.5283323457878776 169
1683822419551 0.5282863219651428 170
1683822419606 0.5282407130099078 171
1683822419659 0.5281963481306091 172
1683822419714 0.5281545175397587 173
1683822419767 0.5281154438004039 174
1683822419819 0.528079783392424 175
1683822419869 0.5280477086901475 176
1683822419921 0.528019729051087 177
1683822419974 0.5279964279595194 178
1683822420032 0.52797709706239 179
1683822420092 0.5279621683710924 180
1683822420152 0.5279509844267263 181
1683822420213 0.5279441529424358 182
1683822420290 0.5279407803854637 183
1683822420359 0.5279398714886774 184
1683822420423 0.5279421449813678 185
1683822420484 0.5279469798133163 186
1683822420549 0.5279534815937521 187
1683822420611 0.5279610897133156 188
1683822420669 0.5279701298433943 189
1683822420733 0.5279794956510803 190
1683822420795 0.5279887338244289 191
1683822420856 0.5279980971260936 192
1683822420916 0.5280065447886347 193
1683822421148 0.5280146204867102 194
1683822421243 0.5280211622644383 195
1683822421299 0.5280266705304941 196
1683822421357 0.5280310141186276 197
1683822421412 0.528033558953426 198
1683822421465 0.528034850343825 199
1683822421516 0.5280342591982481 200
1683822421568 0.5280328262481385 201
1683822421621 0.5280300540312581 202
1683822421675 0.5280255581467009 203
1683822421729 0.5280203806132039 204
1683822421782 0.5280139718285771 205
1683822421832 0.5280072956104807 206
1683822421887 0.5279994143023861 207
1683822421937 0.5279917309092241 208
1683822421987 0.5279834222606029 209
1683822422039 0.5279750293008528 210
1683822422091 0.527966531693932 211
1683822422145 0.5279582114036832 212
1683822422198 0.5279502588229071 213
1683822422251 0.5279425825682126 214
1683822422340 0.5279357587435702 215
1683822422401 0.5279296582723652 216
1683822422457 0.5279235400691744 217
1683822422509 0.5279185746105762 218
1683822422560 0.5279142506464409 219
1683822422615 0.5279106592593641 220
1683822422669 0.5279079591561681 221
1683822422723 0.527905868774145 222
1683822422777 0.5279041869133773 223
1683822422830 0.5279033795993634 224
1683822422886 0.5279028793483174 225
1683822422941 0.5279029141964551 226
1683822422995 0.5279030672586438 227
1683822423047 0.5279037746553688 228
1683822423099 0.5279049526669902 229
1683822423154 0.5279059358660203 230
1683822423208 0.5279075288821719 231
1683822423262 0.5279088438776174 232
1683822423315 0.5279101823786462 233
1683822423369 0.5279117064050965 234
1683822423421 0.5279132854490327 235
1683822423474 0.5279146025343011 236
1683822423533 0.5279161794405616 237
1683822423585 0.5279170362634577 238
1683822423639 0.5279184165411439 239
1683822423693 0.5279192370911432 240
1683822423747 0.5279202940624563 241
1683822423799 0.5279206347239761 242
1683822423851 0.5279212900923332 243
1683822423905 0.5279216972113043 244
1683822423956 0.5279219542700108 245
1683822424010 0.5279224685660593 246
1683822424063 0.5279228237016299 247
1683822424116 0.5279229058544634 248
1683822424167 0.5279234597995497 249
1683822424220 0.5279235386117048 250
