1683823263922 58.4832 1
1683823263989 58.337845 2
1683823264050 57.751892 3
1683823264107 57.428745 4
1683823264162 57.1586 5
1683823264216 55.7472 6
1683823264273 55.176086 7
1683823264329 42.459633 8
1683823264384 23.693151 9
1683823264440 19.59859 10
1683823264497 12.994911 11
1683823264552 10.828281 12
1683823264609 9.982815 13
1683823264665 9.623153 14
1683823264725 9.617044 15
1683823264782 9.379195 16
1683823264837 9.290992 17
1683823264894 9.208844 18
1683823264951 9.219218 19
1683823265012 9.21023 20
1683823265069 9.201706 21
1683823265125 9.200053 22
1683823265179 9.19922 23
1683823265233 9.200075 24
1683823265289 9.199963 25
1683823265345 9.199505 26
1683823265411 9.199284 27
1683823265470 9.199299 28
1683823265524 9.199222 29
1683823265577 9.199156 30
1683823265630 9.19929 31
1683823265683 9.199291 32
1683823265737 9.199198 33
1683823265791 9.199262 34
1683823265843 9.199668 35
1683823265894 9.200693 36
1683823265946 9.202792 37
1683823266000 9.20436 38
1683823266053 9.203274 39
1683823266104 9.201691 40
1683823266157 9.200932 41
1683823266213 9.200744 42
1683823266267 9.200635 43
1683823266318 9.200418 44
1683823266370 9.200161 45
1683823266421 9.1999445 46
1683823266472 9.199775 47
1683823266524 9.199626 48
1683823266575 9.199484 49
1683823266626 9.199351 50
1683823266677 9.199234 51
1683823266730 9.199133 52
1683823266784 9.199047 53
1683823266836 9.198977 54
1683823266886 9.198925 55
1683823266937 9.198887 56
1683823266988 9.198862 57
1683823267038 9.19885 58
1683823267089 9.198847 59
1683823267140 9.198852 60
1683823267191 9.198864 61
1683823267242 9.19888 62
1683823267294 9.198903 63
1683823267345 9.198931 64
1683823267396 9.198964 65
1683823267447 9.199002 66
1683823267498 9.199047 67
1683823267554 9.199096 68
1683823267627 9.199148 69
1683823267688 9.1992035 70
1683823267745 9.199257 71
1683823267799 9.1993065 72
1683823267850 9.19935 73
1683823267901 9.199384 74
1683823267951 9.199405 75
1683823268004 9.199415 76
1683823268056 9.199415 77
1683823268107 9.199406 78
1683823268157 9.19939 79
1683823268208 9.199371 80
1683823268261 9.199349 81
1683823268314 9.1993265 82
1683823268366 9.199304 83
1683823268416 9.19928 84
1683823268467 9.199259 85
1683823268519 9.19924 86
1683823268572 9.199223 87
1683823268623 9.199206 88
1683823268678 9.199193 89
1683823268730 9.1991825 90
1683823268781 9.199172 91
1683823268832 9.199165 92
1683823268883 9.19916 93
1683823268937 9.199156 94
1683823268989 9.199153 95
1683823269040 9.199152 96
1683823269091 9.199151 97
1683823269142 9.199152 98
1683823269192 9.199154 99
1683823269243 9.199156 100
1683823269295 9.19916 101
1683823269346 9.199162 102
1683823269396 9.199164 103
1683823269447 9.199167 104
1683823269498 9.19917 105
1683823269548 9.199173 106
1683823269599 9.199175 107
1683823269651 9.199177 108
1683823269705 9.199178 109
1683823269761 9.199179 110
1683823269813 9.199179 111
1683823269866 9.199181 112
1683823269922 9.199179 113
1683823269976 9.199179 114
1683823270029 9.199179 115
1683823270080 9.199177 116
1683823270132 9.199177 117
1683823270185 9.199177 118
1683823270238 9.199175 119
1683823270295 9.199175 120
1683823270351 9.199174 121
1683823270404 9.199172 122
1683823270457 9.199171 123
1683823270513 9.199171 124
1683823270566 9.19917 125
1683823270618 9.199169 126
1683823270670 9.199169 127
1683823270724 9.199169 128
1683823270777 9.199168 129
1683823270828 9.199167 130
1683823270878 9.199168 131
1683823270929 9.199168 132
1683823270980 9.199168 133
1683823271032 9.199168 134
1683823271083 9.199168 135
1683823271134 9.199169 136
1683823271184 9.199169 137
1683823271236 9.199169 138
1683823271291 9.199169 139
1683823271347 9.199169 140
1683823271398 9.199169 141
1683823271450 9.199169 142
1683823271502 9.19917 143
1683823271553 9.19917 144
1683823271604 9.19917 145
1683823271655 9.19917 146
1683823271706 9.19917 147
1683823271759 9.19917 148
1683823271810 9.19917 149
1683823271863 9.199171 150
1683823271919 9.199171 151
1683823271973 9.199171 152
1683823272027 9.199171 153
1683823272080 9.199171 154
1683823272132 9.199171 155
1683823272183 9.199171 156
1683823272236 9.199171 157
1683823272291 9.199171 158
1683823272343 9.199172 159
1683823272394 9.199172 160
1683823272446 9.199171 161
1683823272497 9.199171 162
1683823272550 9.199172 163
1683823272601 9.199172 164
1683823272659 9.199172 165
1683823272714 9.199173 166
1683823272767 9.199173 167
1683823272819 9.199173 168
1683823272870 9.199173 169
1683823272920 9.199173 170
1683823272970 9.199173 171
1683823273023 9.199173 172
1683823273077 9.199173 173
1683823273129 9.199173 174
1683823273181 9.199174 175
1683823273231 9.199174 176
1683823273285 9.199174 177
1683823273336 9.199174 178
1683823273386 9.199175 179
1683823273436 9.199175 180
1683823273487 9.199175 181
1683823273538 9.199175 182
1683823273589 9.199175 183
1683823273660 9.199175 184
1683823273716 9.199175 185
1683823273770 9.199176 186
1683823273821 9.199177 187
1683823273874 9.199177 188
1683823273927 9.199177 189
1683823273982 9.199177 190
1683823274036 9.199177 191
1683823274088 9.199177 192
1683823274141 9.199177 193
1683823274193 9.199177 194
1683823274286 9.199178 195
1683823274394 9.199178 196
1683823274470 9.199178 197
1683823274524 9.199179 198
1683823274579 9.199179 199
1683823274634 9.199179 200
1683823274690 9.199179 201
1683823274745 9.199179 202
1683823274799 9.199179 203
1683823274850 9.199179 204
1683823274901 9.19918 205
1683823274953 9.19918 206
1683823275008 9.19918 207
1683823275063 9.199179 208
1683823275118 9.199181 209
1683823275173 9.199181 210
1683823275226 9.199181 211
1683823275281 9.199181 212
1683823275333 9.199181 213
1683823275385 9.199181 214
1683823275438 9.199181 215
1683823275490 9.199182 216
1683823275544 9.199181 217
1683823275596 9.1991825 218
1683823275647 9.1991825 219
1683823275700 9.1991825 220
1683823275765 9.1991825 221
1683823275824 9.1991825 222
1683823275880 9.1991825 223
1683823275933 9.1991825 224
1683823275983 9.199183 225
1683823276035 9.199183 226
1683823276086 9.199183 227
1683823276138 9.199183 228
1683823276190 9.199183 229
1683823276242 9.199184 230
1683823276298 9.199184 231
1683823276354 9.199184 232
1683823276408 9.199184 233
1683823276460 9.199184 234
1683823276513 9.199184 235
1683823276568 9.199184 236
1683823276620 9.199184 237
1683823276671 9.199185 238
1683823276723 9.199186 239
1683823276777 9.199186 240
1683823276829 9.199185 241
1683823276880 9.199186 242
1683823276931 9.199186 243
1683823276982 9.199185 244
1683823277034 9.199186 245
1683823277091 9.199187 246
1683823277146 9.199186 247
1683823277198 9.199186 248
1683823277249 9.199186 249
1683823277304 9.199187 250
