1683822293545 40.81268 1
1683822293766 24.12881 2
1683822293831 22.051426 3
1683822293884 14.751562 4
1683822293940 13.066402 5
1683822293997 10.671349 6
1683822294051 10.33454 7
1683822294105 10.257983 8
1683822294160 10.306147 9
1683822294217 10.406804 10
1683822294274 10.31054 11
1683822294330 9.851526 12
1683822294385 9.633911 13
1683822294443 9.459508 14
1683822294499 9.448208 15
1683822294556 9.451963 16
1683822294612 9.452503 17
1683822294667 9.452002 18
1683822294721 9.450622 19
1683822294780 9.456084 20
1683822294835 9.472482 21
1683822294890 9.49659 22
1683822294943 9.518751 23
1683822294996 9.505847 24
1683822295053 9.490938 25
1683822295108 9.488936 26
1683822295172 9.492346 27
1683822295231 9.492547 28
1683822295286 9.487775 29
1683822295340 9.481958 30
1683822295391 9.477495 31
1683822295444 9.474047 32
1683822295497 9.470706 33
1683822295552 9.467172 34
1683822295605 9.46363 35
1683822295655 9.460302 36
1683822295705 9.457287 37
1683822295758 9.454586 38
1683822295809 9.452179 39
1683822295860 9.45004 40
1683822295911 9.448138 41
1683822295963 9.446447 42
1683822296017 9.444943 43
1683822296071 9.443617 44
1683822296124 9.442459 45
1683822296180 9.441475 46
1683822296232 9.440672 47
1683822296285 9.440065 48
1683822296336 9.439678 49
1683822296386 9.439526 50
1683822296436 9.439628 51
1683822296486 9.439995 52
1683822296540 9.440626 53
1683822296593 9.441509 54
1683822296644 9.442617 55
1683822296696 9.443911 56
1683822296748 9.445336 57
1683822296800 9.446835 58
1683822296851 9.448337 59
1683822296909 9.449783 60
1683822296965 9.451115 61
1683822297018 9.452285 62
1683822297069 9.45326 63
1683822297120 9.454025 64
1683822297172 9.454573 65
1683822297222 9.454912 66
1683822297273 9.455055 67
1683822297324 9.4550295 68
1683822297375 9.454857 69
1683822297426 9.454565 70
1683822297476 9.454182 71
1683822297528 9.453728 72
1683822297582 9.453232 73
1683822297635 9.452708 74
1683822297686 9.452179 75
1683822297737 9.451658 76
1683822297789 9.451158 77
1683822297841 9.450687 78
1683822297893 9.450258 79
1683822297945 9.449873 80
1683822297996 9.449537 81
1683822298051 9.449253 82
1683822298103 9.449024 83
1683822298154 9.448849 84
1683822298208 9.448725 85
1683822298272 9.448654 86
1683822298329 9.448631 87
1683822298384 9.448655 88
1683822298436 9.448721 89
1683822298486 9.448826 90
1683822298539 9.448963 91
1683822298591 9.449131 92
1683822298645 9.449322 93
1683822298696 9.44953 94
1683822298747 9.449751 95
1683822298799 9.449982 96
1683822298849 9.450215 97
1683822298901 9.450447 98
1683822298952 9.450674 99
1683822299003 9.4508915 100
1683822299057 9.451097 101
1683822299109 9.451286 102
1683822299162 9.451461 103
1683822299215 9.451616 104
1683822299268 9.451754 105
1683822299321 9.451872 106
1683822299373 9.451973 107
1683822299429 9.452055 108
1683822299483 9.452121 109
1683822299537 9.452173 110
1683822299591 9.45221 111
1683822299645 9.452237 112
1683822299696 9.452253 113
1683822299746 9.452262 114
1683822299806 9.452265 115
1683822299860 9.452264 116
1683822299912 9.452261 117
1683822299962 9.452257 118
1683822300018 9.452253 119
1683822300073 9.452253 120
1683822300125 9.452253 121
1683822300176 9.452259 122
1683822300226 9.45227 123
1683822300281 9.452284 124
1683822300333 9.452305 125
1683822300384 9.45233 126
1683822300435 9.452361 127
1683822300487 9.452396 128
1683822300540 9.452438 129
1683822300591 9.452485 130
1683822300642 9.452536 131
1683822300693 9.452589 132
1683822300743 9.452646 133
1683822300795 9.452706 134
1683822300846 9.452768 135
1683822300897 9.452831 136
1683822300947 9.452895 137
1683822301004 9.452959 138
1683822301060 9.453022 139
1683822301113 9.453084 140
1683822301168 9.453145 141
1683822301220 9.453204 142
1683822301271 9.45326 143
1683822301322 9.453314 144
1683822301373 9.453365 145
1683822301425 9.453413 146
1683822301475 9.453459 147
1683822301526 9.453501 148
1683822301579 9.453541 149
1683822301631 9.453576 150
1683822301683 9.453609 151
1683822301733 9.45364 152
1683822301784 9.453668 153
1683822301835 9.453693 154
1683822301885 9.453716 155
1683822301936 9.453737 156
1683822301987 9.453756 157
1683822302040 9.4537735 158
1683822302092 9.45379 159
1683822302145 9.453804 160
1683822302197 9.453818 161
1683822302247 9.453832 162
1683822302299 9.453844 163
1683822302351 9.4538555 164
1683822302404 9.453867 165
1683822302455 9.453879 166
1683822302507 9.45389 167
1683822302559 9.453901 168
1683822302611 9.453911 169
1683822302663 9.453922 170
1683822302715 9.453932 171
1683822302765 9.453941 172
1683822302817 9.453952 173
1683822302869 9.453961 174
1683822302919 9.453972 175
1683822302970 9.453981 176
1683822303021 9.453989 177
1683822303074 9.453999 178
1683822303124 9.454006 179
1683822303175 9.454014 180
1683822303226 9.4540205 181
1683822303276 9.454027 182
1683822303327 9.454033 183
1683822303378 9.454038 184
1683822303428 9.454041 185
1683822303478 9.454045 186
1683822303529 9.454048 187
1683822303582 9.45405 188
1683822303633 9.454051 189
1683822303684 9.454051 190
1683822305104 9.454052 191
1683822305161 9.454048 192
1683822305216 9.454047 193
1683822305272 9.454044 194
1683822305328 9.454041 195
1683822305384 9.454037 196
1683822305440 9.454032 197
1683822305495 9.454026 198
1683822305551 9.4540205 199
1683822305607 9.454014 200
1683822305665 9.454006 201
1683822305721 9.453999 202
1683822305777 9.453991 203
1683822305833 9.453982 204
1683822305891 9.453974 205
1683822305947 9.453966 206
1683822306003 9.453956 207
1683822306060 9.453946 208
1683822306116 9.453936 209
1683822306175 9.453925 210
1683822306231 9.453915 211
1683822306288 9.453905 212
1683822306352 9.453894 213
1683822306412 9.453882 214
1683822306469 9.453871 215
1683822306525 9.453859 216
1683822306579 9.453848 217
1683822306633 9.453836 218
1683822306687 9.453824 219
1683822306740 9.453812 220
1683822306793 9.4538 221
1683822306846 9.453788 222
1683822306901 9.453775 223
1683822306954 9.453762 224
1683822307005 9.453751 225
1683822307057 9.453737 226
1683822307108 9.453724 227
1683822307162 9.4537115 228
1683822307216 9.453698 229
1683822307269 9.453685 230
1683822307322 9.453671 231
1683822307374 9.453658 232
1683822307430 9.453645 233
1683822307484 9.453631 234
1683822307534 9.453618 235
1683822307587 9.453604 236
1683822307638 9.4535885 237
1683822307691 9.453575 238
1683822307741 9.453562 239
1683822307794 9.453547 240
1683822307847 9.453532 241
1683822307899 9.453518 242
1683822307953 9.453505 243
1683822308005 9.45349 244
1683822308055 9.453475 245
1683822308106 9.453461 246
1683822308158 9.453445 247
1683822308211 9.453431 248
1683822308264 9.453418 249
1683822308316 9.453403 250
