1683823650540 15.369182977267997 1
1683823650615 12.09078721356392 2
1683823650672 11.682129978747955 3
1683823650727 10.624933402754962 4
1683823650783 8.721197301564299 5
1683823650844 8.662577488400668 6
1683823650901 5.383474299324369 7
1683823650957 4.70216679767959 8
1683823651013 4.489248127476108 9
1683823651069 4.317049545826915 10
1683823651124 3.9135897898016427 11
1683823651176 3.4937226297466673 12
1683823651228 3.4200536679650884 13
1683823651280 3.5289529344573904 14
1683823651333 3.6276296726266604 15
1683823651390 3.703243194724311 16
1683823651443 3.76509929997927 17
1683823651495 3.8099608925287134 18
1683823651554 3.784028529136234 19
1683823651609 3.60593832037403 20
1683823651670 3.26042923875076 21
1683823651723 2.827327270549222 22
1683823651776 2.3862775648078247 23
1683823651828 1.9753233554594778 24
1683823651881 1.629130949869711 25
1683823651937 1.3945876639331136 26
1683823652001 1.2453167719500493 27
1683823652060 1.1376191097900357 28
1683823652115 1.0505117853614114 29
1683823652168 0.9762747942930096 30
1683823652222 0.9121176837161526 31
1683823652275 0.8568145672531077 32
1683823652327 0.809704778557568 33
1683823652381 0.7704296274787866 34
1683823652434 0.7388020466889624 35
1683823652486 0.7147309977667273 36
1683823652540 0.6981606203511875 37
1683823652594 0.6886769101249494 38
1683823652649 0.6843062500076205 39
1683823652705 0.6809081302112454 40
1683823652757 0.6752410890272585 41
1683823652808 0.6668499801578699 42
1683823652861 0.6555493909267529 43
1683823652916 0.6404794533753959 44
1683823652970 0.6206304130215465 45
1683823653023 0.5953845837298353 46
1683823653076 0.5649127542236854 47
1683823653129 0.5304235548197993 48
1683823653181 0.4940621634897358 49
1683823653242 0.45836328790320047 50
1683823653329 0.4255465725222605 51
1683823653410 0.3970291723751342 52
1683823653464 0.37330229822716376 53
1683823653515 0.35411848833188564 54
1683823653569 0.33881725389653095 55
1683823653623 0.32663118519534634 56
1683823653677 0.3168546106620237 57
1683823653729 0.308906691893468 58
1683823653783 0.3023387955690617 59
1683823653837 0.2968210008880345 60
1683823653891 0.29212525781892024 61
1683823653943 0.2881094778628165 62
1683823653994 0.2846944488205782 63
1683823654047 0.28184134065168454 64
1683823654101 0.27952462918573184 65
1683823654156 0.2777187229621678 66
1683823654210 0.27638759007945624 67
1683823654264 0.2754880561908804 68
1683823654318 0.2749700738188248 69
1683823654373 0.27478204951685975 70
1683823654428 0.27487161920750725 71
1683823654482 0.2751874644313132 72
1683823654534 0.2756750836336304 73
1683823654587 0.276283159400305 74
1683823654640 0.2769579018874019 75
1683823654769 0.2776501010007984 76
1683823654834 0.2783149935295038 77
1683823654887 0.278914555121542 78
1683823654940 0.279420322274794 79
1683823654992 0.27981419624079945 80
1683823655049 0.2800868143089533 81
1683823655104 0.2802369555290114 82
1683823655159 0.2802696334884866 83
1683823655214 0.28019363686465054 84
1683823655269 0.2800198047024787 85
1683823655323 0.27976213484957996 86
1683823655378 0.27943239946525783 87
1683823655432 0.27904365919444674 88
1683823655484 0.2786082639747742 89
1683823655536 0.27813655194688913 90
1683823655589 0.2776401137553973 91
1683823655643 0.2771280738485553 92
1683823655698 0.27660873459394525 93
1683823655752 0.27608959727559484 94
1683823655805 0.27557775892329167 95
1683823655858 0.27507848855918376 96
1683823655913 0.2745966778876681 97
1683823655966 0.2741369022305657 98
1683823656017 0.27370261356250863 99
1683823656072 0.2732963144544678 100
1683823656134 0.2729201432517966 101
1683823656188 0.2725764714056256 102
1683823656242 0.2722652923082189 103
1683823656295 0.27198800667839473 104
1683823656348 0.2717435663260214 105
1683823656403 0.2715310661809924 106
1683823656456 0.2713498902743472 107
1683823656507 0.271197971332195 108
1683823656562 0.2710731510295328 109
1683823656616 0.27097202576865814 110
1683823656670 0.27089219902330425 111
1683823656723 0.2708296525072097 112
1683823656776 0.27078232632629623 113
1683823656829 0.2707457362262287 114
1683823656884 0.270716987888396 115
1683823656938 0.2706927586698183 116
1683823656989 0.27067059856246256 117
1683823657040 0.27064758710713366 118
1683823657093 0.27062087266462087 119
1683823657147 0.2705897315859026 120
1683823657201 0.27055273838489563 121
1683823657254 0.2705086923994161 122
1683823657307 0.2704563243698548 123
1683823657359 0.27039708296966436 124
1683823657416 0.27032953679253374 125
1683823657471 0.2702547408920972 126
1683823657526 0.27017295381870987 127
1683823657582 0.27008569189894915 128
1683823657636 0.2699929069402155 129
1683823657688 0.2698956561196266 130
1683823657738 0.2697958365302878 131
1683823657792 0.2696937400421467 132
1683823657848 0.269590942546875 133
1683823657903 0.2694878626828596 134
1683823657955 0.2693856252507724 135
1683823658006 0.26928540664920114 136
1683823658057 0.26918804012898967 137
1683823658120 0.26909312128577945 138
1683823658183 0.2690028508134778 139
1683823658244 0.2689162006872034 140
1683823658299 0.26883442559461884 141
1683823658352 0.2687577889797732 142
1683823658407 0.26868591288006755 143
1683823658460 0.26861869633269325 144
1683823658512 0.26855672938066255 145
1683823658563 0.26849984340167576 146
1683823658613 0.2684476927687078 147
1683823658665 0.2683998350182593 148
1683823658717 0.26835658471004914 149
1683823658938 0.26831694563426295 150
1683823659019 0.26828104658535806 151
1683823659079 0.26824801234429707 152
1683823659133 0.26821826995610554 153
1683823659186 0.26819059561703035 154
1683823659241 0.26816505537424684 155
1683823659294 0.2681416198159372 156
1683823659346 0.2681191881367657 157
1683823659398 0.26809779563849984 158
1683823659453 0.26807740147071946 159
1683823659506 0.268057505778831 160
1683823659558 0.26803862425561076 161
1683823659610 0.2680192984068178 162
1683823659661 0.2680007379317017 163
1683823659713 0.2679819101588894 164
1683823659767 0.26796301874680006 165
1683823659818 0.26794456834349034 166
1683823659869 0.267925587872731 167
1683823659920 0.26790638623605867 168
1683823659973 0.26788779917179845 169
1683823660026 0.2678685585606118 170
1683823660076 0.2678499321341272 171
1683823660194 0.2678317863138727 172
1683823660278 0.26781403659081254 173
1683823660331 0.26779609890530476 174
1683823660383 0.26777906044690514 175
1683823660434 0.26776250936128837 176
1683823660489 0.26774636249768063 177
1683823660543 0.267731922926363 178
1683823660599 0.26771766001634856 179
1683823660653 0.26770441090755714 180
1683823660706 0.26769239241103093 181
1683823660763 0.2676809303801682 182
1683823660818 0.26767097118486866 183
1683823660871 0.2676615222747422 184
1683823660924 0.26765353354612803 185
1683823660978 0.26764645130284503 186
1683823661031 0.26764044166261514 187
1683823661084 0.26763565082527685 188
1683823661135 0.267631670829655 189
1683823661185 0.2676281132981864 190
1683823661238 0.2676257036435881 191
1683823661289 0.2676242696826512 192
1683823661340 0.26762353951471674 193
1683823661390 0.2676233609607022 194
1683823661442 0.26762392190125806 195
1683823661498 0.2676248683163588 196
1683823661555 0.26762669367131114 197
1683823661610 0.2676288210206221 198
1683823661663 0.2676318062905944 199
1683823661717 0.26763517403484266 200
1683823661771 0.26763865217274513 201
1683823661825 0.2676426681202231 202
1683823661876 0.2676470497720283 203
1683823661927 0.2676514356521698 204
1683823662039 0.26765645291137014 205
1683823662107 0.2676614184202289 206
1683823662160 0.26766703893260285 207
1683823662210 0.2676725176887111 208
1683823662262 0.26767839959665973 209
1683823662313 0.2676847314605045 210
1683823662363 0.26769105988713265 211
1683823662413 0.2676974973902617 212
1683823662467 0.2677042238126495 213
1683823662521 0.26771138892708474 214
1683823662575 0.2677182957197651 215
1683823662629 0.2677260541579643 216
1683823662682 0.2677334864894285 217
1683823662737 0.2677415062182863 218
1683823662792 0.2677499333896676 219
1683823662844 0.26775823889289835 220
1683823662900 0.26776681257494234 221
1683823662953 0.2677758037161476 222
1683823663006 0.26778498328241945 223
1683823663056 0.26779431576474816 224
1683823663107 0.26780399247003556 225
1683823663161 0.2678142976391736 226
1683823663212 0.26782425644418634 227
1683823663268 0.2678346128516342 228
1683823663320 0.2678456626161487 229
1683823663370 0.26785634782447826 230
1683823663421 0.26786724091189495 231
1683823663474 0.2678784571368438 232
1683823663527 0.2678900624487671 233
1683823663580 0.2679014149819659 234
1683823663633 0.2679132590488493 235
1683823663686 0.26792547365224284 236
1683823663739 0.26793730514469083 237
1683823663790 0.2679496636745644 238
1683823663841 0.2679614461776993 239
1683823663892 0.26797427393429046 240
1683823663943 0.26798675008875966 241
1683823663995 0.26799917966458875 242
1683823664046 0.26801177955875516 243
1683823664097 0.26802447469315666 244
1683823664148 0.26803783195876185 245
1683823664200 0.2680504718785046 246
1683823664426 0.2680639508996563 247
1683823664487 0.26807687280878106 248
1683823664539 0.26809031100534 249
1683823664592 0.26810360628449453 250
