1683822562252 44.73034068516323 1
1683822562350 39.33442088535854 2
1683822562407 29.7231536592756 3
1683822562461 22.464989798409597 4
1683822562513 19.28097125462123 5
1683822562568 18.028829165867396 6
1683822562621 16.683212280273438 7
1683822562674 15.102360589163643 8
1683822562726 14.362489291599818 9
1683822562778 13.613266672406878 10
1683822562831 12.608803340366908 11
1683822562885 11.915281159537178 12
1683822562938 11.441649573189872 13
1683822562991 11.057035854884557 14
1683822563045 10.5633453641619 15
1683822563101 10.179821831839424 16
1683822563155 9.822534016200475 17
1683822563210 9.374566078186035 18
1683822563266 9.195734432765416 19
1683822563319 8.999211856297084 20
1683822563380 8.915821756635394 21
1683822563435 8.895150184631348 22
1683822563490 8.891580172947474 23
1683822563542 8.892313003540039 24
1683822563596 8.896802084786552 25
1683822563647 8.9051114491054 26
1683822563703 8.914982795715332 27
1683822563757 8.923878397260394 28
1683822563809 8.929781641278948 29
1683822563862 8.930796214512416 30
1683822563915 8.925164903913226 31
1683822563968 8.912420545305524 32
1683822564020 8.894283703395299 33
1683822564074 8.873720850263323 34
1683822564133 8.853216988699776 35
1683822564184 8.834084510803223 36
1683822564235 8.816770417349678 37
1683822564287 8.80133547101702 38
1683822564340 8.787743432181221 39
1683822564392 8.775974818638392 40
1683822564444 8.766036987304688 41
1683822564496 8.75793184552874 42
1683822564547 8.751609529767718 43
1683822564600 8.74693066733224 44
1683822564651 8.743663379124232 45
1683822564702 8.74152306147984 46
1683822564752 8.740221977233887 47
1683822564806 8.739499500819615 48
1683822564859 8.739132744925362 49
1683822564910 8.738932473318917 50
1683822564961 8.738741602216448 51
1683822565011 8.738441058567592 52
1683822565062 8.737954684666224 53
1683822565114 8.737257957458496 54
1683822565167 8.736377034868513 55
1683822565218 8.73537608555385 56
1683822565271 8.734333719526019 57
1683822565324 8.733328138078962 58
1683822565375 8.732417787824359 59
1683822565426 8.731639862060547 60
1683822565481 8.731011663164411 61
1683822565535 8.730533599853516 62
1683822565588 8.730197089059013 63
1683822565639 8.729987144470215 64
1683822565689 8.729885646275111 65
1683822565739 8.729872294834681 66
1683822565789 8.72992924281529 67
1683822565840 8.730037416730609 68
1683822565890 8.730180604117256 69
1683822565940 8.730345726013184 70
1683822565990 8.730520520891462 71
1683822566042 8.730696405683245 72
1683822566095 8.730867658342634 73
1683822566149 8.731031009129115 74
1683822566200 8.731184005737305 75
1683822566251 8.731326920645577 76
1683822566301 8.731459890093122 77
1683822566353 8.73158345903669 78
1683822566405 8.731698717389788 79
1683822566455 8.731805528913226 80
1683822566506 8.731903893607003 81
1683822566567 8.731991631644112 82
1683822566622 8.732067516871862 83
1683822566673 8.732128552028112 84
1683822566737 8.732171876089913 85
1683822566795 8.732194219316755 86
1683822566852 8.732193401881627 87
1683822566904 8.732166971479144 88
1683822566957 8.732113701956612 89
1683822567010 8.732033593314034 90
1683822567062 8.73192664555141 91
1683822567117 8.731796673366002 92
1683822567170 8.731645856584821 93
1683822567221 8.731479372297015 94
1683822567271 8.731301852634974 95
1683822567322 8.731118610927037 96
1683822567373 8.730935505458287 97
1683822567423 8.73075716836112 98
1683822567473 8.730589185442243 99
1683822567524 8.730434826442174 100
1683822567576 8.730297224862236 101
1683822567629 8.730179786682129 102
1683822567680 8.73008292061942 103
1683822567731 8.730007716587611 104
1683822567782 8.729954310825892 105
1683822567833 8.729921749659947 106
1683822567884 8.72990894317627 107
1683822567935 8.729913984026227 108
1683822567985 8.729935237339564 109
1683822568036 8.729969297136579 110
1683822568087 8.73001493726458 111
1683822568139 8.730068615504674 112
1683822568213 8.730128560747419 113
1683822568270 8.730192184448242 114
1683822568322 8.730256761823382 115
1683822568374 8.73032011304583 116
1683822568425 8.730379922049385 117
1683822568477 8.730436325073242 118
1683822568531 8.730484962463379 119
1683822568584 8.730526787894112 120
1683822568635 8.730559621538434 121
1683822568686 8.730583327157158 122
1683822568737 8.730597496032715 123
1683822568788 8.730602128165108 124
1683822568840 8.73059708731515 125
1683822568892 8.730583327157158 126
1683822568943 8.730561528887067 127
1683822568994 8.730532373700823 128
1683822569047 8.730495861598424 129
1683822569101 8.730454172406878 130
1683822569155 8.730408123561315 131
1683822569210 8.730359077453613 132
1683822569265 8.730308260236468 133
1683822569317 8.730256353105817 134
1683822569372 8.730204445975167 135
1683822569424 8.73015376499721 136
1683822569477 8.730105127607073 137
1683822569529 8.730059215000697 138
1683822569583 8.730016435895648 139
1683822569637 8.72997774396624 140
1683822569688 8.729942458016533 141
1683822569739 8.72991166796003 142
1683822569792 8.729885237557548 143
1683822569844 8.729862349373954 144
1683822569895 8.729844502040319 145
1683822569946 8.729829651968819 146
1683822569996 8.729817935398646 147
1683822570047 8.729809216090612 148
1683822570100 8.729803494044713 149
1683822570153 8.729798998151507 150
1683822570206 8.729796545846122 151
1683822570258 8.729795183454241 152
1683822570309 8.72979463849749 153
1683822570360 8.729793684823173 154
1683822570412 8.729793003627233 155
1683822570462 8.729791504996163 156
1683822570514 8.729790006365095 157
1683822570566 8.729787145342145 158
1683822570618 8.729782785688128 159
1683822570669 8.72977706364223 160
1683822570721 8.72977066040039 161
1683822570772 8.729762077331543 162
1683822570828 8.729751995631627 163
1683822570882 8.729740687779017 164
1683822570939 8.729728290012904 165
1683822570992 8.729714529854911 166
1683822571044 8.7296998160226 167
1683822571097 8.729684148515974 168
1683822571152 8.729668072291783 169
1683822571207 8.729651178632464 170
1683822571263 8.729633740016393 171
1683822571317 8.729616710117885 172
1683822571371 8.729599135262626 173
1683822571422 8.729581969124931 174
1683822571473 8.729565075465612 175
1683822571526 8.729548726763044 176
1683822571582 8.72953292301723 177
1683822571638 8.729517255510602 178
1683822571689 8.72950281415667 179
1683822571739 8.729488781520299 180
1683822571792 8.72947611127581 181
1683822571845 8.729463985988072 182
1683822571898 8.729451996939522 183
1683822571951 8.72944177900042 184
1683822572001 8.729431424822126 185
1683822572053 8.729421751839775 186
1683822572105 8.729412760053362 187
1683822572160 8.729404040745326 188
1683822572214 8.729396138872419 189
1683822572264 8.729388509477888 190
1683822572317 8.729381288800921 191
1683822572370 8.729374204363141 192
1683822572422 8.72936725616455 193
1683822572474 8.72936030796596 194
1683822572526 8.729352951049805 195
1683822572577 8.729346139090401 196
1683822572632 8.729339463370186 197
1683822572686 8.729332651410784 198
1683822572738 8.729325566973005 199
1683822572791 8.729318073817662 200
1683822572844 8.729311125619072 201
1683822572898 8.729303768702916 202
1683822572950 8.729296139308385 203
1683822573001 8.729288918631417 204
1683822573051 8.729281834193639 205
1683822573103 8.729274068559919 206
1683822573156 8.729266711643763 207
1683822573206 8.729258946010045 208
1683822573257 8.729251180376325 209
1683822573307 8.729243414742607 210
1683822573357 8.729235921587263 211
1683822573408 8.729228564671107 212
1683822573458 8.729221207754952 213
1683822573509 8.729214123317174 214
1683822573562 8.729207038879395 215
1683822573615 8.729199954441615 216
1683822573733 8.729193142482213 217
1683822573789 8.729186739240374 218
1683822573844 8.729180335998535 219
1683822573897 8.72917434147426 220
1683822573948 8.72916807447161 221
1683822574002 8.729162352425712 222
1683822574054 8.72915622166225 223
1683822574111 8.729150772094727 224
1683822574165 8.729145050048828 225
1683822574217 8.729140145438057 226
1683822574268 8.729134695870536 227
1683822574319 8.729129927498954 228
1683822574371 8.729125159127372 229
1683822574422 8.729120526994977 230
1683822574472 8.729115894862584 231
1683822574526 8.729111398969378 232
1683822574577 8.729107175554548 233
1683822574631 8.729103088378906 234
1683822574685 8.729098728724889 235
1683822574737 8.729094914027623 236
1683822574788 8.729090826851982 237
1683822574857 8.729086739676339 238
1683822574919 8.729082924979073 239
1683822574974 8.729079110281807 240
1683822575032 8.729075159345355 241
1683822575087 8.729071344648089 242
1683822575144 8.729067529950823 243
1683822575199 8.729063851492745 244
1683822575254 8.729060309273857 245
1683822575309 8.729056358337402 246
1683822575363 8.729052816118513 247
1683822575414 8.729049410138812 248
1683822575465 8.729045731680733 249
1683822575516 8.729042734418597 250
