1683822332644 40.80693735395159 1
1683822332722 32.4903450012207 2
1683822332779 26.30662250518799 3
1683822332834 23.05891704559326 4
1683822332888 20.92324706486293 5
1683822332940 18.85078375680106 6
1683822332995 16.90382330758231 7
1683822333051 14.043740953717913 8
1683822333103 13.138073376246862 9
1683822333155 12.556472642081124 10
1683822333210 12.140854971749443 11
1683822333265 11.714818545750209 12
1683822333321 11.05720329284668 13
1683822333378 10.547553607395717 14
1683822333434 10.244446209498815 15
1683822333491 9.946538516453334 16
1683822333548 9.691781725202288 17
1683822333601 9.562742914472308 18
1683822333656 9.447642053876605 19
1683822333712 9.201918738228935 20
1683822333772 9.023200171334404 21
1683822333826 8.96672875540597 22
1683822333882 8.968170847211566 23
1683822333938 8.968064716884069 24
1683822333992 8.994560650416783 25
1683822334047 8.957704407828194 26
1683822334101 8.927819660731725 27
1683822334155 8.919217245919365 28
1683822334209 8.922220230102539 29
1683822334262 8.926041330610003 30
1683822334315 8.92627225603376 31
1683822334367 8.923576627458845 32
1683822334421 8.919331414358956 33
1683822334475 8.914556639535087 34
1683822334530 8.910106113978795 35
1683822334584 8.906574657985143 36
1683822334639 8.904104369027275 37
1683822334693 8.902506010872978 38
1683822334747 8.90151596069336 39
1683822334800 8.900923728942871 40
1683822334854 8.900585447038923 41
1683822334907 8.900397164481026 42
1683822334960 8.900280271257673 43
1683822335014 8.900179045540947 44
1683822335073 8.900059700012207 45
1683822335127 8.899905477251325 46
1683822335179 8.899710246494838 47
1683822335231 8.89947932107108 48
1683822335283 8.899221011570521 49
1683822335334 8.898946489606585 50
1683822335385 8.898668152945381 51
1683822335436 8.89839540209089 52
1683822335489 8.898133686610631 53
1683822335543 8.897885186331612 54
1683822335595 8.89764472416469 55
1683822335646 8.897405215672084 56
1683822335696 8.897152764456612 57
1683822335747 8.89687374659947 58
1683822335798 8.89655453818185 59
1683822335851 8.896185874938965 60
1683822335904 8.895763124738421 61
1683822335954 8.895287922450475 62
1683822336007 8.89476830618722 63
1683822336061 8.89421694619315 64
1683822336114 8.893648420061384 65
1683822336167 8.893078804016113 66
1683822336222 8.892522811889648 67
1683822336276 8.891992024012975 68
1683822336326 8.891497339521136 69
1683822336377 8.891044071742467 70
1683822336432 8.890636307852608 71
1683822336486 8.890276908874512 72
1683822336540 8.889964512416295 73
1683822336593 8.889700072152275 74
1683822336645 8.889480454581124 75
1683822336696 8.889302798679896 76
1683822336748 8.889163834708077 77
1683822336800 8.889059066772461 78
1683822336852 8.88898413521903 79
1683822336903 8.888934135437012 80
1683822336954 8.88890334538051 81
1683822337005 8.888887132917132 82
1683822337057 8.888879639761788 83
1683822337109 8.888875825064522 84
1683822337162 8.888871601649694 85
1683822337216 8.888862473624092 86
1683822337269 8.888845035008021 87
1683822337321 8.888816561017718 88
1683822337371 8.888774599347796 89
1683822337422 8.88871819632394 90
1683822337473 8.88864735194615 91
1683822337526 8.888560976300921 92
1683822337577 8.888460840497698 93
1683822337633 8.888347489493233 94
1683822337686 8.888223375592913 95
1683822337737 8.888089724949428 96
1683822337790 8.887948989868164 97
1683822338164 8.887802805219378 98
1683822338250 8.887654440743583 99
1683822338305 8.887505667550224 100
1683822338357 8.887357984270368 101
1683822338407 8.887213843209404 102
1683822338460 8.887074742998395 103
1683822338516 8.88694177355085 104
1683822338571 8.88681697845459 105
1683822338625 8.8867004939488 106
1683822338685 8.886593001229423 107
1683822338742 8.886494772774833 108
1683822338800 8.886405944824219 109
1683822338866 8.886326653616768 110
1683822338924 8.886256626674108 111
1683822338980 8.886195182800293 112
1683822339034 8.88614204951695 113
1683822339087 8.886095864432198 114
1683822339140 8.886055810110909 115
1683822339197 8.886021750313896 116
1683822339254 8.885992050170898 117
1683822339308 8.88596589224679 118
1683822339361 8.885942595345634 119
1683822339413 8.885920797075544 120
1683822339464 8.885899680001396 121
1683822339517 8.885878835405622 122
1683822339569 8.88585730961391 123
1683822339621 8.885834557669503 124
1683822339672 8.88581030709403 125
1683822339725 8.885783331734794 126
1683822339780 8.88575540270124 127
1683822339835 8.885724067687988 128
1683822339888 8.885690416608538 129
1683822339942 8.885654721941266 130
1683822339996 8.88561739240374 131
1683822340050 8.885577746800013 132
1683822340101 8.88553592136928 133
1683822340152 8.88549314226423 134
1683822340204 8.88544968196324 135
1683822340259 8.885405949183873 136
1683822340316 8.88536126273019 137
1683822340379 8.885317393711635 138
1683822340436 8.885273660932269 139
1683822340497 8.885231154305595 140
1683822340556 8.885189465114049 141
1683822340612 8.88514941079276 142
1683822340668 8.885111127580915 143
1683822340725 8.885073798043388 144
1683822340788 8.88503919328962 145
1683822340844 8.885005678449359 146
1683822340900 8.884975024632045 147
1683822340957 8.884945733206612 148
1683822341014 8.884918349129814 149
1683822341071 8.884892872401647 150
1683822341127 8.884869030543737 151
1683822341189 8.88484695979527 152
1683822341248 8.884825842721122 153
1683822341305 8.884806632995605 154
1683822341362 8.884788376944405 155
1683822341419 8.88477121080671 156
1683822341476 8.884754589625768 157
1683822341548 8.884739330836705 158
1683822341610 8.884724480765206 159
1683822341668 8.88470949445452 160
1683822341726 8.884695053100586 161
1683822341783 8.884680884225029 162
1683822341840 8.884666987827845 163
1683822342898 8.88465336390904 164
1683822342962 8.884639467511859 165
1683822343017 8.884625571114677 166
1683822343071 8.884611674717494 167
1683822343123 8.884597642081124 168
1683822343177 8.884583745683942 169
1683822344363 8.88456984928676 170
1683822344419 8.884555680411202 171
1683822344475 8.88454192025321 172
1683822344532 8.884527887616839 173
1683822344588 8.884514263698033 174
1683822344643 8.88450036730085 175
1683822344699 8.88448701586042 176
1683822344754 8.88447380065918 177
1683822344811 8.884460721697126 178
1683822344867 8.884448323931013 179
1683822344923 8.884436062404088 180
1683822344979 8.884424482073102 181
1683822345036 8.884413037981306 182
1683822345093 8.884401866367885 183
1683822345150 8.88439164842878 184
1683822345206 8.884381021772112 185
1683822345261 8.884371621268135 186
1683822345315 8.884362084524971 187
1683822345370 8.884353365216937 188
1683822345426 8.884344782148089 189
1683822345481 8.884337016514369 190
1683822345536 8.88432925088065 191
1683822345591 8.88432230268206 192
1683822345647 8.884315626961845 193
1683822345703 8.88430895124163 194
1683822345758 8.884302956717354 195
1683822345812 8.88429696219308 196
1683822345866 8.884291240147181 197
1683822345920 8.884286063058036 198
1683822345975 8.884281022208077 199
1683822346028 8.884276117597308 200
1683822346083 8.884271212986537 201
1683822346138 8.88426671709333 202
1683822346192 8.884261948721749 203
1683822346251 8.884257861546107 204
1683822346306 8.884253910609655 205
1683822346357 8.884250095912389 206
1683822346412 8.884246144975934 207
1683822346464 8.88424301147461 208
1683822346516 8.884238924298968 209
1683822346571 8.884235518319267 210
1683822346625 8.884232248578753 211
1683822346679 8.884228842599052 212
1683822346732 8.88422611781529 213
1683822346782 8.884222711835589 214
1683822346834 8.88421985081264 215
1683822346886 8.88421698978969 216
1683822346939 8.884214673723493 217
1683822347004 8.884211948939733 218
1683822347060 8.88420936039516 219
1683822347112 8.884207316807338 220
1683822347168 8.884205000741142 221
1683822347223 8.884202684674944 222
1683822347275 8.884200913565499 223
1683822347327 8.884199006216866 224
1683822347384 8.884197098868233 225
1683822347438 8.884195600237165 226
1683822347489 8.884194101606097 227
1683822347540 8.884192739214216 228
1683822347592 8.884191104343959 229
1683822347644 8.884190150669642 230
1683822347699 8.88418892451695 231
1683822347750 8.884187562125069 232
1683822347802 8.884186608450753 233
1683822347853 8.884186335972377 234
1683822347921 8.884185246058873 235
1683822347977 8.884184564862933 236
1683822348035 8.884184019906181 237
1683822348093 8.884183747427803 238
1683822348149 8.884183747427803 239
1683822348202 8.88418333871024 240
1683822348255 8.884183202471052 241
1683822348307 8.884183202471052 242
1683822348358 8.884182793753487 243
1683822348411 8.884183066231865 244
1683822348463 8.884183066231865 245
1683822348515 8.884183474949428 246
1683822348568 8.884183474949428 247
1683822348620 8.884183747427803 248
1683822348675 8.884184292384557 249
1683822348730 8.884184292384557 250
