1684410855552 56.42218 1
1684410855568 53.00151 2
1684410855583 34.034164 3
1684410855599 21.238972 4
1684410855615 21.975647 5
1684410855631 19.114704 6
1684410855646 14.47111 7
1684410855661 12.957995 8
1684410855677 12.692663 9
1684410855693 11.450087 10
1684410855708 10.84944 11
1684410855724 10.670683 12
1684410855739 10.6261635 13
1684410855754 10.584794 14
1684410855769 10.4721985 15
1684410855784 10.388311 16
1684410855799 10.29333 17
1684410855813 10.126584 18
1684410855828 9.899745 19
1684410855843 9.639454 20
1684410855857 9.332481 21
1684410855872 9.09895 22
1684410855887 9.070151 23
1684410855901 9.045691 24
1684410855916 9.025534 25
1684410855931 9.016058 26
1684410855945 9.012471 27
1684410855960 9.0115185 28
1684410855975 9.011262 29
1684410855989 9.010969 30
1684410856004 9.010714 31
1684410856019 9.010534 32
1684410856033 9.010437 33
1684410856048 9.01041 34
1684410856062 9.010397 35
1684410856077 9.010353 36
1684410856091 9.010289 37
1684410856106 9.010233 38
1684410856121 9.010197 39
1684410856135 9.010172 40
1684410856150 9.010148 41
1684410856164 9.010117 42
1684410856179 9.010076 43
1684410856193 9.010029 44
1684410856208 9.009985 45
1684410856222 9.009953 46
1684410856237 9.009941 47
1684410856251 9.009972 48
1684410856265 9.010022 49
1684410856280 9.010002 50
1684410856294 9.0099125 51
1684410856309 9.009819 52
1684410856323 9.00977 53
1684410856338 9.009769 54
1684410856352 9.009809 55
1684410856367 9.009899 56
1684410856381 9.010089 57
1684410856396 9.01054 58
1684410856410 9.011299 59
1684410856425 9.011521 60
1684410856439 9.011003 61
1684410856454 9.010315 62
1684410856468 9.009851 63
1684410856483 9.009647 64
1684410856497 9.009609 65
1684410856512 9.009649 66
1684410856526 9.0097065 67
1684410856541 9.009744 68
1684410856555 9.009758 69
1684410856570 9.009762 70
1684410856584 9.009769 71
1684410856599 9.009784 72
1684410856613 9.009806 73
1684410856627 9.009829 74
1684410856642 9.009852 75
1684410856657 9.009871 76
1684410856671 9.009886 77
1684410856685 9.009896 78
1684410856700 9.009906 79
1684410856714 9.0099125 80
1684410856729 9.00992 81
1684410856743 9.009925 82
1684410856758 9.009928 83
1684410856772 9.009931 84
1684410856787 9.009932 85
1684410856801 9.009933 86
1684410856816 9.009934 87
1684410856830 9.009934 88
1684410856845 9.009934 89
1684410856859 9.009934 90
1684410856874 9.009935 91
1684410856888 9.009934 92
1684410856903 9.009934 93
1684410856917 9.009934 94
1684410856931 9.009934 95
1684410856946 9.009933 96
1684410856960 9.009934 97
1684410856975 9.009933 98
1684410856989 9.009933 99
1684410857005 9.009932 100
1684410857020 9.009932 101
1684410857034 9.00993 102
1684410857049 9.00993 103
1684410857063 9.009929 104
1684410857078 9.009929 105
1684410857092 9.009928 106
1684410857107 9.009926 107
1684410857121 9.009926 108
1684410857136 9.009926 109
1684410857150 9.009925 110
1684410857165 9.009924 111
1684410857179 9.009924 112
1684410857195 9.009922 113
1684410857210 9.009923 114
1684410857224 9.009922 115
1684410857239 9.009922 116
1684410857253 9.009922 117
1684410857268 9.009921 118
1684410857282 9.009922 119
1684410857296 9.009921 120
1684410857311 9.009921 121
1684410857326 9.009921 122
1684410857340 9.009921 123
1684410857355 9.009921 124
1684410857369 9.009921 125
1684410857383 9.009921 126
1684410857398 9.009921 127
1684410857412 9.009922 128
1684410857427 9.009922 129
1684410857441 9.009922 130
1684410857456 9.009922 131
1684410857470 9.009922 132
1684410857485 9.009922 133
1684410857499 9.009922 134
1684410857513 9.009922 135
1684410857528 9.009923 136
1684410857542 9.009922 137
1684410857557 9.009922 138
1684410857571 9.009922 139
1684410857586 9.009922 140
1684410857600 9.009922 141
1684410857615 9.009923 142
1684410857630 9.009923 143
1684410857644 9.009923 144
1684410857659 9.009922 145
1684410857673 9.009922 146
1684410857688 9.009923 147
1684410857703 9.009923 148
1684410857718 9.009923 149
1684410857734 9.009923 150
1684410857749 9.009922 151
1684410857763 9.009923 152
1684410857777 9.009922 153
1684410857792 9.009922 154
1684410857807 9.009923 155
1684410857821 9.009923 156
1684410857835 9.009922 157
1684410857850 9.009922 158
1684410857865 9.009922 159
1684410857879 9.009922 160
1684410857893 9.009922 161
1684410857907 9.009922 162
1684410857922 9.009922 163
1684410857937 9.009922 164
1684410857951 9.009922 165
1684410857965 9.009923 166
1684410857980 9.009923 167
1684410857994 9.009923 168
1684410858009 9.009923 169
1684410858023 9.009923 170
1684410858037 9.009923 171
1684410858052 9.009923 172
1684410858066 9.009923 173
1684410858081 9.009923 174
1684410858095 9.009923 175
1684410858109 9.009922 176
1684410858124 9.009922 177
1684410858138 9.009922 178
1684410858153 9.009922 179
1684410858167 9.009922 180
1684410858181 9.009922 181
1684410858196 9.009923 182
1684410858210 9.009923 183
1684410858225 9.009923 184
1684410858239 9.009923 185
1684410858253 9.009923 186
1684410858268 9.009923 187
1684410858282 9.009923 188
1684410858297 9.009923 189
1684410858311 9.009923 190
1684410858325 9.009923 191
1684410858340 9.009923 192
1684410858354 9.009922 193
1684410858369 9.009922 194
1684410858383 9.009923 195
1684410858397 9.009923 196
1684410858412 9.009923 197
1684410858426 9.009922 198
1684410858441 9.009922 199
1684410858456 9.009922 200
1684410858470 9.009922 201
1684410858485 9.009923 202
1684410858499 9.009922 203
1684410858514 9.009922 204
1684410858528 9.009922 205
1684410858543 9.009922 206
1684410858557 9.009922 207
1684410858572 9.009922 208
1684410858586 9.009923 209
1684410858601 9.009923 210
1684410858615 9.009922 211
1684410858629 9.009922 212
1684410858644 9.009922 213
1684410858659 9.009922 214
1684410858673 9.009922 215
1684410858688 9.009922 216
1684410858702 9.009922 217
1684410858717 9.009923 218
1684410858731 9.009923 219
1684410858746 9.009923 220
1684410858760 9.009923 221
1684410858775 9.009922 222
1684410858789 9.009922 223
1684410858803 9.009922 224
1684410858818 9.009923 225
1684410858833 9.009923 226
1684410858847 9.009923 227
1684410858862 9.009923 228
1684410858876 9.009923 229
1684410858890 9.009922 230
1684410858905 9.009922 231
1684410858920 9.009922 232
1684410858934 9.009922 233
1684410858949 9.009923 234
1684410858963 9.009923 235
1684410858977 9.009923 236
1684410858991 9.009922 237
1684410859006 9.009922 238
1684410859020 9.009922 239
1684410859035 9.009923 240
1684410859049 9.009923 241
1684410859063 9.009923 242
1684410859078 9.009923 243
1684410859092 9.009923 244
1684410859106 9.009923 245
1684410859121 9.009923 246
1684410859135 9.009923 247
1684410859149 9.009923 248
1684410859164 9.009923 249
1684410859178 9.009923 250
