1684411983612 56.509388 1
1684411983627 55.32081 2
1684411983641 53.058945 3
1684411983655 48.63089 4
1684411983669 46.628876 5
1684411983684 45.974167 6
1684411983698 45.618206 7
1684411983712 43.77839 8
1684411983731 31.601131 9
1684411983747 17.723185 10
1684411983763 13.77763 11
1684411983783 10.640502 12
1684411983800 9.55125 13
1684411983819 8.685429 14
1684411983834 8.465294 15
1684411983848 8.249087 16
1684411983862 8.159842 17
1684411983877 8.12392 18
1684411983891 8.1352005 19
1684411983905 8.13456 20
1684411983919 8.1194 21
1684411983933 8.0928 22
1684411983947 8.093142 23
1684411983962 8.086747 24
1684411983976 8.085077 25
1684411983990 8.087581 26
1684411984004 8.089865 27
1684411984018 8.089135 28
1684411984032 8.087728 29
1684411984047 8.087633 30
1684411984061 8.088879 31
1684411984075 8.091121 32
1684411984089 8.099251 33
1684411984104 8.121336 34
1684411984118 8.171028 35
1684411984132 8.17432 36
1684411984146 8.132705 37
1684411984160 8.098797 38
1684411984175 8.085151 39
1684411984189 8.082855 40
1684411984203 8.085392 41
1684411984217 8.089485 42
1684411984231 8.092531 43
1684411984245 8.0939865 44
1684411984259 8.09413 45
1684411984274 8.093595 46
1684411984288 8.093284 47
1684411984302 8.093498 48
1684411984316 8.093972 49
1684411984330 8.094344 50
1684411984344 8.094473 51
1684411984358 8.094447 52
1684411984373 8.094422 53
1684411984387 8.094482 54
1684411984401 8.09461 55
1684411984415 8.094734 56
1684411984429 8.094794 57
1684411984444 8.09477 58
1684411984458 8.094683 59
1684411984472 8.094572 60
1684411984486 8.094469 61
1684411984501 8.094391 62
1684411984515 8.094342 63
1684411984529 8.094318 64
1684411984544 8.094314 65
1684411984558 8.094322 66
1684411984572 8.094341 67
1684411984587 8.094368 68
1684411984601 8.094397 69
1684411984615 8.094429 70
1684411984629 8.0944605 71
1684411984644 8.09449 72
1684411984658 8.094517 73
1684411984672 8.09454 74
1684411984687 8.094561 75
1684411984702 8.094576 76
1684411984716 8.09459 77
1684411984731 8.094602 78
1684411984745 8.094611 79
1684411984759 8.094618 80
1684411984773 8.094623 81
1684411984788 8.094625 82
1684411984802 8.094628 83
1684411984817 8.09463 84
1684411984831 8.09463 85
1684411984845 8.094629 86
1684411984859 8.094629 87
1684411984874 8.094628 88
1684411984888 8.094626 89
1684411984902 8.0946245 90
1684411984916 8.094622 91
1684411984931 8.09462 92
1684411984945 8.094616 93
1684411984960 8.094613 94
1684411984974 8.09461 95
1684411984988 8.094606 96
1684411985002 8.094604 97
1684411985017 8.094601 98
1684411985031 8.094597 99
1684411985045 8.094593 100
1684411985059 8.09459 101
1684411985074 8.094587 102
1684411985088 8.0945835 103
1684411985102 8.094582 104
1684411985116 8.094579 105
1684411985130 8.094576 106
1684411985145 8.094574 107
1684411985159 8.094572 108
1684411985173 8.09457 109
1684411985187 8.094569 110
1684411985201 8.094567 111
1684411985215 8.094566 112
1684411985230 8.094565 113
1684411985244 8.094564 114
1684411985258 8.0945635 115
1684411985272 8.0945635 116
1684411985286 8.0945635 117
1684411985300 8.094563 118
1684411985314 8.094563 119
1684411985328 8.094563 120
1684411985342 8.094563 121
1684411985356 8.094563 122
1684411985371 8.094563 123
1684411985385 8.094563 124
1684411985399 8.094563 125
1684411985414 8.094563 126
1684411985428 8.0945635 127
1684411985442 8.0945635 128
1684411985456 8.094564 129
1684411985471 8.094564 130
1684411985485 8.094564 131
1684411985499 8.094564 132
1684411985513 8.094564 133
1684411985528 8.094564 134
1684411985542 8.094564 135
1684411985556 8.094564 136
1684411985571 8.094564 137
1684411985586 8.094564 138
1684411985601 8.094564 139
1684411985615 8.094565 140
1684411985630 8.094565 141
1684411985644 8.094564 142
1684411985659 8.094564 143
1684411985674 8.094564 144
1684411985688 8.094564 145
1684411985702 8.094564 146
1684411985717 8.094565 147
1684411985731 8.094564 148
1684411985746 8.094564 149
1684411985760 8.094564 150
1684411985774 8.094564 151
1684411985789 8.094564 152
1684411985803 8.094564 153
1684411985817 8.094564 154
1684411985834 8.094564 155
1684411985848 8.094564 156
1684411985863 8.094564 157
1684411985878 8.094564 158
1684411985893 8.094564 159
1684411985907 8.094564 160
1684411985922 8.094564 161
1684411985937 8.094564 162
1684411985951 8.094564 163
1684411985965 8.094564 164
1684411985981 8.094564 165
1684411985995 8.094564 166
1684411986009 8.094564 167
1684411986023 8.094564 168
1684411986038 8.094564 169
1684411986052 8.094564 170
1684411986066 8.094564 171
1684411986081 8.094564 172
1684411986095 8.094564 173
1684411986109 8.094564 174
1684411986124 8.094564 175
1684411986138 8.094564 176
1684411986153 8.094564 177
1684411986167 8.094564 178
1684411986181 8.094564 179
1684411986195 8.094564 180
1684411986210 8.094564 181
1684411986224 8.094564 182
1684411986239 8.094564 183
1684411986253 8.094564 184
1684411986267 8.094564 185
1684411986281 8.094564 186
1684411986296 8.094564 187
1684411986310 8.094564 188
1684411986324 8.094564 189
1684411986338 8.094564 190
1684411986353 8.094564 191
1684411986367 8.094564 192
1684411986381 8.094564 193
1684411986396 8.094564 194
1684411986410 8.094564 195
1684411986424 8.094564 196
1684411986439 8.094564 197
1684411986453 8.094564 198
1684411986467 8.094564 199
1684411986481 8.094564 200
1684411986496 8.094564 201
1684411986510 8.094564 202
1684411986524 8.094564 203
1684411986538 8.094564 204
1684411986553 8.094564 205
1684411986567 8.094564 206
1684411986581 8.094564 207
1684411986596 8.094564 208
1684411986610 8.094564 209
1684411986624 8.094564 210
1684411986638 8.094564 211
1684411986653 8.094564 212
1684411986667 8.094564 213
1684411986681 8.094564 214
1684411986697 8.094564 215
1684411986712 8.094564 216
1684411986727 8.094564 217
1684411986743 8.094564 218
1684411986758 8.094564 219
1684411986773 8.094564 220
1684411986788 8.094564 221
1684411986804 8.094564 222
1684411986819 8.094564 223
1684411986834 8.094564 224
1684411986849 8.094564 225
1684411986864 8.094564 226
1684411986879 8.094564 227
1684411986894 8.094564 228
1684411986910 8.094564 229
1684411986925 8.094564 230
1684411986940 8.094564 231
1684411986956 8.094564 232
1684411986971 8.094564 233
1684411986986 8.094564 234
1684411987001 8.094564 235
1684411987016 8.094564 236
1684411987031 8.094564 237
1684411987046 8.094564 238
1684411987062 8.094564 239
1684411987077 8.094564 240
1684411987092 8.094564 241
1684411987107 8.094564 242
1684411987123 8.094564 243
1684411987138 8.094564 244
1684411987154 8.094564 245
1684411987169 8.094564 246
1684411987184 8.094564 247
1684411987198 8.094564 248
1684411987213 8.094564 249
1684411987228 8.094564 250
