1684411264068 59.278175 1
1684411264082 58.738403 2
1684411264097 58.336227 3
1684411264112 53.857834 4
1684411264126 50.392548 5
1684411264140 43.19275 6
1684411264154 36.25657 7
1684411264169 31.188997 8
1684411264183 23.355923 9
1684411264197 15.479209 10
1684411264211 11.831692 11
1684411264226 10.616072 12
1684411264240 9.807545 13
1684411264254 10.259034 14
1684411264268 10.569109 15
1684411264283 10.531518 16
1684411264297 10.338734 17
1684411264311 10.108992 18
1684411264326 10.063598 19
1684411264340 10.083396 20
1684411264354 10.081593 21
1684411264368 10.040074 22
1684411264382 9.971519 23
1684411264397 9.889624 24
1684411264411 9.75503 25
1684411264425 9.542566 26
1684411264439 9.320296 27
1684411264453 9.19602 28
1684411264468 9.151016 29
1684411264482 9.145464 30
1684411264496 9.148672 31
1684411264510 9.150715 32
1684411264524 9.151976 33
1684411264538 9.152224 34
1684411264552 9.151499 35
1684411264566 9.150707 36
1684411264581 9.150448 37
1684411264595 9.150732 38
1684411264610 9.151325 39
1684411264624 9.151969 40
1684411264638 9.152449 41
1684411264652 9.152674 42
1684411264667 9.152677 43
1684411264681 9.152552 44
1684411264696 9.152386 45
1684411264710 9.152229 46
1684411264724 9.152091 47
1684411264739 9.151962 48
1684411264753 9.151836 49
1684411264767 9.151714 50
1684411264782 9.151601 51
1684411264797 9.151506 52
1684411264811 9.151434 53
1684411264825 9.151382 54
1684411264840 9.151347 55
1684411264854 9.151325 56
1684411264868 9.151311 57
1684411264883 9.151302 58
1684411264897 9.1512985 59
1684411264911 9.151299 60
1684411264925 9.151303 61
1684411264940 9.151308 62
1684411264954 9.151317 63
1684411264969 9.151325 64
1684411264983 9.151334 65
1684411264997 9.151343 66
1684411265012 9.151353 67
1684411265026 9.151363 68
1684411265040 9.151373 69
1684411265054 9.151384 70
1684411265069 9.151396 71
1684411265083 9.151406 72
1684411265097 9.151417 73
1684411265112 9.151428 74
1684411265126 9.15144 75
1684411265140 9.15145 76
1684411265155 9.151461 77
1684411265169 9.15147 78
1684411265183 9.15148 79
1684411265198 9.151487 80
1684411265212 9.151495 81
1684411265226 9.151503 82
1684411265241 9.151508 83
1684411265255 9.151514 84
1684411265269 9.151518 85
1684411265283 9.151522 86
1684411265298 9.1515255 87
1684411265312 9.151528 88
1684411265326 9.151531 89
1684411265341 9.151532 90
1684411265355 9.151534 91
1684411265369 9.151534 92
1684411265384 9.151535 93
1684411265398 9.151535 94
1684411265413 9.151535 95
1684411265427 9.151535 96
1684411265442 9.151533 97
1684411265456 9.151533 98
1684411265470 9.151533 99
1684411265485 9.151532 100
1684411265499 9.151531 101
1684411265514 9.151531 102
1684411265528 9.151529 103
1684411265542 9.151529 104
1684411265557 9.151527 105
1684411265571 9.151527 106
1684411265585 9.151526 107
1684411265600 9.1515255 108
1684411265615 9.1515255 109
1684411265629 9.151524 110
1684411265643 9.151524 111
1684411265658 9.151524 112
1684411265672 9.151524 113
1684411265686 9.151524 114
1684411265700 9.151523 115
1684411265715 9.151522 116
1684411265729 9.151523 117
1684411265744 9.151522 118
1684411265758 9.151522 119
1684411265772 9.151522 120
1684411265786 9.151523 121
1684411265801 9.151523 122
1684411265815 9.151523 123
1684411265830 9.151522 124
1684411265844 9.151523 125
1684411265858 9.151523 126
1684411265872 9.151522 127
1684411265887 9.151523 128
1684411265901 9.151523 129
1684411265915 9.151523 130
1684411265930 9.151523 131
1684411265944 9.151523 132
1684411265959 9.151523 133
1684411265973 9.151523 134
1684411265988 9.151524 135
1684411266002 9.151524 136
1684411266017 9.151524 137
1684411266031 9.151524 138
1684411266046 9.151524 139
1684411266060 9.151524 140
1684411266075 9.151524 141
1684411266089 9.151524 142
1684411266104 9.151524 143
1684411266118 9.151524 144
1684411266133 9.151524 145
1684411266147 9.151524 146
1684411266162 9.151524 147
1684411266176 9.151524 148
1684411266191 9.151524 149
1684411266205 9.151524 150
1684411266219 9.151524 151
1684411266234 9.151525 152
1684411266248 9.151525 153
1684411266262 9.151525 154
1684411266277 9.151525 155
1684411266291 9.151525 156
1684411266306 9.151524 157
1684411266320 9.151524 158
1684411266334 9.151525 159
1684411266349 9.151525 160
1684411266363 9.151525 161
1684411266378 9.151525 162
1684411266392 9.151524 163
1684411266406 9.151524 164
1684411266421 9.151525 165
1684411266435 9.151525 166
1684411266450 9.151525 167
1684411266464 9.151525 168
1684411266478 9.151525 169
1684411266493 9.151525 170
1684411266507 9.151525 171
1684411266521 9.151525 172
1684411266536 9.151525 173
1684411266550 9.151525 174
1684411266565 9.151525 175
1684411266580 9.151524 176
1684411266594 9.151524 177
1684411266609 9.151525 178
1684411266624 9.151525 179
1684411266638 9.151525 180
1684411266653 9.151525 181
1684411266667 9.151525 182
1684411266682 9.151525 183
1684411266697 9.151525 184
1684411266711 9.151525 185
1684411266726 9.151525 186
1684411266740 9.151525 187
1684411266754 9.151525 188
1684411266768 9.151525 189
1684411266783 9.151525 190
1684411266797 9.151525 191
1684411266811 9.151525 192
1684411266826 9.151525 193
1684411266840 9.151525 194
1684411266854 9.151525 195
1684411266868 9.151525 196
1684411266883 9.151524 197
1684411266897 9.151525 198
1684411266911 9.151525 199
1684411266925 9.151525 200
1684411266940 9.151525 201
1684411266954 9.151525 202
1684411266968 9.151525 203
1684411266983 9.151525 204
1684411266997 9.151525 205
1684411267012 9.151525 206
1684411267026 9.151525 207
1684411267040 9.151525 208
1684411267055 9.151525 209
1684411267069 9.151525 210
1684411267083 9.151525 211
1684411267098 9.151525 212
1684411267112 9.151525 213
1684411267126 9.151525 214
1684411267141 9.151525 215
1684411267155 9.151525 216
1684411267170 9.151525 217
1684411267184 9.151525 218
1684411267198 9.151525 219
1684411267212 9.151525 220
1684411267227 9.151525 221
1684411267241 9.151525 222
1684411267255 9.151525 223
1684411267270 9.151525 224
1684411267284 9.151525 225
1684411267299 9.151525 226
1684411267313 9.151525 227
1684411267327 9.151525 228
1684411267342 9.151525 229
1684411267356 9.151525 230
1684411267370 9.151525 231
1684411267385 9.151525 232
1684411267399 9.151525 233
1684411267414 9.151525 234
1684411267428 9.151525 235
1684411267443 9.151525 236
1684411267457 9.151525 237
1684411267471 9.151524 238
1684411267485 9.151524 239
1684411267500 9.151525 240
1684411267514 9.151525 241
1684411267528 9.151525 242
1684411267543 9.151525 243
1684411267557 9.151525 244
1684411267571 9.151525 245
1684411267585 9.151525 246
1684411267600 9.151525 247
1684411267615 9.151525 248
1684411267629 9.151525 249
1684411267644 9.151525 250
