1684411112852 58.750866 1
1684411112867 58.547256 2
1684411112881 58.453053 3
1684411112895 57.802208 4
1684411112910 56.964046 5
1684411112925 56.652634 6
1684411112939 56.333935 7
1684411112953 56.198753 8
1684411112968 55.87484 9
1684411112982 53.22084 10
1684411112996 44.753334 11
1684411113011 29.894953 12
1684411113025 23.382456 13
1684411113039 19.75866 14
1684411113054 14.152372 15
1684411113068 10.300062 16
1684411113083 9.666327 17
1684411113097 8.673801 18
1684411113111 8.525566 19
1684411113126 8.271652 20
1684411113140 7.9866056 21
1684411113155 7.8857923 22
1684411113169 7.8687534 23
1684411113183 7.8694844 24
1684411113197 7.873682 25
1684411113212 7.881303 26
1684411113226 7.8915105 27
1684411113240 7.90143 28
1684411113254 7.9072447 29
1684411113269 7.9056816 30
1684411113283 7.8989553 31
1684411113297 7.8926487 32
1684411113312 7.90256 33
1684411113326 7.931326 34
1684411113340 7.955103 35
1684411113355 7.9374924 36
1684411113369 7.9264803 37
1684411113384 7.9392815 38
1684411113398 7.9036217 39
1684411113412 7.894916 40
1684411113427 7.8928227 41
1684411113441 7.8828917 42
1684411113455 7.875698 43
1684411113470 7.8712726 44
1684411113484 7.8682694 45
1684411113499 7.8682055 46
1684411113514 7.8697195 47
1684411113528 7.8709664 48
1684411113542 7.87167 49
1684411113557 7.8723965 50
1684411113571 7.8736525 51
1684411113586 7.8755426 52
1684411113600 7.8777947 53
1684411113615 7.8799844 54
1684411113629 7.881793 55
1684411113643 7.883114 56
1684411113658 7.8840213 57
1684411113673 7.8846555 58
1684411113687 7.8851433 59
1684411113702 7.8855624 60
1684411113718 7.885941 61
1684411113733 7.8862834 62
1684411113747 7.8865848 63
1684411113762 7.8868403 64
1684411113776 7.887048 65
1684411113791 7.887211 66
1684411113805 7.887334 67
1684411113819 7.8874226 68
1684411113834 7.887483 69
1684411113848 7.8875175 70
1684411113863 7.8875284 71
1684411113877 7.887517 72
1684411113891 7.887484 73
1684411113905 7.887431 74
1684411113920 7.8873596 75
1684411113934 7.887272 76
1684411113948 7.88717 77
1684411113962 7.8870573 78
1684411113976 7.8869367 79
1684411113991 7.886812 80
1684411114005 7.8866854 81
1684411114019 7.8865614 82
1684411114033 7.886438 83
1684411114048 7.8863215 84
1684411114063 7.8862114 85
1684411114077 7.886107 86
1684411114091 7.886013 87
1684411114105 7.8859262 88
1684411114119 7.8858485 89
1684411114133 7.88578 90
1684411114149 7.8857193 91
1684411114163 7.885667 92
1684411114178 7.8856215 93
1684411114192 7.885585 94
1684411114206 7.8855543 95
1684411114221 7.8855305 96
1684411114235 7.8855124 97
1684411114250 7.885498 98
1684411114264 7.8854885 99
1684411114278 7.885483 100
1684411114293 7.885481 101
1684411114307 7.885482 102
1684411114321 7.8854847 103
1684411114335 7.8854895 104
1684411114349 7.885496 105
1684411114364 7.885504 106
1684411114378 7.885512 107
1684411114392 7.885521 108
1684411114407 7.8855295 109
1684411114421 7.885539 110
1684411114435 7.8855476 111
1684411114449 7.885556 112
1684411114464 7.885565 113
1684411114478 7.885573 114
1684411114492 7.8855805 115
1684411114506 7.8855877 116
1684411114521 7.885594 117
1684411114535 7.8855996 118
1684411114549 7.885604 119
1684411114563 7.8856072 120
1684411114578 7.885611 121
1684411114592 7.8856134 122
1684411114606 7.885617 123
1684411114620 7.885619 124
1684411114635 7.885621 125
1684411114649 7.885622 126
1684411114664 7.885622 127
1684411114678 7.885622 128
1684411114693 7.8856215 129
1684411114708 7.8856215 130
1684411114725 7.885621 131
1684411114741 7.88562 132
1684411114760 7.8856187 133
1684411114779 7.885617 134
1684411114794 7.8856153 135
1684411114812 7.8856144 136
1684411114828 7.885613 137
1684411114842 7.885612 138
1684411114857 7.8856106 139
1684411114871 7.8856087 140
1684411114886 7.8856077 141
1684411114900 7.8856072 142
1684411114915 7.885606 143
1684411114930 7.8856053 144
1684411114944 7.885604 145
1684411114958 7.885604 146
1684411114973 7.885603 147
1684411114988 7.885602 148
1684411115003 7.8856015 149
1684411115017 7.885601 150
1684411115032 7.8856015 151
1684411115046 7.885601 152
1684411115061 7.885601 153
1684411115075 7.885601 154
1684411115090 7.885601 155
1684411115104 7.885601 156
1684411115119 7.885601 157
1684411115134 7.885601 158
1684411115148 7.885601 159
1684411115162 7.885601 160
1684411115177 7.885601 161
1684411115191 7.885601 162
1684411115206 7.885601 163
1684411115220 7.885601 164
1684411115235 7.885601 165
1684411115249 7.885601 166
1684411115263 7.885601 167
1684411115278 7.8856015 168
1684411115292 7.8856015 169
1684411115307 7.8856015 170
1684411115321 7.8856015 171
1684411115335 7.885602 172
1684411115350 7.8856025 173
1684411115365 7.8856025 174
1684411115379 7.8856025 175
1684411115393 7.8856025 176
1684411115408 7.8856025 177
1684411115422 7.8856025 178
1684411115437 7.8856025 179
1684411115451 7.8856025 180
1684411115467 7.8856025 181
1684411115482 7.8856025 182
1684411115498 7.8856025 183
1684411115513 7.8856025 184
1684411115528 7.8856025 185
1684411115544 7.8856025 186
1684411115559 7.885603 187
1684411115575 7.885603 188
1684411115590 7.8856025 189
1684411115605 7.8856025 190
1684411115620 7.8856025 191
1684411115636 7.8856025 192
1684411115651 7.8856025 193
1684411115667 7.8856025 194
1684411115681 7.8856025 195
1684411115696 7.8856025 196
1684411115711 7.8856025 197
1684411115726 7.8856025 198
1684411115740 7.8856025 199
1684411115755 7.8856025 200
1684411115769 7.8856025 201
1684411115784 7.8856025 202
1684411115798 7.8856025 203
1684411115812 7.8856025 204
1684411115827 7.8856025 205
1684411115841 7.8856025 206
1684411115856 7.8856025 207
1684411115870 7.8856025 208
1684411115884 7.8856025 209
1684411115898 7.8856025 210
1684411115913 7.8856025 211
1684411115927 7.8856025 212
1684411115942 7.8856025 213
1684411115956 7.8856025 214
1684411115971 7.8856025 215
1684411115985 7.8856025 216
1684411115999 7.8856025 217
1684411116014 7.8856025 218
1684411116028 7.8856025 219
1684411116042 7.8856025 220
1684411116057 7.8856025 221
1684411116071 7.8856025 222
1684411116085 7.8856025 223
1684411116100 7.8856025 224
1684411116114 7.8856025 225
1684411116128 7.8856025 226
1684411116142 7.8856025 227
1684411116157 7.8856025 228
1684411116171 7.8856025 229
1684411116185 7.8856025 230
1684411116199 7.8856025 231
1684411116214 7.8856025 232
1684411116228 7.8856025 233
1684411116242 7.8856025 234
1684411116256 7.8856025 235
1684411116271 7.8856025 236
1684411116285 7.8856025 237
1684411116299 7.8856025 238
1684411116313 7.8856025 239
1684411116327 7.8856025 240
1684411116342 7.8856025 241
1684411116356 7.8856025 242
1684411116370 7.8856025 243
1684411116385 7.8856025 244
1684411116399 7.8856025 245
1684411116413 7.8856025 246
1684411116428 7.8856025 247
1684411116442 7.8856025 248
1684411116456 7.8856025 249
1684411116471 7.8856025 250
