1684190649943 0.521141 1
1684190650025 0.45671725 2
1684190650087 0.39629912 3
1684190650156 0.34479338 4
1684190650225 0.30495545 5
1684190650287 0.2771737 6
1684190650356 0.2600876 7
1684190650410 0.25142366 8
1684190650488 0.24871166 9
1684190650541 0.24975137 10
1684190650610 0.25283185 11
1684190650673 0.25676638 12
1684190650742 0.26082218 13
1684190650811 0.26460844 14
1684190650889 0.26796538 15
1684190650958 0.2708729 16
1684190651027 0.27338466 17
1684190651090 0.27558556 18
1684190651158 0.27756608 19
1684190651227 0.2794096 20
1684190651290 0.28118646 21
1684190651359 0.2829529 22
1684190651428 0.28475183 23
1684190651506 0.28661472 24
1684190651559 0.28856385 25
1684190651644 0.290614 26
1684190651713 0.2927745 27
1684190651776 0.29505035 28
1684190651845 0.29744357 29
1684190651918 0.29995406 30
1684190651980 0.30258033 31
1684190652061 0.30531988 32
1684190652114 0.30816972 33
1684190652192 0.31112665 34
1684190652246 0.3141873 35
1684190652315 0.31734845 36
1684190652393 0.3206073 37
1684190652446 0.32396123 38
1684190652515 0.32740802 39
1684190652593 0.33094573 40
1684190652647 0.33457255 41
1684190652716 0.33828712 42
1684190652778 0.34208804 43
1684190652847 0.34597433 44
1684190652916 0.34994498 45
1684190652979 0.35399926 46
1684190653048 0.35813648 47
1684190653110 0.362356 48
1684190653164 0.36665744 49
1684190653233 0.3710402 50
1684190653295 0.37550396 51
1684190653364 0.38004833 52
1684190653418 0.38467303 53
1684190653496 0.3893777 54
1684190653549 0.3941621 55
1684190653618 0.39902583 56
1684190653681 0.40396878 57
1684190653750 0.4089906 58
1684190653812 0.41409108 59
1684190653881 0.41926992 60
1684190653935 0.4245269 61
1684190653997 0.42986175 62
1684190654066 0.43527433 63
1684190654135 0.44076428 64
1684190654198 0.44633138 65
1684190654267 0.4519755 66
1684190654336 0.45769635 67
1684190654398 0.46349365 68
1684190654468 0.46936727 69
1684190654521 0.47531688 70
1684190654583 0.48134235 71
1684190654652 0.48744342 72
1684190654721 0.49361992 73
1684190654784 0.49987155 74
1684190654853 0.50619817 75
1684190654922 0.5125995 76
1684190654985 0.51907545 77
1684190655038 0.52562577 78
1684190655116 0.53225017 79
1684190655169 0.53894866 80
1684190655238 0.5457208 81
1684190655301 0.5525665 82
1684190655370 0.5594857 83
1684190655423 0.56647795 84
1684190655486 0.5735433 85
1684190655555 0.58068144 86
1684190655624 0.5878921 87
1684190655687 0.5951752 88
1684190655756 0.60253054 89
1684190655818 0.6099578 90
1684190655887 0.6174569 91
1684190655956 0.6250275 92
1684190656019 0.63266945 93
1684190656072 0.64038265 94
1684190656141 0.6481662 95
1684190656204 0.65601975 96
1684190656442 0.6639432 97
1684190656542 0.6719362 98
1684190656620 0.67999876 99
1684190656689 0.6881308 100
1684190656758 0.6963322 101
1684190656827 0.70460296 102
1684190656890 0.7129427 103
1684190656959 0.72135156 104
1684190657028 0.7298292 105
1684190657090 0.7383755 106
1684190657159 0.7469902 107
1684190657228 0.75567317 108
1684190657291 0.7644241 109
1684190657360 0.7732428 110
1684190657429 0.78212893 111
1684190657491 0.7910825 112
1684190657560 0.800103 113
1684190657676 0.80919033 114
1684190657730 0.8183442 115
1684190657792 0.8275643 116
1684190657877 0.8368506 117
1684190657946 0.8462026 118
1684190658008 0.85562027 119
1684190658077 0.8651031 120
1684190658146 0.8746511 121
1684190658209 0.8842638 122
1684190658278 0.8939411 123
1684190658347 0.90368277 124
1684190658409 0.91348845 125
1684190658478 0.9233579 126
1684190658548 0.9332909 127
1684190658610 0.94328725 128
1684190658679 0.95334744 129
1684190658748 0.96347183 130
1684190658811 0.9736601 131
1684190658880 0.9839119 132
1684190658949 0.9942269 133
1684190659011 1.0046046 134
1684190659080 1.0150447 135
1684190659149 1.0255466 136
1684190659212 1.0361099 137
1684190659281 1.0467343 138
1684190659334 1.0574194 139
1684190659412 1.068165 140
1684190659466 1.0789704 141
1684190659535 1.0898358 142
1684190659597 1.1007606 143
1684190659666 1.1117446 144
1684190659735 1.1227877 145
1684190659798 1.1338896 146
1684190659867 1.1450499 147
1684190659929 1.1562687 148
1684190659998 1.1675456 149
1684190660052 1.1788801 150
1684190660114 1.1902723 151
1684190660183 1.201722 152
1684190660252 1.213229 153
1684190660315 1.224793 154
1684190660384 1.2364135 155
1684190660453 1.2480907 156
1684190660515 1.2598243 157
1684190660584 1.2716141 158
1684190660638 1.2834597 159
1684190660716 1.2953609 160
1684190660769 1.3073179 161
1684190660838 1.3193299 162
1684190660901 1.3313973 163
1684190660970 1.3435194 164
1684190661039 1.3556964 165
1684190661101 1.3679279 166
1684190661165 1.3802139 167
1684190661239 1.3925538 168
1684190661302 1.4049478 169
1684190661355 1.4173957 170
1684190661433 1.4298971 171
1684190661487 1.4424521 172
1684190661556 1.4550602 173
1684190661618 1.4677216 174
1684190661687 1.4804358 175
1684190661756 1.493203 176
1684190661819 1.5060228 177
1684190661888 1.518895 178
1684190661941 1.5318196 179
1684190662019 1.5447965 180
1684190662073 1.5578252 181
1684190662142 1.5709058 182
1684190662204 1.5840383 183
1684190662273 1.5972223 184
1684190662342 1.6104579 185
1684190662405 1.623745 186
1684190662458 1.6370829 187
1684190662521 1.6504722 188
1684190662590 1.6639123 189
1684190662664 1.6774031 190
1684190662726 1.6909448 191
1684190662779 1.704537 192
1684190662848 1.7181797 193
1684190662911 1.7318728 194
1684190662991 1.7456162 195
1684190663049 1.7594095 196
1684190663343 1.7732527 197
1684190663428 1.7871461 198
1684190663481 1.8010893 199
1684190663550 1.815082 200
1684190663613 1.8291241 201
1684190663682 1.843216 202
1684190663751 1.8573569 203
1684190663829 1.8715472 204
1684190663882 1.8857868 205
1684190663951 1.9000752 206
1684190664051 1.9144127 207
1684190664130 1.9287988 208
1684190664199 1.9432337 209
1684190664268 1.9577174 210
1684190664330 1.9722496 211
1684190664399 1.98683 212
1684190664468 2.0014586 213
1684190664531 2.0161357 214
1684190664584 2.030861 215
1684190664653 2.045634 216
1684190664716 2.0604548 217
1684190664785 2.0753236 218
1684190664854 2.09024 219
1684190664916 2.1052039 220
1684190664985 2.1202152 221
1684190665054 2.135274 222
1684190665117 2.15038 223
1684190665186 2.1655326 224
1684190665248 2.1807327 225
1684190665302 2.1959796 226
1684190665371 2.211273 227
1684190665433 2.226613 228
1684190665502 2.242 229
1684190665571 2.2574334 230
1684190665634 2.272913 231
1684190665703 2.2884393 232
1684190665756 2.3040113 233
1684190665834 2.3196297 234
1684190665888 2.3352942 235
1684190665957 2.3510048 236
1684190666035 2.3667612 237
1684190666104 2.3825634 238
1684190666173 2.3984113 239
1684190666235 2.4143047 240
1684190666304 2.4302437 241
1684190666373 2.4462285 242
1684190666436 2.462258 243
1684190666489 2.4783335 244
1684190666558 2.4944534 245
1684190666621 2.5106187 246
1684190666690 2.5268292 247
1684190666759 2.5430846 248
1684190666821 2.5593843 249
1684190666875 2.5757291 250
