1684188507670 0.5022450568242937 1
1684188507746 0.4400373005971223 2
1684188507815 0.3819209396236959 3
1684188507868 0.3326302703312801 4
1684188507946 0.294795725660639 5
1684188508000 0.2687484704716616 6
1684188508069 0.2531196968140158 7
1684188508131 0.2456532127182235 8
1684188508200 0.24390815108202876 9
1684188508269 0.2457184748640238 10
1684188508354 0.24940708810321055 11
1684188508416 0.25381779650810316 12
1684188508485 0.2582436784762992 13
1684188508554 0.2623158932778897 14
1684188508617 0.26589290827949125 15
1684188508686 0.26896994117194556 16
1684188508755 0.2716134264390184 17
1684188508817 0.273918321816663 18
1684188508886 0.2759831618211142 19
1684188508955 0.27789731488130015 20
1684188509034 0.27973561767575966 21
1684188509103 0.2815575334454891 22
1684188509172 0.28340814282588617 23
1684188509234 0.28532044187988825 24
1684188509303 0.28731762563658 25
1684188509372 0.2894152270919193 26
1684188509435 0.2916227627116716 27
1684188509504 0.2939455154517944 28
1684188509573 0.29638546084276113 29
1684188509635 0.29894247451342587 30
1684188509708 0.30161482505206355 31
1684188509773 0.30439994805806747 32
1684188509836 0.30729466999667 33
1684188509905 0.31029562271600863 34
1684188509974 0.3133993968508881 35
1684188510052 0.31660275560606077 36
1684188510121 0.31990261666019226 37
1684188510190 0.32329621101939093 38
1684188510253 0.3267810192905137 39
1684188510306 0.33035482459357834 40
1684188510375 0.3340157049488086 41
1684188510460 0.3377620086942687 42
1684188510591 0.3415922253367144 43
1684188510660 0.3455052149280496 44
1684188510723 0.3494998506774513 45
1684188510792 0.3535752964233403 46
1684188510854 0.35773073374097863 47
1684188510923 0.3619655187150361 48
1684188510977 0.366279085935702 49
1684188511055 0.37067085705443936 50
1684188511124 0.37514047963155306 51
1684188511177 0.37968743839174596 52
1684188511255 0.38431138168804 53
1684188511309 0.38901201308392586 54
1684188511378 0.39378893059186887 55
1684188511440 0.3986418132593774 56
1684188511509 0.40357036474723007 57
1684188511563 0.40857427387523626 58
1684188511641 0.41365326681424325 59
1684188511694 0.41880700858177905 60
1684188511763 0.42403524920029917 61
1684188511826 0.4293376776858958 62
1684188511895 0.4347140808368789 63
1684188511964 0.4401640556248402 64
1684188512026 0.44568743861601284 65
1684188512095 0.45128392825873415 66
1684188512164 0.4569532437625872 67
1684188512227 0.4626951592248718 68
1684188512296 0.4685093878007989 69
1684188512365 0.4743956529242923 70
1684188512428 0.48035371843989855 71
1684188512481 0.4863833474482202 72
1684188512559 0.4924842582662057 73
1684188512612 0.49865624536420494 74
1684188512681 0.5048990368857683 75
1684188512744 0.5112123956185513 76
1684188512813 0.5175960460198145 77
1684188512882 0.5240497877675748 78
1684188512945 0.5305734085406075 79
1684188513014 0.5371665759105577 80
1684188513067 0.5438291507132085 81
1684188513145 0.5505608150920068 82
1684188513198 0.5573613952356185 83
1684188513267 0.5642306311043901 84
1684188513346 0.5711682934707862 85
1684188513415 0.5781741351408962 86
1684188513468 0.5852479305083768 87
1684188513546 0.5923894336797609 88
1684188513615 0.5995984181334224 89
1684188513684 0.6068746635715502 90
1684188513747 0.6142178754022953 91
1684188513816 0.6216278622052253 92
1684188513885 0.6291044035167205 93
1684188513947 0.6366472082750345 94
1684188514016 0.6442560564813902 95
1684188514070 0.6519307622226634 96
1684188514148 0.6596710141827297 97
1684188514201 0.6674766192758617 98
1684188514270 0.6753472740062086 99
1684188514333 0.6832828312186868 100
1684188514402 0.6912829765654244 101
1684188514471 0.6993474781333965 102
1684188514533 0.7074761441860165 103
1684188514602 0.7156687232215377 104
1684188514671 0.7239249321006426 105
1684188514734 0.7322446429784434 106
1684188514787 0.740627473077325 107
1684188514850 0.749073259206515 108
1684188514919 0.757581754700954 109
1684188514988 0.7661526871687897 110
1684188515050 0.7747857818686723 111
1684188515119 0.7834808488423347 112
1684188515188 0.7922375473115593 113
1684188515251 0.8010556920375743 114
1684188515320 0.8099350054244291 115
1684188515373 0.818875185696218 116
1684188515451 0.8278760627613596 117
1684188515520 0.8369373738288045 118
1684188515574 0.8460587780078775 119
1684188515653 0.8552401278369794 120
1684188515706 0.8644810606160415 121
1684188515775 0.8737814143883649 122
1684188515837 0.8831408356694272 123
1684188515906 0.8925591448938225 124
1684188515975 0.9020360466569693 125
1684188516053 0.9115713465566134 126
1684188516107 0.9211646732735264 127
1684188516176 0.9308158643404778 128
1684188516238 0.9405245083019144 129
1684188516307 0.9502905515922153 130
1684188516376 0.9601136049243263 131
1684188516439 0.9699934040643945 132
1684188516508 0.9799298098324482 133
1684188516577 0.9899224228011437 134
1684188516639 0.9999709938841259 135
1684188516708 1.0100753434961949 136
1684188516771 1.0202351557675349 137
1684188516840 1.03045013494977 138
1684188516909 1.0407201752367152 139
1684188516971 1.0510448495180622 140
1684188517041 1.061423976197755 141
1684188517094 1.0718573040348867 142
1684188517156 1.0823446230843365 143
1684188517225 1.0928855203711565 144
1684188517294 1.1034798187242234 145
1684188517357 1.1141273466662833 146
1684188517426 1.1248277547475705 147
1684188517495 1.1355808450998353 148
1684188517558 1.1463863021620484 149
1684188517627 1.1572439636634702 150
1684188517696 1.1681535111891608 151
1684188517758 1.179114813668365 152
1684188517827 1.1901276115877901 153
1684188517896 1.2011917602531574 154
1684188517959 1.2123070431134026 155
1684188518012 1.223473283384532 156
1684188518081 1.2346902111389384 157
1684188518175 1.2459575912416496 158
1684188518244 1.2572750171479419 159
1684188518313 1.268642483046676 160
1684188518382 1.2800594187468561 161
1684188518460 1.291525747846675 162
1684188518529 1.303041161378877 163
1684188518598 1.3146053481906939 164
1684188518661 1.326218204484198 165
1684188518714 1.3378794140592032 166
1684188518783 1.3495888550628494 167
1684188518846 1.3613461879667157 168
1684188518915 1.3731516535601562 169
1684188518984 1.385004982435928 170
1684188519046 1.396906228809493 171
1684188519115 1.408855241009468 172
1684188519178 1.420851819451806 173
1684188519231 1.4328957098938768 174
1684188519300 1.4449867339427882 175
1684188519378 1.4571246696125668 176
1684188519432 1.4693093409907816 177
1684188519501 1.481540586280977 178
1684188519563 1.4938180940596062 179
1684188519632 1.5061417054782806 180
1684188519701 1.5185113786007243 181
1684188519764 1.5309267348618187 182
1684188519833 1.5433878205859224 183
1684188519902 1.5558942938235296 184
1684188519964 1.568446005221165 185
1684188520033 1.5810429369565806 186
1684188520087 1.5936848121400538 187
1684188520165 1.6063715264682723 188
1684188520218 1.61910299720983 189
1684188520287 1.6318790305254336 190
1684188520365 1.6446994619657331 191
1684188520419 1.6575641513381332 192
1684188520488 1.6704729069981705 193
1684188520566 1.6834258578557462 194
1684188520619 1.6964225358597464 195
1684188520688 1.709462964507143 196
1684188520751 1.722546903080461 197
1684188520820 1.7356743647639754 198
1684188520882 1.7488451604186541 199
1684188520951 1.7620590021347504 200
1684188521005 1.775315939661813 201
1684188521083 1.7886159786204547 202
1684188521136 1.8019588743932442 203
1684188521205 1.815344816429515 204
1684188521268 1.8287737381423197 205
1684188521453 1.8422454786231313 206
1684188521622 1.855760030142492 207
1684188521722 1.869317421064442 208
1684188521791 1.8829172587356255 209
1684188521854 1.8965596747771996 210
1684188521923 1.9102443660974004 211
1684188521992 1.9239711468991094 212
1684188522070 1.9377399685565266 213
1684188522124 1.951550641606515 214
1684188522193 1.9654030261794873 215
1684188522271 1.9792969595547234 216
1684188522324 1.9932323642488787 217
1684188522393 2.0072089155617143 218
1684188522456 2.021226530874104 219
1684188522525 2.0352852182070302 220
1684188522594 2.0493845054482533 221
1684188522656 2.0635254412925526 222
1684188522757 2.077708349894278 223
1684188522826 2.0919329245570064 224
1684188522895 2.1061991191154803 225
1684188522957 2.1205066961396644 226
1684188523026 2.134855221134961 227
1684188523095 2.1492443379533928 228
1684188523158 2.16367332801778 229
1684188523211 2.178141380219 230
1684188523296 2.1926485061801513 231
1684188523358 2.2071947080939243 232
1684188523427 2.2217794570804124 233
1684188523496 2.236402989049541 234
1684188523559 2.2510652288995017 235
1684188523628 2.2657662896789725 236
1684188523697 2.2805058597474046 237
1684188523759 2.295283816270569 238
1684188523828 2.31010030990289 239
1684188523891 2.3249550576486575 240
1684188523960 2.3398479732727315 241
1684188524029 2.3547789874809184 242
1684188524091 2.3697478721205285 243
1684188524145 2.3847543608944872 244
1684188524214 2.399798409901968 245
1684188524276 2.4148797891938436 246
1684188524345 2.4299984155850476 247
1684188524414 2.4451539542743244 248
1684188524477 2.4603462262318985 249
1684188524546 2.4755752369448 250
