1684188623449 0.5424312 1
1684188623521 0.47342864 2
1684188623584 0.40806246 3
1684188623662 0.35149035 4
1684188623716 0.3067101 5
1684188623800 0.27430314 6
1684188623885 0.2530408 7
1684188623947 0.24072236 8
1684188624016 0.23489991 9
1684188624085 0.23335637 10
1684188624148 0.23433685 11
1684188624217 0.23659481 12
1684188624286 0.23933071 13
1684188624348 0.24208751 14
1684188624417 0.24464388 15
1684188624487 0.24692565 16
1684188624565 0.248941 17
1684188624618 0.2507378 18
1684188624687 0.2523774 19
1684188624765 0.2539209 20
1684188624834 0.2554222 21
1684188624903 0.25692558 22
1684188624966 0.25846583 23
1684188625035 0.26006907 24
1684188625104 0.2617541 25
1684188625182 0.263534 26
1684188625251 0.26541728 27
1684188625320 0.26740894 28
1684188625389 0.2695114 29
1684188625456 0.27172527 30
1684188625521 0.2740498 31
1684188625590 0.27648342 32
1684188625652 0.279024 33
1684188625721 0.28166923 34
1684188625790 0.2844166 35
1684188625853 0.28726366 36
1684188625922 0.29020813 37
1684188625991 0.2932478 38
1684188626069 0.2963807 39
1684188626122 0.299605 40
1684188626191 0.30291927 41
1684188626254 0.30632204 42
1684188626323 0.30981222 43
1684188626392 0.3133887 44
1684188626454 0.3170508 45
1684188626523 0.32079792 46
1684188626592 0.32462946 47
1684188626655 0.3285449 48
1684188626724 0.33254376 49
1684188626793 0.33662573 50
1684188626856 0.34079033 51
1684188626925 0.34503737 52
1684188626987 0.34936643 53
1684188627056 0.3537773 54
1684188627110 0.35826966 55
1684188627188 0.36284333 56
1684188627241 0.36749804 57
1684188627310 0.3722336 58
1684188627373 0.37704968 59
1684188627442 0.38194618 60
1684188627511 0.38692278 61
1684188627573 0.39197928 62
1684188627642 0.3971156 63
1684188627711 0.4023313 64
1684188627774 0.40762633 65
1684188627827 0.41300046 66
1684188627896 0.41845345 67
1684188627959 0.42398518 68
1684188628028 0.42959532 69
1684188628097 0.43528375 70
1684188628159 0.4410503 71
1684188628212 0.4468947 72
1684188628291 0.45281678 73
1684188628344 0.45881635 74
1684188628413 0.46489328 75
1684188628476 0.4710473 76
1684188628545 0.47727823 77
1684188628598 0.48358586 78
1684188628676 0.4899701 79
1684188628745 0.4964306 80
1684188628814 0.5029673 81
1684188628877 0.50957996 82
1684188628946 0.5162684 83
1684188629015 0.52303237 84
1684188629077 0.52987176 85
1684188629146 0.5367864 86
1684188629200 0.5437759 87
1684188629262 0.5508403 88
1684188629331 0.55797935 89
1684188629400 0.5651927 90
1684188629463 0.57248026 91
1684188629532 0.579842 92
1684188629601 0.58727735 93
1684188629679 0.5947864 94
1684188629732 0.6023689 95
1684188629801 0.6100246 96
1684188629864 0.61775255 97
1684188629933 0.6255524 98
1684188630002 0.63342375 99
1684188630064 0.6413665 100
1684188630133 0.64938045 101
1684188630202 0.6574656 102
1684188630265 0.6656217 103
1684188630334 0.67384887 104
1684188630403 0.6821471 105
1684188630465 0.690516 106
1684188630534 0.69895554 107
1684188630597 0.7074656 108
1684188630666 0.716046 109
1684188630735 0.72469664 110
1684188630797 0.73341703 111
1684188630851 0.74220717 112
1684188630920 0.7510668 113
1684188630982 0.7599957 114
1684188631051 0.76899356 115
1684188631120 0.7780603 116
1684188631183 0.78719556 117
1684188631252 0.79639906 118
1684188631321 0.8056706 119
1684188631383 0.81501 120
1684188631453 0.824417 121
1684188631568 0.8338913 122
1684188631622 0.8434325 123
1684188631684 0.8530407 124
1684188631753 0.86271536 125
1684188631822 0.8724563 126
1684188631885 0.8822633 127
1684188631954 0.89213616 128
1684188632039 0.9020744 129
1684188632101 0.912078 130
1684188632170 0.9221466 131
1684188632223 0.9322798 132
1684188632302 0.94247764 133
1684188632371 0.9527397 134
1684188632424 0.96306556 135
1684188632502 0.9734552 136
1684188632556 0.9839082 137
1684188632625 0.9944242 138
1684188632687 1.0050032 139
1684188632756 1.0156447 140
1684188632825 1.0263485 141
1684188632888 1.0371144 142
1684188632957 1.0479419 143
1684188633026 1.058831 144
1684188633088 1.0697812 145
1684188633142 1.0807924 146
1684188633211 1.0918642 147
1684188633273 1.1029963 148
1684188633342 1.1141884 149
1684188633411 1.1254406 150
1684188633474 1.1367521 151
1684188633543 1.1481229 152
1684188633612 1.1595527 153
1684188633690 1.171041 154
1684188633743 1.1825881 155
1684188633812 1.194193 156
1684188633875 1.2058558 157
1684188633944 1.2175764 158
1684188634013 1.2293541 159
1684188634075 1.241189 160
1684188634144 1.2530806 161
1684188634207 1.2650287 162
1684188634276 1.2770331 163
1684188634329 1.2890935 164
1684188634392 1.3012094 165
1684188634461 1.3133812 166
1684188634530 1.3256078 167
1684188634592 1.3378894 168
1684188634661 1.3502258 169
1684188634730 1.3626165 170
1684188634793 1.3750616 171
1684188634862 1.3875606 172
1684188634915 1.4001131 173
1684188634994 1.4127192 174
1684188635047 1.4253786 175
1684188635116 1.4380909 176
1684188635178 1.4508559 177
1684188635247 1.4636735 178
1684188635316 1.4765434 179
1684188635379 1.4894655 180
1684188635448 1.5024395 181
1684188635517 1.515465 182
1684188635582 1.528542 183
1684188635648 1.5416704 184
1684188635717 1.5548497 185
1684188635780 1.5680798 186
1684188635849 1.581361 187
1684188635918 1.5946922 188
1684188635980 1.6080737 189
1684188636049 1.6215055 190
1684188636118 1.6349872 191
1684188636181 1.6485187 192
1684188636250 1.6620996 193
1684188636313 1.6757301 194
1684188636366 1.6894097 195
1684188636435 1.7031386 196
1684188636497 1.7169163 197
1684188636566 1.7307427 198
1684188636635 1.7446179 199
1684188636698 1.7585416 200
1684188636767 1.7725134 201
1684188636836 1.7865338 202
1684188636899 1.800602 203
1684188636968 1.8147182 204
1684188637021 1.8288822 205
1684188637099 1.843094 206
1684188637184 1.8573531 207
1684188637284 1.87166 208
1684188637337 1.886014 209
1684188637400 1.9004152 210
1684188637469 1.9148637 211
1684188637538 1.9293588 212
1684188637600 1.9439011 213
1684188637670 1.9584897 214
1684188637723 1.973124 215
1684188637801 1.9878044 216
1684188637870 2.0025306 217
1684188637923 2.0173023 218
1684188638002 2.0321198 219
1684188638055 2.0469832 220
1684188638124 2.0618923 221
1684188638202 2.076847 222
1684188638271 2.0918477 223
1684188638340 2.1068935 224
1684188638403 2.1219852 225
1684188638472 2.1371224 226
1684188638525 2.152305 227
1684188638603 2.167533 228
1684188638672 2.182806 229
1684188638741 2.1981242 230
1684188638804 2.2134874 231
1684188638873 2.2288957 232
1684188638926 2.2443488 233
1684188638989 2.2598462 234
1684188639058 2.2753887 235
1684188639127 2.290976 236
1684188639189 2.3066072 237
1684188639243 2.3222868 238
1684188639321 2.3380156 239
1684188639374 2.3537943 240
1684188639443 2.3696234 241
1684188639506 2.3855023 242
1684188639575 2.4014301 243
1684188639644 2.4174068 244
1684188639706 2.433431 245
1684188639775 2.4495025 246
1684188639844 2.465621 247
1684188639907 2.4817855 248
1684188639976 2.4979963 249
1684188640045 2.5142539 250
