1684190729405 0.509251336238139 1
1684190729482 0.4447674858287713 2
1684190729557 0.3838436726350727 3
1684190729619 0.3313296855413261 4
1684190729688 0.29002143141368736 5
1684190729742 0.2604245005725177 6
1684190729820 0.24133234704361187 7
1684190729889 0.23062522080456457 8
1684190729958 0.2259617905475315 9
1684190730020 0.22523356029382843 10
1684190730089 0.22678116463669765 11
1684190730158 0.22943449568787883 12
1684190730221 0.2324512317498057 13
1684190730290 0.23541491634952708 14
1684190730359 0.23813196877542855 15
1684190730421 0.24054656336275648 16
1684190730490 0.24267870031892494 17
1684190730559 0.2445834590617755 18
1684190730622 0.24632676647544444 19
1684190730691 0.2479722715483497 20
1684190730760 0.24957524296515973 21
1684190730822 0.2511807706538804 22
1684190730892 0.25282397080750296 23
1684190730961 0.2545310519795322 24
1684190731039 0.2563209311008484 25
1684190731108 0.2582065623015359 26
1684190731172 0.26019635376623945 27
1684190731246 0.26229517779691625 28
1684190731308 0.2645053862475896 29
1684190731377 0.2668274684513813 30
1684190731434 0.2692606626805984 31
1684190731508 0.2718033904922405 32
1684190731562 0.2744535283639211 33
1684190731640 0.2772087345948571 34
1684190731693 0.2800665780049363 35
1684190731762 0.28302464133747957 36
1684190731825 0.28608063528971595 37
1684190731894 0.28923240134222944 38
1684190731963 0.29247804510443254 39
1684190732026 0.29581588234666506 40
1684190732095 0.29924444723179483 41
1684190732164 0.3027624448727378 42
1684190732226 0.3063687794451625 43
1684190732311 0.31006258138050136 44
1684190732385 0.31384301972540446 45
1684190732448 0.31770945898759 46
1684190732536 0.3216613393648611 47
1684190732610 0.3256982220019023 48
1684190732695 0.3298196761647766 49
1684190732779 0.3340253799625722 50
1684190732842 0.3383150603774592 51
1684190732927 0.342688434907762 52
1684190732996 0.3471452953411637 53
1684190733058 0.3516854471861432 54
1684190733127 0.3563086487042444 55
1684190733196 0.3610148474134926 56
1684190733259 0.36580377634546685 57
1684190733328 0.3706753539433746 58
1684190733397 0.37562937633823246 59
1684190733475 0.38066573801936116 60
1684190733544 0.3857842875498034 61
1684190733613 0.39098489852060664 62
1684190733682 0.3962674159027563 63
1684190733745 0.40163176301665177 64
1684190733814 0.40707776153945885 65
1684190733883 0.4126052916194403 66
1684190733945 0.4182142987227326 67
1684190734014 0.42390459582276635 68
1684190734083 0.4296760815188807 69
1684190734161 0.4355286800521596 70
1684190734215 0.44146224542971013 71
1684190734284 0.44747668458158024 72
1684190734362 0.45357188929409153 73
1684190734415 0.45974772906478373 74
1684190734484 0.4660041640943328 75
1684190734547 0.47234102744677525 76
1684190734616 0.47875826108188074 77
1684190734685 0.48525576790523034 78
1684190734747 0.4918334087128128 79
1684190734816 0.4984911506697116 80
1684190734879 0.5052288325282973 81
1684190734948 0.5120464284952536 82
1684190735001 0.5189438185293654 83
1684190735064 0.5259208903436865 84
1684190735133 0.5329775609926988 85
1684190735202 0.5401137440790509 86
1684190735264 0.5473293671058928 87
1684190735333 0.5546242922008549 88
1684190735387 0.561998458947911 89
1684190735465 0.5694517776835872 90
1684190735518 0.5769841308842032 91
1684190735587 0.5845954610717276 92
1684190735650 0.5922856397143326 93
1684190735719 0.6000546110345479 94
1684190735788 0.6079022827041309 95
1684190735850 0.615828522907196 96
1684190735920 0.6238332840597559 97
1684190735989 0.6319164267394837 98
1684190736051 0.6400778558498955 99
1684190736104 0.6483175317938076 100
1684190736183 0.6566353486980739 101
1684190736236 0.6650311664185823 102
1684190736305 0.6735048764516195 103
1684190736368 0.6820565047645711 104
1684190736437 0.6906857932059416 105
1684190736490 0.6993927605152405 106
1684190736568 0.70817727327822 107
1684190736637 0.7170392016424613 108
1684190736753 0.7259785359730095 109
1684190736891 0.7349950755539941 110
1684190736969 0.7440887687503142 111
1684190737038 0.7532594966986187 112
1684190737091 0.7625072063569018 113
1684190737170 0.7718317122244629 114
1684190737223 0.7812330237342111 115
1684190737292 0.7907110354730458 116
1684190737355 0.8002654846079776 117
1684190737424 0.8098964821105958 118
1684190737493 0.8196038474624836 119
1684190737655 0.8293874891107771 120
1684190737756 0.8392472802813554 121
1684190737825 0.8491832216447817 122
1684190737894 0.8591950906885274 123
1684190737956 0.8692828487314269 124
1684190738025 0.8794464008272641 125
1684190738094 0.88968565576376 126
1684190738157 0.9000005035092296 127
1684190738226 0.910390785273965 128
1684190738295 0.9208564738467062 129
1684190738357 0.9313974229846789 130
1684190738426 0.942013631798486 131
1684190738495 0.952704821409828 132
1684190738558 0.9634709125769838 133
1684190738627 0.9743120071785579 134
1684190738696 0.9852277726496326 135
1684190738759 0.9962182630884951 136
1684190738828 1.0072831849181232 137
1684190738897 1.0184225897390415 138
1684190738959 1.0296362420825103 139
1684190739028 1.0409241711282011 140
1684190739097 1.052286246095406 141
1684190739160 1.0637222372849282 142
1684190739229 1.075232180153336 143
1684190739298 1.0868158893244533 144
1684190739360 1.098473305689375 145
1684190739429 1.110204235310884 146
1684190739498 1.1220086453555214 147
1684190739561 1.1338864271251048 148
1684190739630 1.1458374236698732 149
1684190739699 1.1578615531137915 150
1684190739762 1.1699588397438436 151
1684190739831 1.1821289162420108 152
1684190739900 1.1943718776200831 153
1684190739962 1.206687508017792 154
1684190740015 1.219075790234625 155
1684190740094 1.231536540292753 156
1684190740147 1.2440697569664747 157
1684190740216 1.256675191425633 158
1684190740279 1.2693528332007902 159
1684190740348 1.2821025619883601 160
1684190740417 1.294924276704625 161
1684190740479 1.3078178733431718 162
1684190740548 1.3207832464933258 163
1684190740602 1.3338203301912077 164
1684190740664 1.346928919383097 165
1684190740733 1.3601090322604439 166
1684190740802 1.3733605162782117 167
1684190740880 1.386683241063682 168
1684190740934 1.4000771550347406 169
1684190741018 1.413542214268229 170
1684190741096 1.4270780892474844 171
1684190741150 1.4406849953007175 172
1684190741219 1.4543627010856823 173
1684190741281 1.4681110372060866 174
1684190741350 1.4819300536797213 175
1684190741420 1.4958194893871273 176
1684190741482 1.5097792816252136 177
1684190741535 1.5238091104154734 178
1684190741604 1.537909030927668 179
1684190741667 1.552078818932228 180
1684190741736 1.566318454816904 181
1684190741805 1.5806279177619083 182
1684190741868 1.5950072058494478 183
1684190741937 1.6094561605816224 184
1684190741999 1.6239747711843864 185
1684190742068 1.6385629890265059 186
1684190742253 1.6532207418492566 187
1684190742406 1.66794803699742 188
1684190742485 1.6827446378821995 189
1684190742549 1.6976106023018647 190
1684190742623 1.71254583347143 191
1684190742685 1.7275501683629044 192
1684190742754 1.7426235977318492 193
1684190742823 1.7577660985242687 194
1684190742886 1.7729774666798115 195
1684190742955 1.7882578278365706 196
1684190743024 1.8036069497158602 197
1684190743086 1.8190248357472518 198
1684190743155 1.8345113053338982 199
1684190743224 1.8500664153383815 200
1684190743302 1.865690061862005 201
1684190743356 1.8813820792802647 202
1684190743425 1.8971425943300826 203
1684190743503 1.9129713910241015 204
1684190743572 1.928868474708381 205
1684190743625 1.9448336533099675 206
1684190743703 1.9608671706463143 207
1684190743757 1.976968526682662 208
1684190743826 1.9931379556881514 209
1684190743888 2.009375423223124 210
1684190743958 2.025680670518433 211
1684190744027 2.042053962998042 212
1684190744089 2.058494897622928 213
1684190744158 2.075003383448909 214
1684190744227 2.091579689721571 215
1684190744290 2.1082235194950183 216
1684190744359 2.1249348584213705 217
1684190744412 2.141713732249695 218
1684190744490 2.1585599641041147 219
1684190744544 2.175473758811243 220
1684190744613 2.192454834332186 221
1684190744675 2.2095031059403656 222
1684190744744 2.226618997604695 223
1684190744807 2.2438022416975114 224
1684190744976 2.261052835608444 225
1684190745114 2.27837061898461 226
1684190745176 2.2957559232447085 227
1684190745245 2.3132082788562975 228
1684190745314 2.3307278121297057 229
1684190745377 2.348314366908818 230
1684190745446 2.3659679799165207 231
1684190745515 2.3836889319070953 232
1684190745577 2.401477673100697 233
1684190745646 2.4193337766511425 234
1684190745715 2.4372575363892706 235
1684190745778 2.4552486765129236 236
1684190745847 2.4733071200477172 237
1684190745916 2.4914324685057627 238
1684190745979 2.509624834542551 239
1684190746048 2.5278837575619946 240
1684190746117 2.5462094513050504 241
1684190746179 2.5646017631638784 242
1684190746264 2.583060459106525 243
1684190746333 2.6015854587768645 244
1684190746411 2.620176773594461 245
1684190746464 2.6388343643417294 246
1684190746533 2.6575580049431755 247
1684190746596 2.676347833550598 248
1684190746665 2.6952034984711934 249
1684190746734 2.7141254881332078 250
