1684191253167 0.0010901895386166776 1
1684191253260 0.00109880188372074 2
1684191253322 0.001120710461727103 3
1684191253385 0.0011454473736671425 4
1684191253453 0.0011612535568899282 5
1684191253523 0.0011610678290625118 6
1684191253585 0.001144724122629747 7
1684191253654 0.0011174018651997604 8
1684191253723 0.0010864615834131643 9
1684191253808 0.0010586885015995782 10
1684191253870 0.0010389314818272323 11
1684191253939 0.0010300045885013051 12
1684191254008 0.0010331137404556506 13
1684191254071 0.0010483967532470045 14
1684191254140 0.0010753246907394636 15
1684191254209 0.0011129805736755434 16
1684191254287 0.0011601588748855667 17
1684191254356 0.0012156162809515748 18
1684191254410 0.001278118419945075 19
1684191254488 0.0013466482332399204 20
1684191254557 0.001420353207403842 21
1684191254610 0.0014985994285218707 22
1684191254688 0.0015809276467149795 23
1684191254742 0.0016670543391751403 24
1684191254811 0.0017568530227783578 25
1684191254874 0.001850221948012678 26
1684191254943 0.0019472310763237522 27
1684191255012 0.0020479187959637907 28
1684191255074 0.002152365226770065 29
1684191255143 0.0022607004589768435 30
1684191255212 0.002372983880934104 31
1684191255274 0.002489350649617291 32
1684191255343 0.002609906087360985 33
1684191255412 0.0027347352012940113 34
1684191255475 0.002863894919926283 35
1684191255544 0.0029974739622983027 36
1684191255607 0.0031355508614574162 37
1684191255660 0.0032781862431854906 38
1684191255729 0.003425469819287327 39
1684191255792 0.0035774725978538514 40
1684191255861 0.0037342364272721197 41
1684191255930 0.0038958567706024716 42
1684191255992 0.004062380628875192 43
1684191256061 0.004233871796964086 44
1684191256130 0.004410412890373414 45
1684191256193 0.0045920338915844865 46
1684191256246 0.004778831717809643 47
1684191256315 0.004970839472298845 48
1684191256378 0.005168141274104891 49
1684191256447 0.005370765760685757 50
1684191256516 0.005578816343594694 51
1684191256578 0.005792335593806817 52
1684191256648 0.006011378897406199 53
1684191256717 0.006236029064088225 54
1684191256779 0.006466365656441257 55
1684191256848 0.006702403107335779 56
1684191256911 0.006944259659634421 57
1684191256964 0.007191957577553572 58
1684191257033 0.007445585355830205 59
1684191257096 0.007705191900456059 60
1684191257165 0.007970865614311002 61
1684191257234 0.008242662230684587 62
1684191257296 0.008520650907758739 63
1684191257365 0.008804881104547076 64
1684191257435 0.00909544457666804 65
1684191257497 0.009392435295737935 66
1684191257550 0.009695818432576418 67
1684191257620 0.010005790213788968 68
1684191257682 0.010322332269726373 69
1684191257751 0.010645519946955883 70
1684191257820 0.01097545358156711 71
1684191257883 0.011312179233181782 72
1684191257952 0.011655763177948121 73
1684191258014 0.012006257936549176 74
1684191258083 0.012363759193753961 75
1684191258137 0.012728282598632967 76
1684191258215 0.013099961709772694 77
1684191258268 0.013478795679200265 78
1684191258337 0.013864922041038636 79
1684191258400 0.014258335798430525 80
1684191258469 0.014659129153043514 81
1684191258538 0.015067346581726542 82
1684191258616 0.015483032038784664 83
1684191258685 0.01590625942239622 84
1684191258754 0.016337096560633833 85
1684191258823 0.016775593354640725 86
1684191258924 0.01722183535098557 87
1684191259002 0.017675871960031102 88
1684191259055 0.018137763584283147 89
1684191259124 0.01860763688271854 90
1684191259187 0.019085487479905256 91
1684191259256 0.019571415402614242 92
1684191259325 0.02006550538138366 93
1684191259387 0.02056777201712014 94
1684191259441 0.02107835069305275 95
1684191259519 0.021597212736783975 96
1684191259588 0.022124477777227054 97
1684191259657 0.022660208337729647 98
1684191259726 0.023204472358923246 99
1684191259789 0.023757334877264787 100
1684191259842 0.0243188271071843 101
1684191259904 0.024889047126817512 102
1684191259974 0.02546800625326131 103
1684191260043 0.02605585056060208 104
1684191260105 0.02665253712233648 105
1684191260174 0.027258196708454686 106
1684191260243 0.027872858797419613 107
1684191260321 0.028496631527938816 108
1684191260390 0.029129521620740697 109
1684191260460 0.029771629123511827 110
1684191260529 0.03042301834070439 111
1684191260591 0.03108368016951194 112
1684191260660 0.0317537830842322 113
1684191260723 0.032433262390540236 114
1684191260792 0.03312230560666134 115
1684191260861 0.03382090799169574 116
1684191260923 0.034529121728957786 117
1684191260977 0.035247024994896015 118
1684191261046 0.03597469286071515 119
1684191261108 0.03671214874488599 120
1684191261177 0.03745948800045943 121
1684191261231 0.03821677635147018 122
1684191261309 0.03898403516454261 123
1684191261362 0.03976136446704926 124
1684191261431 0.04054878210419864 125
1684191261494 0.04134637884806419 126
1684191261563 0.04215421653891616 127
1684191261632 0.04297237199044008 128
1684191261695 0.04380084386979438 129
1684191261748 0.0446397290075712 130
1684191261826 0.045489150358582926 131
1684191261895 0.0463490143794972 132
1684191261964 0.047219547242681466 133
1684191262033 0.04810068345837297 134
1684191262111 0.048992573718093416 135
1684191262165 0.049895232296558595 136
1684191262234 0.05080872057692936 137
1684191262297 0.05173312774482019 138
1684191262366 0.05266847006477326 139
1684191262435 0.05361485686235825 140
1684191262497 0.05457228289371968 141
1684191262561 0.0555408626164008 142
1684191262635 0.056520594921893604 143
1684191262697 0.05751168399118026 144
1684191262767 0.05851400600933635 145
1684191262829 0.05952774666932703 146
1684191262898 0.06055293040120273 147
1684191262952 0.061589627278655086 148
1684191263030 0.06263783295711954 149
1684191263083 0.063697678826352 150
1684191263152 0.06476924327412793 151
1684191263215 0.06585252160204269 152
1684191263284 0.06694757665629007 153
1684191263353 0.06805451636078365 154
1684191263415 0.06917338954262735 155
1684191263484 0.07030421976404916 156
1684191263538 0.07144713334940397 157
1684191263600 0.07260209531682181 158
1684191263669 0.07376928565534623 159
1684191263738 0.0749486636150408 160
1684191263801 0.07614036342520138 161
1684191263870 0.0773443488346133 162
1684191263939 0.07856076791541985 163
1684191264001 0.07978963608228626 164
1684191264071 0.08103105069246312 165
1684191264133 0.08228504733714662 166
1684191264186 0.08355170780871693 167
1684191264256 0.08483105564312284 168
1684191264519 0.0861231254894469 169
1684191264635 0.08742796155443003 170
1684191264688 0.08874574388521958 171
1684191264757 0.09007648811695089 172
1684191264835 0.09142023207015688 173
1684191264889 0.0927770387303327 174
1684191264958 0.09414689676552235 175
1684191265036 0.09552998838417524 176
1684191265090 0.09692626202769485 177
1684191265159 0.09833583209502975 178
1684191265221 0.09975876543281287 179
1684191265290 0.10119505719601013 180
1684191265359 0.10264485418402619 181
1684191265422 0.10410813532151283 182
1684191265491 0.10558506149246977 183
1684191265560 0.10707555721650633 184
1684191265622 0.10857978299705295 185
1684191265860 0.11009770214516394 186
1684191265923 0.11162936238739433 187
1684191265992 0.11317500822164402 188
1684191266061 0.11473453804355549 189
1684191266123 0.1163079332428411 190
1684191266193 0.11789544243884496 191
1684191266393 0.11949700549814704 192
1684191266446 0.1211126653034124 193
1684191266524 0.12274253401564433 194
1684191266578 0.12438664533410854 195
1684191266647 0.1260449881137233 196
1684191266709 0.12771770490546866 197
1684191266778 0.1294048216371282 198
1684191266847 0.13110632367821395 199
1684191266910 0.13282248583037853 200
1684191266979 0.13455307022651053 201
1684191267048 0.13629822220175133 202
1684191267111 0.13805810438583443 203
1684191267180 0.13983262785270656 204
1684191267249 0.14162198346532906 205
1684191267311 0.14342602339569824 206
1684191267380 0.14524493084621645 207
1684191267449 0.14707870805077833 208
1684191267512 0.14892723886498108 209
1684191267565 0.1507907224343201 210
1684191267643 0.15266914267460918 211
1684191267697 0.15456247697062397 212
1684191267766 0.15647089178953594 213
1684191267828 0.15839437797147785 214
1684191267897 0.16033301205646572 215
1684191267966 0.16228697021155872 216
1684191268029 0.16425613324322527 217
1684191268098 0.16624051571085088 218
1684191268151 0.16824035017598232 219
1684191268214 0.17025559728520495 220
1684191268283 0.1722862441979546 221
1684191268352 0.17433241982614012 222
1684191268430 0.17639427328897264 223
1684191268484 0.17847159752588257 224
1684191268553 0.18056468741709003 225
1684191268615 0.1826733734980475 226
1684191268684 0.18479784939696442 227
1684191268747 0.18693813741218726 228
1684191268816 0.18909432108122418 229
1684191268869 0.19126626257882628 230
1684191268932 0.19345424288438376 231
1684191269001 0.195658116073749 232
1684191269070 0.19787805995414065 233
1684191269132 0.200113959172404 234
1684191269186 0.20236615220353127 235
1684191269255 0.2046343908186832 236
1684191269317 0.20691884828199783 237
1684191269386 0.20921964338360033 238
1684191269449 0.21153663787282004 239
1684191269518 0.21386990718017887 240
1684191269571 0.21621966367302245 241
1684191269634 0.21858581644444147 242
1684191269703 0.22096846516371457 243
1684191269772 0.22336770592557498 244
1684191269835 0.2257834353282647 245
1684191269904 0.22821574325228228 246
1684191269957 0.2306648036801059 247
1684191270035 0.23313052000717463 248
1684191270104 0.23561300963050918 249
1684191270173 0.23811226662069063 250
