1684187699984 0.5662248329102001 1
1684187700062 0.49413654588887423 2
1684187700124 0.42562366941727725 3
1684187700193 0.3660425464138182 4
1684187700262 0.3185361611024941 5
1684187700324 0.2837618768727126 6
1684187700393 0.2605118505377277 7
1684187700456 0.24657037476548258 8
1684187700525 0.23945433564603757 9
1684187700594 0.23690216813219256 10
1684187700663 0.2371116167181614 11
1684187700725 0.23879060599023552 12
1684187700794 0.24109890570606574 13
1684187700863 0.24354501981800142 14
1684187700926 0.24587955504015618 15
1684187700995 0.24800589502889397 16
1684187701064 0.24991471951017996 17
1684187701127 0.2516402384228987 18
1684187701196 0.2532336989395916 19
1684187701265 0.25474847532172445 20
1684187701343 0.2562329630125619 21
1684187701412 0.25772766452418194 22
1684187701481 0.25926475051459963 23
1684187701543 0.260868768200914 24
1684187701612 0.2625576830403061 25
1684187701681 0.26434411674772634 26
1684187701744 0.26623654208546416 27
1684187701813 0.2682401483357456 28
1684187701882 0.2703576433381954 29
1684187701960 0.2725900085944535 30
1684187702017 0.2749368954267824 31
1684187702098 0.2773971527711478 32
1684187702161 0.27996903131260675 33
1684187702230 0.28265049828372163 34
1684187702299 0.28543937660022 35
1684187702368 0.2883335596287509 36
1684187702430 0.2913309219780906 37
1684187702499 0.2944295598836713 38
1684187702562 0.2976277556811753 39
1684187702615 0.30092390702894173 40
1684187702684 0.30431663758438865 41
1684187702747 0.3078047690660064 42
1684187702816 0.3113873072778967 43
1684187702885 0.3150633818859683 44
1684187702947 0.31883225273578664 45
1684187703000 0.3226933177077773 46
1684187703069 0.32664605498496124 47
1684187703148 0.33069000912831015 48
1684187703201 0.3348248299876927 49
1684187703270 0.33905017757865097 50
1684187703333 0.3433658044437629 51
1684187703402 0.3477714647430715 52
1684187703471 0.3522670232535407 53
1684187703533 0.3568522284453125 54
1684187703602 0.36152694724977935 55
1684187703671 0.366291012823895 56
1684187703734 0.3711442562481144 57
1684187703803 0.3760865411066051 58
1684187703865 0.38111774215921573 59
1684187703934 0.3862376741671492 60
1684187703988 0.39144627802045157 61
1684187704066 0.3967433268743532 62
1684187704119 0.4021287821720506 63
1684187704188 0.4076024774812228 64
1684187704251 0.4131642860429388 65
1684187704320 0.418814090529174 66
1684187704389 0.424551805274754 67
1684187704451 0.4303773016322639 68
1684187704520 0.43629043796704403 69
1684187704589 0.4422911501722184 70
1684187704652 0.4483792778830206 71
1684187704721 0.45455479263649035 72
1684187704790 0.4608175301078655 73
1684187704874 0.467167372029191 74
1684187704937 0.4736042730716969 75
1684187705006 0.48012810546050005 76
1684187705075 0.4867387630824592 77
1684187705137 0.4934362072156764 78
1684187705206 0.5002202558467297 79
1684187705269 0.5070908569994629 80
1684187705322 0.5140479148408311 81
1684187705391 0.521091349194375 82
1684187705454 0.528221026956573 83
1684187705523 0.535436890120341 84
1684187705592 0.5427388314021169 85
1684187705670 0.5501267791677429 86
1684187705723 0.5576006223608564 87
1684187705792 0.5651602404606137 88
1684187705871 0.5728055658572062 89
1684187705940 0.5805365033066353 90
1684187706009 0.5883529978950751 91
1684187706078 0.5962549055385256 92
1684187706194 0.6042421264313307 93
1684187706356 0.6123146045051615 94
1684187706441 0.6204722017884797 95
1684187706510 0.6287148466838378 96
1684187706579 0.6370424532382677 97
1684187706642 0.6454548757807204 98
1684187706711 0.6539521156840011 99
1684187706780 0.662533939464922 100
1684187706842 0.6712003053962597 101
1684187706911 0.6799511555296248 102
1684187706980 0.6887863802383406 103
1684187707043 0.697705817293212 104
1684187707112 0.7067094262536052 105
1684187707181 0.7157970448551347 106
1684187707243 0.724968633154323 107
1684187707312 0.7342240557298716 108
1684187707375 0.7435631775936387 109
1684187707444 0.7529859599465983 110
1684187707513 0.7624922427290132 111
1684187707582 0.7720819474475508 112
1684187707644 0.7817549314954836 113
1684187707713 0.7915111414021064 114
1684187707782 0.8013503780613592 115
1684187707845 0.8112726330946588 116
1684187707914 0.8212777733448807 117
1684187707976 0.8313656202631976 118
1684187708046 0.8415361294359021 119
1684187708099 0.8517891777680249 120
1684187708177 0.8621246137164943 121
1684187708230 0.8725423155626795 122
1684187708299 0.8830422503133187 123
1684187708362 0.8936242456929645 124
1684187708431 0.9042881931729264 125
1684187708500 0.9150339915868478 126
1684187708562 0.9258614944203752 127
1684187708632 0.9367705653165025 128
1684187708701 0.9477611132065994 129
1684187708763 0.9588330320629618 130
1684187708832 0.9699861868331087 131
1684187708901 0.9812205769520823 132
1684187708964 0.9925358519118639 133
1684187709033 1.0039320461790098 134
1684187709102 1.015409023768525 135
1684187709164 1.0269665704382913 136
1684187709233 1.0386046959823851 137
1684187709287 1.05032317216365 138
1684187709365 1.0621219210267034 139
1684187709419 1.0740008372973033 140
1684187709487 1.0859598127299688 141
1684187709565 1.0979986743349077 142
1684187709634 1.110117325856141 143
1684187709687 1.1223156855060723 144
1684187709766 1.1345935394728133 145
1684187709819 1.1469508152102013 146
1684187709888 1.1593873957806202 147
1684187709951 1.1719031099212114 148
1684187710020 1.1844979880019355 149
1684187710089 1.1971716691429148 150
1684187710151 1.2099242119487421 151
1684187710220 1.2227554458125711 152
1684187710289 1.2356652704850126 153
1684187710352 1.248653533615233 154
1684187710421 1.2617200944175941 155
1684187710483 1.2748648887311125 156
1684187710537 1.288087761865779 157
1684187710606 1.3013885896004334 158
1684187710684 1.314767263980405 159
1684187710737 1.3282237773377523 160
1684187710806 1.341757787844216 161
1684187710869 1.3553693867979983 162
1684187710938 1.369058346775565 163
1684187711007 1.3828245992459 164
1684187711069 1.3966679881872526 165
1684187711138 1.41058841872715 166
1684187711207 1.4245858352643117 167
1684187711292 1.4386600778055123 168
1684187711354 1.4528110425608252 169
1684187711423 1.4670386265657274 170
1684187711492 1.4813426683224702 171
1684187711555 1.4957231749970072 172
1684187711624 1.5101800542484054 173
1684187711693 1.5247130031063474 174
1684187711771 1.5393220264747887 175
1684187711824 1.5540072243376866 176
1684187711893 1.5687681525550865 177
1684187711972 1.583604915539298 178
1684187712025 1.598517394368673 179
1684187712094 1.6135055762995485 180
1684187712157 1.6285691473727029 181
1684187712226 1.6437081093207129 182
1684187712295 1.6589226134254191 183
1684187712357 1.6742122280959493 184
1684187712426 1.6895769647906753 185
1684187712495 1.705016817498318 186
1684187712558 1.720531735860585 187
1684187712627 1.7361213955387682 188
1684187712696 1.751785939455956 189
1684187712758 1.7675251722382859 190
1684187712827 1.783339139697615 191
1684187712896 1.7992276728267267 192
1684187713097 1.8151907049160576 193
1684187713260 1.831228227324116 194
1684187713329 1.8473399134640878 195
1684187713398 1.8635260367643407 196
1684187713460 1.8797863825071848 197
1684187713529 1.8961207709017311 198
1684187713598 1.9125292784891104 199
1684187713661 1.9290117772618611 200
1684187713730 1.945568216903567 201
1684187713799 1.9621985174907366 202
1684187713861 1.9789025593233045 203
1684187713930 1.995680443338611 204
1684187713999 2.0125318560203436 205
1684187714062 2.0294570179921165 206
1684187714131 2.0464555886725835 207
1684187714200 2.0635277209520035 208
1684187714262 2.080673308345668 209
1684187714331 2.097892367433548 210
1684187714516 2.1151845047563893 211
1684187714601 2.132550126338212 212
1684187714664 2.149988868593307 213
1684187714733 2.1675007154446764 214
1684187714795 2.1850856625488664 215
1684187714864 2.2027435994732607 216
1684187714933 2.220474732675337 217
1684187714996 2.238278621862417 218
1684187715065 2.2561553195411888 219
1684187715134 2.274105051246616 220
1684187715203 2.292127481007611 221
1684187715265 2.3102224641315305 222
1684187715334 2.328390282747816 223
1684187715403 2.3466307007251315 224
1684187715466 2.3649437655739054 225
1684187715535 2.3833292467926 226
1684187715604 2.4017872154666264 227
1684187715666 2.4203175288182264 228
1684187715735 2.438920219280553 229
1684187715804 2.4575953335801803 230
1684187715867 2.476342668122225 231
1684187715936 2.495162099016612 232
1684187716005 2.5140538436377757 233
1684187716067 2.53301761301165 234
1684187716136 2.5520534873657 235
1684187716205 2.571161207466651 236
1684187716284 2.590341059138121 237
1684187716353 2.609592891894789 238
1684187716422 2.6289164051041207 239
1684187716484 2.648311909797226 240
1684187716553 2.667778979483349 241
1684187716606 2.687318070158438 242
1684187716685 2.706928266480636 243
1684187716754 2.72661041201 244
1684187716807 2.7463641846618208 245
1684187716885 2.7661890581427064 246
1684187716939 2.7860857073181897 247
1684187717008 2.806053766632679 248
1684187717070 2.826093009057468 249
1684187717139 2.846203592179704 250
