1684190972003 0.5216797 1
1684190972081 0.45205808 2
1684190972162 0.3876028 3
1684190972231 0.33369803 4
1684190972309 0.29323396 5
1684190972378 0.266414 6
1684190972432 0.2514924 7
1684190972510 0.24574322 8
1684190972573 0.24627745 9
1684190972632 0.25056833 10
1684190972694 0.25668755 11
1684190972763 0.26333097 12
1684190972832 0.26972574 13
1684190972911 0.27549314 14
1684190972964 0.28051543 15
1684190973033 0.28482753 16
1684190973118 0.28854057 17
1684190973180 0.2917924 18
1684190973265 0.29471925 19
1684190973350 0.29744178 20
1684190973412 0.30005974 21
1684190973481 0.30265135 22
1684190973550 0.3052758 23
1684190973619 0.30797613 24
1684190973697 0.31078222 25
1684190973782 0.3137139 26
1684190973851 0.3167833 27
1684190973920 0.31999686 28
1684190973983 0.3233568 29
1684190974067 0.32686278 30
1684190974136 0.33051232 31
1684190974199 0.33430195 32
1684190974268 0.3382275 33
1684190974337 0.34228456 34
1684190974399 0.3464688 35
1684190974484 0.35077605 36
1684190974553 0.35520238 37
1684190974622 0.35974428 38
1684190974684 0.36439866 39
1684190974753 0.3691628 40
1684190974822 0.3740343 41
1684190974901 0.37901118 42
1684190974985 0.38409173 43
1684190975054 0.38927454 44
1684190975139 0.39455834 45
1684190975217 0.39994222 46
1684190975340 0.40542534 47
1684190975424 0.41100687 48
1684190975487 0.41668636 49
1684190975571 0.42246324 50
1684190975640 0.4283371 51
1684190975719 0.43430758 52
1684190975788 0.4403743 53
1684190975857 0.44653702 54
1684190975926 0.4527954 55
1684190976004 0.45914924 56
1684190976088 0.46559826 57
1684190976157 0.47214225 58
1684190976242 0.47878098 59
1684190976305 0.4855142 60
1684190976389 0.4923418 61
1684190976458 0.49926347 62
1684190976543 0.50627905 63
1684190976628 0.51338834 64
1684190976706 0.5205912 65
1684190976775 0.52788734 66
1684190976859 0.53527665 67
1684190976928 0.54275894 68
1684190977007 0.550334 69
1684190977081 0.55800164 70
1684190977170 0.56576174 71
1684190977241 0.5736141 72
1684190977313 0.5815586 73
1684190977398 0.589595 74
1684190977467 0.5977231 75
1684190977530 0.6059429 76
1684190977599 0.61425406 77
1684190977668 0.6226566 78
1684190977746 0.6311502 79
1684190977815 0.63973486 80
1684190977884 0.6484102 81
1684190977946 0.6571763 82
1684190978069 0.6660329 83
1684190978131 0.67497987 84
1684190978200 0.684017 85
1684190978254 0.69314414 86
1684190978332 0.7023612 87
1684190978385 0.7116681 88
1684190978454 0.72106445 89
1684190978517 0.7305502 90
1684190978586 0.74012536 91
1684190978655 0.7497895 92
1684190978718 0.75954264 93
1684190978787 0.7693845 94
1684190978849 0.7793152 95
1684190978918 0.7893342 96
1684190978971 0.7994416 97
1684190979049 0.80963707 98
1684190979118 0.81992066 99
1684190979188 0.83029187 100
1684190979250 0.84075093 101
1684190979319 0.8512974 102
1684190979380 0.8619312 103
1684190979442 0.8726522 104
1684190979504 0.8834603 105
1684190979573 0.89435506 106
1684190980059 0.9053365 107
1684190980191 0.9164045 108
1684190980260 0.9275587 109
1684190980322 0.9387992 110
1684190980391 0.9501256 111
1684190980460 0.9615377 112
1684190980523 0.97303545 113
1684190980592 0.9846188 114
1684190980661 0.9962872 115
1684190980723 1.0080408 116
1684190980792 1.0198793 117
1684190980861 1.0318024 118
1684190980924 1.0438101 119
1684190980993 1.0559022 120
1684190981062 1.0680785 121
1684190981125 1.0803388 122
1684190981194 1.0926828 123
1684190981263 1.1051106 124
1684190981325 1.1176217 125
1684190981394 1.1302161 126
1684190981457 1.1428936 127
1684190981526 1.1556538 128
1684190981595 1.1684968 129
1684190981657 1.1814224 130
1684190981727 1.1944301 131
1684190981796 1.20752 132
1684190981858 1.2206919 133
1684190981927 1.2339455 134
1684190981981 1.2472806 135
1684190982059 1.2606971 136
1684190982128 1.2741947 137
1684190982197 1.2877734 138
1684190982259 1.3014326 139
1684190982328 1.3151727 140
1684190982397 1.328993 141
1684190982460 1.3428936 142
1684190982529 1.3568741 143
1684190982598 1.3709345 144
1684190982667 1.3850745 145
1684190982730 1.3992939 146
1684190982799 1.4135926 147
1684190982861 1.4279703 148
1684190982930 1.4424268 149
1684190982984 1.456962 150
1684190983046 1.4715755 151
1684190983115 1.4862676 152
1684190983184 1.5010375 153
1684190983247 1.5158851 154
1684190983316 1.5308105 155
1684190983369 1.5458131 156
1684190983547 1.5608929 157
1684190983732 1.5760499 158
1684190983833 1.5912836 159
1684190983902 1.6065942 160
1684190983971 1.6219811 161
1684190984033 1.6374447 162
1684190984102 1.6529841 163
1684190984171 1.6685998 164
1684190984234 1.6842914 165
1684190984303 1.7000586 166
1684190984366 1.7159011 167
1684190984435 1.7318192 168
1684190984488 1.7478123 169
1684190984566 1.7638803 170
1684190984635 1.7800231 171
1684190984689 1.7962407 172
1684190984767 1.8125327 173
1684190984874 1.8288989 174
1684190984936 1.8453395 175
1684190985021 1.8618538 176
1684190985074 1.8784422 177
1684190985152 1.8951038 178
1684190985206 1.9118391 179
1684190985290 1.9286478 180
1684190985369 1.9455295 181
1684190985438 1.9624845 182
1684190985491 1.9795122 183
1684190985569 1.9966125 184
1684190985623 2.0137856 185
1684190985692 2.0310311 186
1684190985770 2.048349 187
1684190985823 2.0657387 188
1684190985892 2.0832005 189
1684190985955 2.1007342 190
1684190986024 2.11834 191
1684190986077 2.1360168 192
1684190986155 2.1537654 193
1684190986209 2.171585 194
1684190986278 2.1894765 195
1684190986341 2.2074385 196
1684190986410 2.2254715 197
1684190986479 2.2435756 198
1684190986541 2.2617502 199
1684190986610 2.2799954 200
1684190986673 2.2983112 201
1684190986742 2.3166971 202
1684190986795 2.3351533 203
1684190986858 2.3536797 204
1684190986927 2.3722763 205
1684190986996 2.3909426 206
1684190987058 2.4096787 207
1684190987127 2.4284844 208
1684190987196 2.4473598 209
1684190987259 2.4663045 210
1684190987328 2.485319 211
1684190987397 2.5044022 212
1684190987460 2.523555 213
1684190987529 2.5427766 214
1684190987598 2.5620675 215
1684190987660 2.5814269 216
1684190987714 2.6008554 217
1684190987783 2.6203523 218
1684190987845 2.6399179 219
1684190987914 2.659552 220
1684190987983 2.6792545 221
1684190988046 2.6990256 222
1684190988099 2.7188647 223
1684190988177 2.738772 224
1684190988231 2.7587473 225
1684190988300 2.7787905 226
1684190988378 2.7989018 227
1684190988432 2.8190804 228
1684190988501 2.8393273 229
1684190988563 2.859641 230
1684190988632 2.8800232 231
1684190988701 2.9004722 232
1684190988764 2.9209886 233
1684190988833 2.9415724 234
1684190988902 2.9622235 235
1684190988964 2.9829416 236
1684190989033 3.0037267 237
1684190989103 3.024579 238
1684190989165 3.045498 239
1684190989234 3.066484 240
1684190989287 3.0875363 241
1684190989350 3.1086552 242
1684190989419 3.129841 243
1684190989488 3.1510932 244
1684190989551 3.1724117 245
1684190989604 3.1937966 246
1684190989682 3.2152476 247
1684190989736 3.2367647 248
1684190989805 3.258348 249
1684190989867 3.2799973 250
