1684190199013 0.5776899 1
1684190199088 0.50785375 2
1684190199155 0.4409486 3
1684190199218 0.38210124 4
1684190199287 0.33441067 5
1684190199356 0.29865626 6
1684190199425 0.27384865 7
1684190199487 0.2580158 8
1684190199556 0.24889243 9
1684190199619 0.24438217 10
1684190199672 0.2427896 11
1684190199741 0.2428774 12
1684190199820 0.24381986 13
1684190199873 0.2451129 14
1684190199942 0.24647912 15
1684190200020 0.24778762 16
1684190200089 0.24899438 17
1684190200158 0.25010216 18
1684190200221 0.2511354 19
1684190200274 0.25212583 20
1684190200343 0.2531049 21
1684190200406 0.25410047 22
1684190200475 0.25513545 23
1684190200544 0.25622788 24
1684190200606 0.2573914 25
1684190200675 0.25863588 26
1684190200729 0.25996828 27
1684190200807 0.26139313 28
1684190200876 0.26291302 29
1684190200929 0.26452926 30
1684190201002 0.26624203 31
1684190201072 0.26805076 32
1684190201129 0.26995447 33
1684190201192 0.27195176 34
1684190201261 0.27404118 35
1684190201323 0.276221 36
1684190201392 0.27848977 37
1684190201446 0.28084594 38
1684190201508 0.28328812 39
1684190201577 0.2858151 40
1684190201646 0.28842565 41
1684190201709 0.29111874 42
1684190201778 0.29389358 43
1684190201831 0.29674935 44
1684190201909 0.29968542 45
1684190201963 0.30270118 46
1684190202032 0.30579612 47
1684190202094 0.30896983 48
1684190202163 0.31222188 49
1684190202232 0.31555194 50
1684190202295 0.3189597 51
1684190202364 0.32244486 52
1684190202448 0.3260072 53
1684190202511 0.32964638 54
1684190202564 0.33336222 55
1684190202633 0.3371545 56
1684190202696 0.341023 57
1684190202765 0.3449675 58
1684190202834 0.3489878 59
1684190202896 0.35308367 60
1684190202965 0.3572549 61
1684190203034 0.36150134 62
1684190203097 0.36582273 63
1684190203166 0.37021896 64
1684190203235 0.37468976 65
1684190203298 0.37923497 66
1684190203367 0.38385433 67
1684190203436 0.38854778 68
1684190203498 0.39331502 69
1684190203567 0.39815593 70
1684190203636 0.4030702 71
1684190203699 0.40805787 72
1684190203768 0.41311854 73
1684190203830 0.41825217 74
1684190203899 0.42345852 75
1684190203968 0.4287374 76
1684190204037 0.4340887 77
1684190204100 0.43951216 78
1684190204169 0.44500762 79
1684190204231 0.45057476 80
1684190204285 0.45621347 81
1684190204354 0.46192357 82
1684190204416 0.46770486 83
1684190204485 0.47355735 84
1684190204554 0.47948086 85
1684190204617 0.4854754 86
1684190204670 0.4915407 87
1684190204739 0.49767673 88
1684190204802 0.50388336 89
1684190204871 0.51016045 90
1684190204940 0.5165077 91
1684190205002 0.5229251 92
1684190205071 0.52941245 93
1684190205140 0.53596956 94
1684190205203 0.5425962 95
1684190205272 0.5492923 96
1684190205334 0.5560577 97
1684190205388 0.562892 98
1684190205457 0.56979525 99
1684190205519 0.5767671 100
1684190205588 0.58380747 101
1684190205642 0.59091616 102
1684190205720 0.5980929 103
1684190205773 0.60533756 104
1684190205842 0.6126499 105
1684190205905 0.6200298 106
1684190205974 0.62747693 107
1684190206043 0.6349913 108
1684190206105 0.6425725 109
1684190206174 0.65022045 110
1684190206237 0.6579349 111
1684190206290 0.6657157 112
1684190206359 0.67356265 113
1684190206437 0.6814755 114
1684190206491 0.689454 115
1684190206560 0.6974981 116
1684190206622 0.70560735 117
1684190206691 0.7137817 118
1684190206745 0.72202104 119
1684190206807 0.73032486 120
1684190206876 0.73869324 121
1684190206945 0.7471257 122
1684190207008 0.7556222 123
1684190207077 0.76418245 124
1684190207139 0.7728062 125
1684190207193 0.7814933 126
1684190207262 0.79024345 127
1684190207340 0.79905653 128
1684190207393 0.80793214 129
1684190207462 0.81687015 130
1684190207525 0.8258704 131
1684190207594 0.83493257 132
1684190207663 0.84405637 133
1684190207741 0.8532417 134
1684190207810 0.86248815 135
1684190207879 0.8717957 136
1684190207948 0.88116384 137
1684190208011 0.8905926 138
1684190208080 0.90008163 139
1684190208149 0.90963054 140
1684190208211 0.9192393 141
1684190208280 0.9289076 142
1684190208349 0.9386351 143
1684190208427 0.94842166 144
1684190208481 0.9582669 145
1684190208550 0.9681708 146
1684190208612 0.97813296 147
1684190208681 0.9881531 148
1684190208744 0.99823105 149
1684190208813 1.0083666 150
1684190208866 1.0185592 151
1684190208944 1.0288091 152
1684190208998 1.0391157 153
1684190209067 1.0494787 154
1684190209129 1.059898 155
1684190209198 1.0703733 156
1684190209252 1.0809044 157
1684190209330 1.0914911 158
1684190209399 1.102133 159
1684190209452 1.1128299 160
1684190209515 1.1235815 161
1684190209584 1.1343879 162
1684190209653 1.1452484 163
1684190209715 1.1561627 164
1684190209784 1.1671311 165
1684190209847 1.1781529 166
1684190209900 1.189228 167
1684190209969 1.2003562 168
1684190210032 1.2115374 169
1684190210101 1.2227709 170
1684190210170 1.2340568 171
1684190210232 1.245395 172
1684190210286 1.2567849 173
1684190210355 1.2682264 174
1684190210533 1.2797196 175
1684190210702 1.2912638 176
1684190210771 1.3028588 177
1684190210834 1.3145049 178
1684190210903 1.3262013 179
1684190210972 1.3379481 180
1684190211039 1.349745 181
1684190211103 1.3615918 182
1684190211179 1.3734884 183
1684190211241 1.3854344 184
1684190211310 1.3974297 185
1684190211379 1.4094741 186
1684190211442 1.4215673 187
1684190211495 1.4337091 188
1684190211564 1.4458997 189
1684190211627 1.4581387 190
1684190211696 1.4704255 191
1684190211765 1.4827604 192
1684190211865 1.4951432 193
1684190211927 1.5075736 194
1684190211996 1.5200512 195
1684190212065 1.5325763 196
1684190212128 1.5451486 197
1684190212197 1.5577676 198
1684190212266 1.5704336 199
1684190212328 1.5831463 200
1684190212397 1.5959053 201
1684190212467 1.6087108 202
1684190212529 1.6215622 203
1684190212598 1.6344601 204
1684190212667 1.6474037 205
1684190212730 1.6603932 206
1684190212783 1.6734283 207
1684190212845 1.6865089 208
1684190212915 1.699635 209
1684190212984 1.7128061 210
1684190213046 1.7260226 211
1684190213115 1.7392842 212
1684190213200 1.7525907 213
1684190213269 1.7659416 214
1684190213331 1.7793378 215
1684190213400 1.7927783 216
1684190213463 1.8062632 217
1684190213516 1.8197925 218
1684190213585 1.833366 219
1684190213648 1.8469837 220
1684190213717 1.8606489 221
1684190213770 1.8743621 222
1684190213848 1.8881243 223
1684190213902 1.9019352 224
1684190213971 1.9157946 225
1684190214033 1.9297016 226
1684190214102 1.9436555 227
1684190214171 1.9576557 228
1684190214234 1.9717017 229
1684190214303 1.985793 230
1684190214365 1.9999291 231
1684190214434 2.0141098 232
1684190214488 2.0283346 233
1684190214566 2.0426037 234
1684190214635 2.0569165 235
1684190214688 2.0712729 236
1684190214767 2.0856729 237
1684190214820 2.1001163 238
1684190214889 2.1146033 239
1684190214951 2.1291335 240
1684190215020 2.143707 241
1684190215074 2.1583238 242
1684190215136 2.1729834 243
1684190215205 2.1876864 244
1684190215274 2.2024322 245
1684190215337 2.2172208 246
1684190215406 2.2320523 247
1684190215475 2.2469263 248
1684190215538 2.261843 249
1684190215591 2.2768023 250
