1684707004765 1.7869027512414115 1
1684707004851 1.6288419961929321 2
1684707004930 1.4859510660171509 3
1684707004996 1.367348347391401 4
1684707005065 1.2600034049579076 5
1684707005143 1.1569851211139135 6
1684707005212 1.056564790861947 7
1684707005281 0.9598802072661263 8
1684707005366 0.8701152886663165 9
1684707005429 0.7899495533534459 10
1684707005498 0.7213389107159206 11
1684707005582 0.6653042691094535 12
1684707005661 0.6219605760914939 13
1684707005730 0.5903539742742266 14
1684707005799 0.5689894386700222 15
1684707005883 0.5560100674629211 16
1684707005946 0.5499747054917472 17
1684707006015 0.5489384489400047 18
1684707006100 0.5506383095468793 19
1684707006169 0.5531862165246691 20
1684707006231 0.5555798241070339 21
1684707006300 0.5572058728763035 22
1684707006369 0.5577389257294791 23
1684707006447 0.5567956396511623 24
1684707006516 0.5545022998537336 25
1684707006585 0.5512749680450985 26
1684707006664 0.5474945264203208 27
1684707006733 0.543499367577689 28
1684707006790 0.5395735970565251 29
1684707006871 0.535769888332912 30
1684707006933 0.5323760381766728 31
1684707007018 0.5295741260051727 32
1684707007087 0.527470520564488 33
1684707007165 0.5261390422071729 34
1684707007234 0.5256270085062299 35
1684707007303 0.5259596492562976 36
1684707007372 0.527143976518086 37
1684707007450 0.529171347618103 38
1684707007520 0.5320198876517159 39
1684707007589 0.5356561158384595 40
1684707007667 0.5400367506912777 41
1684707007736 0.5451104172638485 42
1684707007805 0.5508193927151817 43
1684707007874 0.5571013561316899 44
1684707007952 0.5638913512229919 45
1684707008021 0.571123161486217 46
1684707008090 0.5787311962672642 47
1684707008153 0.5866516402789524 48
1684707008222 0.5948707120759147 49
1684707008291 0.6033565955502647 50
1684707008375 0.6119939173970904 51
1684707008438 0.6207015684672764 52
1684707008507 0.6294357521193368 53
1684707008576 0.6381488527570452 54
1684707008654 0.6468145336423602 55
1684707008723 0.6554094552993774 56
1684707008792 0.6639143483979362 57
1684707008855 0.6723147545542035 58
1684707008924 0.6806003791945321 59
1684707009009 0.6887648190770831 60
1684707009078 0.6968047022819519 61
1684707009140 0.704719249691282 62
1684707009209 0.7125096789428166 63
1684707009294 0.7201786722455706 64
1684707009356 0.7277298271656036 65
1684707009425 0.7351672393935067 66
1684707009494 0.7424952728407723 67
1684707009557 0.7497181509222303 68
1684707009642 0.7568399097238269 69
1684707009711 0.7638641468116215 70
1684707009780 0.7707938935075488 71
1684707009842 0.7776317340987069 72
1684707009911 0.7843721466405051 73
1684707009996 0.7910051814147404 74
1684707010058 0.7975374162197113 75
1684707010143 0.8039678718362536 76
1684707010212 0.8102980213505881 77
1684707010281 0.8165303894451686 78
1684707010344 0.8226683778422219 79
1684707010413 0.8287156905446734 80
1684707010482 0.8346759974956512 81
1684707010560 0.8405525514057705 82
1684707010629 0.8463480429989951 83
1684707010698 0.8520642902169909 84
1684707010776 0.857702204159328 85
1684707010845 0.8632619210651943 86
1684707010914 0.868742653301784 87
1684707010983 0.8741429959024701 88
1684707011061 0.8794609308242798 89
1684707011130 0.8846941420010158 90
1684707011199 0.8898400494030544 91
1684707011262 0.894896285874503 92
1684707011331 0.8998604501996722 93
1684707011416 0.904730532850538 94
1684707011485 0.9095050522259304 95
1684707011547 0.9141829695020404 96
1684707011616 0.918763782296862 97
1684707011685 0.9232475757598877 98
1684707011764 0.9276350055422101 99
1684707011833 0.9319271274975368 100
1684707011902 0.9361254232270377 101
1684707011980 0.9403208749634879 102
1684707012049 0.9444330930709839 103
1684707012118 0.9484419226646423 104
1684707012202 0.9523417779377529 105
1684707012264 0.9561350515910557 106
1684707012333 0.959827721118927 107
1684707012418 0.9634261642183576 108
1684707012487 0.9669368267059326 109
1684707012550 0.9703652432986668 110
1684707012634 0.9737163441521781 111
1684707012703 0.9769944293158395 112
1684707012766 0.9802030920982361 113
1684707012850 0.9833453553063529 114
1684707012919 0.9864238585744586 115
1684707013004 0.9894406965800694 116
1684707013067 0.9923980150903974 117
1684707013136 0.9952974745205471 118
1684707013205 0.998140777860369 119
1684707013283 1.0009293045316423 120
1684707013352 1.0036647319793701 121
1684707013421 1.006348422595433 122
1684707013490 1.0089818835258484 123
1684707013553 1.0115666219166346 124
1684707013637 1.0141041108540125 125
1684707013706 1.0165958149092538 126
1684707013769 1.0190432667732239 127
1684707013991 1.02144798210689 128
1684707014123 1.0238113743918282 129
1684707014192 1.0261350614683968 130
1684707014292 1.028420320578984 131
1684707014370 1.0306686503546578 132
1684707014439 1.0328813450677055 133
1684707014508 1.0350597075053625 134
1684707014587 1.0372049638203211 135
1684707014656 1.0393184167998177 136
1684707014725 1.0414011308125086 137
1684707014794 1.0434542638914925 138
1684707014872 1.0454789740698678 139
1684707014941 1.0474760787827628 140
1684707015010 1.0494467190333776 141
1684707015095 1.051391865525927 142
1684707015157 1.0533123527254378 143
1684707015242 1.0552092109407698 144
1684707015311 1.057083215032305 145
1684707015373 1.0589352079800196 146
1684707015442 1.0607660242489405 147
1684707015511 1.0625764557293482 148
1684707015590 1.06436721767698 149
1684707015659 1.0661390594073705 150
1684707015728 1.0678926706314087 151
1684707015797 1.0696287155151367 152
1684707015859 1.0713478582245963 153
1684707015928 1.0730506437165397 154
1684707015997 1.0747376765523637 155
1684707016076 1.0764094931738717 156
1684707016145 1.0780666044780187 157
1684707016214 1.0797095213617598 158
1684707016292 1.08133864402771 159
1684707016361 1.082954432283129 160
1684707016430 1.0845573459352766 161
1684707016499 1.0861477426120214 162
1684707016562 1.0877260225159782 163
1684707016631 1.0892925092152186 164
1684707016700 1.090847602912358 165
1684707016778 1.0923916016306197 166
1684707016847 1.093924845967974 167
1684707016916 1.095447608402797 168
1684707016994 1.0969602806227547 169
1684707017063 1.0984630499567305 170
1684707017132 1.0999563251222884 171
1684707017201 1.1014401316642761 172
1684707017279 1.1029150230543954 173
1684707017348 1.1043810844421387 174
1684707017417 1.1058385712759835 175
1684707017480 1.1072876964296614 176
1684707017549 1.1087288430758886 177
1684707017618 1.1101619856698173 178
1684707017696 1.1115874648094177 179
1684707017765 1.1130054337637765 180
1684707017850 1.1144161309514726 181
1684707017919 1.1158197011266435 182
1684707017997 1.1172162124088831 183
1684707018066 1.1186060053961617 184
1684707018135 1.119989037513733 185
1684707018204 1.121365589754922 186
1684707018282 1.1227357642991203 187
1684707018351 1.1240996377808707 188
1684707018420 1.1254574145589555 189
1684707018498 1.1268092053277152 190
1684707018568 1.1281551292964391 191
1684707018637 1.1294952630996704 192
1684707018706 1.1308298877307348 193
1684707018784 1.1321589265550887 194
1684707018853 1.133482609476362 195
1684707018922 1.1348012004579817 196
1684707018984 1.1361145206860133 197
1684707019053 1.1374229788780212 198
1684707019123 1.1387266261237008 199
1684707019323 1.1400255731173925 200
1684707019408 1.141319922038487 201
1684707019486 1.1426099368504115 202
1684707019555 1.1438956601279122 203
1684707019624 1.1451772536550249 204
1684707019708 1.1464549217905318 205
1684707019771 1.1477287326540266 206
1684707019856 1.1489989502089364 207
1684707019925 1.150265565940312 208
1684707020003 1.1515288693564278 209
1684707020072 1.1527890052114214 210
1684707020141 1.154046016080039 211
1684707020210 1.1553002170154028 212
1684707020288 1.1565515739577157 213
1684707020357 1.1578004019601005 214
1684707020426 1.1591344816344125 215
1684707020504 1.160489789077214 216
1684707020573 1.1618507419313704 217
1684707020642 1.1632097278322493 218
1684707020711 1.1645634259496416 219
1684707020790 1.1659102525029863 220
1684707020859 1.1672493389674596 221
1684707020943 1.168580378804888 222
1684707021028 1.1699031846863883 223
1684707021090 1.1712177310671126 224
1684707021175 1.1725242308207922 225
1684707021244 1.1738230415752955 226
1684707021313 1.1751143762043543 227
1684707021376 1.1763988137245178 228
1684707021460 1.1776768139430456 229
1684707021529 1.1789488026074 230
1684707021592 1.1802154609135218 231
1684707021661 1.181477231638772 232
1684707021730 1.1827346256801061 233
1684707021808 1.1839882475989205 234
1684707021877 1.1852385231426783 235
1684707021946 1.1864859887531825 236
1684707022015 1.1877310190882002 237
1684707022090 1.1889741250446864 238
1684707022162 1.1902155791010176 239
1684707022231 1.191455866609301 240
1684707022294 1.1926951493535722 241
1684707022379 1.1939338275364466 242
1684707022448 1.1951720714569092 243
1684707022517 1.1964101791381836 244
1684707022579 1.1976482357297624 245
1684707022664 1.1988865051950728 246
1684707022733 1.2001250641686576 247
1684707022795 1.2013640318598067 248
1684707022864 1.2026034934180123 249
1684707022933 1.2038435680525643 250
