1684706792835 1.703033 1
1684706792903 1.5513475 2
1684706792983 1.407037 3
1684706793052 1.2807028 4
1684706793130 1.1624336 5
1684706793199 1.0476545 6
1684706793284 0.9360626 7
1684706793353 0.8294575 8
1684706793431 0.7305541 9
1684706793516 0.6422343 10
1684706793585 0.56694376 11
1684706793654 0.5062441 12
1684706793716 0.46058166 13
1684706793801 0.42925525 14
1684706793870 0.41090113 15
1684706793948 0.40283477 16
1684706794017 0.40219873 17
1684706794086 0.40910226 18
1684706794155 0.421647 19
1684706794233 0.4373909 20
1684706794302 0.45374587 21
1684706794371 0.46832567 22
1684706794456 0.47934112 23
1684706794518 0.4870683 24
1684706794587 0.49177676 25
1684706794657 0.49393997 26
1684706794735 0.49408627 27
1684706794798 0.4927475 28
1684706794872 0.4904195 29
1684706794957 0.48753107 30
1684706795020 0.48442903 31
1684706795104 0.48137528 32
1684706795173 0.47855282 33
1684706795251 0.47607678 34
1684706795320 0.474007 35
1684706795389 0.47236025 36
1684706795458 0.47112226 37
1684706795537 0.47025743 38
1684706795606 0.4697169 39
1684706795675 0.46944427 40
1684706795759 0.46938035 41
1684706795822 0.46946663 42
1684706795891 0.46964854 43
1684706795960 0.46987617 44
1684706796038 0.47010607 45
1684706796107 0.47030234 46
1684706796176 0.47043663 47
1684706796239 0.4704882 48
1684706796308 0.4704438 49
1684706796392 0.47029674 50
1684706796461 0.47004664 51
1684706796524 0.46969795 52
1684706796593 0.46925932 53
1684706796662 0.4687424 54
1684706796740 0.46816105 55
1684706796809 0.46753034 56
1684706796878 0.46686596 57
1684706796941 0.46618325 58
1684706797010 0.46549702 59
1684706797079 0.46482074 60
1684706797163 0.46416643 61
1684706797226 0.46354467 62
1684706797295 0.46296412 63
1684706797380 0.46243176 64
1684706797458 0.46195304 65
1684706797527 0.46153164 66
1684706797596 0.46116996 67
1684706797680 0.46086812 68
1684706797743 0.46062613 69
1684706797828 0.46044293 70
1684706797897 0.46031666 71
1684706797966 0.46024483 72
1684706798044 0.46022436 73
1684706798113 0.46025178 74
1684706798182 0.46032333 75
1684706798266 0.46043506 76
1684706798329 0.46058315 77
1684706798414 0.46076372 78
1684706798483 0.46097305 79
1684706798561 0.4612077 80
1684706798630 0.46146438 81
1684706798699 0.46174014 82
1684706798768 0.46203238 83
1684706798846 0.4623387 84
1684706798915 0.46265694 85
1684706798984 0.46298534 86
1684706799062 0.4633223 87
1684706799131 0.46366656 88
1684706799200 0.46401685 89
1684706799269 0.46437225 90
1684706799347 0.46473202 91
1684706799416 0.4650954 92
1684706799485 0.46546185 93
1684706799548 0.4658309 94
1684706799617 0.4662021 95
1684706799686 0.46657515 96
1684706799934 0.4669497 97
1684706800050 0.4673255 98
1684706800119 0.46770227 99
1684706800188 0.46807978 100
1684706800266 0.46845776 101
1684706800335 0.46883598 102
1684706800404 0.46921414 103
1684706800473 0.46959215 104
1684706800551 0.46996957 105
1684706800620 0.47034627 106
1684706800689 0.47072196 107
1684706800767 0.4710964 108
1684706800836 0.47146925 109
1684706800905 0.4718403 110
1684706800974 0.47220927 111
1684706801052 0.47257596 112
1684706801168 0.47294003 113
1684706801237 0.47330126 114
1684706801306 0.47365946 115
1684706801375 0.47401434 116
1684706801476 0.47436568 117
1684706801538 0.4747133 118
1684706801623 0.475057 119
1684706801692 0.4753967 120
1684706801754 0.4757321 121
1684706801823 0.47606313 122
1684706801908 0.47638965 123
1684706801977 0.47671154 124
1684706802055 0.47702873 125
1684706802124 0.47734118 126
1684706802192 0.47764874 127
1684706802271 0.4779515 128
1684706802340 0.47824934 129
1684706802409 0.47854236 130
1684706802478 0.47883046 131
1684706802556 0.4791138 132
1684706802625 0.47939235 133
1684706802694 0.4796667 134
1684706802756 0.47993734 135
1684706802841 0.4802045 136
1684706802910 0.48046833 137
1684706802979 0.48072892 138
1684706803042 0.48098636 139
1684706803111 0.48124075 140
1684706803195 0.48149207 141
1684706803258 0.48174042 142
1684706803327 0.4819858 143
1684706803411 0.4822282 144
1684706803480 0.48246765 145
1684706803543 0.48270416 146
1684706803612 0.48293775 147
1684706803681 0.48316833 148
1684706803759 0.48339596 149
1684706803828 0.48362064 150
1684706803897 0.4838423 151
1684706803975 0.4840611 152
1684706804044 0.48427686 153
1684706804113 0.48448965 154
1684706804182 0.4846995 155
1684706804261 0.4849063 156
1684706804330 0.48511016 157
1684706804399 0.48531106 158
1684706804477 0.48550898 159
1684706804546 0.48570392 160
1684706804615 0.48589593 161
1684706804684 0.48608488 162
1684706804762 0.48627087 163
1684706804831 0.4864539 164
1684706804900 0.48663396 165
1684706804963 0.48681092 166
1684706805047 0.48698497 167
1684706805116 0.48715597 168
1684706805185 0.48732388 169
1684706805263 0.4874888 170
1684706805332 0.48765057 171
1684706805402 0.48780936 172
1684706805464 0.48796502 173
1684706805549 0.48811752 174
1684706805618 0.48826694 175
1684706805687 0.48841324 176
1684706805749 0.48855639 177
1684706805818 0.48869634 178
1684706805887 0.48883313 179
1684706805965 0.4889668 180
1684706806050 0.48909724 181
1684706806119 0.4892245 182
1684706806188 0.4893486 183
1684706806251 0.48946953 184
1684706806335 0.48958728 185
1684706806404 0.48970187 186
1684706806489 0.48981333 187
1684706806567 0.4899217 188
1684706806636 0.4900269 189
1684706806721 0.4901291 190
1684706806790 0.49022818 191
1684706806852 0.4903243 192
1684706806921 0.49041742 193
1684706806990 0.4905076 194
1684706807069 0.4905949 195
1684706807138 0.49067938 196
1684706807207 0.4907611 197
1684706807285 0.49084002 198
1684706807354 0.49091634 199
1684706807423 0.49099004 200
1684706807507 0.4910612 201
1684706807570 0.49112988 202
1684706807655 0.49119622 203
1684706807724 0.4912602 204
1684706807793 0.491322 205
1684706807855 0.49138165 206
1684706807924 0.49143925 207
1684706808009 0.49149492 208
1684706808071 0.4915487 209
1684706808140 0.49160066 210
1684706808209 0.49165097 211
1684706808288 0.49169964 212
1684706808357 0.49174684 213
1684706808426 0.49179262 214
1684706808495 0.49183708 215
1684706808557 0.4918803 216
1684706808626 0.4919224 217
1684706808695 0.49196342 218
1684706808773 0.49200344 219
1684706808842 0.49204254 220
1684706808911 0.4920808 221
1684706808974 0.49211833 222
1684706809043 0.49215516 223
1684706809112 0.49219137 224
1684706809190 0.49222702 225
1684706809259 0.49226207 226
1684706809328 0.49229673 227
1684706809397 0.4923309 228
1684706809460 0.4923647 229
1684706809544 0.49239817 230
1684706809629 0.4924313 231
1684706809698 0.49246418 232
1684706809761 0.49249673 233
1684706809845 0.49252906 234
1684706809914 0.49256116 235
1684706809977 0.49259305 236
1684706810046 0.49262464 237
1684706810115 0.4926561 238
1684706810193 0.4926873 239
1684706810262 0.49271834 240
1684706810331 0.49274912 241
1684706810400 0.49277973 242
1684706810478 0.4928101 243
1684706810547 0.49284023 244
1684706810616 0.49287015 245
1684706810701 0.49289984 246
1684706810779 0.49292928 247
1684706810848 0.49295846 248
1684706810917 0.4929874 249
1684706811080 0.493016 250
