1684709654022 1.9213958 1
1684709654090 1.8163582 2
1684709654178 1.716495 3
1684709654247 1.6338546 4
1684709654325 1.5566173 5
1684709654394 1.4768137 6
1684709654463 1.3909606 7
1684709654548 1.2989302 8
1684709654626 1.2028313 9
1684709654695 1.1059096 10
1684709654764 1.0117224 11
1684709654849 0.92342925 12
1684709654911 0.84342754 13
1684709654996 0.7729786 14
1684709655065 0.7129061 15
1684709655143 0.6630843 16
1684709655212 0.6227689 17
1684709655297 0.59083927 18
1684709655366 0.5660028 19
1684709655428 0.54695237 20
1684709655513 0.5325607 21
1684709655582 0.52171445 22
1684709655651 0.5136362 23
1684709655729 0.5075173 24
1684709655798 0.5027386 25
1684709655867 0.4988105 26
1684709655945 0.49558192 27
1684709656009 0.49242643 28
1684709656098 0.48924053 29
1684709656167 0.4859799 30
1684709656246 0.48262316 31
1684709656315 0.4792255 32
1684709656384 0.47589594 33
1684709656453 0.4727814 34
1684709656531 0.47004956 35
1684709656615 0.46787447 36
1684709656684 0.46642366 37
1684709656753 0.46584904 38
1684709656854 0.46627945 39
1684709656932 0.46781537 40
1684709657001 0.47052595 41
1684709657086 0.4744474 42
1684709657167 0.47958302 43
1684709657245 0.48590457 44
1684709657318 0.4933548 45
1684709657398 0.5017154 46
1684709657468 0.5109641 47
1684709657552 0.5210043 48
1684709657630 0.5317139 49
1684709657699 0.5429605 50
1684709657784 0.5545397 51
1684709657853 0.56635857 52
1684709657938 0.5783061 53
1684709658000 0.59027374 54
1684709658085 0.6021646 55
1684709658169 0.6138968 56
1684709658238 0.6254041 57
1684709658317 0.63663685 58
1684709658401 0.64755994 59
1684709658486 0.65815234 60
1684709658561 0.6684047 61
1684709658650 0.6783172 62
1684709658723 0.6878979 63
1684709658804 0.69716024 64
1684709658884 0.7061211 65
1684709658965 0.7147996 66
1684709659039 0.723215 67
1684709659124 0.73138624 68
1684709659202 0.7393308 69
1684709659287 0.7470644 70
1684709659356 0.75460017 71
1684709659440 0.7619589 72
1684709659525 0.76908946 73
1684709659588 0.7760066 74
1684709659672 0.7827032 75
1684709659741 0.78917956 76
1684709659826 0.7954397 77
1684709659904 0.8014906 78
1684709659989 0.80734193 79
1684709660058 0.81300485 80
1684709660127 0.8184915 81
1684709660189 0.82381433 82
1684709660274 0.8289855 83
1684709660559 0.83401704 84
1684709660628 0.8389194 85
1684709660706 0.84370244 86
1684709660791 0.8483743 87
1684709660860 0.852942 88
1684709660929 0.8574108 89
1684709660992 0.861785 90
1684709661076 0.8660674 91
1684709661145 0.87025994 92
1684709661208 0.87436354 93
1684709661277 0.8783786 94
1684709661361 0.882305 95
1684709661430 0.886142 96
1684709661493 0.8898892 97
1684709661578 0.8935454 98
1684709661647 0.89710987 99
1684709661709 0.9005818 100
1684709661794 0.9039606 101
1684709661863 0.9072458 102
1684709661932 0.9104371 103
1684709661994 0.9135346 104
1684709662063 0.9165384 105
1684709662148 0.9194489 106
1684709662210 0.9222666 107
1684709662280 0.92499244 108
1684709662349 0.92762727 109
1684709662411 0.930172 110
1684709662496 0.9326277 111
1684709662565 0.93499565 112
1684709662634 0.9372767 113
1684709662696 0.9394723 114
1684709662765 0.9415834 115
1684709662850 0.94361115 116
1684709662912 0.94555664 117
1684709662981 0.9474208 118
1684709663050 0.9492048 119
1684709663129 0.95090985 120
1684709663198 0.952534 121
1684709663267 0.9540775 122
1684709663351 0.955541 123
1684709663414 0.95692635 124
1684709663483 0.95823514 125
1684709663552 0.95946944 126
1684709663636 0.96063113 127
1684709663699 0.9617222 128
1684709663768 0.9627445 129
1684709663837 0.96369934 130
1684709663915 0.964589 131
1684709663984 0.9654149 132
1684709664053 0.9661786 133
1684709664116 0.96688175 134
1684709664185 0.96752596 135
1684709664254 0.9681126 136
1684709664338 0.9686434 137
1684709664401 0.9691198 138
1684709664470 0.96954316 139
1684709664539 0.9699149 140
1684709664617 0.9702368 141
1684709664686 0.9705099 142
1684709664755 0.9707357 143
1684709664818 0.9709156 144
1684709664887 0.9710509 145
1684709664956 0.97114307 146
1684709665034 0.9711933 147
1684709665103 0.9712029 148
1684709665172 0.9711732 149
1684709665241 0.9711054 150
1684709665319 0.9710008 151
1684709665388 0.9708607 152
1684709665457 0.9706862 153
1684709665535 0.97047865 154
1684709665604 0.97023916 155
1684709665673 0.969969 156
1684709665742 0.9696692 157
1684709665805 0.96934134 158
1684709665889 0.9689862 159
1684709665958 0.96860516 160
1684709666036 0.9681995 161
1684709666105 0.9677701 162
1684709666175 0.9673183 163
1684709666244 0.9668453 164
1684709666322 0.966352 165
1684709666391 0.9658396 166
1684709666460 0.9653093 167
1684709666522 0.964762 168
1684709666591 0.9641988 169
1684709666660 0.9636208 170
1684709666738 0.9630288 171
1684709666807 0.96242386 172
1684709666876 0.9618069 173
1684709666945 0.9611787 174
1684709667024 0.96054024 175
1684709667093 0.95989233 176
1684709667162 0.9592358 177
1684709667224 0.9585712 178
1684709667293 0.95789945 179
1684709667378 0.95722127 180
1684709667447 0.9565373 181
1684709667525 0.9558482 182
1684709667610 0.9551545 183
1684709667679 0.9544569 184
1684709667748 0.9537559 185
1684709667826 0.95305216 186
1684709667895 0.9523461 187
1684709667964 0.95163834 188
1684709668026 0.9509292 189
1684709668095 0.9502193 190
1684709668164 0.9495089 191
1684709668249 0.94879854 192
1684709668312 0.9480885 193
1684709668381 0.94737923 194
1684709668465 0.9466711 195
1684709668528 0.9459644 196
1684709668612 0.94525945 197
1684709668681 0.94455665 198
1684709668750 0.94385624 199
1684709668828 0.9431584 200
1684709668898 0.94246364 201
1684709668967 0.94177204 202
1684709669045 0.9410839 203
1684709669114 0.9403995 204
1684709669183 0.9397191 205
1684709669252 0.93904275 206
1684709669330 0.9383708 207
1684709669399 0.9377034 208
1684709669468 0.9370408 209
1684709669546 0.9363831 210
1684709669615 0.9357305 211
1684709669684 0.93508315 212
1684709669753 0.9344412 213
1684709669816 0.93380475 214
1684709669885 0.933174 215
1684709669954 0.93254894 216
1684709670032 0.93192977 217
1684709670101 0.9313165 218
1684709670170 0.9307093 219
1684709670254 0.93011224 220
1684709670317 0.92952776 221
1684709670386 0.92895746 222
1684709670471 0.9284024 223
1684709670533 0.92786306 224
1684709670602 0.92733985 225
1684709670671 0.92683285 226
1684709670749 0.9263422 227
1684709670818 0.9258677 228
1684709670887 0.9254093 229
1684709670956 0.9249667 230
1684709671034 0.92453957 231
1684709671103 0.9241276 232
1684709671173 0.92373025 233
1684709671235 0.9233473 234
1684709671304 0.92297816 235
1684709671373 0.92262244 236
1684709671636 0.92227966 237
1684709671774 0.9219493 238
1684709671852 0.9216309 239
1684709671924 0.9213241 240
1684709671990 0.92102844 241
1684709672059 0.9207433 242
1684709672137 0.92046845 243
1684709672206 0.9202033 244
1684709672275 0.91994774 245
1684709672360 0.9197013 246
1684709672438 0.9194635 247
1684709672507 0.91923404 248
1684709672576 0.9190127 249
1684709672661 0.91879916 250
