1684706493436 1.7962087 1
1684706493516 1.6251409 2
1684706493583 1.4668803 3
1684706493652 1.3312721 4
1684706493731 1.2051227 5
1684706493800 1.0813024 6
1684706493884 0.95858395 7
1684706493953 0.8396472 8
1684706494031 0.7291077 9
1684706494100 0.63162744 10
1684706494185 0.5507149 11
1684706494254 0.48823988 12
1684706494332 0.4443567 13
1684706494401 0.41770822 14
1684706494486 0.40567434 15
1684706494555 0.4049064 16
1684706494633 0.41184634 17
1684706494702 0.4231147 18
1684706494771 0.4358791 19
1684706494850 0.44802076 20
1684706494919 0.45816597 21
1684706494988 0.4656149 22
1684706495057 0.4702116 23
1684706495135 0.47219014 24
1684706495204 0.4720236 25
1684706495289 0.470293 26
1684706495358 0.46757936 27
1684706495436 0.4644039 28
1684706495505 0.46118766 29
1684706495574 0.45824307 30
1684706495659 0.455783 31
1684706495721 0.45394245 32
1684706495790 0.45278922 33
1684706495859 0.45234036 34
1684706495937 0.45257583 35
1684706496006 0.45344982 36
1684706496075 0.4548991 37
1684706496138 0.45684865 38
1684706496223 0.4592167 39
1684706496292 0.46191907 40
1684706496361 0.46487272 41
1684706496434 0.46799892 42
1684706496508 0.47122627 43
1684706496577 0.47449237 44
1684706496639 0.47774526 45
1684706496708 0.48094383 46
1684706496777 0.4840575 47
1684706496862 0.48706532 48
1684706496924 0.4899548 49
1684706496994 0.49272072 50
1684706497078 0.49536318 51
1684706497141 0.49788713 52
1684706497225 0.50030094 53
1684706497294 0.502616 54
1684706497363 0.5048456 55
1684706497442 0.5070053 56
1684706497511 0.509111 57
1684706497580 0.51117885 58
1684706497642 0.5132247 59
1684706497711 0.51526284 60
1684706497796 0.5173063 61
1684706497865 0.5193664 62
1684706497927 0.5214526 63
1684706497996 0.52357227 64
1684706498065 0.52573264 65
1684706498144 0.52793837 66
1684706498213 0.53019273 67
1684706498282 0.53249717 68
1684706498344 0.53485173 69
1684706498424 0.53725576 70
1684706498482 0.539706 71
1684706498560 0.54219925 72
1684706498629 0.5447326 73
1684706498699 0.54730296 74
1684706498768 0.5499075 75
1684706498830 0.5525434 76
1684706498899 0.55520785 77
1684706498968 0.5578982 78
1684706499046 0.56061196 79
1684706499115 0.5633469 80
1684706499184 0.566101 81
1684706499262 0.5688722 82
1684706499332 0.5716591 83
1684706499401 0.57445997 84
1684706499470 0.5772738 85
1684706499548 0.5800992 86
1684706499617 0.5829352 87
1684706499686 0.5857809 88
1684706499764 0.5886353 89
1684706499833 0.5914975 90
1684706499902 0.5943666 91
1684706499971 0.5972417 92
1684706500034 0.60012174 93
1684706500103 0.6030058 94
1684706500172 0.60589296 95
1684706500250 0.6087822 96
1684706500319 0.6116726 97
1684706500388 0.6145632 98
1684706500473 0.61745334 99
1684706500551 0.62034225 100
1684706500620 0.62322944 101
1684706500689 0.6261133 102
1684706500773 0.6289929 103
1684706500836 0.631868 104
1684706500905 0.6347384 105
1684706500990 0.63760436 106
1684706501052 0.64046705 107
1684706501137 0.64332646 108
1684706501206 0.6461829 109
1684706501275 0.6490366 110
1684706501338 0.651888 111
1684706501407 0.6547376 112
1684706501476 0.6575843 113
1684706501554 0.6604277 114
1684706501623 0.663268 115
1684706501692 0.6661057 116
1684706501770 0.66894126 117
1684706501839 0.67177546 118
1684706501908 0.6746088 119
1684706501977 0.67744195 120
1684706502055 0.68027514 121
1684706502124 0.68310905 122
1684706502193 0.68594366 123
1684706502255 0.68877953 124
1684706502325 0.69161665 125
1684706502394 0.69445515 126
1684706502472 0.697295 127
1684706502541 0.70013636 128
1684706502610 0.70297915 129
1684706502679 0.7058233 130
1684706502741 0.70866877 131
1684706502810 0.71151555 132
1684706502879 0.7143631 133
1684706502957 0.7172114 134
1684706503027 0.7200602 135
1684706503096 0.7229089 136
1684706503158 0.72575724 137
1684706503243 0.7286048 138
1684706503312 0.73145103 139
1684706503381 0.73429555 140
1684706503443 0.7371379 141
1684706503513 0.7399776 142
1684706503582 0.74281406 143
1684706503660 0.7456469 144
1684706503729 0.7484757 145
1684706503798 0.75130004 146
1684706503876 0.75411934 147
1684706503961 0.75693345 148
1684706504030 0.7597419 149
1684706504099 0.76254433 150
1684706504177 0.76534057 151
1684706504246 0.76813024 152
1684706504315 0.77091324 153
1684706504384 0.77368915 154
1684706504462 0.776458 155
1684706504531 0.7792196 156
1684706504600 0.78197384 157
1684706504678 0.78472066 158
1684706504747 0.7874599 159
1684706504816 0.79019177 160
1684706504885 0.7929162 161
1684706504964 0.79563326 162
1684706505033 0.79834306 163
1684706505102 0.80104566 164
1684706505164 0.80374134 165
1684706505233 0.8064302 166
1684706505318 0.80911267 167
1684706505387 0.81178856 168
1684706505449 0.8144583 169
1684706505518 0.8171222 170
1684706505587 0.8197805 171
1684706505666 0.8224333 172
1684706505735 0.825081 173
1684706505804 0.8277238 174
1684706505888 0.83036184 175
1684706505951 0.83299553 176
1684706506020 0.83562493 177
1684706506089 0.8382504 178
1684706506167 0.8408721 179
1684706506236 0.84349024 180
1684706506305 0.846105 181
1684706506368 0.84871656 182
1684706506437 0.85132515 183
1684706506506 0.85393083 184
1684706506584 0.85653394 185
1684706506822 0.85913455 186
1684706506891 0.8617327 187
1684706506953 0.8643286 188
1684706507038 0.8669223 189
1684706507107 0.869514 190
1684706507170 0.8721038 191
1684706507239 0.8746917 192
1684706507308 0.87727785 193
1684706507392 0.8798623 194
1684706507455 0.8824451 195
1684706507524 0.88502634 196
1684706507593 0.887606 197
1684706507671 0.8901843 198
1684706507740 0.89276105 199
1684706507809 0.89533657 200
1684706507872 0.89791065 201
1684706507941 0.9004834 202
1684706508110 0.90305483 203
1684706508226 0.9056251 204
1684706508295 0.90819395 205
1684706508357 0.9107616 206
1684706508442 0.9133278 207
1684706508511 0.91589284 208
1684706508596 0.9184563 209
1684706508658 0.9210186 210
1684706508743 0.9235794 211
1684706508812 0.92613876 212
1684706508897 0.9286946 213
1684706508959 0.9312461 214
1684706509044 0.9337931 215
1684706509113 0.9363358 216
1684706509191 0.9388745 217
1684706509260 0.9414096 218
1684706509329 0.94394153 219
1684706509398 0.9464704 220
1684706509476 0.94899654 221
1684706509545 0.95152 222
1684706509630 0.954041 223
1684706509699 0.9565594 224
1684706509777 0.95907545 225
1684706509846 0.96158886 226
1684706509915 0.96409965 227
1684706509978 0.96660787 228
1684706510063 0.96911347 229
1684706510132 0.9716162 230
1684706510201 0.9741161 231
1684706510279 0.976613 232
1684706510348 0.979107 233
1684706510417 0.98159784 234
1684706510495 0.98408544 235
1684706510564 0.9865699 236
1684706510633 0.98905104 237
1684706510718 0.9915287 238
1684706510780 0.99400294 239
1684706510849 0.9964736 240
1684706510918 0.9989406 241
1684706510996 1.0014036 242
1684706511065 1.0038627 243
1684706511134 1.0063177 244
1684706511204 1.0087687 245
1684706511266 1.0112154 246
1684706511335 1.0136579 247
1684706511404 1.0160961 248
1684706511482 1.01853 249
1684706511551 1.0209595 250
