1684705460147 1.7921621 1
1684705460228 1.5992503 2
1684705460291 1.4260718 3
1684705460375 1.2827457 4
1684705460438 1.1540883 5
1684705460523 1.0316052 6
1684705460592 0.9132556 7
1684705460676 0.80104834 8
1684705460739 0.6989019 9
1684705460808 0.6106841 10
1684705460893 0.5390183 11
1684705460955 0.4850008 12
1684705461040 0.44826904 13
1684705461109 0.42722973 14
1684705461193 0.41935286 15
1684705461256 0.42154902 16
1684705461325 0.43055612 17
1684705461410 0.443308 18
1684705461479 0.45722005 19
1684705461557 0.470355 20
1684705461641 0.4814054 21
1684705461710 0.4897173 22
1684705461779 0.4951818 23
1684705461858 0.49809957 24
1684705461927 0.49897203 25
1684705461996 0.4983663 26
1684705462080 0.4968326 27
1684705462153 0.4948584 28
1684705462227 0.49284378 29
1684705462297 0.4910934 30
1684705462381 0.48981738 31
1684705462444 0.4891398 32
1684705462528 0.48911464 33
1684705462597 0.489744 34
1684705462682 0.49099594 35
1684705462760 0.4928187 36
1684705462829 0.49514985 37
1684705462914 0.4979458 38
1684705462983 0.5011504 39
1684705463061 0.5046992 40
1684705463130 0.5085221 41
1684705463199 0.51254743 42
1684705463261 0.51670355 43
1684705463346 0.5209201 44
1684705463415 0.5251285 45
1684705463484 0.5292614 46
1684705463547 0.533252 47
1684705463616 0.5370318 48
1684705463685 0.5405299 49
1684705463763 0.54367477 50
1684705463832 0.54643923 51
1684705463917 0.5488076 52
1684705463986 0.5507874 53
1684705464048 0.55241215 54
1684705464133 0.55373526 55
1684705464202 0.55481845 56
1684705464264 0.55572736 57
1684705464333 0.5565187 58
1684705464402 0.55724055 59
1684705464480 0.55793667 60
1684705464549 0.5586459 61
1684705464618 0.55940175 62
1684705464687 0.56023276 63
1684705464750 0.5611634 64
1684705464819 0.5622131 65
1684705464888 0.5633944 66
1684705464966 0.56471425 67
1684705465035 0.5661746 68
1684705465104 0.56777394 69
1684705465182 0.5695073 70
1684705465251 0.57136786 71
1684705465320 0.57334805 72
1684705465389 0.57543963 73
1684705465452 0.5776338 74
1684705465537 0.579921 75
1684705465606 0.58229107 76
1684705465684 0.5847341 77
1684705465753 0.58723986 78
1684705465822 0.58979905 79
1684705465891 0.5924024 80
1684705465969 0.595042 81
1684705466038 0.59771043 82
1684705466123 0.60040134 83
1684705466192 0.6031094 84
1684705466254 0.6058301 85
1684705466323 0.6085597 86
1684705466392 0.6112956 87
1684705466470 0.6140354 88
1684705466539 0.6167778 89
1684705466608 0.6195215 90
1684705466671 0.62226605 91
1684705466755 0.62501085 92
1684705466824 0.62775576 93
1684705466893 0.6305007 94
1684705466956 0.6332457 95
1684705467041 0.63599116 96
1684705467110 0.6387371 97
1684705467194 0.64148355 98
1684705467272 0.6442305 99
1684705467357 0.6469777 100
1684705467426 0.6497251 101
1684705467495 0.65247214 102
1684705467573 0.65521836 103
1684705467642 0.6579635 104
1684705467711 0.66070694 105
1684705467796 0.6634482 106
1684705467859 0.6661868 107
1684705467928 0.6689223 108
1684705468012 0.6716541 109
1684705468090 0.6743819 110
1684705468159 0.67710507 111
1684705468228 0.6798235 112
1684705468297 0.6825366 113
1684705468360 0.6852443 114
1684705468445 0.68794626 115
1684705468514 0.6906425 116
1684705468588 0.6933327 117
1684705468660 0.6960169 118
1684705468729 0.69869554 119
1684705468798 0.70136845 120
1684705468861 0.70403695 121
1684705468946 0.706702 122
1684705469015 0.70936394 123
1684705469077 0.712023 124
1684705469162 0.71467924 125
1684705469246 0.7173326 126
1684705469315 0.7199833 127
1684705469400 0.7226311 128
1684705469463 0.7252762 129
1684705469547 0.7279177 130
1684705469616 0.73055536 131
1684705469679 0.7331893 132
1684705469763 0.73581976 133
1684705469832 0.7384472 134
1684705469901 0.741072 135
1684705469964 0.74369466 136
1684705470033 0.7463157 137
1684705470102 0.74893564 138
1684705470180 0.7515547 139
1684705470249 0.7541735 140
1684705470318 0.7567924 141
1684705470381 0.7594117 142
1684705470450 0.7620319 143
1684705470534 0.7646534 144
1684705470603 0.76727635 145
1684705470666 0.7699013 146
1684705470735 0.7725284 147
1684705470804 0.77515805 148
1684705470882 0.77779025 149
1684705470951 0.78042537 150
1684705471020 0.78306335 151
1684705471098 0.7857044 152
1684705471167 0.7883483 153
1684705471236 0.79099524 154
1684705471305 0.793645 155
1684705471383 0.79629755 156
1684705471452 0.7989526 157
1684705471521 0.80161 158
1684705471606 0.8042695 159
1684705471669 0.8069309 160
1684705471738 0.80959404 161
1684705471807 0.81225854 162
1684705471885 0.81492436 163
1684705472001 0.8175911 164
1684705472070 0.82025874 165
1684705472139 0.8229267 166
1684705472208 0.8255952 167
1684705472286 0.828264 168
1684705472355 0.83093274 169
1684705472424 0.8336014 170
1684705472486 0.8362698 171
1684705472555 0.838938 172
1684705472640 0.84160566 173
1684705472709 0.84427273 174
1684705472787 0.8469392 175
1684705472872 0.84960496 176
1684705472941 0.85227 177
1684705473010 0.85493416 178
1684705473088 0.8575975 179
1684705473157 0.8602597 180
1684705473226 0.862921 181
1684705473411 0.8655813 182
1684705473590 0.8682405 183
1684705473659 0.87089837 184
1684705473728 0.87355506 185
1684705473806 0.8762105 186
1684705473875 0.8788645 187
1684705473944 0.88151693 188
1684705474028 0.88416797 189
1684705474091 0.88681734 190
1684705474176 0.88946486 191
1684705474245 0.8921105 192
1684705474314 0.8947542 193
1684705474392 0.89739573 194
1684705474461 0.900035 195
1684705474530 0.90267205 196
1684705474608 0.90530646 197
1684705474677 0.90793836 198
1684705474746 0.9105675 199
1684705474815 0.9131937 200
1684705474893 0.91581696 201
1684705474962 0.9184371 202
1684705475031 0.9210541 203
1684705475109 0.92366767 204
1684705475178 0.92627776 205
1684705475247 0.9288844 206
1684705475316 0.9314874 207
1684705475410 0.9340867 208
1684705475479 0.93668234 209
1684705475548 0.9392741 210
1684705475617 0.941862 211
1684705475695 0.944446 212
1684705475764 0.94702613 213
1684705475833 0.94960225 214
1684705475912 0.9521746 215
1684705475981 0.954743 216
1684705476150 0.9573076 217
1684705476235 0.9598683 218
1684705476297 0.9624251 219
1684705476366 0.9649782 220
1684705476435 0.96752775 221
1684705476520 0.9700735 222
1684705476582 0.97261584 223
1684705476651 0.9751548 224
1684705476720 0.9776902 225
1684705476798 0.9802226 226
1684705476883 0.9827515 227
1684705476952 0.9852775 228
1684705477021 0.98780036 229
1684705477084 0.9903203 230
1684705477168 0.99283755 231
1684705477237 0.9953519 232
1684705477315 0.99786365 233
1684705477384 1.0003726 234
1684705477453 1.0028791 235
1684705477522 1.005383 236
1684705477601 1.0078844 237
1684705477670 1.0103834 238
1684705477739 1.0128796 239
1684705477817 1.0153736 240
1684705477886 1.017865 241
1684705477955 1.0203538 242
1684705478024 1.0228401 243
1684705478102 1.0253239 244
1684705478171 1.0278049 245
1684705478240 1.0302831 246
1684705478325 1.0327586 247
1684705478387 1.0352312 248
1684705478456 1.0377009 249
1684705478533 1.0401673 250
