1683847779989 29.732288 1
1683847780208 18.271584 2
1683847780262 16.090006 3
1683847780309 12.118824 4
1683847780368 10.507021 5
1683847780414 9.875336 6
1683847780474 9.46075 7
1683847780524 8.688074 8
1683847780578 8.544329 9
1683847780628 8.484829 10
1683847780680 8.469053 11
1683847780730 8.465378 12
1683847780782 8.460355 13
1683847780832 8.454023 14
1683847780898 8.45157 15
1683847780949 8.45126 16
1683847781002 8.451117 17
1683847781065 8.450916 18
1683847781102 8.450793 19
1683847781165 8.451156 20
1683847781218 8.450635 21
1683847781281 8.450822 22
1683847781336 8.42366 23
1683847781385 8.301602 24
1683847781449 8.282888 25
1683847781499 8.279442 26
1683847781559 8.278646 27
1683847781616 8.279324 28
1683847781669 8.277998 29
1683847781716 8.272122 30
1683847781772 8.263193 31
1683847781822 8.2542515 32
1683847781874 8.247108 33
1683847781935 8.242025 34
1683847781986 8.238453 35
1683847782034 8.235717 36
1683847782081 8.23337 37
1683847782150 8.231229 38
1683847782197 8.229272 39
1683847782251 8.227538 40
1683847782297 8.226081 41
1683847782351 8.224948 42
1683847782398 8.224167 43
1683847782459 8.22374 44
1683847782510 8.223643 45
1683847782561 8.22384 46
1683847782612 8.224274 47
1683847782663 8.22488 48
1683847782714 8.225588 49
1683847782765 8.22632 50
1683847782816 8.227003 51
1683847782867 8.227567 52
1683847782916 8.227953 53
1683847782969 8.228124 54
1683847783020 8.228062 55
1683847783069 8.227774 56
1683847783120 8.227285 57
1683847783171 8.226639 58
1683847783214 8.225881 59
1683847783265 8.225061 60
1683847783316 8.224223 61
1683847783367 8.223402 62
1683847783418 8.222627 63
1683847783469 8.221916 64
1683847783521 8.221285 65
1683847783572 8.22074 66
1683847783623 8.2202835 67
1683847783682 8.219916 68
1683847783733 8.21963 69
1683847783776 8.2194195 70
1683847783827 8.219275 71
1683847783879 8.219192 72
1683847783930 8.219161 73
1683847783980 8.219177 74
1683847784036 8.219235 75
1683847784083 8.219331 76
1683847784134 8.219458 77
1683847784185 8.21961 78
1683847784236 8.219778 79
1683847784287 8.2199545 80
1683847784338 8.220124 81
1683847784387 8.220277 82
1683847784440 8.220401 83
1683847784491 8.220488 84
1683847784540 8.220528 85
1683847784592 8.220514 86
1683847784642 8.220442 87
1683847784693 8.2203045 88
1683847784744 8.220095 89
1683847784796 8.219818 90
1683847784847 8.21949 91
1683847784894 8.219133 92
1683847784947 8.218778 93
1683847784994 8.218444 94
1683847785048 8.218147 95
1683847785108 8.217897 96
1683847785160 8.217696 97
1683847785211 8.21754 98
1683847785260 8.217421 99
1683847785311 8.217331 100
1683847785364 8.21726 101
1683847785415 8.2172 102
1683847785474 8.217144 103
1683847785537 8.217083 104
1683847785575 8.217016 105
1683847785634 8.216938 106
1683847785678 8.21685 107
1683847785740 8.216752 108
1683847785785 8.216644 109
1683847785838 8.21653 110
1683847785889 8.21641 111
1683847785940 8.216288 112
1683847785991 8.216167 113
1683847786052 8.216051 114
1683847786101 8.215939 115
1683847786152 8.215835 116
1683847786346 8.215739 117
1683847786407 8.215652 118
1683847786458 8.215574 119
1683847786509 8.215506 120
1683847786560 8.215445 121
1683847786610 8.215391 122
1683847786659 8.215345 123
1683847786718 8.215305 124
1683847786764 8.215273 125
1683847786815 8.215246 126
1683847786866 8.215225 127
1683847786917 8.215209 128
1683847786968 8.2151985 129
1683847787071 8.215192 130
1683847787131 8.215191 131
1683847787182 8.215195 132
1683847787233 8.215201 133
1683847787284 8.215212 134
1683847787335 8.215227 135
1683847787387 8.215247 136
1683847787438 8.215273 137
1683847787489 8.215309 138
1683847787540 8.215353 139
1683847787599 8.215412 140
1683847787652 8.215486 141
1683847787701 8.215575 142
1683847787757 8.215678 143
1683847787805 8.215792 144
1683847787866 8.215906 145
1683847787917 8.216018 146
1683847787968 8.21612 147
1683847788018 8.216206 148
1683847788069 8.216273 149
1683847788120 8.216319 150
1683847788171 8.216336 151
1683847788222 8.216323 152
1683847788273 8.216273 153
1683847788324 8.216194 154
1683847788375 8.216088 155
1683847788435 8.215968 156
1683847788478 8.215847 157
1683847788528 8.215734 158
1683847788587 8.215638 159
1683847788638 8.215565 160
1683847788689 8.215521 161
1683847788740 8.215507 162
1683847788790 8.215523 163
1683847788843 8.215564 164
1683847788894 8.215628 165
1683847788945 8.215727 166
1683847788997 8.215881 167
1683847789048 8.216033 168
1683847789099 8.215975 169
1683847789150 8.215679 170
1683847789201 8.215367 171
1683847789252 8.215283 172
1683847789303 8.215583 173
1683847789352 8.216347 174
1683847789405 8.217688 175
1683847789456 8.219892 176
1683847789507 8.222235 177
1683847789558 8.2228985 178
1683847789609 8.222177 179
1683847789660 8.220873 180
1683847789711 8.219513 181
1683847789762 8.218271 182
1683847789813 8.217194 183
1683847789867 8.2163315 184
1683847789916 8.215696 185
1683847789966 8.215266 186
1683847790017 8.215008 187
1683847790068 8.214889 188
1683847790119 8.214872 189
1683847790170 8.214919 190
1683847790221 8.214995 191
1683847790272 8.215069 192
1683847790322 8.215116 193
1683847790373 8.21512 194
1683847790429 8.215076 195
1683847790476 8.214983 196
1683847790527 8.214849 197
1683847790576 8.21469 198
1683847790629 8.21452 199
1683847790680 8.2143545 200
1683847790731 8.214207 201
1683847790780 8.214086 202
1683847790831 8.213999 203
1683847790882 8.213949 204
1683847790933 8.213935 205
1683847790976 8.213956 206
1683847791027 8.214005 207
1683847791078 8.21408 208
1683847791129 8.214174 209
1683847791180 8.214287 210
1683847791231 8.214415 211
1683847791282 8.214559 212
1683847791333 8.214718 213
1683847791384 8.214888 214
1683847791435 8.215054 215
1683847791490 8.215203 216
1683847791538 8.215328 217
1683847791589 8.215424 218
1683847791774 8.215494 219
1683847791846 8.215552 220
1683847791897 8.215607 221
1683847791948 8.215671 222
1683847791999 8.215749 223
1683847792048 8.215843 224
1683847792101 8.215952 225
1683847792150 8.216069 226
1683847792203 8.21619 227
1683847792254 8.216308 228
1683847792305 8.216416 229
1683847792357 8.216509 230
1683847792408 8.216582 231
1683847792459 8.216631 232
1683847792512 8.216653 233
1683847792561 8.216645 234
1683847792620 8.216608 235
1683847792673 8.216536 236
1683847792725 8.216422 237
1683847792776 8.216262 238
1683847792827 8.216052 239
1683847792878 8.215792 240
1683847792929 8.215494 241
1683847792980 8.215176 242
1683847793030 8.214866 243
1683847793085 8.214593 244
1683847793133 8.214382 245
1683847793184 8.214246 246
1683847793235 8.214185 247
1683847793286 8.214192 248
1683847793337 8.214258 249
1683847793388 8.214371 250
