1683848658395 14.519172364063985 1
1683848658448 17.144694547406168 2
1683848658515 16.831071390850497 3
1683848658577 15.1711573199121 4
1683848658630 16.14752727610747 5
1683848658693 16.734764481010924 6
1683848658758 17.112819264882962 7
1683848658817 17.32426590418229 8
1683848658880 17.411680728735828 9
1683848658941 17.49288744666522 10
1683848659001 17.616717724782664 11
1683848659071 17.585743838247843 12
1683848659124 17.290226340045663 13
1683848659183 16.937787697183904 14
1683848659233 16.625434173426193 15
1683848659286 16.289029022948558 16
1683848659345 15.849354163769702 17
1683848659398 15.223889781202066 18
1683848659450 14.326451158961818 19
1683848659500 13.151191348287668 20
1683848659562 11.788408391391332 21
1683848659613 10.059576844049973 22
1683848659664 6.491323081470753 23
1683848659723 4.943427004688379 24
1683848659776 3.6227905900215966 25
1683848659827 3.078867916032585 26
1683848659886 2.4264867060130575 27
1683848659948 1.9436602254983353 28
1683848659999 2.0432298988148268 29
1683848660050 2.309739029783195 30
1683848660100 2.4213241433449886 31
1683848660155 2.4629637497890164 32
1683848660202 2.4359197707540776 33
1683848660253 2.3435660981403497 34
1683848660304 2.2123127666419418 35
1683848660355 2.064962158807966 36
1683848660406 1.9089506940420184 37
1683848660457 1.7519865408388748 38
1683848660516 1.6047016126351985 39
1683848660566 1.4763874936443802 40
1683848660617 1.3738707895944546 41
1683848660669 1.3022814404244356 42
1683848660721 1.2640962528684099 43
1683848660772 1.2569649842407296 44
1683848660823 1.272104063138402 45
1683848660874 1.296442781433174 46
1683848660925 1.347033414833695 47
1683848660976 1.5056655397551952 48
1683848661025 1.6957095779383986 49
1683848661078 1.8945314222228256 50
1683848661128 2.095359731498554 51
1683848661179 2.298898117910449 52
1683848661230 2.4980300958662216 53
1683848661281 2.6830754056414405 54
1683848661332 2.8466119274593016 55
1683848661382 2.982205456248777 56
1683848661433 3.0846401640890426 57
1683848661483 3.1516175069224905 58
1683848661535 3.1838949508175043 59
1683848661586 3.1840499396166644 60
1683848661637 3.1558371787725457 61
1683848661688 3.1042641806376596 62
1683848661743 3.0356343374670782 63
1683848661789 2.957576226127398 64
1683848661835 2.878429535260263 65
1683848661899 2.8057708889033717 66
1683848661949 2.744802975252937 67
1683848662000 2.6976022918510343 68
1683848662051 2.663450727811885 69
1683848662101 2.6397748429825003 70
1683848662152 2.6229572001206582 71
1683848662203 2.608821009061137 72
1683848662257 2.5928286481244935 73
1683848662307 2.5702280891313927 74
1683848662378 2.536239153216009 75
1683848662439 2.4863767508606784 76
1683848662500 2.4168498717152436 77
1683848662551 2.324875766304045 78
1683848662612 2.2087024259623824 79
1683848662663 2.066937503819204 80
1683848662722 1.8969057720816445 81
1683848662778 1.6918415274788565 82
1683848662826 1.4388922590467985 83
1683848662885 1.1301624541847082 84
1683848662937 0.8156437963622266 85
1683848662988 0.639961597924191 86
1683848663049 0.6717582313347976 87
1683848663100 0.714455457615878 88
1683848663151 0.7443243027782787 89
1683848663203 0.7608449718804341 90
1683848663254 0.7662519381189407 91
1683848663304 0.7717583160622484 92
1683848663363 0.7792038512133643 93
1683848663415 0.7867313883706079 94
1683848663466 0.7923059418483637 95
1683848663516 0.7945827767214599 96
1683848663569 0.7924731040614269 97
1683848663620 0.7852366666502415 98
1683848663670 0.7735360307143002 99
1683848663721 0.7605952183927425 100
1683848663771 0.753002256661947 101
1683848663822 0.7612370895202489 102
1683848663874 0.7988931969550751 103
1683848663925 0.8792617140562274 104
1683848663976 1.0107336881406441 105
1683848664027 1.194906402773989 106
1683848664078 1.4283970855995998 107
1683848664129 1.7054892102248718 108
1683848664180 2.0196857277923743 109
1683848664231 2.364229976663933 110
1683848664282 2.732184751638358 111
1683848664341 3.1164342985450255 112
1683848664400 3.5097228295883243 113
1683848664457 3.9047890674785948 114
1683848664504 4.2946344205224385 115
1683848664564 4.672845277081511 116
1683848664615 5.033907258277318 117
1683848664666 5.373412907295467 118
1683848664717 5.688007278744162 119
1683848664766 5.975011845102451 120
1683848664819 6.231376407019692 121
1683848664870 6.45122159768303 122
1683848664925 6.62037732736635 123
1683848664972 6.705319351649142 124
1683848665023 6.639196235359157 125
1683848665074 6.329640204613167 126
1683848665125 5.695260228221365 127
1683848665177 4.684106967252256 128
1683848665228 3.578370910874075 129
1683848665279 2.781105989720411 130
1683848665330 2.201968136732826 131
1683848665381 1.75395946929163 132
1683848665435 1.3428198024445883 133
1683848665484 0.8167452352005065 134
1683848665543 0.7172008514378696 135
1683848665594 0.7567041299059017 136
1683848665645 0.781153682971826 137
1683848665696 0.763040409635663 138
1683848665747 0.7697095869330813 139
1683848665800 0.7780954185124161 140
1683848665849 0.7815803389645719 141
1683848665900 0.7797029144940014 142
1683848665951 0.773679431248926 143
1683848666000 0.7657189681010487 144
1683848666054 0.7561477138780536 145
1683848666105 0.7440285501095074 146
1683848666148 0.7290510103247922 147
1683848666199 0.7129440080700267 148
1683848666248 0.7006545352657712 149
1683848666301 0.7017497560901207 150
1683848666352 0.7306490697650004 151
1683848666403 0.8033677912906163 152
1683848666455 0.9314583851753492 153
1683848666506 1.1185566769368884 154
1683848666557 1.3621455478254283 155
1683848666608 1.6568494236222422 156
1683848666660 1.99621522754055 157
1683848666710 2.373140929030877 158
1683848666759 2.7798441614975005 159
1683848666813 3.2078047402658454 160
1683848666864 3.6477961202572566 161
1683848666915 4.089990182377223 162
1683848666966 4.524181112745058 163
1683848667022 4.940209528649554 164
1683848667066 5.32850627751094 165
1683848667129 5.680648485403208 166
1683848667179 5.989685344749388 167
1683848667230 6.250301681228811 168
1683848667281 6.45891509366879 169
1683848667332 6.613952742313337 170
1683848667383 6.716088466212329 171
1683848667434 6.768082289656785 172
1683848667485 6.774052429040842 173
1683848667536 6.738060007142708 174
1683848667589 6.662466677290236 175
1683848667639 6.546209517753276 176
1683848667690 6.3830343289650395 177
1683848667741 6.159454105144231 178
1683848667792 5.853080709027942 179
1683848667843 5.435760153572686 180
1683848667894 4.893259208271328 181
1683848667945 4.256071454463057 182
1683848667996 3.5659050106390153 183
1683848668047 2.699700668000558 184
1683848668101 2.040982170937213 185
1683848668150 1.6141739700830091 186
1683848668201 0.9494043323245308 187
1683848668252 0.719527381780739 188
1683848668302 0.7181739720678576 189
1683848668353 0.6972244929359674 190
1683848668404 0.6903409898484152 191
1683848668455 0.7031272387962526 192
1683848668506 0.7170326141007849 193
1683848668557 0.7246279987821348 194
1683848668610 0.7259223127625924 195
1683848668659 0.7234251201352291 196
1683848668711 0.7183141527429188 197
1683848668762 0.7103300981568692 198
1683848668813 0.7007891406528851 199
1683848668864 0.6947725559792094 200
1683848668915 0.7013766912214372 201
1683848668964 0.7324694706632623 202
1683848669015 0.7998823014686233 203
1683848669066 0.9118128975931638 204
1683848669109 1.0711395032432172 205
1683848669167 1.276622990894713 206
1683848669211 1.5250495045161963 207
1683848669271 1.8125453856800242 208
1683848669324 2.134935851038929 209
1683848669374 2.487622147353665 210
1683848669425 2.8653896973578967 211
1683848669476 3.262301663537829 212
1683848669528 3.67174972423498 213
1683848669579 4.086628529458373 214
1683848669630 4.499561602742213 215
1683848669868 4.903133128205941 216
1683848669911 5.290055943223912 217
1683848669974 5.65323408533995 218
1683848670024 5.985639553007563 219
1683848670075 6.280101762747417 220
1683848670126 6.529192738125923 221
1683848670177 6.7256694117563605 222
1683848670239 6.86370757951688 223
1683848670290 6.940571585114337 224
1683848670341 6.957622793730305 225
1683848670392 6.919521965920021 226
1683848670443 6.83177869875206 227
1683848670502 6.697970198720067 228
1683848670553 6.51851739959364 229
1683848670606 6.292064578587437 230
1683848670657 6.0194713222395695 231
1683848670708 5.7071004069424305 232
1683848670759 5.365876056135128 233
1683848670810 5.007840245922418 234
1683848670861 4.644202187754399 235
1683848670912 4.284928845669672 236
1683848670964 3.9380993298769313 237
1683848671014 3.608750515256449 238
1683848671065 3.2982015426925417 239
1683848671117 3.004320742875945 240
1683848671168 2.722403604279535 241
1683848671219 2.446050461346293 242
1683848671270 2.1676156693938875 243
1683848671321 1.877565071055261 244
1683848671372 1.5481656509000967 245
1683848671423 1.0687690647706467 246
1683848671474 0.8255433937380147 247
1683848671525 0.7233808906628867 248
1683848671576 0.7104639691004231 249
1683848671627 0.7024928889256609 250
