1683848995250 58.017158560256036 1
1683848995318 52.857317733564145 2
1683848995368 47.14696938498071 3
1683848995415 38.91847070185651 4
1683848995476 35.270803641536446 5
1683848995527 33.071611584663856 6
1683848995580 32.18232949409863 7
1683848995633 30.923408714038693 8
1683848995683 29.318053319709772 9
1683848995734 26.41837821078378 10
1683848995785 24.79630131056776 11
1683848995836 22.38394909829983 12
1683848995887 19.962731730603302 13
1683848995938 15.736709219301083 14
1683848995989 13.890908444855727 15
1683848996040 13.848205959855921 16
1683848996091 13.908379865524708 17
1683848996143 14.32293473505318 18
1683848996194 14.761793220225544 19
1683848996253 15.171295450823589 20
1683848996294 15.597070892543801 21
1683848996357 16.069041172476922 22
1683848996395 16.541503855261055 23
1683848996457 16.925856612610755 24
1683848996507 17.139925568078013 25
1683848996558 17.16104608735552 26
1683848996617 17.026624475559714 27
1683848996672 16.79806349488112 28
1683848996722 16.526404474603538 29
1683848996769 16.23359179680974 30
1683848996829 15.920463092044445 31
1683848996881 15.585213402411833 32
1683848996932 15.234160637793126 33
1683848996982 14.87962958386904 34
1683848997033 14.534667261400054 35
1683848997082 14.2102854280032 36
1683848997134 13.915294014890495 37
1683848997185 13.65715531484393 38
1683848997239 13.44258490033415 39
1683848997287 13.27723615866901 40
1683848997338 13.163493258907305 41
1683848997389 13.091474969809898 42
1683848997440 13.008216597003784 43
1683848997491 12.865584542540931 44
1683848997542 12.922753159246694 45
1683848997591 13.083000522598041 46
1683848997644 13.34572314399179 47
1683848997695 13.6488328154283 48
1683848997751 13.958251918215568 49
1683848997798 14.27114378034632 50
1683848997859 14.584477155479846 51
1683848997927 14.892503817922453 52
1683848997980 15.189438964252467 53
1683848998031 15.467102333908578 54
1683848998082 15.710941530651315 55
1683848998140 15.895433930253532 56
1683848998191 15.978880723691082 57
1683848998244 15.898166010492384 58
1683848998296 15.573533872407083 59
1683848998346 14.964400562780066 60
1683848998398 14.159503675764908 61
1683848998449 13.32214294357923 62
1683848998500 12.568311483256009 63
1683848998551 11.944379693478616 64
1683848998602 11.449337975424543 65
1683848998653 11.067163607836447 66
1683848998704 10.80249551314405 67
1683848998754 10.683100062451219 68
1683848998807 10.634078944551748 69
1683848998856 10.60216029717521 70
1683848998907 10.567116463303169 71
1683848998958 10.52899030550606 72
1683848999009 10.491753931748425 73
1683848999060 10.458068874932088 74
1683848999111 10.428892332290246 75
1683848999161 10.404720818308917 76
1683848999212 10.386017400885702 77
1683848999262 10.37127803851953 78
1683848999313 10.360261303944213 79
1683848999364 10.354094919885174 80
1683848999415 10.35371033323847 81
1683848999466 10.359993329529095 82
1683848999517 10.375057160791744 83
1683848999578 10.403511210659262 84
1683848999629 10.45295654348571 85
1683848999679 10.533537515257388 86
1683848999730 10.656306495006453 87
1683848999781 10.830435819070118 88
1683848999832 11.060657256270739 89
1683848999885 11.346663317386659 90
1683848999935 11.684384915258239 91
1683848999986 12.067646646784633 92
1683849000037 12.489266251230317 93
1683849000098 12.941575693126936 94
1683849000149 13.416623614551067 95
1683849000200 13.906308403328918 96
1683849000251 14.402578937411121 97
1683849000302 14.897669357733717 98
1683849000353 15.384403841992654 99
1683849000404 15.856442063619378 100
1683849000455 16.30835796900589 101
1683849000505 16.73560609384972 102
1683849000556 17.134248839149706 103
1683849000607 17.500465481807 104
1683849000657 17.829849580769256 105
1683849000708 18.116526121442206 106
1683849000759 18.35200110695517 107
1683849000810 18.52367555188621 108
1683849000860 18.612709380991078 109
1683849001029 18.590217977477927 110
1683849001113 18.409122710567733 111
1683849001167 17.984673535739617 112
1683849001214 17.160154120783954 113
1683849001274 15.80285767444381 114
1683849001326 14.21690023007562 115
1683849001376 12.5071045292731 116
1683849001427 10.777234357754399 117
1683849001487 10.472281714209362 118
1683849001540 10.360824310651607 119
1683849001591 10.350032064963852 120
1683849001642 10.337001424388813 121
1683849001701 10.335553482211152 122
1683849001755 10.341464400861646 123
1683849001806 10.344776093082746 124
1683849001857 10.343666436054596 125
1683849001916 10.341594744136202 126
1683849001967 10.340889893184842 127
1683849002021 10.342368462984124 128
1683849002072 10.347730260975792 129
1683849002123 10.360839428090545 130
1683849002174 10.388579107051308 131
1683849002225 10.438927161731925 132
1683849002326 10.5208722149309 133
1683849002399 10.644106527774898 134
1683849002450 10.817121871679884 135
1683849002511 11.045234869766826 136
1683849002563 11.32998356867091 137
1683849002614 11.669890937398655 138
1683849002673 12.061597823446967 139
1683849002727 12.500482172259877 140
1683849002778 12.980633063173686 141
1683849002839 13.494591118170554 142
1683849002890 14.033355875292626 143
1683849002949 14.586820206810396 144
1683849003002 15.144543359064393 145
1683849003054 15.696541816121012 146
1683849003105 16.233938107230436 147
1683849003156 16.749476128779992 148
1683849003207 17.237850697716603 149
1683849003266 17.6958591568462 150
1683849003319 18.122208878973844 151
1683849003370 18.516997256917215 152
1683849003421 18.881031508426297 153
1683849003492 19.215174698588385 154
1683849003544 19.51971548050929 155
1683849003602 19.793604040237135 156
1683849003654 20.033201055590123 157
1683849003705 20.229748665785806 158
1683849003758 20.364674329125524 159
1683849003809 20.402841577542645 160
1683849003860 20.29136581599371 161
1683849003911 19.9837067218926 162
1683849003962 19.479049312433542 163
1683849004013 18.80930515732045 164
1683849004064 17.982515335617943 165
1683849004115 16.982732050967552 166
1683849004166 15.90051224200017 167
1683849004225 14.86263624722672 168
1683849004278 13.914480832357716 169
1683849004329 13.0789960953196 170
1683849004380 12.37098815439046 171
1683849004431 11.808078333705039 172
1683849004482 11.388583339481777 173
1683849004533 11.082118823624596 174
1683849004584 10.83719237816735 175
1683849004638 10.494129928391576 176
1683849004686 10.353050456843556 177
1683849004737 10.3502585511306 178
1683849004788 10.34154077558686 179
1683849004839 10.330077197464627 180
1683849004890 10.326301200165348 181
1683849004941 10.33033726957204 182
1683849004992 10.335737562658142 183
1683849005043 10.343870991206357 184
1683849005094 10.361950146694204 185
1683849005153 10.395851516453696 186
1683849005196 10.451703537132929 187
1683849005247 10.536480456159955 188
1683849005299 10.659726007989295 189
1683849005350 10.833164068269063 190
1683849005400 11.066913358392899 191
1683849005452 11.366607773132676 192
1683849005512 11.732842622611036 193
1683849005563 12.16229024796907 194
1683849005613 12.649184399955573 195
1683849005664 13.186306770942437 196
1683849005717 13.765418032075363 197
1683849005766 14.37738860758972 198
1683849005817 15.01220053264057 199
1683849005868 15.65871397352976 200
1683849005919 16.30415383986192 201
1683849005970 16.93340320435741 202
1683849006034 17.52831895768855 203
1683849006097 18.067894819952798 204
1683849006150 18.530635801231632 205
1683849006197 18.89944736687562 206
1683849006256 19.166836665721572 207
1683849006294 19.33639654003577 208
1683849006352 19.41951158740928 209
1683849006572 19.43015773033965 210
1683849006641 19.380699470748308 211
1683849006688 19.279726898852505 212
1683849006738 19.13112608717003 213
1683849006794 18.93387210101681 214
1683849006840 18.68227160289869 215
1683849006890 18.36670955023014 216
1683849006941 17.97510323826596 217
1683849006992 17.493896539982362 218
1683849007043 16.90778495372856 219
1683849007094 16.200134123833593 220
1683849007145 15.357928820863052 221
1683849007197 14.358031446498153 222
1683849007248 12.905619427436715 223
1683849007308 10.759712194067703 224
1683849007360 10.441569468703062 225
1683849007411 10.385557702810086 226
1683849007462 10.37790934417348 227
1683849007513 10.347311868763532 228
1683849007564 10.33818347035475 229
1683849007615 10.334543807076336 230
1683849007666 10.333508788303215 231
1683849007717 10.333784179470562 232
1683849007839 10.334237697346554 233
1683849007892 10.335634043239764 234
1683849007943 10.339161522605277 235
1683849007994 10.345761871732186 236
1683849008045 10.356881653089841 237
1683849008096 10.375447774662454 238
1683849008147 10.406174193740544 239
1683849008198 10.4557020316131 240
1683849008249 10.53263663345894 241
1683849008300 10.646958995725667 242
1683849008355 10.808482601034523 243
1683849008410 11.024797481224857 244
1683849008461 11.29988630896557 245
1683849008512 11.633997085872165 246
1683849008555 12.02433987780623 247
1683849008606 12.465870035883857 248
1683849008660 12.951850122433983 249
1683849008707 13.474200737029374 250
