1683847268371 14.408056559072016 1
1683847268427 14.73778813941064 2
1683847268493 15.885711355192958 3
1683847268540 16.34853870565794 4
1683847268593 16.45169715930805 5
1683847268640 15.493824791696873 6
1683847268695 13.693748288705951 7
1683847268746 10.597965569519241 8
1683847268798 8.876796018358185 9
1683847268856 7.746571547378533 10
1683847268910 4.890412917974764 11
1683847268961 3.625755788706355 12
1683847269012 3.51404009312309 13
1683847269063 3.554040264730227 14
1683847269114 3.455348072494352 15
1683847269165 3.175777369854024 16
1683847269214 2.762668167987948 17
1683847269276 2.4454007060919403 18
1683847269319 2.1318391778029833 19
1683847269380 1.7852054962989041 20
1683847269422 1.7616577730892706 21
1683847269486 1.868545278887934 22
1683847269529 1.889914110831269 23
1683847269592 1.8675827649329062 24
1683847269641 1.8282562562047835 25
1683847269713 1.7788371345817442 26
1683847269762 1.7182609280256635 27
1683847269824 1.6469974414149986 28
1683847269862 1.567571975127837 29
1683847269928 1.4822661854749382 30
1683847269972 1.3940174940245245 31
1683847270019 1.306577650976834 32
1683847270076 1.2230103482334331 33
1683847270127 1.1446574722786893 34
1683847270178 1.0710020420561774 35
1683847270229 0.9995670098488079 36
1683847270280 0.9259150929683863 37
1683847270331 0.845417842013843 38
1683847270382 0.7597087586827002 39
1683847270441 0.685449118419325 40
1683847270492 0.6444592700739593 41
1683847270543 0.6355897184725396 42
1683847270595 0.6423519884714111 43
1683847270646 0.6548971841571954 44
1683847270697 0.6707756340816797 45
1683847270747 0.6903261909504392 46
1683847270798 0.714566880706729 47
1683847270849 0.7446105626541214 48
1683847270910 0.7815235740281932 49
1683847270960 0.8262512057229484 50
1683847271011 0.8795326202116543 51
1683847271062 0.941798240200761 52
1683847271113 1.0130986540728635 53
1683847271164 1.093112419787002 54
1683847271214 1.1812451319786232 55
1683847271265 1.2767675999927146 56
1683847271316 1.378924164138668 57
1683847271366 1.4870138057598958 58
1683847271417 1.6003966509757153 59
1683847271467 1.7184608175161946 60
1683847271526 1.8405881958046246 61
1683847271579 1.9661281319505926 62
1683847271630 2.09439951786385 63
1683847271681 2.2247194173193696 64
1683847271730 2.356432726190816 65
1683847271783 2.4889685400357147 66
1683847271834 2.6218432860162837 67
1683847271885 2.7546499763218244 68
1683847271936 2.88702026139005 69
1683847271987 3.0185706074422667 70
1683847272039 3.14884730584451 71
1683847272090 3.277282674237649 72
1683847272141 3.403177277522727 73
1683847272192 3.525648312387636 74
1683847272246 3.6436089017079865 75
1683847272293 3.7557054250317043 76
1683847272343 3.8602244408236484 77
1683847272394 3.954980718333803 78
1683847272445 4.037137949246157 79
1683847272496 4.103000043936934 80
1683847272547 4.1477387812101005 81
1683847272619 4.165074975130366 82
1683847272676 4.147033075650004 83
1683847272727 4.083880799700149 84
1683847272780 3.9647996794477507 85
1683847272830 3.780221238132965 86
1683847272881 3.52674247116731 87
1683847272932 3.213208137384601 88
1683847272983 2.8629464178860853 89
1683847273034 2.507987561224636 90
1683847273084 2.1789124549041685 91
1683847273135 1.896788794291717 92
1683847273186 1.6694987818311409 93
1683847273237 1.492905991188665 94
1683847273288 1.3560626048120332 95
1683847273339 1.2469196230754573 96
1683847273389 1.1554378210168414 97
1683847273440 1.0741812653568903 98
1683847273490 0.9977545063197085 99
1683847273541 0.9221759703321754 100
1683847273728 0.8450492375306732 101
1683847273809 0.7674705375124065 102
1683847273865 0.6968238998586674 103
1683847273916 0.641924037480554 104
1683847273965 0.6050726577115957 105
1683847274016 0.5903211763326993 106
1683847274067 0.5839322359923599 107
1683847274118 0.5753149788469115 108
1683847274162 0.568453188629178 109
1683847274221 0.5643338404112578 110
1683847274272 0.5639247097356334 111
1683847274323 0.5692180820407325 112
1683847274374 0.5835067858180292 113
1683847274427 0.6114165618027168 114
1683847274476 0.6582296473996972 115
1683847274528 0.7293999247269061 116
1683847274579 0.829802262194334 117
1683847274630 0.9629914052537955 118
1683847274673 1.130918558858316 119
1683847274729 1.3340131912474447 120
1683847274785 1.5714342699671293 121
1683847274836 1.841293651015377 122
1683847274885 2.140823471792746 123
1683847274936 2.466506046092606 124
1683847274987 2.8142161455028667 125
1683847275039 3.1793441172319836 126
1683847275092 3.556923702125185 127
1683847275143 3.9417672369815038 128
1683847275194 4.328629482929573 129
1683847275245 4.71245560775408 130
1683847275296 5.088687071136649 131
1683847275347 5.453533571787777 132
1683847275399 5.8041882721784 133
1683847275450 6.138826582751734 134
1683847275540 6.456514620302758 135
1683847275587 6.756946575465889 136
1683847275641 7.040056852005286 137
1683847275688 7.305494675361674 138
1683847275751 7.551724796551801 139
1683847275802 7.774389491351743 140
1683847275855 7.9629743725811375 141
1683847275906 8.094778128383807 142
1683847275955 8.128389147359089 143
1683847276007 8.011864911319137 144
1683847276060 7.7199104784183445 145
1683847276111 7.277286339291417 146
1683847276162 6.727933028149577 147
1683847276213 6.080642231894175 148
1683847276264 5.274790740359935 149
1683847276318 4.420654936257801 150
1683847276366 3.9309653796381974 151
1683847276425 3.709716791176142 152
1683847276478 3.580089313110119 153
1683847276529 3.4857841198062602 154
1683847276588 3.410581877525074 155
1683847276639 3.3503140144494883 156
1683847276682 3.3041237184974532 157
1683847276733 3.271679192144849 158
1683847276784 3.2520443877638296 159
1683847276836 3.242584526631269 160
1683847276896 3.237204890754478 161
1683847276947 3.2238991568388946 162
1683847276990 3.1845238876131945 163
1683847277041 3.1042160692893424 164
1683847277092 2.977402375929563 165
1683847277143 2.78970744677277 166
1683847277194 2.4971707738902222 167
1683847277246 1.773957365400444 168
1683847277297 0.8709778456395901 169
1683847277351 0.6525718927633006 170
1683847277399 0.62748050162435 171
1683847277450 0.6899679532480544 172
1683847277502 0.7412766564221432 173
1683847277552 0.796222240305715 174
1683847277603 0.8664773287946107 175
1683847277654 0.9578636397963091 176
1683847277704 1.0787823705662345 177
1683847277755 1.2373482179559143 178
1683847277807 1.437794870343697 179
1683847277858 1.6816012535516682 180
1683847277914 1.967584678337894 181
1683847277960 2.286304828781581 182
1683847278011 2.6028202621383025 183
1683847278062 2.8652024243997274 184
1683847278113 3.072127337271164 185
1683847278164 3.2548991853281413 186
1683847278214 3.4377902456043756 187
1683847278273 3.6316036438403727 188
1683847278324 3.838769089944927 189
1683847278375 4.058172880331773 190
1683847278427 4.287673966120827 191
1683847278479 4.525129046100678 192
1683847278529 4.768647684363125 193
1683847278580 5.016579481001039 194
1683847278631 5.267417424334897 195
1683847278681 5.5196090047060204 196
1683847278732 5.771314880418387 197
1683847278783 6.020220573640734 198
1683847278835 6.263395467287894 199
1683847278885 6.49727538729749 200
1683847278936 6.717677480347892 201
1683847278990 6.919745641140393 202
1683847279037 7.0977466528170865 203
1683847279090 7.244714752228146 204
1683847279141 7.351945132617885 205
1683847279192 7.408559759787977 206
1683847279243 7.401504310012493 207
1683847279295 7.316858412959309 208
1683847279346 7.143276776322923 209
1683847279397 6.876813932485703 210
1683847279448 6.523441083628433 211
1683847279499 6.095935208913043 212
1683847279549 5.607922779719695 213
1683847279601 5.0712298869197685 214
1683847279636 4.498595436903714 215
1683847279698 3.9104416289578574 216
1683847279751 3.3223082242606634 217
1683847279803 2.663746954157287 218
1683847279854 1.8578048045289965 219
1683847279905 1.185501524314315 220
1683847279955 0.731237081775201 221
1683847280006 0.6258556161794845 222
1683847280057 0.6114630505125377 223
1683847280108 0.5989135271601552 224
1683847280160 0.5921550185204829 225
1683847280211 0.5911920324220253 226
1683847280260 0.5908520807704375 227
1683847280313 0.5900704775479014 228
1683847280364 0.5903309235062043 229
1683847280579 0.5922801797278024 230
1683847280632 0.5962729212023968 231
1683847280691 0.6029917230638954 232
1683847280748 0.613763653912174 233
1683847280802 0.6307462487946687 234
1683847280849 0.6568436688983608 235
1683847280912 0.6953085994908722 236
1683847280955 0.7493240750312877 237
1683847281007 0.8216349403591571 238
1683847281058 0.9144024308033745 239
1683847281117 1.0293867209471976 240
1683847281160 1.1683354349922692 241
1683847281211 1.3333205199444846 242
1683847281263 1.5267499330536864 243
1683847281313 1.750942306557825 244
1683847281364 2.0073955358069298 245
1683847281415 2.2960847271541804 246
1683847281466 2.6151335699071034 247
1683847281517 2.96097572084455 248
1683847281579 3.3288172503609323 249
1683847281632 3.713173043532539 250
