1683848732362 60.757854 1
1683848732429 58.33052 2
1683848732472 52.31788 3
1683848732524 49.52347 4
1683848732586 35.731487 5
1683848732637 28.009987 6
1683848732688 26.79594 7
1683848732740 24.520094 8
1683848732798 20.02557 9
1683848732849 18.131708 10
1683848732903 12.044404 11
1683848732954 11.942092 12
1683848733005 10.860035 13
1683848733056 10.908212 14
1683848733107 11.012785 15
1683848733158 11.05925 16
1683848733219 11.072169 17
1683848733275 11.203281 18
1683848733321 11.442763 19
1683848733382 11.696176 20
1683848733442 12.048355 21
1683848733489 12.36714 22
1683848733544 12.569044 23
1683848733595 12.69484 24
1683848733646 12.779934 25
1683848733697 12.802912 26
1683848733766 12.749891 27
1683848733824 12.636843 28
1683848733871 12.483408 29
1683848733922 12.298967 30
1683848733981 12.090162 31
1683848734032 11.866932 32
1683848734085 11.639427 33
1683848734136 11.415159 34
1683848734196 11.276141 35
1683848734249 11.303596 36
1683848734300 11.33737 37
1683848734360 11.382444 38
1683848734413 11.442589 39
1683848734464 11.520495 40
1683848734515 11.617912 41
1683848734566 11.735865 42
1683848734617 11.874758 43
1683848734668 12.034494 44
1683848734717 12.214508 45
1683848734770 12.41382 46
1683848734821 12.631027 47
1683848734880 12.864347 48
1683848734931 13.111592 49
1683848734985 13.370182 50
1683848735036 13.637133 51
1683848735087 13.909008 52
1683848735138 14.181924 53
1683848735187 14.45154 54
1683848735233 14.713106 55
1683848735280 14.96157 56
1683848735340 15.191725 57
1683848735391 15.398499 58
1683848735441 15.577222 59
1683848735492 15.724055 60
1683848735543 15.8362465 61
1683848735594 15.912458 62
1683848735644 15.953007 63
1683848735696 15.959914 64
1683848735742 15.936918 65
1683848735789 15.889349 66
1683848735849 15.823891 67
1683848735900 15.748173 68
1683848735954 15.670185 69
1683848736003 15.597587 70
1683848736054 15.536957 71
1683848736104 15.493191 72
1683848736155 15.469253 73
1683848736204 15.466379 74
1683848736257 15.484619 75
1683848736316 15.523394 76
1683848736366 15.581814 77
1683848736419 15.658491 78
1683848736478 15.750929 79
1683848736529 15.854791 80
1683848736580 15.963492 81
1683848736623 16.0682 82
1683848736674 16.158228 83
1683848736725 16.221838 84
1683848736784 16.247366 85
1683848736834 16.224644 86
1683848736885 16.146544 87
1683848736936 16.01034 88
1683848736988 15.818341 89
1683848737038 15.577665 90
1683848737091 15.299031 91
1683848737142 14.995011 92
1683848737193 14.67835 93
1683848737244 14.360525 94
1683848737295 14.050949 95
1683848737346 13.7565975 96
1683848737397 13.482076 97
1683848737446 13.229696 98
1683848737499 12.999769 99
1683848737569 12.79081 100
1683848737618 12.599865 101
1683848737681 12.422888 102
1683848737734 12.255147 103
1683848737781 12.091685 104
1683848737935 11.927763 105
1683848738036 11.759236 106
1683848738099 11.582938 107
1683848738135 11.397759 108
1683848738197 11.207451 109
1683848738252 11.024556 110
1683848738303 10.870483 111
1683848738354 10.767277 112
1683848738405 10.727493 113
1683848738456 10.752478 114
1683848738507 10.837675 115
1683848738565 10.977711 116
1683848738609 11.168499 117
1683848738660 11.4074135 118
1683848738719 11.692713 119
1683848738770 12.022932 120
1683848738821 12.396448 121
1683848738872 12.811138 122
1683848738915 13.264217 123
1683848738966 13.752141 124
1683848739017 14.270567 125
1683848739068 14.81436 126
1683848739126 15.377661 127
1683848739170 15.953962 128
1683848739287 16.536196 129
1683848739341 17.116877 130
1683848739388 17.688246 131
1683848739453 18.242373 132
1683848739504 18.771336 133
1683848739555 19.267288 134
1683848739604 19.72262 135
1683848739667 20.130016 136
1683848739718 20.482567 137
1683848739768 20.773823 138
1683848739819 20.997837 139
1683848739870 21.149225 140
1683848739971 21.223087 141
1683848740033 21.214989 142
1683848740082 21.120905 143
1683848740141 20.937548 144
1683848740194 20.66343 145
1683848740245 20.300957 146
1683848740306 19.859625 147
1683848740356 19.358498 148
1683848740415 18.825895 149
1683848740469 18.29494 150
1683848740519 17.796669 151
1683848740578 17.354609 152
1683848740631 16.982908 153
1683848740690 16.687271 154
1683848740741 16.467226 155
1683848740794 16.318504 156
1683848740845 16.234846 157
1683848740895 16.209082 158
1683848740946 16.2336 159
1683848740997 16.300415 160
1683848741047 16.400772 161
1683848741106 16.524576 162
1683848741159 16.659609 163
1683848741210 16.790506 164
1683848741262 16.897835 165
1683848741313 16.95739 166
1683848741364 16.94073 167
1683848741415 16.818123 168
1683848741465 16.565104 169
1683848741516 16.171835 170
1683848741567 15.651012 171
1683848741618 15.039369 172
1683848741669 14.394354 173
1683848741720 13.795834 174
1683848741776 13.339657 175
1683848741823 13.064441 176
1683848741874 12.927988 177
1683848741933 12.8810425 178
1683848741986 12.893719 179
1683848742037 12.95068 180
1683848742088 13.044198 181
1683848742142 13.168775 182
1683848742189 13.315956 183
1683848742248 13.469248 184
1683848742300 13.601463 185
1683848742352 13.67929 186
1683848742403 13.677633 187
1683848742454 13.595219 188
1683848742505 13.457178 189
1683848742556 13.302523 190
1683848742605 13.167387 191
1683848742658 13.074724 192
1683848742709 13.033137 193
1683848742760 13.041021 194
1683848742817 13.091502 195
1683848742862 13.175827 196
1683848742913 13.285195 197
1683848742964 13.411571 198
1683848743016 13.548088 199
1683848743067 13.689366 200
1683848743116 13.831846 201
1683848743169 13.974064 202
1683848743220 14.116858 203
1683848743271 14.263128 204
1683848743504 14.417309 205
1683848743573 14.584458 206
1683848743623 14.7692995 207
1683848743674 14.975473 208
1683848743725 15.205127 209
1683848743776 15.45886 210
1683848743837 15.735921 211
1683848743891 16.034367 212
1683848743940 16.351223 213
1683848743991 16.68246 214
1683848744042 17.022957 215
1683848744092 17.366385 216
1683848744143 17.705158 217
1683848744193 18.030489 218
1683848744244 18.332542 219
1683848744292 18.600866 220
1683848744345 18.825031 221
1683848744397 18.995472 222
1683848744456 19.104637 223
1683848744507 19.148182 224
1683848744558 19.125998 225
1683848744611 19.042824 226
1683848744753 18.908268 227
1683848744827 18.735855 228
1683848744878 18.541584 229
1683848744932 18.342113 230
1683848744979 18.152985 231
1683848745030 17.986853 232
1683848745081 17.851982 233
1683848745132 17.751095 234
1683848745183 17.681265 235
1683848745234 17.634745 236
1683848745286 17.600279 237
1683848745337 17.564392 238
1683848745388 17.512373 239
1683848745439 17.429005 240
1683848745498 17.299248 241
1683848745551 17.109142 242
1683848745600 16.847256 243
1683848745671 16.50669 244
1683848745734 16.087236 245
1683848745787 15.597149 246
1683848745841 15.053397 247
1683848745894 14.479874 248
1683848745945 13.903873 249
1683848745996 13.352349 250
