1683847743984 58.66503 1
1683847744069 41.18721 2
1683847744131 24.174324 3
1683847744181 15.391394 4
1683847744233 13.64093 5
1683847744292 11.776697 6
1683847744344 11.223795 7
1683847744397 11.038472 8
1683847744448 10.65187 9
1683847744499 10.429413 10
1683847744550 10.457998 11
1683847744609 10.600967 12
1683847744662 10.715858 13
1683847744714 10.499379 14
1683847744783 10.382954 15
1683847744853 10.343668 16
1683847744899 10.34243 17
1683847744961 10.314255 18
1683847745015 10.270796 19
1683847745077 10.04208 20
1683847745131 9.752255 21
1683847745186 9.6065 22
1683847745237 9.532114 23
1683847745288 9.480274 24
1683847745344 9.440014 25
1683847745391 9.41211 26
1683847745451 9.394557 27
1683847745497 9.379472 28
1683847745551 9.367813 29
1683847745613 9.360783 30
1683847745651 9.358288 31
1683847745714 9.35922 32
1683847745761 9.362448 33
1683847745822 9.367327 34
1683847745875 9.373829 35
1683847745929 9.382197 36
1683847745978 9.391658 37
1683847746029 9.401272 38
1683847746080 9.410691 39
1683847746131 9.42007 40
1683847746183 9.429732 41
1683847746234 9.439875 42
1683847746285 9.450483 43
1683847746344 9.461388 44
1683847746387 9.4723 45
1683847746439 9.482832 46
1683847746490 9.492497 47
1683847746541 9.500727 48
1683847746592 9.506895 49
1683847746653 9.5103855 50
1683847746712 9.510685 51
1683847746763 9.50752 52
1683847746814 9.500967 53
1683847746865 9.491503 54
1683847746908 9.479912 55
1683847746967 9.467107 56
1683847747019 9.45393 57
1683847747069 9.441032 58
1683847747120 9.42885 59
1683847747171 9.41764 60
1683847747222 9.407534 61
1683847747273 9.39859 62
1683847747324 9.390819 63
1683847747367 9.384198 64
1683847747418 9.378683 65
1683847747478 9.374208 66
1683847747531 9.370699 67
1683847747582 9.368064 68
1683847747633 9.366221 69
1683847747684 9.365083 70
1683847747735 9.364569 71
1683847747786 9.364603 72
1683847747838 9.36512 73
1683847747889 9.366055 74
1683847747941 9.367353 75
1683847747993 9.368963 76
1683847748085 9.37084 77
1683847748136 9.372941 78
1683847748187 9.375217 79
1683847748238 9.377604 80
1683847748289 9.380001 81
1683847748340 9.382282 82
1683847748389 9.384293 83
1683847748440 9.385853 84
1683847748492 9.386754 85
1683847748543 9.3867445 86
1683847748594 9.385536 87
1683847748645 9.3829365 88
1683847748696 9.37829 89
1683847748748 9.373407 90
1683847748799 9.368526 91
1683847748850 9.36505 92
1683847748901 9.363823 93
1683847748944 9.364351 94
1683847748995 9.365908 95
1683847749046 9.367955 96
1683847749102 9.370235 97
1683847749149 9.372622 98
1683847749200 9.375007 99
1683847749251 9.377288 100
1683847749295 9.379387 101
1683847749473 9.381233 102
1683847749558 9.382771 103
1683847749621 9.383956 104
1683847749672 9.384775 105
1683847749723 9.385229 106
1683847749774 9.3853445 107
1683847749825 9.385163 108
1683847749878 9.384734 109
1683847750007 9.384122 110
1683847750070 9.38339 111
1683847750118 9.382604 112
1683847750182 9.38182 113
1683847750230 9.381086 114
1683847750281 9.38044 115
1683847750332 9.379901 116
1683847750384 9.379482 117
1683847750435 9.3791895 118
1683847750486 9.379018 119
1683847750545 9.378966 120
1683847750598 9.379029 121
1683847750650 9.379194 122
1683847750701 9.379439 123
1683847750760 9.379738 124
1683847750814 9.380058 125
1683847750865 9.380372 126
1683847750916 9.380655 127
1683847750967 9.380891 128
1683847751018 9.381071 129
1683847751069 9.381193 130
1683847751120 9.381266 131
1683847751176 9.381297 132
1683847751223 9.381302 133
1683847751274 9.381292 134
1683847751322 9.381284 135
1683847751376 9.381281 136
1683847751427 9.381288 137
1683847751478 9.381302 138
1683847751529 9.381311 139
1683847751580 9.381292 140
1683847751631 9.381203 141
1683847751683 9.380988 142
1683847751734 9.380563 143
1683847751785 9.379783 144
1683847751836 9.37831 145
1683847751887 9.375351 146
1683847751938 9.370148 147
1683847751989 9.365841 148
1683847752038 9.362557 149
1683847752091 9.360027 150
1683847752151 9.358288 151
1683847752202 9.357586 152
1683847752253 9.357922 153
1683847752304 9.359034 154
1683847752357 9.360737 155
1683847752407 9.362929 156
1683847752458 9.365479 157
1683847752511 9.368235 158
1683847752562 9.371069 159
1683847752612 9.373885 160
1683847752663 9.376593 161
1683847752714 9.379116 162
1683847752771 9.381396 163
1683847752817 9.383392 164
1683847752876 9.385074 165
1683847752932 9.386421 166
1683847752995 9.387428 167
1683847753048 9.388102 168
1683847753099 9.388453 169
1683847753150 9.388509 170
1683847753193 9.388298 171
1683847753244 9.387856 172
1683847753297 9.387222 173
1683847753352 9.386436 174
1683847753398 9.385541 175
1683847753449 9.384573 176
1683847753510 9.383574 177
1683847753559 9.382572 178
1683847753612 9.381595 179
1683847753664 9.380661 180
1683847753715 9.379781 181
1683847753764 9.37896 182
1683847753819 9.378204 183
1683847753868 9.377518 184
1683847753919 9.376902 185
1683847753970 9.376362 186
1683847754021 9.375898 187
1683847754072 9.375511 188
1683847754123 9.3752 189
1683847754173 9.374963 190
1683847754224 9.374796 191
1683847754275 9.374699 192
1683847754324 9.374674 193
1683847754380 9.374725 194
1683847754429 9.374818 195
1683847754478 9.374783 196
1683847754531 9.37411 197
1683847754582 9.3722 198
1683847754631 9.368019 199
1683847754682 9.361617 200
1683847754725 9.353379 201
1683847754776 9.343857 202
1683847754951 9.336321 203
1683847755048 9.330505 204
1683847755099 9.326439 205
1683847755150 9.323921 206
1683847755201 9.322664 207
1683847755252 9.322479 208
1683847755303 9.323268 209
1683847755354 9.324982 210
1683847755405 9.327583 211
1683847755457 9.330997 212
1683847755516 9.335127 213
1683847755569 9.339859 214
1683847755620 9.345066 215
1683847755680 9.350616 216
1683847755733 9.356363 217
1683847755784 9.362158 218
1683847755834 9.367849 219
1683847755895 9.373297 220
1683847755946 9.378366 221
1683847755998 9.382938 222
1683847756049 9.386914 223
1683847756100 9.390217 224
1683847756151 9.392803 225
1683847756202 9.394665 226
1683847756253 9.395819 227
1683847756312 9.396317 228
1683847756363 9.3962345 229
1683847756416 9.395659 230
1683847756469 9.394684 231
1683847756519 9.3934 232
1683847756570 9.391893 233
1683847756621 9.390237 234
1683847756672 9.388496 235
1683847756723 9.38673 236
1683847756774 9.384988 237
1683847756825 9.383317 238
1683847756876 9.381757 239
1683847756927 9.380332 240
1683847756976 9.379056 241
1683847757029 9.377933 242
1683847757078 9.376955 243
1683847757129 9.376112 244
1683847757180 9.375394 245
1683847757231 9.374786 246
1683847757282 9.374282 247
1683847757333 9.373866 248
1683847757376 9.373524 249
1683847757427 9.373239 250
