1683847043355 59.13223381792165 1
1683847043417 49.13496009644433 2
1683847043467 38.82232028278162 3
1683847043523 33.2278345629054 4
1683847043574 30.918268824565068 5
1683847043625 27.78914514427376 6
1683847043675 26.82619277423901 7
1683847043726 26.287078777560765 8
1683847043777 24.687923372479467 9
1683847043828 23.617460934228436 10
1683847043879 23.156159826336918 11
1683847043929 22.646787174364153 12
1683847043990 22.148796201170377 13
1683847044041 21.647029908360583 14
1683847044091 21.00937100843356 15
1683847044142 20.15024399922671 16
1683847044195 19.007828857330658 17
1683847044246 17.68172580098473 18
1683847044297 16.479981002035387 19
1683847044346 15.239224182068082 20
1683847044403 12.755857449112241 21
1683847044456 12.009171340496284 22
1683847044519 11.808065959936204 23
1683847044569 11.83583344655802 24
1683847044620 12.009052037039309 25
1683847044671 12.287238169862807 26
1683847044730 12.625480598177123 27
1683847044793 12.988203113231577 28
1683847044846 13.358253862159138 29
1683847044893 13.72167759840359 30
1683847044962 14.065739106287754 31
1683847045026 14.3797922802415 32
1683847045067 14.656035695818236 33
1683847045131 14.882945278196694 34
1683847045178 15.031505131841858 35
1683847045232 15.06952787161882 36
1683847045278 14.99826531818077 37
1683847045332 14.841631420690092 38
1683847045389 14.625972183994381 39
1683847045432 14.369060376847738 40
1683847045479 14.083219373636865 41
1683847045543 13.775711341906003 42
1683847045595 13.44622847041663 43
1683847045647 13.08723381774816 44
1683847045698 12.689715241028422 45
1683847045749 12.254309154004613 46
1683847045800 11.802057708901952 47
1683847045852 11.370544235908705 48
1683847045903 10.993062040402256 49
1683847045954 10.682832934409936 50
1683847046015 10.435209946364532 51
1683847046065 10.237303794052112 52
1683847046124 10.074589038752938 53
1683847046177 9.933333458171443 54
1683847046228 9.801039503789987 55
1683847046279 9.667702925415542 56
1683847046330 9.545316564067425 57
1683847046382 9.521110687956371 58
1683847046433 9.531673978867119 59
1683847046483 9.53313095326812 60
1683847046534 9.5283670569204 61
1683847046585 9.52345527712618 62
1683847046641 9.521147903584176 63
1683847046687 9.521327852663706 64
1683847046746 9.525435528074366 65
1683847046797 9.538847894262226 66
1683847046848 9.571173521566662 67
1683847046900 9.635802857498735 68
1683847046951 9.746994663891234 69
1683847047002 9.914532948146174 70
1683847047052 10.14115876503443 71
1683847047105 10.424787813352575 72
1683847047154 10.761420477973987 73
1683847047207 11.146287012307491 74
1683847047258 11.573864809652058 75
1683847047441 12.037622705079219 76
1683847047513 12.529824252152988 77
1683847047566 13.041555335411639 78
1683847047617 13.56289187236081 79
1683847047672 14.08319880120143 80
1683847047720 14.591487287970786 81
1683847047779 15.076746601691767 82
1683847047832 15.528354117522525 83
1683847047883 15.93662207190162 84
1683847047934 16.293469558016298 85
1683847047985 16.59302730660393 86
1683847048036 16.831803992535292 87
1683847048087 17.008167231262128 88
1683847048138 17.12138562694857 89
1683847048189 17.170638905764978 90
1683847048249 17.15414326258555 91
1683847048302 17.068584827967072 92
1683847048353 16.90869053956632 93
1683847048404 16.667142321525944 94
1683847048455 16.335295783945163 95
1683847048506 15.905711270747801 96
1683847048555 15.377455007078748 97
1683847048606 14.76333646600927 98
1683847048699 14.093962876519036 99
1683847048775 13.411738666027443 100
1683847048825 12.756111028350439 101
1683847048872 12.142131335565862 102
1683847048925 11.505564505221837 103
1683847048972 10.610847947424555 104
1683847049031 9.851087085191157 105
1683847049082 9.696619877694022 106
1683847049135 9.664132827378056 107
1683847049186 9.567026475583218 108
1683847049237 9.552447566717627 109
1683847049291 9.545257678274176 110
1683847049339 9.539656177236964 111
1683847049400 9.533652171242188 112
1683847049451 9.531269431688655 113
1683847049502 9.534447356492105 114
1683847049553 9.54375276208604 115
1683847049604 9.561619010571487 116
1683847049655 9.594169914640467 117
1683847049707 9.651469478850949 118
1683847049758 9.746021402211891 119
1683847049817 9.889160683796916 120
1683847049868 10.087576398650349 121
1683847049920 10.34289132480919 122
1683847049971 10.65356244292933 123
1683847050022 11.016621897316252 124
1683847050073 11.428215055954091 125
1683847050116 11.883425684857256 126
1683847050167 12.376077017503542 127
1683847050218 12.898658690253823 128
1683847050269 13.44237375478443 129
1683847050326 13.997315026385623 130
1683847050372 14.552865997053356 131
1683847050423 15.09817778541159 132
1683847050474 15.622752774071554 133
1683847050525 16.116974543578813 134
1683847050577 16.572527579152407 135
1683847050628 16.982621586125198 136
1683847050678 17.34200285066033 137
1683847050730 17.646922258985988 138
1683847050781 17.895013396188826 139
1683847050832 18.085106926480957 140
1683847050893 18.21708731182187 141
1683847050944 18.291686207099772 142
1683847050995 18.310259252732397 143
1683847051054 18.274429681170957 144
1683847051107 18.185505359752717 145
1683847051166 18.043880015037452 146
1683847051209 17.848388781852144 147
1683847051269 17.59602166911895 148
1683847051320 17.282428870625413 149
1683847051372 16.90335042585349 150
1683847051429 16.4571125728729 151
1683847051486 15.947583516043146 152
1683847051536 15.387078241397486 153
1683847051587 14.797764136412642 154
1683847051639 14.212328590106457 155
1683847051689 13.694643467957249 156
1683847051738 13.36749901421397 157
1683847051791 13.197993419061794 158
1683847051843 13.087338298312563 159
1683847051893 12.974067002439647 160
1683847051947 12.80320443907671 161
1683847051995 12.491402139900915 162
1683847052046 11.91222562730161 163
1683847052097 10.996071461553393 164
1683847052147 10.027737653478717 165
1683847052198 9.730206081414 166
1683847052249 9.701787012764342 167
1683847052300 9.675595272143507 168
1683847052351 9.638949520545113 169
1683847052402 9.617999494605627 170
1683847052453 9.61389035885183 171
1683847052504 9.618731868422485 172
1683847052555 9.629592535377814 173
1683847052606 9.650224048294332 174
1683847052657 9.68962105024712 175
1683847052708 9.75823579540135 176
1683847052914 9.866191415543868 177
1683847052974 10.021266400006343 178
1683847053035 10.22713155870814 179
1683847053082 10.483805332800832 180
1683847053148 10.78906777346354 181
1683847053196 11.139272370597487 182
1683847053249 11.529610200444106 183
1683847053300 11.954311568908633 184
1683847053351 12.406996615273478 185
1683847053413 12.881208176192537 186
1683847053464 13.370929235822516 187
1683847053516 13.87076454291628 188
1683847053566 14.375743161528906 189
1683847053617 14.88098081283923 190
1683847053668 15.381420489090857 191
1683847053730 15.871755590645426 192
1683847053779 16.346539056206815 193
1683847053830 16.80056240497215 194
1683847053881 17.22937783713943 195
1683847053932 17.629766836253292 196
1683847053983 17.999998623398984 197
1683847054026 18.339662731225978 198
1683847054082 18.649339527523132 199
1683847054159 18.930181881924444 200
1683847054220 19.18349006271607 201
1683847054271 19.410398620703138 202
1683847054321 19.61162348314325 203
1683847054372 19.78729859630183 204
1683847054424 19.93681435854314 205
1683847054475 20.058573458330457 206
1683847054526 20.149636837848618 207
1683847054580 20.205065485293193 208
1683847054628 20.216615926132597 209
1683847054679 20.17027488179808 210
1683847054730 20.041980482022492 211
1683847054781 19.790996423952617 212
1683847054840 19.35451535641929 213
1683847054894 18.658608285674298 214
1683847054945 17.68064353044175 215
1683847054996 16.565231820107414 216
1683847055047 15.563603851879556 217
1683847055098 14.789834788732218 218
1683847055149 14.2427916428041 219
1683847055208 13.874648848536602 220
1683847055261 13.623911949101942 221
1683847055312 13.443154829969659 222
1683847055363 13.302309116001869 223
1683847055414 13.180152451347057 224
1683847055465 13.054451694121042 225
1683847055516 12.890404355041374 226
1683847055567 12.624465588725538 227
1683847055618 12.172661319865773 228
1683847055669 11.681413852699796 229
1683847055720 11.419323062296396 230
1683847055771 11.157850071902542 231
1683847055831 10.780965400069869 232
1683847055882 10.399843345739344 233
1683847055933 10.092295843988168 234
1683847055984 9.941745020175329 235
1683847056027 9.796223604202565 236
1683847056086 9.696991006931107 237
1683847056139 9.654551179006829 238
1683847056191 9.658348720214153 239
1683847056242 9.6556162909477 240
1683847056293 9.65085709286888 241
1683847056343 9.655649552631436 242
1683847056395 9.675848432335883 243
1683847056446 9.715598038666698 244
1683847056497 9.779472187408714 245
1683847056548 9.873128644278415 246
1683847056599 10.003245593680786 247
1683847056648 10.17559666623803 248
1683847056699 10.393986369293733 249
1683847056745 10.660068122460858 250
