1683761080992 1.4195334 1
1683761081081 1.432286 2
1683761081148 1.5344715 3
1683761081214 1.672276 4
1683761081281 1.8130488 5
1683761081346 1.9410181 6
1683761081412 2.0511131 7
1683761081477 2.1442995 8
1683761081543 2.2240238 9
1683761081609 2.2940981 10
1683761081674 2.3577151 11
1683761081743 2.4171503 12
1683761081809 2.4738011 13
1683761081876 2.528362 14
1683761081945 2.5810227 15
1683761082012 2.6316473 16
1683761082077 2.679916 17
1683761082143 2.7254303 18
1683761082212 2.7677891 19
1683761082279 2.806635 20
1683761082347 2.8416831 21
1683761082413 2.8727388 22
1683761082479 2.8997006 23
1683761082544 2.9225574 24
1683761082610 2.941383 25
1683761082678 2.9563258 26
1683761082746 2.9675946 27
1683761082811 2.975447 28
1683761082877 2.9801755 29
1683761082943 2.982097 30
1683761083011 2.9815419 31
1683761083078 2.978846 32
1683761083144 2.9743438 33
1683761083213 2.96836 34
1683761083282 2.9612021 35
1683761083348 2.953156 36
1683761083414 2.9444776 37
1683761083479 2.9353929 38
1683761083545 2.9260945 39
1683761083611 2.9167433 40
1683761083676 2.9074697 41
1683761083742 2.898376 42
1683761083807 2.8895404 43
1683761083871 2.8810189 44
1683761083936 2.8728485 45
1683761084002 2.8650506 46
1683761084066 2.8576345 47
1683761084130 2.8505979 48
1683761084195 2.8439307 49
1683761084259 2.8376176 50
1683761084324 2.8316383 51
1683761084388 2.8259697 52
1683761084453 2.8212664 53
1683761084520 2.8169284 54
1683761084584 2.8128126 55
1683761084649 2.8088572 56
1683761084712 2.805036 57
1683761084777 2.8013349 58
1683761084841 2.7977448 59
1683761084905 2.7942586 60
1683761084971 2.7908683 61
1683761085035 2.7875662 62
1683761085099 2.7843456 63
1683761085163 2.7811997 64
1683761085229 2.778124 65
1683761085294 2.7751155 66
1683761085359 2.772172 67
1683761085423 2.7692933 68
1683761085489 2.7664795 69
1683761085555 2.7637331 70
1683761085621 2.761056 71
1683761085685 2.7584507 72
1683761085752 2.75592 73
1683761085818 2.7534664 74
1683761085883 2.7510931 75
1683761085957 2.748802 76
1683761086030 2.7465956 77
1683761086097 2.7444758 78
1683761086164 2.7424438 79
1683761086229 2.7405007 80
1683761086294 2.738647 81
1683761086358 2.7368834 82
1683761086423 2.73521 83
1683761086488 2.7336257 84
1683761086553 2.73213 85
1683761086618 2.730723 86
1683761086684 2.7294023 87
1683761086751 2.7281673 88
1683761086816 2.7270155 89
1683761086881 2.7259457 90
1683761086948 2.7249558 91
1683761087014 2.7240438 92
1683761087078 2.7232072 93
1683761087143 2.722444 94
1683761087213 2.7217517 95
1683761087279 2.721128 96
1683761087344 2.7205706 97
1683761087407 2.720077 98
1683761087473 2.7196445 99
1683761087538 2.719271 100
1683761087601 2.7189543 101
1683761087665 2.7186918 102
1683761087731 2.7184815 103
1683761087796 2.718321 104
1683761087860 2.7182083 105
1683761087925 2.718141 106
1683761087988 2.7181177 107
1683761088053 2.7181363 108
1683761088116 2.7181945 109
1683761088183 2.7182908 110
1683761088248 2.7184238 111
1683761088314 2.718591 112
1683761088383 2.7187915 113
1683761088449 2.7190237 114
1683761088515 2.7192864 115
1683761088580 2.7195776 116
1683761088645 2.7198963 117
1683761088709 2.7202415 118
1683761088775 2.7206113 119
1683761088839 2.7210054 120
1683761088906 2.7214222 121
1683761088973 2.7218606 122
1683761089038 2.7223196 123
1683761089104 2.7227988 124
1683761089169 2.7232964 125
1683761089234 2.723812 126
1683761089304 2.7243452 127
1683761089368 2.7248943 128
1683761089433 2.7254593 129
1683761089498 2.726039 130
1683761089562 2.7266324 131
1683761089626 2.7272396 132
1683761089690 2.7278597 133
1683761089755 2.7284918 134
1683761089822 2.7291355 135
1683761089889 2.7297904 136
1683761089954 2.7304559 137
1683761090019 2.731131 138
1683761090084 2.7318158 139
1683761090149 2.7325094 140
1683761090214 2.7332115 141
1683761090279 2.733922 142
1683761090345 2.7346401 143
1683761090409 2.7353654 144
1683761090475 2.7360976 145
1683761090539 2.7368362 146
1683761090605 2.7375813 147
1683761090669 2.738332 148
1683761090733 2.7390883 149
1683761090798 2.7398496 150
1683761090863 2.740616 151
1683761090928 2.7413874 152
1683761090992 2.7421627 153
1683761091059 2.7429419 154
1683761091124 2.7437255 155
1683761091189 2.7445126 156
1683761091254 2.745303 157
1683761091320 2.7460966 158
1683761091385 2.7468932 159
1683761091451 2.7476926 160
1683761091517 2.7484946 161
1683761091581 2.7492993 162
1683761091646 2.750106 163
1683761091709 2.750915 164
1683761091776 2.751726 165
1683761091841 2.7525387 166
1683761091906 2.753353 167
1683761091971 2.754169 168
1683761092036 2.7549868 169
1683761092100 2.7558053 170
1683761092165 2.7566252 171
1683761092233 2.7574463 172
1683761092301 2.758268 173
1683761092365 2.7590911 174
1683761092432 2.7599149 175
1683761092496 2.7607388 176
1683761092560 2.7615638 177
1683761092797 2.7623892 178
1683761092960 2.763215 179
1683761093050 2.7640412 180
1683761093116 2.7648673 181
1683761093180 2.765694 182
1683761093244 2.7665205 183
1683761093308 2.767347 184
1683761093373 2.7681737 185
1683761093437 2.769 186
1683761093505 2.7698262 187
1683761093573 2.7706523 188
1683761093639 2.771478 189
1683761093703 2.7723033 190
1683761093768 2.773128 191
1683761093833 2.7739525 192
1683761093898 2.7747765 193
1683761093964 2.7755992 194
1683761094188 2.7764215 195
1683761094270 2.7772431 196
1683761094335 2.7780638 197
1683761094400 2.7788835 198
1683761094465 2.7797027 199
1683761094531 2.7805202 200
1683761094597 2.781337 201
1683761094663 2.7821527 202
1683761094729 2.7829666 203
1683761094793 2.7837796 204
1683761094859 2.7845912 205
1683761094927 2.7854013 206
1683761094996 2.7862103 207
1683761095071 2.7870173 208
1683761095149 2.7878227 209
1683761095214 2.7886267 210
1683761095280 2.7894287 211
1683761095345 2.7902284 212
1683761095411 2.7910264 213
1683761095476 2.791823 214
1683761095539 2.7926166 215
1683761095604 2.7934086 216
1683761095673 2.794198 217
1683761095740 2.7949853 218
1683761095805 2.7957702 219
1683761095869 2.7965527 220
1683761095936 2.7973323 221
1683761096001 2.7981098 222
1683761096067 2.7988844 223
1683761096131 2.799656 224
1683761096195 2.8004246 225
1683761096260 2.8011904 226
1683761096325 2.8019533 227
1683761096391 2.802713 228
1683761096457 2.8034697 229
1683761096521 2.804223 230
1683761096586 2.8049726 231
1683761096651 2.8057191 232
1683761096718 2.8064623 233
1683761096783 2.8072014 234
1683761096848 2.8079374 235
1683761096912 2.8086696 236
1683761096978 2.8093972 237
1683761097043 2.8101215 238
1683761097109 2.810842 239
1683761097174 2.8115582 240
1683761097242 2.8122706 241
1683761097310 2.8129787 242
1683761097375 2.8136826 243
1683761097439 2.814382 244
1683761097503 2.815077 245
1683761097569 2.815768 246
1683761097633 2.8164542 247
1683761097698 2.8171358 248
1683761097764 2.817813 249
1683761097828 2.8184853 250
