1683764791397 1.1860108 1
1683764791466 1.1082221 2
1683764791533 1.1441618 3
1683764791601 1.2266223 4
1683764791667 1.3092744 5
1683764791733 1.3720975 6
1683764791799 1.4107904 7
1683764791868 1.427849 8
1683764791935 1.4272656 9
1683764792003 1.4125125 10
1683764792070 1.38624 11
1683764792136 1.3504894 12
1683764792203 1.3069391 13
1683764792269 1.2571095 14
1683764792336 1.2025383 15
1683764792403 1.1448756 16
1683764792470 1.0858268 17
1683764792535 1.0269645 18
1683764792600 0.9695592 19
1683764792667 0.91454005 20
1683764792735 0.86255395 21
1683764792802 0.814023 22
1683764792867 0.7691735 23
1683764792933 0.72806036 24
1683764793000 0.6906028 25
1683764793067 0.65662885 26
1683764793133 0.6259166 27
1683764793201 0.59822416 28
1683764793268 0.5733091 29
1683764793333 0.5509367 30
1683764793399 0.53088295 31
1683764793464 0.512935 32
1683764793529 0.4968904 33
1683764793593 0.48255765 34
1683764793658 0.46975613 35
1683764793723 0.45831722 36
1683764793789 0.44808507 37
1683764793853 0.4389183 38
1683764793916 0.43068707 39
1683764793980 0.4232754 40
1683764794043 0.4165801 41
1683764794106 0.41051018 42
1683764794169 0.40498543 43
1683764794233 0.39993596 44
1683764794298 0.39530048 45
1683764794361 0.39102578 46
1683764794425 0.38706556 47
1683764794490 0.38337958 48
1683764794554 0.3799329 49
1683764794618 0.37669536 50
1683764794684 0.37364084 51
1683764794750 0.3707466 52
1683764794814 0.3679933 53
1683764794879 0.3653641 54
1683764794944 0.3628447 55
1683764795009 0.36042276 56
1683764795073 0.35808778 57
1683764795139 0.3558308 58
1683764795205 0.3536443 59
1683764795271 0.35152185 60
1683764795348 0.34945798 61
1683764795420 0.3474589 62
1683764795486 0.34552282 63
1683764795553 0.34364554 64
1683764795618 0.34182298 65
1683764795683 0.34005135 66
1683764795749 0.3383278 67
1683764795813 0.3366498 68
1683764795879 0.33501536 69
1683764795942 0.33342248 70
1683764796005 0.33186966 71
1683764796070 0.33035523 72
1683764796135 0.32887775 73
1683764796200 0.32743576 74
1683764796264 0.326028 75
1683764796329 0.3246531 76
1683764796392 0.32330984 77
1683764796457 0.3219971 78
1683764796522 0.32071382 79
1683764796586 0.3194588 80
1683764796652 0.31823123 81
1683764796716 0.31703007 82
1683764796782 0.31585437 83
1683764796847 0.3147033 84
1683764796912 0.31357598 85
1683764796976 0.31247163 86
1683764797043 0.31138936 87
1683764797108 0.31032845 88
1683764797173 0.3092882 89
1683764797241 0.3082679 90
1683764797310 0.30726677 91
1683764797375 0.3062842 92
1683764797438 0.30531955 93
1683764797503 0.30437222 94
1683764797568 0.3034416 95
1683764797633 0.3025272 96
1683764797700 0.30162838 97
1683764797766 0.30074474 98
1683764797834 0.29987574 99
1683764797898 0.29902095 100
1683764797964 0.29817992 101
1683764798031 0.29735225 102
1683764798094 0.29653758 103
1683764798163 0.29573548 104
1683764798231 0.29494563 105
1683764798295 0.29416764 106
1683764798359 0.2934013 107
1683764798423 0.29264623 108
1683764798489 0.29190218 109
1683764798555 0.29116884 110
1683764798627 0.29044595 111
1683764798694 0.2897333 112
1683764798761 0.2890306 113
1683764798827 0.2883377 114
1683764798892 0.28765434 115
1683764798955 0.28698033 116
1683764799018 0.2863154 117
1683764799083 0.28565943 118
1683764799148 0.28501225 119
1683764799214 0.28437364 120
1683764799279 0.28374338 121
1683764799345 0.28312144 122
1683764799409 0.28250754 123
1683764799474 0.28190163 124
1683764799539 0.28130347 125
1683764799603 0.28071296 126
1683764799667 0.28012997 127
1683764799731 0.27955437 128
1683764799796 0.27898598 129
1683764799901 0.27842474 130
1683764799966 0.2778705 131
1683764800033 0.27732316 132
1683764800106 0.27678257 133
1683764800171 0.27624863 134
1683764800236 0.27572125 135
1683764800303 0.27520034 136
1683764800369 0.27468574 137
1683764800433 0.27417743 138
1683764800498 0.2736752 139
1683764800563 0.2731791 140
1683764800628 0.27268893 141
1683764800693 0.27220467 142
1683764800759 0.2717262 143
1683764800825 0.2712534 144
1683764800891 0.2707863 145
1683764800956 0.2703247 146
1683764801020 0.2698686 147
1683764801084 0.2694179 148
1683764801148 0.26897255 149
1683764801214 0.26853245 150
1683764801279 0.26809752 151
1683764801343 0.26766774 152
1683764801410 0.267243 153
1683764801483 0.2668233 154
1683764801554 0.2664085 155
1683764801619 0.2659986 156
1683764801683 0.2655935 157
1683764801750 0.26519316 158
1683764801815 0.26479754 159
1683764801879 0.26440656 160
1683764801945 0.2640202 161
1683764802009 0.26363838 162
1683764802185 0.26326102 163
1683764802259 0.26288813 164
1683764802333 0.26251966 165
1683764802399 0.26215553 166
1683764802470 0.2617957 167
1683764802535 0.26144013 168
1683764802599 0.2610888 169
1683764802663 0.26074162 170
1683764802729 0.26039857 171
1683764802794 0.26005962 172
1683764802858 0.25972468 173
1683764802924 0.25939378 174
1683764802989 0.25906685 175
1683764803054 0.25874382 176
1683764803120 0.2584247 177
1683764803187 0.25810942 178
1683764803254 0.25779796 179
1683764803318 0.25749028 180
1683764803384 0.25718635 181
1683764803460 0.2568861 182
1683764803530 0.25658953 183
1683764803594 0.25629658 184
1683764803659 0.25600722 185
1683764803725 0.25572145 186
1683764803790 0.25543922 187
1683764803855 0.25516045 188
1683764803919 0.2548852 189
1683764803987 0.25461334 190
1683764804052 0.25434485 191
1683764804115 0.2540798 192
1683764804179 0.25381804 193
1683764804244 0.2535596 194
1683764804308 0.2533044 195
1683764804372 0.25305244 196
1683764804437 0.25280368 197
1683764804502 0.2525581 198
1683764804569 0.25231567 199
1683764804634 0.25207633 200
1683764804697 0.25184008 201
1683764804762 0.25160685 202
1683764804833 0.2513767 203
1683764804898 0.25114945 204
1683764804965 0.25092512 205
1683764805028 0.25070375 206
1683764805091 0.2504853 207
1683764805155 0.25026965 208
1683764805221 0.25005686 209
1683764805285 0.24984683 210
1683764805348 0.24963956 211
1683764805413 0.24943501 212
1683764805478 0.2492331 213
1683764805542 0.2490339 214
1683764805606 0.24883729 215
1683764805670 0.24864325 216
1683764805738 0.2484518 217
1683764805804 0.24826285 218
1683764805868 0.24807638 219
1683764805933 0.24789236 220
1683764805999 0.24771075 221
1683764806065 0.24753153 222
1683764806131 0.24735466 223
1683764806195 0.24718007 224
1683764806263 0.24700779 225
1683764806329 0.24683774 226
1683764806393 0.24666987 227
1683764806458 0.24650422 228
1683764806525 0.24634066 229
1683764806589 0.24617922 230
1683764806654 0.24601983 231
1683764806719 0.24586245 232
1683764806786 0.24570708 233
1683764806849 0.24555364 234
1683764806912 0.24540216 235
1683764806975 0.24525253 236
1683764807041 0.24510476 237
1683764807105 0.24495879 238
1683764807169 0.24481459 239
1683764807235 0.24467213 240
1683764807299 0.24453136 241
1683764807364 0.24439226 242
1683764807429 0.24425483 243
1683764807498 0.24411894 244
1683764807563 0.24398465 245
1683764807626 0.24385186 246
1683764807689 0.24372056 247
1683764807753 0.24359074 248
1683764807820 0.24346232 249
1683764807883 0.2433353 250
