1683761080957 1.4226644 1
1683761081061 1.4356453 2
1683761081128 1.5381919 3
1683761081194 1.676512 4
1683761081261 1.8180226 5
1683761081326 1.9470422 6
1683761081391 2.058564 7
1683761081456 2.1535683 8
1683761081523 2.2354827 9
1683761081589 2.3080869 10
1683761081653 2.3745496 11
1683761081721 2.437134 12
1683761081789 2.4972363 13
1683761081856 2.555557 14
1683761081924 2.6122942 15
1683761081990 2.6673174 16
1683761082057 2.7203088 17
1683761082122 2.7708669 18
1683761082190 2.8185844 19
1683761082259 2.8630953 20
1683761082326 2.904107 21
1683761082394 2.941418 22
1683761082458 2.9749198 23
1683761082524 3.0045958 24
1683761082590 3.03051 25
1683761082655 3.0527925 26
1683761082726 3.0716257 27
1683761082791 3.087227 28
1683761082856 3.0998392 29
1683761082923 3.1097217 30
1683761082991 3.117145 31
1683761083057 3.1223855 32
1683761083124 3.1257193 33
1683761083191 3.1274152 34
1683761083260 3.127728 35
1683761083328 3.1268952 36
1683761083394 3.1251307 37
1683761083459 3.1226249 38
1683761083525 3.119542 39
1683761083591 3.1160223 40
1683761083657 3.1121826 41
1683761083721 3.108119 42
1683761083787 3.1039076 43
1683761083852 3.0996084 44
1683761083915 3.0952652 45
1683761083982 3.090911 46
1683761084047 3.086567 47
1683761084110 3.0822463 48
1683761084175 3.077956 49
1683761084239 3.0736976 50
1683761084305 3.0694687 51
1683761084368 3.065266 52
1683761084433 3.0610824 53
1683761084498 3.0569117 54
1683761084565 3.0527482 55
1683761084629 3.048586 56
1683761084693 3.0444207 57
1683761084757 3.040249 58
1683761084822 3.0360699 59
1683761084886 3.0318818 60
1683761084951 3.0276864 61
1683761085016 3.023486 62
1683761085080 3.0192833 63
1683761085144 3.015083 64
1683761085209 3.0108905 65
1683761085275 3.0067115 66
1683761085339 3.0025518 67
1683761085403 2.9984188 68
1683761085468 2.994319 69
1683761085535 2.9902592 70
1683761085600 2.986247 71
1683761085666 2.9822881 72
1683761085731 2.9783897 73
1683761085798 2.9745576 74
1683761085863 2.9707973 75
1683761085935 2.9671142 76
1683761086009 2.963513 77
1683761086076 2.9599977 78
1683761086144 2.956572 79
1683761086209 2.9532397 80
1683761086274 2.9500031 81
1683761086339 2.946864 82
1683761086403 2.9438243 83
1683761086467 2.9408855 84
1683761086532 2.9380476 85
1683761086598 2.9353118 86
1683761086664 2.932678 87
1683761086729 2.9301455 88
1683761086796 2.9277134 89
1683761086861 2.9253814 90
1683761086928 2.9231477 91
1683761086993 2.9210114 92
1683761087059 2.9189703 93
1683761087123 2.917023 94
1683761087192 2.9151676 95
1683761087260 2.913402 96
1683761087323 2.9117236 97
1683761087388 2.9101312 98
1683761087453 2.9086213 99
1683761087518 2.9071927 100
1683761087581 2.9058423 101
1683761087645 2.9045682 102
1683761087711 2.9033675 103
1683761087777 2.9022388 104
1683761087841 2.901179 105
1683761087905 2.900186 106
1683761087968 2.899258 107
1683761088033 2.898392 108
1683761088097 2.8975863 109
1683761088163 2.896839 110
1683761088229 2.8961477 111
1683761088294 2.8955102 112
1683761088361 2.8949254 113
1683761088430 2.8943906 114
1683761088495 2.8939037 115
1683761088560 2.893464 116
1683761088625 2.893069 117
1683761088689 2.8927171 118
1683761088754 2.8924067 119
1683761088819 2.8921366 120
1683761088885 2.8919048 121
1683761088953 2.89171 122
1683761089018 2.8915505 123
1683761089084 2.8914256 124
1683761089149 2.8913333 125
1683761089213 2.8912728 126
1683761089281 2.8912425 127
1683761089349 2.8912418 128
1683761089414 2.8912687 129
1683761089478 2.8913229 130
1683761089542 2.8914027 131
1683761089606 2.8915071 132
1683761089670 2.891636 133
1683761089734 2.891787 134
1683761089801 2.8919601 135
1683761089866 2.8921547 136
1683761089934 2.8923693 137
1683761089999 2.8926034 138
1683761090064 2.892856 139
1683761090128 2.8931265 140
1683761090194 2.893414 141
1683761090259 2.8937178 142
1683761090325 2.8940375 143
1683761090389 2.8943722 144
1683761090456 2.8947213 145
1683761090519 2.8950841 146
1683761090584 2.8954606 147
1683761090649 2.8958495 148
1683761090713 2.8962502 149
1683761090778 2.896663 150
1683761090843 2.8970866 151
1683761090908 2.8975213 152
1683761090972 2.897966 153
1683761091038 2.8984203 154
1683761091103 2.8988838 155
1683761091169 2.8993566 156
1683761091233 2.8998377 157
1683761091300 2.9003272 158
1683761091365 2.9008245 159
1683761091431 2.901329 160
1683761091496 2.901841 161
1683761091561 2.9023597 162
1683761091626 2.9028854 163
1683761091690 2.9034166 164
1683761091754 2.903954 165
1683761091821 2.9044971 166
1683761091886 2.905046 167
1683761091950 2.9056 168
1683761092017 2.906159 169
1683761092081 2.906723 170
1683761092145 2.907291 171
1683761092213 2.9078636 172
1683761092281 2.9084406 173
1683761092345 2.9090214 174
1683761092412 2.909606 175
1683761092477 2.910194 176
1683761092540 2.9107854 177
1683761092745 2.9113803 178
1683761092916 2.9119782 179
1683761093029 2.9125793 180
1683761093095 2.9131832 181
1683761093159 2.9137897 182
1683761093224 2.9143991 183
1683761093289 2.9150107 184
1683761093353 2.9156241 185
1683761093417 2.9162405 186
1683761093485 2.9168584 187
1683761093552 2.9174786 188
1683761093619 2.9181004 189
1683761093683 2.9187243 190
1683761093748 2.9193494 191
1683761093813 2.9199765 192
1683761093879 2.9206047 193
1683761093944 2.9212341 194
1683761094143 2.9218647 195
1683761094251 2.9224968 196
1683761094315 2.9231296 197
1683761094380 2.9237635 198
1683761094446 2.9243982 199
1683761094511 2.9250338 200
1683761094577 2.9256701 201
1683761094643 2.9263067 202
1683761094708 2.926944 203
1683761094773 2.9275815 204
1683761094839 2.9282198 205
1683761094907 2.9288578 206
1683761094972 2.9294963 207
1683761095049 2.9301345 208
1683761095126 2.930773 209
1683761095194 2.9314115 210
1683761095260 2.9320498 211
1683761095325 2.9326875 212
1683761095391 2.9333253 213
1683761095456 2.933962 214
1683761095520 2.934599 215
1683761095584 2.9352345 216
1683761095652 2.93587 217
1683761095719 2.9365044 218
1683761095785 2.937138 219
1683761095849 2.9377704 220
1683761095916 2.9384022 221
1683761095981 2.9390328 222
1683761096047 2.939662 223
1683761096110 2.94029 224
1683761096175 2.9409165 225
1683761096240 2.9415417 226
1683761096306 2.9421651 227
1683761096370 2.9427867 228
1683761096437 2.943407 229
1683761096501 2.9440255 230
1683761096566 2.944642 231
1683761096631 2.9452567 232
1683761096698 2.945869 233
1683761096763 2.946479 234
1683761096828 2.947087 235
1683761096892 2.9476926 236
1683761096959 2.9482958 237
1683761097023 2.948897 238
1683761097088 2.9494953 239
1683761097154 2.950091 240
1683761097222 2.9506836 241
1683761097289 2.951274 242
1683761097354 2.9518611 243
1683761097420 2.9524453 244
1683761097484 2.9530263 245
1683761097548 2.9536045 246
1683761097613 2.9541795 247
1683761097678 2.9547513 248
1683761097743 2.9553196 249
1683761097809 2.955885 250
