1683762789916 1.1669173072219161 1
1683762790003 1.112163707591006 2
1683762790071 1.1527058039205749 3
1683762790137 1.2318611321483677 4
1683762790204 1.3123012023788734 5
1683762790268 1.3769879687398265 6
1683762790333 1.4211795984084037 7
1683762790398 1.4460977839109446 8
1683762790463 1.45478971747223 9
1683762790529 1.4502221186710056 10
1683762790594 1.434736965111527 11
1683762790659 1.410092149105576 12
1683762790725 1.3777441035004352 13
1683762790791 1.3392853703977021 14
1683762790855 1.296844158471095 15
1683762790922 1.253012500284047 16
1683762790988 1.2103692324878639 17
1683762791058 1.1704272690258408 18
1683762791134 1.1335150259145403 19
1683762791201 1.0993637903990625 20
1683762791270 1.0674885796134324 21
1683762791339 1.037403256555859 22
1683762791405 1.008707326184053 23
1683762791470 0.9811040050080697 24
1683762791537 0.9543900368218459 25
1683762791603 0.9284369035813644 26
1683762791670 0.9031710171685499 27
1683762791737 0.8785579817574336 28
1683762791803 0.8545891265571544 29
1683762791868 0.8312719911001583 30
1683762791933 0.8086383532559667 31
1683762791999 0.7867227090849824 32
1683762792064 0.765543157913297 33
1683762792129 0.7451109518910954 34
1683762792194 0.7254320901595137 35
1683762792259 0.7065071987762488 36
1683762792325 0.6883313328974854 37
1683762792389 0.670893805005206 38
1683762792454 0.6541783534765593 39
1683762792521 0.6381635832269017 40
1683762792588 0.6228234304119868 41
1683762792654 0.6081279179322443 42
1683762792721 0.5940393427397961 43
1683762792787 0.5805272916803923 44
1683762792850 0.5675557484436591 45
1683762792914 0.5550872175612964 46
1683762792978 0.5430832727560377 47
1683762793042 0.5315058297411057 48
1683762793106 0.5203171796881607 49
1683762793171 0.5094806898974491 50
1683762793235 0.49896088643463843 51
1683762793300 0.488723704662148 52
1683762793364 0.47873671454543376 53
1683762793428 0.4689690647721012 54
1683762793490 0.4593915109599236 55
1683762793555 0.44997664480270383 56
1683762793618 0.44069858244678306 57
1683762793681 0.4315331438070211 58
1683762793746 0.4224577402200467 59
1683762793810 0.4134511109714396 60
1683762793874 0.4044936802126944 61
1683762793938 0.3955670914339917 62
1683762794002 0.3866541949704583 63
1683762794066 0.3777391912366419 64
1683762794129 0.3688072899142154 65
1683762794193 0.35984480863953805 66
1683762794258 0.3508388904196795 67
1683762794322 0.3417777381735767 68
1683762794385 0.33265048296159394 69
1683762794453 0.32344680998197295 70
1683762794530 0.314157238070516 71
1683762794600 0.3047730831632762 72
1683762794665 0.2952861007768739 73
1683762794730 0.28568881914082644 74
1683762794796 0.27597445876072024 75
1683762794860 0.2661364496315839 76
1683762794929 0.25616880092568484 77
1683762794993 0.24606633058690575 78
1683762795060 0.23582381428948818 79
1683762795124 0.22543691359203222 80
1683762795186 0.2149013900419614 81
1683762795250 0.2042134387886454 82
1683762795317 0.19336957712823177 83
1683762795381 0.1823669159704464 84
1683762795445 0.17120246555533858 85
1683762795510 0.159873905911462 86
1683762795573 0.14837896538078033 87
1683762795638 0.13671577508286958 88
1683762795703 0.12488270899700726 89
1683762795769 0.11287835432981774 90
1683762795833 0.10070151704294483 91
1683762795900 0.0883510160676888 92
1683762795966 0.07582633778747461 93
1683762796032 0.06312686680608959 94
1683762796096 0.05025196427767176 95
1683762796161 0.03720167491808857 96
1683762796229 0.023975671004652366 97
1683762796297 0.010574028910946165 98
1683762796363 -0.0030029987139932324 99
1683762796429 -0.016755069181000337 100
1683762796493 -0.030681756207493027 101
1683762796558 -0.04478257672329988 102
1683762796624 -0.05905687248612024 103
1683762796689 -0.07350389884669539 104
1683762796752 -0.08812280448967114 105
1683762796818 -0.10291279360773542 106
1683762796883 -0.11787280348431306 107
1683762796947 -0.13300177450009176 108
1683762797013 -0.14829877583966633 109
1683762797077 -0.163762336567574 110
1683762797141 -0.1793916468629848 111
1683762797206 -0.1951853094826821 112
1683762797275 -0.2111417638056543 113
1683762797339 -0.2272602190476256 114
1683762797421 -0.2435390333752423 115
1683762797485 -0.2599769457389143 116
1683762797550 -0.276572391582794 117
1683762797618 -0.2933242213322407 118
1683762797683 -0.3102307359892298 119
1683762797747 -0.32729067869958417 120
1683762797813 -0.34450260740577 121
1683762797878 -0.36186519375352777 122
1683762797942 -0.37937662855938914 123
1683762798008 -0.3970359706648092 124
1683762798074 -0.41484119069315106 125
1683762798138 -0.4327912804029803 126
1683762798202 -0.45088459707200457 127
1683762798267 -0.4691196967181521 128
1683762798331 -0.4874951693568663 129
1683762798397 -0.5060093971978952 130
1683762798517 -0.5246611043679525 131
1683762798581 -0.5434490541806083 132
1683762798647 -0.5623715196881682 133
1683762798713 -0.5814270247877582 134
1683762798778 -0.6006144946491023 135
1683762798844 -0.6199322783606096 136
1683762798909 -0.6393793263122194 137
1683762798973 -0.658953774898789 138
1683762799039 -0.6786547031293284 139
1683762799102 -0.6984802072910923 140
1683762799165 -0.718429485460967 141
1683762799228 -0.73850084526855 142
1683762799292 -0.758693300600934 143
1683762799432 -0.7790050194502123 144
1683762799608 -0.7994350506749104 145
1683762799741 -0.8199821075783094 146
1683762799831 -0.8406448201877277 147
1683762799895 -0.8614216579566696 148
1683762799963 -0.8823117272057179 149
1683762800028 -0.9033137437669438 150
1683762800095 -0.9244260712113568 151
1683762800162 -0.9456478945290936 152
1683762800226 -0.9669779119035402 153
1683762800290 -0.9884142424306654 154
1683762800355 -1.0099563936929092 155
1683762800419 -1.0316031812929016 156
1683762800483 -1.0533531028794183 157
1683762800548 -1.0752047178470039 158
1683762800613 -1.0971574303264129 159
1683762800677 -1.1192093375828578 160
1683762800741 -1.1413599298564594 161
1683762800808 -1.1636079512740989 162
1683762800872 -1.1859517708952985 163
1683762800936 -1.2083906410202259 164
1683762801001 -1.230923096880915 165
1683762801067 -1.2535486801999225 166
1683762801131 -1.2762654689483441 167
1683762801196 -1.2990724883959865 168
1683762801261 -1.3219688697621228 169
1683762801328 -1.3449533798293216 170
1683762801392 -1.3680252121851613 171
1683762801456 -1.3911827634399372 172
1683762801519 -1.4144250270596768 173
1683762801583 -1.437751118397287 174
1683762801648 -1.461159945172915 175
1683762801714 -1.4846501949522377 176
1683762801780 -1.5082212994455668 177
1683762801847 -1.5318717597519913 178
1683762801912 -1.5556004977602322 179
1683762801977 -1.5794069556502848 180
1683762802042 -1.6032894136211868 181
1683762802107 -1.6272471439162204 182
1683762802173 -1.6512793048762422 183
1683762802240 -1.6753846058045072 184
1683762802304 -1.6995621928880356 185
1683762802372 -1.7238111566796706 186
1683762802437 -1.7481300404329283 187
1683762802502 -1.7725178870303329 188
1683762802566 -1.7969747410315384 189
1683762802646 -1.8214981361981906 190
1683762802715 -1.8460879274584778 191
1683762802780 -1.870743298349828 192
1683762802846 -1.89546264161822 193
1683762802911 -1.9202460174713942 194
1683762802977 -1.9450912438340504 195
1683762803042 -1.9699979291223708 196
1683762803110 -1.9949653896662398 197
1683762803177 -2.0199923406102647 198
1683762803242 -2.045077966853047 199
1683762803309 -2.070221294585972 200
1683762803374 -2.095421406755701 201
1683762803440 -2.1206782473787817 202
1683762803504 -2.1459893475232485 203
1683762803569 -2.1713549634571057 204
1683762803635 -2.196773829710207 205
1683762803700 -2.222245178449202 206
1683762803765 -2.2477682878922622 207
1683762803832 -2.273342101046086 208
1683762803898 -2.2989655829123516 209
1683762803963 -2.3246380540252107 210
1683762804030 -2.350358594670671 211
1683762804095 -2.3761274007875364 212
1683762804159 -2.4019421199496986 213
1683762804223 -2.4278030994784956 214
1683762804289 -2.4537087060748757 215
1683762804353 -2.4796580683334097 216
1683762804418 -2.5056515400267125 217
1683762804483 -2.5316879321472934 218
1683762804549 -2.5577652166200604 219
1683762804615 -2.583884333487303 220
1683762804679 -2.6100436337008395 221
1683762804744 -2.636242753860312 222
1683762804811 -2.6624802829206597 223
1683762804875 -2.6887560518739306 224
1683762804942 -2.715069790947064 225
1683762805007 -2.74142012438379 226
1683762805072 -2.7678055954354344 227
1683762805138 -2.794226830688353 228
1683762805203 -2.8206831983146765 229
1683762805266 -2.8471729966962087 230
1683762805331 -2.873696213121959 231
1683762805398 -2.900251962658098 232
1683762805463 -2.9268400415107685 233
1683762805528 -2.9534591067538036 234
1683762805596 -2.9801084368956134 235
1683762805660 -3.006788715051072 236
1683762805724 -3.0334973418852282 237
1683762805788 -3.0602353704308696 238
1683762805855 -3.087000532502312 239
1683762805921 -3.1137939835267776 240
1683762805986 -3.140614046946954 241
1683762806051 -3.1674604626721576 242
1683762806115 -3.1943327219180135 243
1683762806332 -3.2212298093974914 244
1683762806478 -3.2481515683536584 245
1683762806574 -3.275096932473918 246
1683762806639 -3.3020654328227925 247
1683762806703 -3.3290572187908927 248
1683762806767 -3.356070624294248 249
1683762806831 -3.3831056260857792 250
