1683761419023 1.3426623 1
1683761419096 1.3566439 2
1683761419164 1.4571277 3
1683761419229 1.5928063 4
1683761419294 1.7325089 5
1683761419359 1.8610991 6
1683761419426 1.9736516 7
1683761419493 2.0710254 8
1683761419576 2.156478 9
1683761419646 2.2336445 10
1683761419710 2.3055663 11
1683761419778 2.374509 12
1683761419845 2.4418433 13
1683761419912 2.5082421 14
1683761419979 2.5738568 15
1683761420047 2.6384847 16
1683761420114 2.7017121 17
1683761420180 2.763028 18
1683761420246 2.8219037 19
1683761420384 2.8779216 20
1683761420538 2.930671 21
1683761420612 2.9798324 22
1683761420678 3.0251873 23
1683761420746 3.066619 24
1683761420811 3.104111 25
1683761420878 3.1377387 26
1683761420948 3.1676607 27
1683761421014 3.1941009 28
1683761421079 3.217335 29
1683761421144 3.2376738 30
1683761421211 3.2554479 31
1683761421275 3.2709913 32
1683761421338 3.2846313 33
1683761421403 3.296677 34
1683761421468 3.3074133 35
1683761421532 3.3170943 36
1683761421597 3.3259418 37
1683761421660 3.3341436 38
1683761421726 3.3418543 39
1683761421790 3.349197 40
1683761421854 3.3562646 41
1683761421918 3.363126 42
1683761421984 3.369825 43
1683761422049 3.3763866 44
1683761422113 3.3828206 45
1683761422180 3.3891215 46
1683761422246 3.3952749 47
1683761422312 3.401259 48
1683761422379 3.4070463 49
1683761422444 3.4125957 50
1683761422510 3.417872 51
1683761422577 3.4228458 52
1683761422643 3.4274907 53
1683761422713 3.4317827 54
1683761422778 3.4357 55
1683761422843 3.4392257 56
1683761422907 3.4423444 57
1683761422972 3.4450455 58
1683761423039 3.4473217 59
1683761423103 3.4491696 60
1683761423169 3.4505901 61
1683761423234 3.4515865 62
1683761423299 3.452166 63
1683761423363 3.452339 64
1683761423430 3.4521167 65
1683761423494 3.4515138 66
1683761423558 3.4505463 67
1683761423622 3.4492314 68
1683761423686 3.447587 69
1683761423754 3.445632 70
1683761423821 3.4433856 71
1683761423888 3.4408674 72
1683761423952 3.4380968 73
1683761424016 3.435093 74
1683761424081 3.4318743 75
1683761424145 3.4284594 76
1683761424210 3.4248657 77
1683761424275 3.4211102 78
1683761424339 3.4172087 79
1683761424404 3.4131765 80
1683761424470 3.409028 81
1683761424534 3.4047773 82
1683761424599 3.4004362 83
1683761424663 3.396017 84
1683761424729 3.391531 85
1683761424793 3.386988 86
1683761424858 3.3823977 87
1683761424922 3.3777683 88
1683761424989 3.3731084 89
1683761425054 3.3684254 90
1683761425118 3.3637257 91
1683761425183 3.3590157 92
1683761425250 3.354301 93
1683761425319 3.3495865 94
1683761425385 3.3448772 95
1683761425453 3.3401775 96
1683761425518 3.3354907 97
1683761425584 3.3308213 98
1683761425648 3.3261712 99
1683761425713 3.3215444 100
1683761425777 3.3169432 101
1683761425842 3.3123696 102
1683761425907 3.3078265 103
1683761425971 3.3033156 104
1683761426036 3.2988386 105
1683761426100 3.294397 106
1683761426164 3.289992 107
1683761426230 3.2856255 108
1683761426293 3.2812984 109
1683761426362 3.2770116 110
1683761426431 3.2727659 111
1683761426498 3.268562 112
1683761426562 3.2644014 113
1683761426628 3.2602842 114
1683761426694 3.2562106 115
1683761426760 3.2521813 116
1683761426825 3.248197 117
1683761426889 3.2442577 118
1683761426953 3.2403636 119
1683761427017 3.2365146 120
1683761427081 3.232711 121
1683761427145 3.2289534 122
1683761427211 3.2252412 123
1683761427278 3.2215748 124
1683761427341 3.2179537 125
1683761427406 3.2143774 126
1683761427472 3.2108464 127
1683761427536 3.2073607 128
1683761427600 3.2039196 129
1683761427669 3.2005227 130
1683761427745 3.19717 131
1683761427813 3.193861 132
1683761427877 3.1905959 133
1683761427943 3.1873736 134
1683761428008 3.184194 135
1683761428072 3.181057 136
1683761428137 3.1779616 137
1683761428201 3.174908 138
1683761428268 3.171895 139
1683761428334 3.168923 140
1683761428398 3.1659906 141
1683761428461 3.1630986 142
1683761428526 3.1602452 143
1683761428590 3.1574306 144
1683761428655 3.1546545 145
1683761428722 3.151916 146
1683761428786 3.1492147 147
1683761428851 3.1465502 148
1683761428915 3.1439219 149
1683761428980 3.1413293 150
1683761429046 3.1387722 151
1683761429113 3.1362495 152
1683761429179 3.1337616 153
1683761429243 3.1313074 154
1683761429307 3.1288865 155
1683761429373 3.1264982 156
1683761429438 3.1241426 157
1683761429504 3.1218188 158
1683761429569 3.1195269 159
1683761429634 3.1172655 160
1683761429698 3.115035 161
1683761429765 3.1128345 162
1683761429830 3.110664 163
1683761429894 3.1085222 164
1683761429959 3.1064095 165
1683761430026 3.1043255 166
1683761430090 3.1022694 167
1683761430154 3.1002405 168
1683761430220 3.0982392 169
1683761430285 3.0962646 170
1683761430350 3.0943167 171
1683761430415 3.0923948 172
1683761430479 3.0904984 173
1683761430544 3.0886273 174
1683761430609 3.086781 175
1683761430675 3.0849597 176
1683761430866 3.0831625 177
1683761430963 3.0813894 178
1683761431058 3.0796397 179
1683761431153 3.0779133 180
1683761431246 3.0762098 181
1683761431318 3.0745292 182
1683761431385 3.0728705 183
1683761431448 3.0712337 184
1683761431513 3.0696187 185
1683761431578 3.068025 186
1683761431644 3.066453 187
1683761431709 3.0649016 188
1683761431773 3.0633707 189
1683761431837 3.06186 190
1683761431903 3.0603695 191
1683761431968 3.0588984 192
1683761432033 3.057447 193
1683761432098 3.0560153 194
1683761432166 3.0546021 195
1683761432234 3.053208 196
1683761432298 3.0518322 197
1683761432364 3.0504751 198
1683761432428 3.0491357 199
1683761432493 3.0478144 200
1683761432557 3.0465107 201
1683761432624 3.0452242 202
1683761432691 3.0439553 203
1683761432758 3.0427034 204
1683761432823 3.041468 205
1683761432889 3.0402493 206
1683761432954 3.0390472 207
1683761433019 3.037861 208
1683761433084 3.0366914 209
1683761433149 3.0355372 210
1683761433214 3.0343988 211
1683761433280 3.0332756 212
1683761433344 3.032168 213
1683761433408 3.0310755 214
1683761433473 3.029998 215
1683761433537 3.028935 216
1683761433605 3.0278869 217
1683761433671 3.026853 218
1683761433737 3.0258336 219
1683761433802 3.0248282 220
1683761433867 3.0238366 221
1683761433933 3.022859 222
1683761433997 3.0218952 223
1683761434062 3.0209446 224
1683761434127 3.0200074 225
1683761434190 3.0190833 226
1683761434255 3.0181723 227
1683761434321 3.0172744 228
1683761434385 3.016389 229
1683761434449 3.0155158 230
1683761434513 3.0146556 231
1683761434577 3.0138075 232
1683761434665 3.0129714 233
1683761434730 3.0121474 234
1683761434796 3.0113351 235
1683761434862 3.010535 236
1683761434927 3.0097456 237
1683761434991 3.0089684 238
1683761435055 3.008202 239
1683761435119 3.007447 240
1683761435187 3.006703 241
1683761435252 3.0059695 242
1683761435319 3.0052466 243
1683761435383 3.0045347 244
1683761435447 3.0038333 245
1683761435511 3.0031419 246
1683761435573 3.0024607 247
1683761435639 3.0017893 248
1683761435704 3.001128 249
1683761435769 3.0004761 250
