1683763945285 1.2328522 1
1683763945374 1.1555939 2
1683763945442 1.1867001 3
1683763945511 1.260507 4
1683763945578 1.3362544 5
1683763945643 1.3956666 6
1683763945709 1.4332842 7
1683763945773 1.4502612 8
1683763945841 1.4502609 9
1683763945905 1.4373534 10
1683763945971 1.4159092 11
1683763946039 1.3882939 12
1683763946106 1.3567758 13
1683763946172 1.3228855 14
1683763946236 1.2875041 15
1683763946300 1.2510076 16
1683763946366 1.2134588 17
1683763946430 1.1747801 18
1683763946494 1.1348839 19
1683763946558 1.093754 20
1683763946624 1.0514898 21
1683763946688 1.0083152 22
1683763946750 0.9645683 23
1683763946817 0.9206806 24
1683763946881 0.8771527 25
1683763946945 0.83452547 26
1683763947013 0.7933402 27
1683763947077 0.75408876 28
1683763947141 0.7171643 29
1683763947205 0.6828304 30
1683763947269 0.6512149 31
1683763947335 0.6223265 32
1683763947402 0.596084 33
1683763947465 0.5723462 34
1683763947530 0.5509418 35
1683763947597 0.53167784 36
1683763947663 0.51436204 37
1683763947725 0.4988071 38
1683763947787 0.48483473 39
1683763947852 0.47227743 40
1683763947916 0.46097958 41
1683763947984 0.45079795 42
1683763948049 0.44160187 43
1683763948115 0.43327317 44
1683763948180 0.42570582 45
1683763948244 0.41880536 46
1683763948306 0.4124882 47
1683763948369 0.40663964 48
1683763948432 0.4011786 49
1683763948497 0.39614373 50
1683763948559 0.39148724 51
1683763948622 0.38716322 52
1683763948686 0.38313115 53
1683763948751 0.37935585 54
1683763948814 0.3758074 55
1683763948876 0.37246016 56
1683763948942 0.3692923 57
1683763949006 0.36628497 58
1683763949069 0.36342192 59
1683763949134 0.3606892 60
1683763949208 0.35807452 61
1683763949279 0.3555674 62
1683763949344 0.3531587 63
1683763949410 0.35084045 64
1683763949474 0.34860572 65
1683763949538 0.34644854 66
1683763949603 0.34436366 67
1683763949670 0.34234655 68
1683763949736 0.3403932 69
1683763949801 0.33850002 70
1683763949866 0.33666396 71
1683763949930 0.33488214 72
1683763949996 0.33315206 73
1683763950061 0.33147138 74
1683763950125 0.32983795 75
1683763950192 0.3282498 76
1683763950257 0.3267051 77
1683763950321 0.32520202 78
1683763950384 0.32373902 79
1683763950448 0.32231447 80
1683763950512 0.32092687 81
1683763950574 0.31957474 82
1683763950637 0.31825668 83
1683763950704 0.31697142 84
1683763950768 0.31571758 85
1683763950833 0.31449398 86
1683763950898 0.3132994 87
1683763950960 0.3121326 88
1683763951024 0.31099257 89
1683763951088 0.3098782 90
1683763951152 0.30878842 91
1683763951217 0.3077223 92
1683763951281 0.30667886 93
1683763951379 0.30565718 94
1683763951481 0.3046564 95
1683763951547 0.3036757 96
1683763951611 0.3027143 97
1683763951676 0.30177143 98
1683763951740 0.30084637 99
1683763951809 0.29993847 100
1683763951875 0.29904705 101
1683763951939 0.29817152 102
1683763952005 0.29731134 103
1683763952070 0.29646593 104
1683763952135 0.2956348 105
1683763952199 0.2948174 106
1683763952265 0.29401338 107
1683763952330 0.2932222 108
1683763952394 0.2924435 109
1683763952460 0.2916769 110
1683763952523 0.29092202 111
1683763952586 0.2901785 112
1683763952649 0.28944606 113
1683763952713 0.28872436 114
1683763952778 0.2880131 115
1683763952843 0.28731203 116
1683763952908 0.2866208 117
1683763952973 0.28593928 118
1683763953038 0.28526717 119
1683763953101 0.28460422 120
1683763953167 0.2839503 121
1683763953236 0.28330508 122
1683763953301 0.28266844 123
1683763953366 0.28204018 124
1683763953431 0.2814201 125
1683763953496 0.28080806 126
1683763953559 0.28020388 127
1683763953621 0.27960736 128
1683763953685 0.27901834 129
1683763953752 0.27843678 130
1683763953816 0.2778624 131
1683763953882 0.27729517 132
1683763953947 0.2767349 133
1683763954012 0.2761814 134
1683763954077 0.2756347 135
1683763954142 0.27509457 136
1683763954207 0.27456093 137
1683763954272 0.27403364 138
1683763954336 0.2735126 139
1683763954401 0.27299774 140
1683763954467 0.2724889 141
1683763954530 0.27198604 142
1683763954593 0.27148902 143
1683763954657 0.27099776 144
1683763954724 0.27051222 145
1683763954788 0.27003223 146
1683763954851 0.26955774 147
1683763954915 0.2690887 148
1683763954980 0.268625 149
1683763955045 0.2681665 150
1683763955110 0.26771328 151
1683763955174 0.26726514 152
1683763955240 0.26682204 153
1683763955303 0.26638395 154
1683763955367 0.26595074 155
1683763955435 0.2655224 156
1683763955504 0.2650988 157
1683763955570 0.26468 158
1683763955646 0.26426584 159
1683763955712 0.26385626 160
1683763955783 0.26345122 161
1683763955858 0.26305073 162
1683763955929 0.26265463 163
1683763955999 0.26226294 164
1683763956064 0.26187557 165
1683763956128 0.2614925 166
1683763956192 0.26111364 167
1683763956258 0.26073903 168
1683763956321 0.26036853 169
1683763956383 0.2600021 170
1683763956446 0.25963974 171
1683763956511 0.2592814 172
1683763956575 0.25892705 173
1683763956640 0.25857657 174
1683763956702 0.25823 175
1683763956772 0.25788724 176
1683763956840 0.25754833 177
1683763956908 0.25721318 178
1683763956975 0.25688177 179
1683763957041 0.256554 180
1683763957107 0.25622994 181
1683763957173 0.25590947 182
1683763957239 0.25559258 183
1683763957304 0.25527924 184
1683763957380 0.25496942 185
1683763957448 0.2546631 186
1683763957513 0.2543602 187
1683763957578 0.25406075 188
1683763957644 0.25376466 189
1683763957709 0.2534719 190
1683763957775 0.25318253 191
1683763957838 0.25289643 192
1683763957902 0.2526136 193
1683763957968 0.252334 194
1683763958033 0.25205758 195
1683763958098 0.25178435 196
1683763958164 0.2515143 197
1683763958229 0.25124735 198
1683763958520 0.25098348 199
1683763958584 0.2507227 200
1683763958649 0.25046498 201
1683763958715 0.25021023 202
1683763958781 0.24995849 203
1683763958846 0.24970971 204
1683763958911 0.24946389 205
1683763958976 0.24922094 206
1683763959040 0.24898091 207
1683763959105 0.24874374 208
1683763959169 0.24850942 209
1683763959234 0.24827787 210
1683763959298 0.24804914 211
1683763959364 0.24782318 212
1683763959429 0.24759996 213
1683763959494 0.24737945 214
1683763959558 0.24716164 215
1683763959625 0.24694648 216
1683763959690 0.246734 217
1683763959754 0.24652411 218
1683763959817 0.24631685 219
1683763959881 0.24611211 220
1683763959945 0.24590997 221
1683763960008 0.24571034 222
1683763960073 0.24551325 223
1683763960137 0.24531859 224
1683763960203 0.24512641 225
1683763960266 0.24493666 226
1683763960330 0.24474932 227
1683763960396 0.24456438 228
1683763960461 0.24438179 229
1683763960528 0.24420151 230
1683763960591 0.24402359 231
1683763960658 0.24384794 232
1683763960722 0.24367456 233
1683763960785 0.24350339 234
1683763960850 0.24333446 235
1683763960916 0.2431677 236
1683763960981 0.24300313 237
1683763961048 0.24284068 238
1683763961112 0.24268036 239
1683763961178 0.24252209 240
1683763961243 0.2423659 241
1683763961308 0.24221176 242
1683763961373 0.24205959 243
1683763961439 0.24190944 244
1683763961505 0.24176124 245
1683763961571 0.24161492 246
1683763961636 0.24147055 247
1683763961701 0.24132803 248
1683763961767 0.24118736 249
1683763961836 0.24104849 250
