1683764347424 1.424528990473066 1
1683764347568 1.399018577166966 2
1683764347643 1.4696311269487654 3
1683764347709 1.5779459817068917 4
1683764347775 1.6881403752735682 5
1683764347843 1.7836864846093314 6
1683764347918 1.859598892075675 7
1683764347990 1.9170030014855521 8
1683764348056 1.9593918323516846 9
1683764348122 1.9905859061649867 10
1683764348187 2.01385189805712 11
1683764348254 2.0316403082438876 12
1683764348322 2.0456444706235613 13
1683764348389 2.057027288845607 14
1683764348457 2.0666777236121043 15
1683764348522 2.075337597302028 16
1683764348588 2.083571638379778 17
1683764348654 2.0916052034923007 18
1683764348719 2.0993573665618896 19
1683764348783 2.106632777622768 20
1683764348902 2.1131653615406583 21
1683764348968 2.1187080996377126 22
1683764349035 2.1230805345943997 23
1683764349102 2.12618396963392 24
1683764349166 2.1279990332467213 25
1683764349234 2.128583473818643 26
1683764349303 2.1280336380004883 27
1683764349368 2.1264945013182506 28
1683764349433 2.124139726161957 29
1683764349497 2.1211587446076527 30
1683764349561 2.1177463276045665 31
1683764349627 2.1140988767147064 32
1683764349692 2.110403116260256 33
1683764349758 2.10682270356587 34
1683764349825 2.1035005492823466 35
1683764349891 2.100558434213911 36
1683764349956 2.098096694265093 37
1683764350020 2.0961951400552477 38
1683764350086 2.094913295337132 39
1683764350153 2.0942929685115814 40
1683764350216 2.0943601642336165 41
1683764350280 2.0951263265950337 42
1683764350344 2.0965911660875594 43
1683764350410 2.098744737250464 44
1683764350475 2.101572258131845 45
1683764350539 2.105062190975462 46
1683764350603 2.109189578465053 47
1683764350668 2.1139240733214786 48
1683764350733 2.119233344282423 49
1683764350799 2.1250836040292467 50
1683764350865 2.1314413292067393 51
1683764350930 2.1382740310260226 52
1683764350998 2.145550319126674 53
1683764351064 2.1532414257526398 54
1683764351129 2.1613199285098483 55
1683764351193 2.1697611127580916 56
1683764351258 2.1785425756658827 57
1683764351323 2.187644290072577 58
1683764351390 2.1970483234950473 59
1683764351454 2.2067392596176694 60
1683764351519 2.2167037640299116 61
1683764351583 2.2269299370901927 62
1683764351648 2.237408467701503 63
1683764351713 2.2481311559677124 64
1683764351776 2.2590912325041637 65
1683764351842 2.270283396754946 66
1683764351908 2.2817033657005856 67
1683764351972 2.2933476907866344 68
1683764352038 2.305213519505092 69
1683764352103 2.317299106291362 70
1683764352167 2.3296026289463043 71
1683764352231 2.342123027358736 72
1683764352297 2.3548592541899 73
1683764352363 2.3678105856691087 74
1683764352434 2.3809761703014374 75
1683764352499 2.39435545035771 76
1683764352565 2.4079478212765286 77
1683764352630 2.4217522782938823 78
1683764352694 2.4357680337769643 79
1683764352758 2.4499939467225755 80
1683764352822 2.464429280587605 81
1683764352887 2.4790722131729126 82
1683764352951 2.493921514068331 83
1683764353016 2.50897547176906 84
1683764353081 2.5242323023932323 85
1683764353145 2.5396899793829237 86
1683764353209 2.555346442120416 87
1683764353275 2.571199417114258 88
1683764353339 2.587246592555727 89
1683764353404 2.6034853671278273 90
1683764353471 2.6199129905019487 91
1683764353539 2.636526584625244 92
1683764353692 2.653323939868382 93
1683764353839 2.6703016800539836 94
1683764353904 2.687457169805254 95
1683764353967 2.704787096806935 96
1683764354035 2.7222888810294017 97
1683764354099 2.7399590611457825 98
1683764354162 2.757794874055045 99
1683764354228 2.7757928456578935 100
1683764354293 2.7939500297818864 101
1683764354359 2.812263774020331 102
1683764354423 2.8307308001177653 103
1683764354490 2.8493474551609586 104
1683764354553 2.868111176150186 105
1683764354619 2.8870189615658353 106
1683764354681 2.906067567212241 107
1683764354745 2.925253995827266 108
1683764354809 2.944575164999281 109
1683764354872 2.964028375489371 110
1683764354934 2.983610608748027 111
1683764354999 3.003318888800485 112
1683764355066 3.0231501289776395 113
1683764355130 3.0431017322199687 114
1683764355194 3.063170773642404 115
1683764355261 3.083354332617351 116
1683764355326 3.103649684361049 117
1683764355390 3.124054099832262 118
1683764355455 3.1445647733552113 119
1683764355522 3.165178652320589 120
1683764355587 3.18589363353593 121
1683764355653 3.2067066047872816 122
1683764355718 3.227615088224411 123
1683764355784 3.248616256884166 124
1683764355848 3.2697076754910603 125
1683764355912 3.2908866022314345 126
1683764355974 3.3121506571769714 127
1683764356050 3.3334969069276537 128
1683764356119 3.3549232397760664 129
1683764356183 3.3764267010348186 130
1683764356247 3.3980051832539693 131
1683764356312 3.419656140463693 132
1683764356378 3.4413768776825497 133
1683764356442 3.4631648659706116 134
1683764356509 3.485018274613789 135
1683764356573 3.506934106349945 136
1683764356639 3.5289103984832764 137
1683764356705 3.550944140979222 138
1683764356770 3.573033945901053 139
1683764356835 3.5951767010348186 140
1683764356901 3.6173704649720873 141
1683764356963 3.6396131770951405 142
1683764357029 3.661902129650116 143
1683764357093 3.684235313108989 144
1683764357158 3.7066106413091933 145
1683764357222 3.7290258024420058 146
1683764357288 3.7514783910342624 147
1683764357356 3.7739669595445906 148
1683764357421 3.796488791704178 149
1683764357490 3.8190418779850006 150
1683764357555 3.8416244898523604 151
1683764357621 3.8642345666885376 152
1683764357690 3.8868697030203685 153
1683764357757 3.90952798298427 154
1683764357822 3.932208146367754 155
1683764357886 3.954907400267465 156
1683764357952 3.97762445466859 157
1683764358045 4.00035685300827 158
1683764358110 4.023103249924524 159
1683764358176 4.045861427273069 160
1683764358241 4.068630410092218 161
1683764358307 4.091407452310834 162
1683764358371 4.114191285201481 163
1683764358435 4.13698032285486 164
1683764358498 4.159772534455572 165
1683764358564 4.182566208498819 166
1683764358629 4.205360374280384 167
1683764358695 4.228153007371085 168
1683764358763 4.250942200422287 169
1683764358831 4.273726952927453 170
1683764358897 4.296505740710667 171
1683764358961 4.319276347756386 172
1683764359028 4.342038197176797 173
1683764359094 4.364789715835026 174
1683764359158 4.3875289644513815 175
1683764359223 4.4102553576231 176
1683764359289 4.432966832603727 177
1683764359353 4.455662493194852 178
1683764359418 4.478340655565262 179
1683764359482 4.501000781144414 180
1683764359548 4.523640500647681 181
1683764359612 4.546259880065918 182
1683764359674 4.568856852395194 183
1683764359738 4.591430527823312 184
1683764359803 4.613979918616159 185
1683764359867 4.636503800749779 186
1683764359932 4.659001252480915 187
1683764359999 4.681470979537282 188
1683764360067 4.703911751508713 189
1683764360133 4.726323753595352 190
1683764360196 4.7487045781953 191
1683764360261 4.771054186991283 192
1683764360327 4.793371351701873 193
1683764360507 4.815655037760735 194
1683764360668 4.837904842836516 195
1683764360736 4.860119704689298 196
1683764360801 4.882298533405576 197
1683764360864 4.90444090110915 198
1683764360928 4.9265459052153995 199
1683764360992 4.948612681456974 200
1683764361057 4.970641093594687 201
1683764361121 4.992629994239126 202
1683764361184 5.014578404171126 203
1683764361250 5.03648658309664 204
1683764361315 5.05835297703743 205
1683764361379 5.080177862729345 206
1683764361445 5.101960137486458 207
1683764361510 5.123699394719941 208
1683764361576 5.145394382732255 209
1683764361639 5.167046236140387 210
1683764361703 5.188652894326618 211
1683764361822 5.2102148575442175 212
1683764361887 5.2317313360316415 213
1683764361951 5.25320212330137 214
1683764362015 5.27462642959186 215
1683764362081 5.296004191040993 216
1683764362148 5.317334871206965 217
1683764362213 5.338618327464376 218
1683764362278 5.359854453376362 219
1683764362342 5.381042474082538 220
1683764362406 5.402181680713381 221
1683764362472 5.423273207885878 222
1683764362538 5.444315816674914 223
1683764362604 5.465309756142752 224
1683764362669 5.4862541896956305 225
1683764362734 5.507149515407426 226
1683764362799 5.5279951351029535 227
1683764362863 5.548791521361896 228
1683764362928 5.569537916353771 229
1683764362993 5.590234647904124 230
1683764363058 5.610880900706563 231
1683764363134 5.631477091993604 232
1683764363200 5.652023824197905 233
1683764363263 5.672520090426717 234
1683764363328 5.6929659098386765 235
1683764363393 5.713361092976162 236
1683764363458 5.733706197568348 237
1683764363523 5.754000919205802 238
1683764363590 5.77424544095993 239
1683764363656 5.7944396649088175 240
1683764363722 5.814583518675396 241
1683764363788 5.8346775110278815 242
1683764363852 5.854720490319388 243
1683764363917 5.874714163797242 244
1683764363981 5.894657075405121 245
1683764364045 5.914550564118794 246
1683764364110 5.9343941403286795 247
1683764364189 5.95418775507382 248
1683764364257 5.973931734051023 249
1683764364323 5.993626175182206 250
