1683748967530 58.61451 1
1683748967618 53.086205 2
1683748967688 40.679657 3
1683748967755 37.983562 4
1683748967822 36.97783 5
1683748967889 20.696594 6
1683748967956 17.342646 7
1683748968022 15.5851755 8
1683748968087 15.269926 9
1683748968158 11.756468 10
1683748968226 11.864972 11
1683748968292 10.786667 12
1683748968360 10.443316 13
1683748968427 11.496736 14
1683748968492 9.821264 15
1683748968559 9.826727 16
1683748968627 10.028477 17
1683748968697 10.186284 18
1683748968764 10.206251 19
1683748968829 10.2355385 20
1683748968898 10.302057 21
1683748968964 10.266717 22
1683748969031 10.285327 23
1683748969096 10.209959 24
1683748969162 10.140189 25
1683748969229 10.034226 26
1683748969301 9.919815 27
1683748969366 9.801863 28
1683748969432 9.7388735 29
1683748969498 9.737577 30
1683748969565 9.736955 31
1683748969631 9.736894 32
1683748969703 9.737312 33
1683748969767 9.738151 34
1683748969834 9.739354 35
1683748969905 9.7408695 36
1683748969971 9.742641 37
1683748970036 9.744607 38
1683748970100 9.746704 39
1683748970167 9.748865 40
1683748970235 9.75102 41
1683748970300 9.753107 42
1683748970367 9.755063 43
1683748970433 9.756837 44
1683748970498 9.7583885 45
1683748970562 9.7596855 46
1683748970626 9.760715 47
1683748970693 9.761473 48
1683748970760 9.7619705 49
1683748970823 9.762229 50
1683748970889 9.762274 51
1683748970956 9.762142 52
1683748971020 9.761866 53
1683748971084 9.761477 54
1683748971150 9.76101 55
1683748971217 9.76049 56
1683748971276 9.759939 57
1683748971338 9.759379 58
1683748971404 9.758822 59
1683748971468 9.75828 60
1683748971534 9.757761 61
1683748971598 9.757272 62
1683748971665 9.756813 63
1683748971730 9.756388 64
1683748971795 9.756 65
1683748971862 9.755646 66
1683748971927 9.755325 67
1683748971993 9.755039 68
1683748972057 9.754782 69
1683748972121 9.754555 70
1683748972189 9.7543545 71
1683748972254 9.754179 72
1683748972318 9.7540245 73
1683748972387 9.753891 74
1683748972452 9.753777 75
1683748972516 9.753675 76
1683748972581 9.753592 77
1683748972646 9.753519 78
1683748972712 9.753458 79
1683748972775 9.753407 80
1683748972838 9.753365 81
1683748972915 9.753328 82
1683748972987 9.753299 83
1683748973053 9.753273 84
1683748973119 9.753252 85
1683748973186 9.753236 86
1683748973255 9.753223 87
1683748973320 9.753212 88
1683748973387 9.753202 89
1683748973454 9.753196 90
1683748973517 9.753189 91
1683748973582 9.753183 92
1683748973649 9.75318 93
1683748973718 9.753176 94
1683748973783 9.753171 95
1683748973847 9.753168 96
1683748973914 9.753166 97
1683748973983 9.753162 98
1683748974048 9.753159 99
1683748974113 9.753157 100
1683748974180 9.753153 101
1683748974246 9.753151 102
1683748974310 9.753149 103
1683748974376 9.753146 104
1683748974442 9.753144 105
1683748974512 9.753141 106
1683748974577 9.7531395 107
1683748974643 9.753138 108
1683748974712 9.753137 109
1683748974777 9.753134 110
1683748974841 9.753134 111
1683748974906 9.753132 112
1683748974970 9.75313 113
1683748975036 9.75313 114
1683748975098 9.753128 115
1683748975166 9.753128 116
1683748975231 9.753127 117
1683748975306 9.753126 118
1683748975371 9.753126 119
1683748975437 9.753127 120
1683748975502 9.753126 121
1683748975569 9.753126 122
1683748975633 9.753126 123
1683748975700 9.753127 124
1683748975765 9.753127 125
1683748975830 9.753128 126
1683748975895 9.753127 127
1683748975963 9.753128 128
1683748976027 9.753129 129
1683748976093 9.753128 130
1683748976157 9.753129 131
1683748976225 9.753129 132
1683748976291 9.753129 133
1683748976357 9.75313 134
1683748976422 9.753131 135
1683748976487 9.753131 136
1683748976553 9.753131 137
1683748976621 9.753131 138
1683748976793 9.753131 139
1683748976968 9.753132 140
1683748977060 9.753132 141
1683748977126 9.753132 142
1683748977193 9.753132 143
1683748977257 9.753132 144
1683748977319 9.753132 145
1683748977385 9.753132 146
1683748977450 9.753132 147
1683748977514 9.753132 148
1683748977576 9.753132 149
1683748977640 9.753132 150
1683748977706 9.753132 151
1683748977770 9.753132 152
1683748977832 9.753132 153
1683748977895 9.753133 154
1683748977959 9.753133 155
1683748978126 9.753133 156
1683748978291 9.753133 157
1683748978356 9.753133 158
1683748978419 9.753133 159
1683748978483 9.753133 160
1683748978546 9.753133 161
1683748978609 9.753133 162
1683748978675 9.753133 163
1683748978742 9.753134 164
1683748978807 9.753134 165
1683748978871 9.753135 166
1683748978936 9.753135 167
1683748979001 9.753135 168
1683748979066 9.753135 169
1683748979130 9.753135 170
1683748979228 9.753135 171
1683748979292 9.753135 172
1683748979357 9.753135 173
1683748979421 9.753135 174
1683748979488 9.753135 175
1683748979552 9.753135 176
1683748979615 9.753135 177
1683748979682 9.753135 178
1683748979748 9.753135 179
1683748979815 9.753135 180
1683748979878 9.753135 181
1683748979943 9.753135 182
1683748980009 9.753135 183
1683748980075 9.753135 184
1683748980140 9.753135 185
1683748980207 9.753135 186
1683748980272 9.753135 187
1683748980339 9.753135 188
1683748980402 9.753135 189
1683748980467 9.753135 190
1683748980533 9.753135 191
1683748980596 9.753135 192
1683748980662 9.753135 193
1683748980727 9.753135 194
1683748980791 9.753135 195
1683748980857 9.753135 196
1683748980923 9.753135 197
1683748980987 9.753135 198
1683748981059 9.753135 199
1683748981130 9.753135 200
1683748981198 9.753135 201
1683748981262 9.753135 202
1683748981325 9.753135 203
1683748981392 9.753135 204
1683748981456 9.753135 205
1683748981521 9.753135 206
1683748981586 9.753135 207
1683748981651 9.753135 208
1683748981718 9.753135 209
1683748981781 9.753135 210
1683748981846 9.753135 211
1683748981911 9.753135 212
1683748981977 9.753135 213
1683748982041 9.753135 214
1683748982161 9.753135 215
1683748982226 9.753135 216
1683748982292 9.753135 217
1683748982357 9.753135 218
1683748982421 9.753135 219
1683748982487 9.753135 220
1683748982553 9.753135 221
1683748982615 9.753135 222
1683748982681 9.753135 223
1683748982745 9.753135 224
1683748982808 9.753135 225
1683748982872 9.753135 226
1683748982937 9.753135 227
1683748983004 9.753135 228
1683748983071 9.753135 229
1683748983133 9.753135 230
1683748983202 9.753135 231
1683748983271 9.753135 232
1683748983334 9.753135 233
1683748983398 9.753135 234
1683748983464 9.753135 235
1683748983530 9.753135 236
1683748983594 9.753135 237
1683748983659 9.753135 238
1683748983723 9.753135 239
1683748983787 9.753135 240
1683748983851 9.753135 241
1683748983917 9.753135 242
1683748983980 9.753135 243
1683748984047 9.753135 244
1683748984110 9.753135 245
1683748984174 9.753135 246
1683748984238 9.753135 247
1683748984302 9.753135 248
1683748984365 9.753135 249
1683748984429 9.753135 250
