1683748596697 39.553204 1
1683748596769 27.21609 2
1683748596841 20.678314 3
1683748596907 14.104273 4
1683748596973 15.592834 5
1683748597040 15.59858 6
1683748597105 15.342519 7
1683748597176 14.971544 8
1683748597242 13.554279 9
1683748597307 10.849258 10
1683748597371 10.3300085 11
1683748597436 10.160997 12
1683748597502 9.836127 13
1683748597568 9.743067 14
1683748597635 9.640295 15
1683748597704 9.634996 16
1683748597770 9.63341 17
1683748597835 9.622569 18
1683748597899 9.627632 19
1683748597965 9.625156 20
1683748598030 9.627371 21
1683748598095 9.626721 22
1683748598160 9.627001 23
1683748598227 9.627029 24
1683748598292 9.626953 25
1683748598358 9.626469 26
1683748598428 9.626621 27
1683748598503 9.627342 28
1683748598568 9.627726 29
1683748598633 9.627658 30
1683748598700 9.627489 31
1683748598766 9.627319 32
1683748598835 9.627128 33
1683748598901 9.626935 34
1683748598965 9.626769 35
1683748599031 9.626643 36
1683748599097 9.626557 37
1683748599163 9.626507 38
1683748599232 9.62649 39
1683748599296 9.626497 40
1683748599362 9.626524 41
1683748599426 9.626563 42
1683748599492 9.626608 43
1683748599557 9.626657 44
1683748599622 9.626704 45
1683748599687 9.626751 46
1683748599752 9.626795 47
1683748599824 9.626835 48
1683748599889 9.626872 49
1683748599953 9.626907 50
1683748600020 9.62694 51
1683748600087 9.626972 52
1683748600156 9.627005 53
1683748600221 9.627039 54
1683748600286 9.627075 55
1683748600352 9.627115 56
1683748600417 9.627156 57
1683748600483 9.627199 58
1683748600550 9.627242 59
1683748600617 9.627283 60
1683748600683 9.62732 61
1683748600748 9.627352 62
1683748600816 9.627378 63
1683748600880 9.627398 64
1683748600945 9.627413 65
1683748601011 9.627423 66
1683748601077 9.62743 67
1683748601141 9.627434 68
1683748601210 9.627434 69
1683748601275 9.627434 70
1683748601341 9.627431 71
1683748601407 9.62743 72
1683748601471 9.627426 73
1683748601538 9.627422 74
1683748601603 9.6274185 75
1683748601669 9.627415 76
1683748601733 9.627411 77
1683748601797 9.627409 78
1683748601863 9.627405 79
1683748601931 9.627403 80
1683748601995 9.627399 81
1683748602061 9.6273985 82
1683748602126 9.627396 83
1683748602192 9.627394 84
1683748602257 9.627394 85
1683748602321 9.627392 86
1683748602385 9.627392 87
1683748602451 9.627389 88
1683748602515 9.62739 89
1683748602580 9.627389 90
1683748602648 9.627388 91
1683748602718 9.627387 92
1683748602782 9.627386 93
1683748602846 9.627386 94
1683748602910 9.627386 95
1683748602975 9.627385 96
1683748603043 9.627385 97
1683748603107 9.627385 98
1683748603172 9.627384 99
1683748603237 9.627384 100
1683748603304 9.627384 101
1683748603367 9.627384 102
1683748603432 9.627383 103
1683748603498 9.627383 104
1683748603564 9.627382 105
1683748603630 9.627382 106
1683748603697 9.627382 107
1683748603763 9.627382 108
1683748603829 9.627382 109
1683748603893 9.627382 110
1683748603959 9.627381 111
1683748604027 9.627381 112
1683748604094 9.627381 113
1683748604160 9.627381 114
1683748604228 9.62738 115
1683748604291 9.627381 116
1683748604356 9.62738 117
1683748604420 9.62738 118
1683748604484 9.62738 119
1683748604553 9.62738 120
1683748604621 9.62738 121
1683748604688 9.627379 122
1683748604752 9.62738 123
1683748604817 9.62738 124
1683748604884 9.627379 125
1683748604947 9.627379 126
1683748605010 9.627379 127
1683748605075 9.627379 128
1683748605139 9.627378 129
1683748605205 9.627379 130
1683748605269 9.627379 131
1683748605334 9.627379 132
1683748605397 9.627378 133
1683748605462 9.627378 134
1683748605528 9.627378 135
1683748605595 9.627378 136
1683748605664 9.627378 137
1683748605729 9.627378 138
1683748605795 9.627378 139
1683748605861 9.627378 140
1683748605927 9.627378 141
1683748605991 9.627378 142
1683748606054 9.627378 143
1683748606119 9.627378 144
1683748606186 9.627378 145
1683748606250 9.627378 146
1683748606315 9.627378 147
1683748606378 9.627378 148
1683748606443 9.627378 149
1683748606508 9.627378 150
1683748606581 9.627378 151
1683748606656 9.627379 152
1683748606724 9.627378 153
1683748606790 9.627378 154
1683748606856 9.627378 155
1683748606920 9.627378 156
1683748606983 9.627378 157
1683748607049 9.627378 158
1683748607112 9.627378 159
1683748607177 9.627378 160
1683748607245 9.627378 161
1683748607310 9.627378 162
1683748607375 9.627378 163
1683748607440 9.627378 164
1683748607505 9.627378 165
1683748607570 9.627378 166
1683748607636 9.627378 167
1683748607704 9.627378 168
1683748607771 9.627378 169
1683748607835 9.627378 170
1683748607899 9.627378 171
1683748607961 9.627378 172
1683748608025 9.627378 173
1683748608089 9.627378 174
1683748608154 9.627378 175
1683748608221 9.627378 176
1683748608286 9.627378 177
1683748608350 9.627378 178
1683748608412 9.627378 179
1683748608474 9.627378 180
1683748608539 9.627378 181
1683748608736 9.627378 182
1683748608915 9.627378 183
1683748609006 9.627378 184
1683748609072 9.627378 185
1683748609136 9.627378 186
1683748609204 9.627378 187
1683748609272 9.627378 188
1683748609339 9.627378 189
1683748609404 9.627378 190
1683748609470 9.627378 191
1683748609534 9.627378 192
1683748609598 9.627378 193
1683748609663 9.627378 194
1683748609728 9.627378 195
1683748609792 9.627378 196
1683748609859 9.627378 197
1683748609924 9.627378 198
1683748610207 9.627378 199
1683748610336 9.627378 200
1683748610424 9.627378 201
1683748610511 9.627378 202
1683748610579 9.627378 203
1683748610641 9.627378 204
1683748610709 9.627378 205
1683748610773 9.627378 206
1683748610837 9.627378 207
1683748610902 9.627378 208
1683748610966 9.627378 209
1683748611030 9.627378 210
1683748611093 9.627378 211
1683748611156 9.627378 212
1683748611223 9.627378 213
1683748611286 9.627378 214
1683748611474 9.627378 215
1683748611668 9.627378 216
1683748611867 9.627378 217
1683748612059 9.627378 218
1683748612180 9.627378 219
1683748612244 9.627378 220
1683748612309 9.627378 221
1683748612373 9.627378 222
1683748612437 9.627378 223
1683748612526 9.627378 224
1683748612592 9.627378 225
1683748612660 9.627378 226
1683748612823 9.627378 227
1683748612947 9.627378 228
1683748613012 9.627378 229
1683748613077 9.627378 230
1683748613140 9.627378 231
1683748613209 9.627378 232
1683748613275 9.627378 233
1683748613340 9.627378 234
1683748613403 9.627378 235
1683748613467 9.627378 236
1683748613533 9.627378 237
1683748613600 9.627378 238
1683748613665 9.627378 239
1683748613732 9.627378 240
1683748613798 9.627378 241
1683748613861 9.627378 242
1683748613926 9.627378 243
1683748613989 9.627378 244
1683748614054 9.627378 245
1683748614121 9.627378 246
1683748614187 9.627378 247
1683748614254 9.627378 248
1683748614318 9.627378 249
1683748614382 9.627378 250
