1683747326982 25.68813 1
1683747327050 17.364115 2
1683747327117 14.049412 3
1683747327184 11.664955 4
1683747327253 10.144739 5
1683747327321 9.762245 6
1683747327389 9.400526 7
1683747327454 9.498509 8
1683747327522 9.666428 9
1683747327589 9.79797 10
1683747327655 9.494963 11
1683747327732 9.475777 12
1683747327800 9.562964 13
1683747327867 9.618883 14
1683747327933 9.753845 15
1683747328000 9.681982 16
1683747328066 9.45324 17
1683747328131 9.506156 18
1683747328199 9.385284 19
1683747328268 9.472701 20
1683747328335 9.302311 21
1683747328401 9.370881 22
1683747328468 9.29133 23
1683747328535 9.370111 24
1683747328602 9.249051 25
1683747328670 9.310629 26
1683747328741 9.277609 27
1683747328809 9.339897 28
1683747328876 9.29547 29
1683747328941 9.3149 30
1683747329007 9.340549 31
1683747329082 9.185152 32
1683747329151 9.22821 33
1683747329219 9.116821 34
1683747329285 9.128484 35
1683747329349 9.175434 36
1683747329413 9.232332 37
1683747329476 9.258148 38
1683747329541 9.191169 39
1683747329605 9.224765 40
1683747329674 9.174002 41
1683747329737 9.224461 42
1683747329801 9.219714 43
1683747329864 9.280764 44
1683747329928 9.30965 45
1683747329991 9.350903 46
1683747330056 9.307501 47
1683747330119 9.348335 48
1683747330185 9.343811 49
1683747330252 9.374078 50
1683747330318 9.381063 51
1683747330381 9.404749 52
1683747330446 9.413463 53
1683747330510 9.438843 54
1683747330573 9.451279 55
1683747330637 9.4561615 56
1683747330702 9.462667 57
1683747330770 9.467056 58
1683747330835 9.46754 59
1683747330901 9.466074 60
1683747330966 9.464426 61
1683747331031 9.4629135 62
1683747331095 9.461601 63
1683747331158 9.46062 64
1683747331224 9.460058 65
1683747331287 9.459976 66
1683747331353 9.460417 67
1683747331416 9.461419 68
1683747331482 9.46303 69
1683747331547 9.465235 70
1683747331611 9.467825 71
1683747331677 9.470297 72
1683747331744 9.472092 73
1683747331809 9.47312 74
1683747331871 9.473932 75
1683747331935 9.475237 76
1683747332001 9.477274 77
1683747332066 9.479485 78
1683747332130 9.4807415 79
1683747332197 9.480263 80
1683747332263 9.478285 81
1683747332328 9.475728 82
1683747332390 9.473427 83
1683747332454 9.471783 84
1683747332517 9.470809 85
1683747332584 9.470352 86
1683747332650 9.470238 87
1683747332715 9.47032 88
1683747332778 9.470508 89
1683747333028 9.470742 90
1683747333141 9.470989 91
1683747333238 9.47123 92
1683747333305 9.471444 93
1683747333370 9.471626 94
1683747333435 9.471764 95
1683747333501 9.471859 96
1683747333566 9.471903 97
1683747333633 9.471905 98
1683747333704 9.471865 99
1683747333768 9.47179 100
1683747333832 9.47169 101
1683747333895 9.471569 102
1683747333961 9.4714365 103
1683747334025 9.471301 104
1683747334090 9.471163 105
1683747334155 9.47103 106
1683747334223 9.470904 107
1683747334287 9.470783 108
1683747334350 9.4706745 109
1683747334417 9.470574 110
1683747334483 9.470482 111
1683747334549 9.470403 112
1683747334614 9.470331 113
1683747334682 9.470263 114
1683747334747 9.470203 115
1683747334811 9.470148 116
1683747334875 9.470098 117
1683747334939 9.470053 118
1683747335006 9.470011 119
1683747335070 9.469973 120
1683747335134 9.469936 121
1683747335201 9.469903 122
1683747335271 9.469873 123
1683747335337 9.469847 124
1683747335402 9.469822 125
1683747335469 9.469798 126
1683747335534 9.469775 127
1683747335598 9.469755 128
1683747335664 9.469739 129
1683747335731 9.469724 130
1683747335797 9.469709 131
1683747335863 9.469694 132
1683747335927 9.469684 133
1683747335993 9.469671 134
1683747336057 9.469664 135
1683747336121 9.469654 136
1683747336189 9.4696455 137
1683747336259 9.469637 138
1683747336323 9.469631 139
1683747336387 9.469626 140
1683747336449 9.469623 141
1683747336514 9.469618 142
1683747336576 9.469612 143
1683747336640 9.469608 144
1683747336707 9.4696045 145
1683747336772 9.469602 146
1683747336837 9.469599 147
1683747336900 9.469595 148
1683747336965 9.469595 149
1683747337029 9.469593 150
1683747337094 9.469589 151
1683747337171 9.469587 152
1683747337245 9.469587 153
1683747337312 9.469584 154
1683747337377 9.469583 155
1683747337440 9.469581 156
1683747337505 9.469581 157
1683747337566 9.469581 158
1683747337631 9.469582 159
1683747337701 9.469581 160
1683747337765 9.46958 161
1683747337831 9.469581 162
1683747337896 9.469581 163
1683747337960 9.46958 164
1683747338025 9.469579 165
1683747338090 9.469579 166
1683747338165 9.469578 167
1683747338230 9.469576 168
1683747338295 9.469576 169
1683747338362 9.469576 170
1683747338427 9.469576 171
1683747338491 9.469576 172
1683747338555 9.469576 173
1683747338620 9.469575 174
1683747338686 9.469575 175
1683747338753 9.469576 176
1683747338815 9.469576 177
1683747338877 9.469576 178
1683747338943 9.469576 179
1683747339006 9.469576 180
1683747339069 9.469576 181
1683747339130 9.469576 182
1683747339197 9.469576 183
1683747339261 9.469575 184
1683747339325 9.469575 185
1683747339389 9.469575 186
1683747339455 9.469574 187
1683747339520 9.469574 188
1683747339584 9.469574 189
1683747339646 9.469574 190
1683747339715 9.469574 191
1683747339779 9.469573 192
1683747339843 9.469573 193
1683747339906 9.469574 194
1683747339973 9.469574 195
1683747340037 9.469574 196
1683747340101 9.469574 197
1683747340167 9.469574 198
1683747340234 9.469574 199
1683747340299 9.469574 200
1683747340365 9.469574 201
1683747340429 9.469574 202
1683747340495 9.469574 203
1683747340560 9.469574 204
1683747340626 9.469574 205
1683747340694 9.469574 206
1683747340767 9.469574 207
1683747340833 9.469574 208
1683747340899 9.469574 209
1683747340963 9.469574 210
1683747341028 9.469574 211
1683747341096 9.469574 212
1683747341162 9.469574 213
1683747341229 9.469574 214
1683747341294 9.469574 215
1683747341360 9.469574 216
1683747341424 9.469574 217
1683747341489 9.469575 218
1683747341555 9.469575 219
1683747341623 9.469575 220
1683747341688 9.469576 221
1683747341756 9.469576 222
1683747341820 9.469576 223
1683747341885 9.469576 224
1683747341950 9.469575 225
1683747342016 9.469574 226
1683747342081 9.469575 227
1683747342146 9.469575 228
1683747342216 9.469575 229
1683747342282 9.469575 230
1683747342346 9.469574 231
1683747342411 9.469574 232
1683747342476 9.469574 233
1683747342541 9.469573 234
1683747342610 9.469573 235
1683747342677 9.469573 236
1683747342744 9.469572 237
1683747342810 9.469573 238
1683747342874 9.469573 239
1683747342937 9.469572 240
1683747343003 9.469572 241
1683747343066 9.469572 242
1683747343131 9.469572 243
1683747343198 9.469572 244
1683747343263 9.469572 245
1683747343328 9.469572 246
1683747343394 9.469573 247
1683747343458 9.469573 248
1683747343523 9.469574 249
1683747343588 9.469573 250
