1683750121940 46.97472 1
1683750122008 31.618607 2
1683750122073 25.120575 3
1683750122136 24.652264 4
1683750122204 23.644619 5
1683750122269 20.241043 6
1683750122333 18.550097 7
1683750122397 16.239975 8
1683750122463 10.931978 9
1683750122526 9.261383 10
1683750122588 8.833213 11
1683750122651 8.523371 12
1683750122718 8.515407 13
1683750122782 8.471754 14
1683750122845 8.456682 15
1683750122911 8.440233 16
1683750122976 8.45245 17
1683750123040 8.418538 18
1683750123106 8.416397 19
1683750123326 8.412055 20
1683750123453 8.40758 21
1683750123529 8.407094 22
1683750123611 8.409843 23
1683750123685 8.415158 24
1683750123761 8.416515 25
1683750123837 8.415198 26
1683750123911 8.407811 27
1683750123983 8.406812 28
1683750124050 8.407479 29
1683750124115 8.4077835 30
1683750124180 8.407407 31
1683750124243 8.406986 32
1683750124306 8.406687 33
1683750124369 8.406509 34
1683750124434 8.40648 35
1683750124503 8.406505 36
1683750124567 8.406512 37
1683750124634 8.406516 38
1683750124701 8.406516 39
1683750124766 8.406515 40
1683750124830 8.406532 41
1683750124895 8.406564 42
1683750124960 8.406597 43
1683750125026 8.406624 44
1683750125093 8.406645 45
1683750125160 8.406665 46
1683750125222 8.406683 47
1683750125285 8.4067 48
1683750125350 8.406715 49
1683750125413 8.406728 50
1683750125476 8.40674 51
1683750125540 8.40675 52
1683750125607 8.406758 53
1683750125677 8.406767 54
1683750125741 8.4067745 55
1683750125805 8.406782 56
1683750125869 8.406788 57
1683750125933 8.406795 58
1683750126000 8.406801 59
1683750126065 8.406806 60
1683750126129 8.406812 61
1683750126194 8.4068165 62
1683750126258 8.40682 63
1683750126323 8.406825 64
1683750126386 8.406828 65
1683750126450 8.406831 66
1683750126514 8.406834 67
1683750126579 8.406836 68
1683750126642 8.406837 69
1683750126711 8.406839 70
1683750126777 8.40684 71
1683750126841 8.406841 72
1683750126904 8.406841 73
1683750126969 8.406843 74
1683750127032 8.406843 75
1683750127097 8.406843 76
1683750127161 8.406843 77
1683750127229 8.406844 78
1683750127293 8.406843 79
1683750127357 8.406844 80
1683750127424 8.406844 81
1683750127488 8.406844 82
1683750127551 8.406844 83
1683750127616 8.406844 84
1683750127681 8.406844 85
1683750127755 8.406845 86
1683750127826 8.406843 87
1683750127891 8.406844 88
1683750127954 8.406843 89
1683750128018 8.406843 90
1683750128091 8.406843 91
1683750128159 8.406843 92
1683750128226 8.406843 93
1683750128291 8.406843 94
1683750128357 8.406843 95
1683750128423 8.406843 96
1683750128487 8.406843 97
1683750128551 8.406843 98
1683750128617 8.406843 99
1683750128684 8.406843 100
1683750128748 8.406843 101
1683750128815 8.406843 102
1683750128881 8.406843 103
1683750128946 8.406843 104
1683750129013 8.406843 105
1683750129080 8.406843 106
1683750129144 8.406844 107
1683750129211 8.406843 108
1683750129274 8.406843 109
1683750129338 8.406843 110
1683750129403 8.406844 111
1683750129468 8.406844 112
1683750129533 8.406843 113
1683750129598 8.406843 114
1683750129665 8.406843 115
1683750129728 8.406843 116
1683750129791 8.406844 117
1683750129858 8.406844 118
1683750129928 8.406843 119
1683750129996 8.406843 120
1683750130061 8.406843 121
1683750130127 8.406843 122
1683750130193 8.406843 123
1683750130257 8.406844 124
1683750130321 8.406844 125
1683750130384 8.406844 126
1683750130449 8.406844 127
1683750130512 8.406843 128
1683750130575 8.406844 129
1683750130638 8.406843 130
1683750130705 8.406844 131
1683750130768 8.406843 132
1683750130833 8.406843 133
1683750130897 8.406843 134
1683750130964 8.406843 135
1683750131029 8.406843 136
1683750131095 8.406843 137
1683750131160 8.406843 138
1683750131226 8.406843 139
1683750131289 8.406843 140
1683750131355 8.406843 141
1683750131417 8.406843 142
1683750131481 8.406843 143
1683750131546 8.406843 144
1683750131610 8.406844 145
1683750131676 8.406843 146
1683750131741 8.406843 147
1683750131802 8.406843 148
1683750131867 8.406844 149
1683750131930 8.406843 150
1683750131995 8.406843 151
1683750132060 8.406843 152
1683750132124 8.406843 153
1683750132191 8.406843 154
1683750132255 8.406843 155
1683750132317 8.406843 156
1683750132379 8.406843 157
1683750132443 8.406843 158
1683750132505 8.406843 159
1683750132572 8.406843 160
1683750132791 8.406843 161
1683750132956 8.406843 162
1683750133039 8.406843 163
1683750133107 8.406843 164
1683750133172 8.406843 165
1683750133237 8.406843 166
1683750133301 8.406844 167
1683750133365 8.406843 168
1683750133431 8.406843 169
1683750133495 8.406843 170
1683750133559 8.406843 171
1683750133626 8.406844 172
1683750133694 8.406843 173
1683750133759 8.406843 174
1683750133823 8.406844 175
1683750133889 8.406843 176
1683750133953 8.406843 177
1683750134017 8.406844 178
1683750134082 8.406843 179
1683750134148 8.406843 180
1683750134215 8.406844 181
1683750134278 8.406844 182
1683750134342 8.406843 183
1683750134409 8.406843 184
1683750134473 8.406843 185
1683750134538 8.406844 186
1683750134600 8.406843 187
1683750134666 8.406843 188
1683750134733 8.406843 189
1683750134798 8.406843 190
1683750134869 8.406843 191
1683750134932 8.406843 192
1683750135000 8.406844 193
1683750135070 8.406843 194
1683750135135 8.406843 195
1683750135200 8.406844 196
1683750135267 8.406843 197
1683750135330 8.406843 198
1683750135395 8.406843 199
1683750135458 8.406843 200
1683750135522 8.406843 201
1683750135588 8.406843 202
1683750135654 8.406843 203
1683750135721 8.406843 204
1683750135785 8.406843 205
1683750135852 8.406843 206
1683750135926 8.406843 207
1683750135994 8.406843 208
1683750136061 8.406843 209
1683750136126 8.406843 210
1683750136192 8.406843 211
1683750136257 8.406843 212
1683750136327 8.406843 213
1683750136392 8.406843 214
1683750136455 8.406843 215
1683750136520 8.406843 216
1683750136745 8.406843 217
1683750136875 8.406843 218
1683750136940 8.406843 219
1683750137002 8.406843 220
1683750137074 8.406843 221
1683750137140 8.406843 222
1683750137207 8.406843 223
1683750137270 8.406843 224
1683750137336 8.406843 225
1683750137400 8.406843 226
1683750137465 8.406843 227
1683750137532 8.406843 228
1683750137596 8.406843 229
1683750137660 8.406843 230
1683750137726 8.406843 231
1683750137788 8.406843 232
1683750137854 8.406843 233
1683750137918 8.406843 234
1683750137981 8.406843 235
1683750138047 8.406843 236
1683750138113 8.406843 237
1683750138178 8.406843 238
1683750138244 8.406843 239
1683750138307 8.406843 240
1683750138372 8.406843 241
1683750138436 8.406843 242
1683750138501 8.406843 243
1683750138564 8.406843 244
1683750138626 8.406843 245
1683750138693 8.406843 246
1683750138757 8.406843 247
1683750138825 8.406843 248
1683750138891 8.406843 249
1683750138955 8.406843 250
