1683748350254 22.733952 1
1683748350325 18.06932 2
1683748350390 13.562589 3
1683748350456 12.331523 4
1683748350521 10.615307 5
1683748350587 10.150064 6
1683748350654 9.519121 7
1683748350721 9.9468 8
1683748350789 9.999672 9
1683748350857 10.592848 10
1683748350924 10.812047 11
1683748350992 10.848311 12
1683748351059 9.349413 13
1683748351125 9.158663 14
1683748351193 8.910577 15
1683748351262 8.9093075 16
1683748351326 8.906771 17
1683748351393 8.90118 18
1683748351457 8.903191 19
1683748351523 8.899552 20
1683748351589 8.897467 21
1683748351652 8.896518 22
1683748351718 8.89806 23
1683748351782 8.895144 24
1683748351847 8.89404 25
1683748351910 8.893478 26
1683748351976 8.893581 27
1683748352041 8.893074 28
1683748352108 8.893274 29
1683748352172 8.893124 30
1683748352241 8.893136 31
1683748352310 8.893129 32
1683748352376 8.893119 33
1683748352440 8.893121 34
1683748352504 8.893124 35
1683748352571 8.893129 36
1683748352636 8.89313 37
1683748352705 8.8931265 38
1683748352769 8.893118 39
1683748352838 8.893106 40
1683748352902 8.893095 41
1683748352966 8.893087 42
1683748353030 8.893082 43
1683748353095 8.89308 44
1683748353161 8.893079 45
1683748353228 8.893078 46
1683748353292 8.893078 47
1683748353358 8.89308 48
1683748353424 8.89308 49
1683748353489 8.893081 50
1683748353555 8.893083 51
1683748353622 8.893084 52
1683748353689 8.8930855 53
1683748353756 8.893088 54
1683748353820 8.89309 55
1683748353886 8.893091 56
1683748353949 8.893093 57
1683748354014 8.893095 58
1683748354079 8.893095 59
1683748354142 8.893096 60
1683748354210 8.893097 61
1683748354276 8.893098 62
1683748354341 8.893099 63
1683748354413 8.893099 64
1683748354488 8.893099 65
1683748354556 8.893098 66
1683748354622 8.893098 67
1683748354690 8.893098 68
1683748354754 8.893098 69
1683748354819 8.893097 70
1683748354887 8.893097 71
1683748354955 8.893097 72
1683748355022 8.893097 73
1683748355088 8.893096 74
1683748355154 8.893096 75
1683748355221 8.893096 76
1683748355286 8.893095 77
1683748355350 8.893096 78
1683748355418 8.893095 79
1683748355484 8.893095 80
1683748355548 8.893095 81
1683748355615 8.893095 82
1683748355683 8.893095 83
1683748355748 8.893095 84
1683748355815 8.893095 85
1683748355882 8.893095 86
1683748355947 8.893094 87
1683748356013 8.893094 88
1683748356077 8.893095 89
1683748356141 8.893094 90
1683748356207 8.893094 91
1683748356275 8.893093 92
1683748356340 8.893093 93
1683748356403 8.893094 94
1683748356672 8.893094 95
1683748356845 8.893093 96
1683748356949 8.893094 97
1683748357013 8.893093 98
1683748357079 8.893093 99
1683748357145 8.893094 100
1683748357213 8.893093 101
1683748357282 8.893093 102
1683748357348 8.893093 103
1683748357412 8.893094 104
1683748357476 8.893093 105
1683748357540 8.893093 106
1683748357606 8.893093 107
1683748357674 8.893093 108
1683748357738 8.893093 109
1683748357850 8.893094 110
1683748357988 8.893093 111
1683748358059 8.893093 112
1683748358130 8.893093 113
1683748358199 8.893093 114
1683748358264 8.893093 115
1683748358326 8.893093 116
1683748358391 8.893093 117
1683748358456 8.893093 118
1683748358520 8.893093 119
1683748358584 8.893093 120
1683748358652 8.893093 121
1683748358717 8.893093 122
1683748358781 8.893093 123
1683748358848 8.893093 124
1683748358918 8.893093 125
1683748358982 8.893093 126
1683748359046 8.893093 127
1683748359110 8.893093 128
1683748359179 8.893093 129
1683748359245 8.893093 130
1683748359311 8.893093 131
1683748359376 8.893093 132
1683748359440 8.893093 133
1683748359503 8.893093 134
1683748359567 8.893093 135
1683748359631 8.893093 136
1683748359697 8.893095 137
1683748359763 8.893093 138
1683748359829 8.893093 139
1683748359894 8.893093 140
1683748359959 8.893093 141
1683748360024 8.893093 142
1683748360091 8.893093 143
1683748360156 8.893093 144
1683748360222 8.893093 145
1683748360286 8.893093 146
1683748360353 8.893093 147
1683748360419 8.893093 148
1683748360482 8.893093 149
1683748360547 8.893094 150
1683748360612 8.893093 151
1683748360679 8.893094 152
1683748360744 8.893093 153
1683748360811 8.893093 154
1683748360876 8.893093 155
1683748360941 8.893094 156
1683748361005 8.893093 157
1683748361068 8.893093 158
1683748361131 8.893093 159
1683748361198 8.893093 160
1683748361264 8.893093 161
1683748361329 8.893094 162
1683748361395 8.893093 163
1683748361460 8.893093 164
1683748361523 8.893093 165
1683748361587 8.893093 166
1683748361652 8.893093 167
1683748361717 8.893093 168
1683748361783 8.893093 169
1683748361850 8.893093 170
1683748361915 8.893093 171
1683748361979 8.893093 172
1683748362044 8.893093 173
1683748362108 8.893093 174
1683748362176 8.893094 175
1683748362241 8.893093 176
1683748362310 8.893094 177
1683748362378 8.893093 178
1683748362442 8.893093 179
1683748362506 8.893093 180
1683748362580 8.893093 181
1683748362655 8.893093 182
1683748362721 8.893094 183
1683748362786 8.893093 184
1683748362854 8.893093 185
1683748362919 8.893093 186
1683748362982 8.893093 187
1683748363048 8.893093 188
1683748363112 8.893093 189
1683748363176 8.893093 190
1683748363359 8.893093 191
1683748363525 8.893093 192
1683748363594 8.893093 193
1683748363660 8.893093 194
1683748363727 8.893093 195
1683748363793 8.893093 196
1683748363856 8.893093 197
1683748363922 8.893093 198
1683748363990 8.893093 199
1683748364056 8.893093 200
1683748364120 8.893093 201
1683748364187 8.893093 202
1683748364252 8.893093 203
1683748364316 8.893093 204
1683748364382 8.893093 205
1683748364448 8.893093 206
1683748364513 8.893093 207
1683748364578 8.893093 208
1683748364690 8.893093 209
1683748364755 8.893093 210
1683748364821 8.893093 211
1683748364886 8.893093 212
1683748364953 8.893093 213
1683748365018 8.893093 214
1683748365082 8.893093 215
1683748365147 8.893093 216
1683748365215 8.893093 217
1683748365279 8.893093 218
1683748365343 8.893093 219
1683748365409 8.893093 220
1683748365472 8.893093 221
1683748365537 8.893093 222
1683748365602 8.893093 223
1683748365668 8.893093 224
1683748365732 8.893093 225
1683748365796 8.893093 226
1683748365860 8.893093 227
1683748365923 8.893093 228
1683748365988 8.893093 229
1683748366055 8.893093 230
1683748366120 8.893093 231
1683748366186 8.893093 232
1683748366253 8.893094 233
1683748366317 8.893093 234
1683748366382 8.893093 235
1683748366447 8.893093 236
1683748366512 8.893093 237
1683748366577 8.893094 238
1683748366643 8.893093 239
1683748366709 8.893094 240
1683748366773 8.893093 241
1683748366836 8.893093 242
1683748366900 8.893093 243
1683748366964 8.893093 244
1683748367030 8.893093 245
1683748367095 8.893093 246
1683748367165 8.893093 247
1683748367229 8.893093 248
1683748367295 8.893093 249
1683748367361 8.893093 250
