1684478652644 1.8654271 1
1684478652722 1.7677267 2
1684478652800 1.6785089 3
1684478652863 1.6058289 4
1684478652925 1.5376034 5
1684478653003 1.4667614 6
1684478653066 1.3908067 7
1684478653128 1.3103113 8
1684478653207 1.2276857 9
1684478653269 1.1461062 10
1684478653347 1.0687013 11
1684478653410 0.9980392 12
1684478653488 0.9358925 13
1684478653550 0.883203 14
1684478653628 0.8401729 15
1684478653691 0.8064207 16
1684478653769 0.7811558 17
1684478653832 0.7633444 18
1684478653910 0.75185096 19
1684478653972 0.74554807 20
1684478654082 0.7433944 21
1684478654144 0.7444838 22
1684478654206 0.7480715 23
1684478654285 0.7535809 24
1684478654347 0.7605995 25
1684478654425 0.7688629 26
1684478654488 0.7782396 27
1684478654550 0.78870326 28
1684478654628 0.8003094 29
1684478654691 0.8131735 30
1684478654754 0.8274485 31
1684478654832 0.8433066 32
1684478654894 0.86092234 33
1684478654957 0.8804523 34
1684478655035 0.9020307 35
1684478655098 0.9257611 36
1684478655160 0.9517096 37
1684478655223 0.9799009 38
1684478655301 1.0103166 39
1684478655363 1.0428946 40
1684478655426 1.0775309 41
1684478655488 1.1140819 42
1684478655566 1.1523682 43
1684478655629 1.1921793 44
1684478655691 1.2332786 45
1684478655769 1.2754086 46
1684478655832 1.3182979 47
1684478655894 1.361666 48
1684478655973 1.4052057 49
1684478656035 1.4486203 50
1684478656098 1.4916279 51
1684478656176 1.5339651 52
1684478656238 1.5753877 53
1684478656301 1.6156745 54
1684478656379 1.6546272 55
1684478656441 1.6920732 56
1684478656504 1.7278663 57
1684478656566 1.7618873 58
1684478656644 1.7940444 59
1684478656707 1.8242724 60
1684478656769 1.8525373 61
1684478656848 1.878829 62
1684478656910 1.9031605 63
1684478656973 1.9255676 64
1684478657051 1.9461076 65
1684478657113 1.9648936 66
1684478657176 1.9820421 67
1684478657254 1.9976768 68
1684478657316 2.0119283 69
1684478657394 2.024932 70
1684478657457 2.036827 71
1684478657519 2.0477495 72
1684478657582 2.0578284 73
1684478657660 2.0671809 74
1684478657723 2.0759082 75
1684478657785 2.0840955 76
1684478657863 2.0918107 77
1684478657926 2.0991077 78
1684478657988 2.1060286 79
1684478658066 2.1126046 80
1684478658129 2.1188607 81
1684478658207 2.1248152 82
1684478658269 2.130484 83
1684478658332 2.1358802 84
1684478658410 2.1410148 85
1684478658473 2.1458993 86
1684478658535 2.1505454 87
1684478658598 2.1549647 88
1684478658676 2.1591709 89
1684478658738 2.1631775 90
1684478658816 2.1669998 91
1684478658879 2.1706553 92
1684478658941 2.174161 93
1684478659019 2.177536 94
1684478659082 2.1807997 95
1684478659144 2.1839724 96
1684478659223 2.1870732 97
1684478659285 2.1901221 98
1684478659348 2.1931386 99
1684478659410 2.1961539 100
1684478659488 2.199192 101
1684478659551 2.2022696 102
1684478659629 2.2053998 103
1684478659707 2.208593 104
1684478659785 2.2118564 105
1684478659848 2.2151961 106
1684478659910 2.2186165 107
1684478659973 2.2221205 108
1684478660051 2.225711 109
1684478660113 2.2293892 110
1684478660176 2.2331562 111
1684478660238 2.2370129 112
1684478660316 2.2409596 113
1684478660379 2.244997 114
1684478660441 2.2491255 115
1684478660519 2.2533457 116
1684478660582 2.257659 117
1684478660644 2.2620654 118
1684478660723 2.2665665 119
1684478660816 2.2711637 120
1684478660894 2.2758582 121
1684478660957 2.280652 122
1684478661019 2.285547 123
1684478661098 2.2905445 124
1684478661160 2.2956471 125
1684478661238 2.3008468 126
1684478661301 2.3061404 127
1684478661363 2.3115268 128
1684478661441 2.3170056 129
1684478661504 2.322577 130
1684478661566 2.3282428 131
1684478661644 2.3340032 132
1684478661707 2.3398595 133
1684478661769 2.3458123 134
1684478661832 2.3518627 135
1684478661910 2.3580112 136
1684478661973 2.3642592 137
1684478662035 2.3706071 138
1684478662113 2.3770552 139
1684478662176 2.3836038 140
1684478662254 2.390253 141
1684478662316 2.3970032 142
1684478662379 2.403854 143
1684478662441 2.4108047 144
1684478662519 2.4178548 145
1684478662582 2.4250045 146
1684478662644 2.4322517 147
1684478662723 2.4395957 148
1684478662785 2.4470356 149
1684478662863 2.4545696 150
1684478662926 2.4621964 151
1684478662988 2.4699144 152
1684478663051 2.477722 153
1684478663113 2.485617 154
1684478663191 2.4935977 155
1684478663254 2.5016627 156
1684478663316 2.5098095 157
1684478663394 2.518036 158
1684478663457 2.52634 159
1684478663519 2.53472 160
1684478663582 2.5431736 161
1684478663660 2.5516987 162
1684478663723 2.5602937 163
1684478663785 2.568956 164
1684478663848 2.5776837 165
1684478663926 2.5864754 166
1684478663988 2.5953288 167
1684478664051 2.604242 168
1684478664113 2.6132133 169
1684478664191 2.622241 170
1684478664254 2.6313236 171
1684478664316 2.6404593 172
1684478664379 2.649646 173
1684478664457 2.6588829 174
1684478664519 2.6681683 175
1684478664582 2.6775007 176
1684478664644 2.6868787 177
1684478664722 2.696301 178
1684478664785 2.7057662 179
1684478664863 2.715273 180
1684478664926 2.7248201 181
1684478664988 2.7344065 182
1684478665066 2.744031 183
1684478665129 2.753692 184
1684478665191 2.7633886 185
1684478665269 2.77312 186
1684478665332 2.7828841 187
1684478665394 2.7926807 188
1684478665472 2.8025079 189
1684478665535 2.812365 190
1684478665597 2.8222508 191
1684478665676 2.8321643 192
1684478665738 2.842104 193
1684478665801 2.8520684 194
1684478665863 2.8620572 195
1684478665941 2.872069 196
1684478666004 2.882102 197
1684478666066 2.8921554 198
1684478666144 2.9022284 199
1684478666207 2.9123192 200
1684478666285 2.922427 201
1684478666347 2.932551 202
1684478666410 2.9426894 203
1684478666488 2.9528418 204
1684478666551 2.963007 205
1684478666613 2.9731836 206
1684478666676 2.9833708 207
1684478666754 2.9935677 208
1684478666816 3.0037737 209
1684478666879 3.0139875 210
1684478666957 3.024209 211
1684478667019 3.0344367 212
1684478667082 3.044671 213
1684478667160 3.0549107 214
1684478667223 3.065156 215
1684478667285 3.075406 216
1684478667473 3.0856607 217
1684478667535 3.09592 218
1684478667598 3.1061842 219
1684478667676 3.1164532 220
1684478667738 3.126727 221
1684478667832 3.1370063 222
1684478667894 3.147291 223
1684478667973 3.1575818 224
1684478668035 3.1678786 225
1684478668098 3.1781833 226
1684478668160 3.1884954 227
1684478668238 3.1988156 228
1684478668301 3.2091448 229
1684478668363 3.2194836 230
1684478668426 3.2298322 231
1684478668504 3.240192 232
1684478668566 3.2505627 233
1684478668629 3.2609458 234
1684478668785 3.2713408 235
1684478668926 3.2817488 236
1684478669019 3.2921698 237
1684478669098 3.3026042 238
1684478669160 3.3130524 239
1684478669238 3.3235142 240
1684478669301 3.3339903 241
1684478669363 3.34448 242
1684478669441 3.3549843 243
1684478669504 3.3655024 244
1684478669566 3.376034 245
1684478669644 3.3865795 246
1684478669707 3.3971384 247
1684478669769 3.4077098 248
1684478669848 3.4182947 249
1684478669910 3.4288917 250
