1684475452767 1.8113761 1
1684475452846 1.713059 2
1684475452908 1.6236053 3
1684475452986 1.5509416 4
1684475453049 1.4828457 5
1684475453127 1.412215 6
1684475453189 1.3365619 7
1684475453268 1.2564889 8
1684475453330 1.1744481 9
1684475453408 1.0936611 10
1684475453471 1.0172958 11
1684475453549 0.9479463 12
1684475453611 0.88737524 13
1684475453689 0.836469 14
1684475453767 0.795335 15
1684475453846 0.76347446 16
1684475453908 0.73997843 17
1684475453986 0.72370535 18
1684475454064 0.71344256 19
1684475454143 0.7080194 20
1684475454221 0.7063806 21
1684475454283 0.70763016 22
1684475454361 0.7110518 23
1684475454439 0.7161078 24
1684475454502 0.722427 25
1684475454580 0.72978485 26
1684475454643 0.7380782 27
1684475454721 0.7472956 28
1684475454783 0.75749624 29
1684475454861 0.76878476 30
1684475454924 0.7812903 31
1684475455002 0.7951466 32
1684475455064 0.81047595 33
1684475455142 0.82737684 34
1684475455205 0.84591365 35
1684475455283 0.8661109 36
1684475455346 0.88794917 37
1684475455424 0.9113684 38
1684475455486 0.93626475 39
1684475455549 0.96249336 40
1684475455627 0.98987365 41
1684475455689 1.0181952 42
1684475455752 1.0472249 43
1684475455830 1.0766984 44
1684475455892 1.1063486 45
1684475455955 1.1359129 46
1684475456033 1.1651403 47
1684475456111 1.1937966 48
1684475456174 1.2216711 49
1684475456252 1.2485801 50
1684475456314 1.2743704 51
1684475456392 1.2989212 52
1684475456455 1.3221443 53
1684475456518 1.3439838 54
1684475456596 1.3644142 55
1684475456658 1.3834383 56
1684475456721 1.4010837 57
1684475456799 1.4173985 58
1684475456861 1.4324484 59
1684475456939 1.4463124 60
1684475457002 1.4590782 61
1684475457064 1.470839 62
1684475457143 1.4816911 63
1684475457205 1.4917295 64
1684475457268 1.5010475 65
1684475457346 1.509732 66
1684475457408 1.517865 67
1684475457486 1.5255206 68
1684475457549 1.5327642 69
1684475457611 1.5396546 70
1684475457689 1.5462419 71
1684475457752 1.5525696 72
1684475457814 1.558675 73
1684475457893 1.5645888 74
1684475457955 1.5703366 75
1684475458033 1.5759395 76
1684475458096 1.581414 77
1684475458174 1.5867732 78
1684475458252 1.5920267 79
1684475458314 1.5971818 80
1684475458393 1.6022229 81
1684475458455 1.6071644 82
1684475458533 1.6120167 83
1684475458596 1.6167871 84
1684475458674 1.6214814 85
1684475458736 1.6261053 86
1684475458814 1.6306638 87
1684475458893 1.6351631 88
1684475458955 1.6396098 89
1684475459033 1.6440113 90
1684475459096 1.6483564 91
1684475459158 1.6526623 92
1684475459236 1.6569426 93
1684475459299 1.6612091 94
1684475459361 1.6654711 95
1684475459439 1.6697366 96
1684475459502 1.6740135 97
1684475459580 1.6783078 98
1684475459642 1.6826079 99
1684475459721 1.6869272 100
1684475459799 1.6912762 101
1684475459861 1.6956617 102
1684475459939 1.7000889 103
1684475460002 1.7045612 104
1684475460080 1.709081 105
1684475460299 1.7136507 106
1684475460424 1.7182534 107
1684475460486 1.7228994 108
1684475460564 1.727594 109
1684475460627 1.732341 110
1684475460705 1.7371421 111
1684475460767 1.7419976 112
1684475460846 1.7469072 113
1684475460908 1.7518713 114
1684475460971 1.7568883 115
1684475461049 1.7619576 116
1684475461111 1.7670786 117
1684475461174 1.7722319 118
1684475461252 1.777426 119
1684475461314 1.7826655 120
1684475461377 1.7879531 121
1684475461455 1.7932899 122
1684475461580 1.7986759 123
1684475461643 1.8041112 124
1684475461721 1.8095958 125
1684475461783 1.815129 126
1684475461861 1.8207103 127
1684475461939 1.8263392 128
1684475462002 1.832015 129
1684475462080 1.8377372 130
1684475462142 1.8435049 131
1684475462221 1.8493173 132
1684475462299 1.8551736 133
1684475462361 1.8610729 134
1684475462439 1.8670144 135
1684475462517 1.8729972 136
1684475462580 1.87902 137
1684475462642 1.8850821 138
1684475462721 1.8911824 139
1684475462783 1.89732 140
1684475462855 1.9034939 141
1684475462933 1.909703 142
1684475463011 1.9159461 143
1684475463202 1.9222225 144
1684475463327 1.928531 145
1684475463390 1.9348707 146
1684475463468 1.9412408 147
1684475463546 1.9476401 148
1684475463609 1.9540678 149
1684475463687 1.960523 150
1684475463749 1.9670051 151
1684475463827 1.9735131 152
1684475463890 1.9800463 153
1684475463952 1.9866037 154
1684475464030 1.993185 155
1684475464093 1.9997895 156
1684475464171 2.0064163 157
1684475464234 2.0130649 158
1684475464296 2.0197349 159
1684475464374 2.0264258 160
1684475464437 2.0331368 161
1684475464515 2.0398679 162
1684475464577 2.0466182 163
1684475464640 2.0533876 164
1684475464718 2.0601754 165
1684475464780 2.0669813 166
1684475464859 2.0738053 167
1684475464921 2.0806465 168
1684475464999 2.0875053 169
1684475465062 2.0943804 170
1684475465124 2.101272 171
1684475465202 2.1081803 172
1684475465265 2.1151042 173
1684475465327 2.1220438 174
1684475465405 2.128999 175
1684475465468 2.1359692 176
1684475465546 2.1429543 177
1684475465609 2.1499538 178
1684475465671 2.1569679 179
1684475465749 2.1639957 180
1684475465812 2.1710382 181
1684475465874 2.1780941 182
1684475465952 2.1851637 183
1684475466015 2.192247 184
1684475466093 2.1993434 185
1684475466155 2.2064533 186
1684475466234 2.2135763 187
1684475466296 2.2207127 188
1684475466359 2.2278624 189
1684475466437 2.235025 190
1684475466499 2.2422009 191
1684475466562 2.2493901 192
1684475466640 2.2565928 193
1684475466702 2.263809 194
1684475466780 2.271039 195
1684475466843 2.278283 196
1684475466921 2.285541 197
1684475466984 2.2928135 198
1684475467062 2.3001008 199
1684475467124 2.3074033 200
1684475467187 2.314721 201
1684475467265 2.3220544 202
1684475467327 2.3294039 203
1684475467405 2.3367696 204
1684475467468 2.3441525 205
1684475467530 2.3515522 206
1684475467609 2.3589702 207
1684475467671 2.366406 208
1684475467749 2.3738604 209
1684475467812 2.3813336 210
1684475467890 2.388826 211
1684475467968 2.396338 212
1684475468030 2.4038706 213
1684475468093 2.4114232 214
1684475468171 2.4189968 215
1684475468234 2.4265914 216
1684475468296 2.4342077 217
1684475468562 2.4418457 218
1684475468624 2.4495056 219
1684475468702 2.4571877 220
1684475468765 2.464892 221
1684475468843 2.472619 222
1684475468905 2.4803686 223
1684475468984 2.4881413 224
1684475469046 2.4959369 225
1684475469109 2.503755 226
1684475469187 2.5115967 227
1684475469249 2.5194612 228
1684475469312 2.5273483 229
1684475469390 2.5352585 230
1684475469452 2.5431914 231
1684475469515 2.551147 232
1684475469593 2.559125 233
1684475469655 2.5671253 234
1684475469734 2.5751476 235
1684475469796 2.583192 236
1684475469859 2.591258 237
1684475469937 2.5993452 238
1684475469999 2.6074536 239
1684475470077 2.615583 240
1684475470155 2.6237323 241
1684475470218 2.6319022 242
1684475470296 2.6400914 243
1684475470374 2.6483002 244
1684475470452 2.656528 245
1684475470515 2.6647744 246
1684475470593 2.6730387 247
1684475470655 2.6813211 248
1684475470718 2.689621 249
1684475470796 2.6979375 250
