1684478387337 1.7812891 1
1684478387431 1.6825271 2
1684478387509 1.5925043 3
1684478387587 1.519336 4
1684478387665 1.4507502 5
1684478387743 1.3795866 6
1684478387821 1.303328 7
1684478387899 1.2225667 8
1684478387977 1.139757 9
1684478388056 1.0581232 10
1684478388134 0.98083013 11
1684478388212 0.91046345 12
1684478388290 0.84878993 13
1684478388384 0.79672855 14
1684478388462 0.75444937 15
1684478388540 0.72153723 16
1684478388618 0.6971724 17
1684478388696 0.68030053 18
1684478388774 0.6697761 19
1684478388853 0.664471 20
1684478388931 0.6633516 21
1684478389009 0.6655259 22
1684478389087 0.67026657 23
1684478389165 0.6770174 24
1684478389243 0.68538606 25
1684478389321 0.69512963 26
1684478389399 0.7061342 27
1684478389478 0.7183925 28
1684478389556 0.7319803 29
1684478389634 0.74703383 30
1684478389712 0.7637278 31
1684478389790 0.78225625 32
1684478389868 0.8028157 33
1684478389946 0.8255905 34
1684478390024 0.85074157 35
1684478390103 0.8783972 36
1684478390181 0.9086467 37
1684478390259 0.94153523 38
1684478390337 0.97706103 39
1684478390415 1.0151737 40
1684478390478 1.055774 41
1684478390571 1.0987213 42
1684478390634 1.143826 43
1684478390712 1.1908519 44
1684478390806 1.2395203 45
1684478390884 1.2895145 46
1684478390962 1.340485 47
1684478391040 1.392056 48
1684478391118 1.4438329 49
1684478391196 1.4954094 50
1684478391274 1.5463772 51
1684478391352 1.5963346 52
1684478391431 1.6448951 53
1684478391509 1.6916959 54
1684478391571 1.7364028 55
1684478391649 1.7787156 56
1684478391728 1.8183795 57
1684478391806 1.8551886 58
1684478391884 1.8889921 59
1684478391962 1.9196969 60
1684478392056 1.9472686 61
1684478392118 1.9717289 62
1684478392196 1.9931511 63
1684478392274 2.0116534 64
1684478392352 2.027392 65
1684478392431 2.0405788 66
1684478392509 2.0514297 67
1684478392587 2.0601597 68
1684478392665 2.0669806 69
1684478392743 2.0721047 70
1684478392821 2.0757391 71
1684478392899 2.078086 72
1684478392977 2.0793357 73
1684478393056 2.0796676 74
1684478393134 2.079245 75
1684478393212 2.078217 76
1684478393290 2.076718 77
1684478393368 2.074868 78
1684478393446 2.072775 79
1684478393524 2.0705342 80
1684478393603 2.068231 81
1684478393681 2.0659394 82
1684478393759 2.063724 83
1684478393837 2.0616407 84
1684478393915 2.059736 85
1684478393993 2.0580482 86
1684478394071 2.0566082 87
1684478394149 2.0554385 88
1684478394274 2.054555 89
1684478394352 2.0539675 90
1684478394415 2.05368 91
1684478394493 2.0536919 92
1684478394571 2.054 93
1684478394649 2.054597 94
1684478394737 2.0554752 95
1684478394816 2.056624 96
1684478394894 2.0580332 97
1684478394972 2.0596914 98
1684478395050 2.0615866 99
1684478395128 2.0637076 100
1684478395206 2.066043 101
1684478395284 2.0685809 102
1684478395362 2.071311 103
1684478395441 2.0742226 104
1684478395519 2.0773058 105
1684478395597 2.0805523 106
1684478395675 2.083953 107
1684478395753 2.087501 108
1684478395831 2.091189 109
1684478395909 2.0950112 110
1684478395987 2.0989623 111
1684478396066 2.103038 112
1684478396144 2.107234 113
1684478396222 2.1115475 114
1684478396300 2.115975 115
1684478396362 2.1205146 116
1684478396441 2.125164 117
1684478396519 2.129922 118
1684478396722 2.134787 119
1684478396800 2.139758 120
1684478396878 2.144834 121
1684478396956 2.1500144 122
1684478397034 2.155298 123
1684478397112 2.1606846 124
1684478397191 2.1661735 125
1684478397269 2.171764 126
1684478397347 2.1774554 127
1684478397425 2.1832476 128
1684478397503 2.189139 129
1684478397581 2.1951294 130
1684478397659 2.2012177 131
1684478397737 2.207403 132
1684478397816 2.2136846 133
1684478397894 2.2200608 134
1684478398019 2.2265217 135
1684478398097 2.2330637 136
1684478398175 2.2396927 137
1684478398253 2.2464037 138
1684478398331 2.2531955 139
1684478398409 2.2600734 140
1684478398487 2.267033 141
1684478398581 2.2740717 142
1684478398659 2.2811882 143
1684478398722 2.288381 144
1684478398816 2.29565 145
1684478398878 2.3029938 146
1684478398956 2.3104115 147
1684478399034 2.3179026 148
1684478399128 2.3254657 149
1684478399206 2.333099 150
1684478399284 2.340802 151
1684478399378 2.3485727 152
1684478399456 2.3564098 153
1684478399550 2.3643122 154
1684478399628 2.372255 155
1684478399706 2.3802276 156
1684478399784 2.3882463 157
1684478399862 2.3963203 158
1684478399925 2.4044342 159
1684478400019 2.412581 160
1684478400097 2.4207578 161
1684478400175 2.428966 162
1684478400237 2.4372077 163
1684478400316 2.445486 164
1684478400394 2.4538035 165
1684478400472 2.462164 166
1684478400550 2.4705696 167
1684478400628 2.4790227 168
1684478400706 2.4875252 169
1684478400769 2.4960794 170
1684478400862 2.5046856 171
1684478400941 2.5133452 172
1684478401019 2.5220585 173
1684478401097 2.5308256 174
1684478401175 2.5396466 175
1684478401253 2.5485213 176
1684478401331 2.5574484 177
1684478401409 2.5664282 178
1684478401487 2.575459 179
1684478401566 2.5845404 180
1684478401644 2.5936713 181
1684478401722 2.6028507 182
1684478401800 2.6120772 183
1684478401878 2.6213498 184
1684478401941 2.6306674 185
1684478402034 2.640029 186
1684478402112 2.6494312 187
1684478402175 2.6588733 188
1684478402253 2.668353 189
1684478402331 2.6778705 190
1684478402409 2.6874242 191
1684478402487 2.6970134 192
1684478402566 2.706637 193
1684478402644 2.716294 194
1684478402722 2.7259846 195
1684478402800 2.7357066 196
1684478402862 2.7454596 197
1684478402941 2.7552428 198
1684478403019 2.7650557 199
1684478403097 2.774897 200
1684478403175 2.7847662 201
1684478403253 2.794662 202
1684478403331 2.8045845 203
1684478403409 2.8145325 204
1684478403487 2.8245058 205
1684478403566 2.8345034 206
1684478403644 2.8445253 207
1684478403722 2.8545706 208
1684478403800 2.864639 209
1684478403878 2.87473 210
1684478403956 2.884843 211
1684478404034 2.8949778 212
1684478404112 2.905134 213
1684478404191 2.9153109 214
1684478404269 2.9255085 215
1684478404347 2.935726 216
1684478404425 2.9459631 217
1684478404503 2.9562197 218
1684478404581 2.966495 219
1684478404659 2.9767883 220
1684478404744 2.9870996 221
1684478404940 2.9974284 222
1684478405018 3.0077739 223
1684478405096 3.0181358 224
1684478405174 3.0285134 225
1684478405253 3.0389059 226
1684478405331 3.0493135 227
1684478405409 3.0597348 228
1684478405487 3.0701697 229
1684478405549 3.0806172 230
1684478405628 3.091077 231
1684478405706 3.1015484 232
1684478405800 3.1120307 233
1684478405878 3.1225233 234
1684478405956 3.1330252 235
1684478406034 3.143536 236
1684478406112 3.1540554 237
1684478406190 3.1645825 238
1684478406268 3.1751163 239
1684478406346 3.185656 240
1684478406424 3.1962018 241
1684478406503 3.2067523 242
1684478406581 3.2173069 243
1684478406659 3.2278655 244
1684478406737 3.238427 245
1684478406815 3.248991 246
1684478406893 3.2595568 247
1684478406971 3.2701232 248
1684478407049 3.280691 249
1684478407128 3.2912583 250
