1684477013440 1.8957839 1
1684477013534 1.7904077 2
1684477013612 1.6938901 3
1684477013690 1.6141568 4
1684477013752 1.5385613 5
1684477013831 1.4596596 6
1684477013893 1.3746958 7
1684477013971 1.2840723 8
1684477014049 1.1901425 9
1684477014112 1.0961571 10
1684477014174 1.0054346 11
1684477014252 0.92080534 12
1684477014331 0.8443202 13
1684477014393 0.7771707 14
1684477014471 0.7197522 15
1684477014534 0.67180765 16
1684477014612 0.6326055 17
1684477014674 0.60111916 18
1684477014737 0.5761846 19
1684477014815 0.55662596 20
1684477014877 0.54134464 21
1684477014940 0.52937734 22
1684477015018 0.5199183 23
1684477015096 0.51232505 24
1684477015159 0.5061078 25
1684477015237 0.500911 26
1684477015299 0.4964924 27
1684477015377 0.49270302 28
1684477015440 0.48946908 29
1684477015502 0.48677707 30
1684477015565 0.4846605 31
1684477015643 0.4831891 32
1684477015705 0.48245806 33
1684477015768 0.48257846 34
1684477015846 0.48366836 35
1684477015924 0.4858443 36
1684477016002 0.4892146 37
1684477016065 0.49387294 38
1684477016127 0.49989444 39
1684477016205 0.50733185 40
1684477016268 0.5162138 41
1684477016330 0.52654314 42
1684477016409 0.5382978 43
1684477016471 0.55143017 44
1684477016549 0.56587005 45
1684477016612 0.5815253 46
1684477016674 0.5982857 47
1684477016752 0.61602473 48
1684477016815 0.6346046 49
1684477016877 0.6538784 50
1684477016955 0.67369485 51
1684477017034 0.6939017 52
1684477017096 0.714349 53
1684477017159 0.7348925 54
1684477017221 0.7553966 55
1684477017299 0.7757362 56
1684477017362 0.7957987 57
1684477017440 0.81548536 58
1684477017502 0.8347112 59
1684477017565 0.8534063 60
1684477017643 0.87151414 61
1684477017705 0.88899183 62
1684477017768 0.9058094 63
1684477017830 0.92194754 64
1684477017909 0.93739736 65
1684477017971 0.9521586 66
1684477018034 0.96623826 67
1684477018112 0.97964954 68
1684477018174 0.99240994 69
1684477018237 1.0045409 70
1684477018315 1.0160662 71
1684477018377 1.0270115 72
1684477018455 1.0374031 73
1684477018518 1.0472677 74
1684477018596 1.056632 75
1684477018659 1.0655223 76
1684477018721 1.0739639 77
1684477018799 1.0819806 78
1684477018862 1.089596 79
1684477018940 1.0968316 80
1684477019002 1.103708 81
1684477019065 1.1102443 82
1684477019143 1.1164582 83
1684477019205 1.1223662 84
1684477019268 1.1279836 85
1684477019330 1.1333241 86
1684477019409 1.1384009 87
1684477019471 1.1432248 88
1684477019534 1.1478038 89
1684477019612 1.1521435 90
1684477019674 1.1562485 91
1684477019737 1.1601238 92
1684477019815 1.1637745 93
1684477019877 1.1672065 94
1684477019940 1.1704262 95
1684477020018 1.1734405 96
1684477020080 1.1762564 97
1684477020159 1.1788815 98
1684477020221 1.1813233 99
1684477020284 1.1835895 100
1684477020362 1.1856883 101
1684477020424 1.1876278 102
1684477020487 1.1894164 103
1684477020565 1.1910623 104
1684477020627 1.1925747 105
1684477020690 1.1939633 106
1684477020768 1.1952369 107
1684477020830 1.1964042 108
1684477020893 1.1974735 109
1684477020955 1.1984519 110
1684477021034 1.1993463 111
1684477021096 1.2001626 112
1684477021159 1.2009064 113
1684477021237 1.2015823 114
1684477021299 1.2021946 115
1684477021362 1.2027473 116
1684477021487 1.2032442 117
1684477021659 1.2036884 118
1684477021721 1.204083 119
1684477021799 1.2044442 120
1684477021862 1.2047656 121
1684477021924 1.2050447 122
1684477021987 1.2052816 123
1684477022065 1.2054915 124
1684477022127 1.2056675 125
1684477022190 1.205807 126
1684477022268 1.2059243 127
1684477022330 1.2060113 128
1684477022393 1.2060657 129
1684477022471 1.2061014 130
1684477022534 1.2061108 131
1684477022596 1.2061062 132
1684477022659 1.2060776 133
1684477022737 1.2060366 134
1684477022799 1.2059729 135
1684477022862 1.2058836 136
1684477022924 1.2057831 137
1684477023002 1.2056634 138
1684477023065 1.2055373 139
1684477023127 1.205395 140
1684477023205 1.2052337 141
1684477023268 1.2050673 142
1684477023330 1.2048881 143
1684477023409 1.204708 144
1684477023471 1.2045174 145
1684477023534 1.2043134 146
1684477023596 1.2040954 147
1684477023674 1.2038783 148
1684477023737 1.2036557 149
1684477023971 1.203425 150
1684477024112 1.203186 151
1684477024174 1.2029397 152
1684477024252 1.2027009 153
1684477024315 1.20246 154
1684477024393 1.2022147 155
1684477024455 1.201964 156
1684477024534 1.2017063 157
1684477024596 1.2014434 158
1684477024674 1.2011752 159
1684477024737 1.2009039 160
1684477024815 1.2006295 161
1684477024877 1.2003539 162
1684477024940 1.200077 163
1684477025018 1.1997992 164
1684477025081 1.1995225 165
1684477025237 1.1992464 166
1684477025346 1.1989715 167
1684477025409 1.1986979 168
1684477025487 1.1984255 169
1684477025549 1.1981548 170
1684477025612 1.1978861 171
1684477025674 1.1976199 172
1684477025753 1.1973568 173
1684477025815 1.1970975 174
1684477025893 1.1968427 175
1684477025956 1.196593 176
1684477026018 1.1963493 177
1684477026096 1.1961117 178
1684477026159 1.1958811 179
1684477026221 1.1956578 180
1684477026299 1.1954423 181
1684477026362 1.195235 182
1684477026424 1.1950357 183
1684477026503 1.1948451 184
1684477026565 1.1946628 185
1684477026643 1.1944894 186
1684477026706 1.1943246 187
1684477026768 1.1941686 188
1684477026846 1.194021 189
1684477026909 1.1938821 190
1684477026971 1.1937518 191
1684477027049 1.1936297 192
1684477027112 1.1935161 193
1684477027174 1.1934106 194
1684477027237 1.1933132 195
1684477027315 1.193224 196
1684477027378 1.1931424 197
1684477027440 1.1930684 198
1684477027518 1.1930013 199
1684477027581 1.192941 200
1684477027643 1.1928866 201
1684477027721 1.192838 202
1684477027799 1.1927948 203
1684477027862 1.1927565 204
1684477027940 1.1927232 205
1684477028003 1.1926942 206
1684477028065 1.1926696 207
1684477028143 1.1926491 208
1684477028206 1.1926327 209
1684477028284 1.19262 210
1684477028346 1.1926113 211
1684477028424 1.1926062 212
1684477028487 1.1926047 213
1684477028549 1.1926066 214
1684477028628 1.1926122 215
1684477028690 1.1926209 216
1684477028753 1.1926332 217
1684477028831 1.1926486 218
1684477028893 1.1926675 219
1684477028956 1.1926898 220
1684477029034 1.1927152 221
1684477029096 1.1927441 222
1684477029159 1.1927763 223
1684477029221 1.1928118 224
1684477029299 1.1928508 225
1684477029362 1.1928933 226
1684477029424 1.192939 227
1684477029503 1.1929886 228
1684477029565 1.1930416 229
1684477029643 1.1930983 230
1684477029706 1.193159 231
1684477029768 1.1932234 232
1684477029846 1.1932919 233
1684477029909 1.1933645 234
1684477029971 1.1934413 235
1684477030049 1.1935225 236
1684477030112 1.193608 237
1684477030174 1.1936983 238
1684477030237 1.1937933 239
1684477030315 1.1938932 240
1684477030378 1.1939982 241
1684477030440 1.1941085 242
1684477030518 1.1942241 243
1684477030721 1.1943454 244
1684477030878 1.1944723 245
1684477030940 1.1946051 246
1684477031018 1.1947442 247
1684477031081 1.1948895 248
1684477031143 1.1950414 249
1684477031221 1.1951998 250
