1684476252155 1.923402 1
1684476252233 1.8207426 2
1684476252311 1.7268041 3
1684476252374 1.6499879 4
1684476252452 1.5776037 5
1684476252515 1.5022163 6
1684476252577 1.4211891 7
1684476252655 1.3351141 8
1684476252718 1.2465312 9
1684476252796 1.1587975 10
1684476252858 1.0752257 11
1684476252937 0.99853754 12
1684476252999 0.9306097 13
1684476253077 0.87243724 14
1684476253155 0.8242341 15
1684476253218 0.7856009 16
1684476253296 0.7557136 17
1684476253358 0.73350084 18
1684476253421 0.7177925 19
1684476253499 0.70743275 20
1684476253561 0.7013581 21
1684476253624 0.69864535 22
1684476253702 0.6985351 23
1684476253765 0.7004402 24
1684476253827 0.7039372 25
1684476253905 0.7087513 26
1684476253968 0.71473724 27
1684476254046 0.721856 28
1684476254108 0.730155 29
1684476254171 0.7397397 30
1684476254249 0.7507521 31
1684476254311 0.76335025 32
1684476254374 0.7776922 33
1684476254436 0.7939214 34
1684476254515 0.812155 35
1684476254577 0.83247304 36
1684476254655 0.85491574 37
1684476254718 0.8794793 38
1684476254796 0.9061147 39
1684476254858 0.9347284 40
1684476254921 0.96518487 41
1684476254999 0.9973135 42
1684476255062 1.030897 43
1684476255125 1.0656931 44
1684476255203 1.1014402 45
1684476255265 1.137865 46
1684476255328 1.174689 47
1684476255406 1.2116369 48
1684476255468 1.2484417 49
1684476255531 1.284815 50
1684476255593 1.3205026 51
1684476255672 1.3552866 52
1684476255734 1.3889844 53
1684476255797 1.421449 54
1684476255875 1.4525652 55
1684476255937 1.482249 56
1684476256015 1.5104449 57
1684476256078 1.537122 58
1684476256140 1.5622721 59
1684476256203 1.5859048 60
1684476256281 1.6080455 61
1684476256343 1.6287307 62
1684476256406 1.648006 63
1684476256468 1.6659219 64
1684476256547 1.6825333 65
1684476256609 1.697896 66
1684476256687 1.7120662 67
1684476256750 1.7251 68
1684476256812 1.7370532 69
1684476256890 1.7479812 70
1684476256953 1.7579405 71
1684476257015 1.7669882 72
1684476257093 1.7751827 73
1684476257156 1.7825835 74
1684476257218 1.789249 75
1684476257297 1.7952381 76
1684476257375 1.8006072 77
1684476257437 1.8054113 78
1684476257515 1.8097029 79
1684476257578 1.8135321 80
1684476257640 1.8169565 81
1684476257718 1.8200274 82
1684476257781 1.8227818 83
1684476257843 1.8252674 84
1684476257906 1.8275169 85
1684476257984 1.8295636 86
1684476258047 1.8314495 87
1684476258125 1.8332009 88
1684476258187 1.8348539 89
1684476258265 1.8364285 90
1684476258328 1.8379452 91
1684476258390 1.8394334 92
1684476258453 1.840907 93
1684476258531 1.8423805 94
1684476258593 1.8438774 95
1684476258656 1.8454069 96
1684476258718 1.8469791 97
1684476258797 1.8486128 98
1684476258859 1.8503138 99
1684476258922 1.8520887 100
1684476259000 1.8539448 101
1684476259281 1.8558977 102
1684476259406 1.8579495 103
1684476259484 1.8601046 104
1684476259562 1.8623748 105
1684476259625 1.8647597 106
1684476259703 1.8672608 107
1684476259765 1.8698792 108
1684476259828 1.8726159 109
1684476259906 1.8754809 110
1684476259968 1.87847 111
1684476260031 1.8815812 112
1684476260093 1.884813 113
1684476260172 1.8881627 114
1684476260234 1.8916373 115
1684476260297 1.8952302 116
1684476260375 1.898937 117
1684476260453 1.9027534 118
1684476260515 1.9066758 119
1684476260578 1.9107006 120
1684476260640 1.9148314 121
1684476260718 1.9190612 122
1684476260781 1.9233842 123
1684476260843 1.9277954 124
1684476260906 1.9322906 125
1684476260984 1.936865 126
1684476261047 1.9415154 127
1684476261109 1.9462376 128
1684476261187 1.9510355 129
1684476261250 1.9559025 130
1684476261312 1.9608331 131
1684476261390 1.965823 132
1684476261453 1.970869 133
1684476261515 1.9759672 134
1684476261578 1.9811151 135
1684476261656 1.98631 136
1684476261718 1.9915498 137
1684476261797 1.9968319 138
1684476261859 2.002154 139
1684476261922 2.0075145 140
1684476262000 2.0129118 141
1684476262062 2.0183444 142
1684476262125 2.0238104 143
1684476262203 2.0293088 144
1684476262265 2.0348458 145
1684476262343 2.0404167 146
1684476262406 2.0460196 147
1684476262468 2.051652 148
1684476262531 2.0573127 149
1684476262609 2.0630007 150
1684476262672 2.0687153 151
1684476262734 2.0744562 152
1684476262812 2.0802226 153
1684476262875 2.086014 154
1684476262953 2.09183 155
1684476263015 2.0976706 156
1684476263093 2.1035352 157
1684476263156 2.109424 158
1684476263218 2.1153367 159
1684476263297 2.1212728 160
1684476263359 2.1272328 161
1684476263422 2.1332164 162
1684476263500 2.139223 163
1684476263562 2.1452534 164
1684476263625 2.1513069 165
1684476263687 2.1573837 166
1684476263765 2.1634839 167
1684476263828 2.169607 168
1684476263890 2.175753 169
1684476263968 2.1819222 170
1684476264031 2.1881144 171
1684476264093 2.194329 172
1684476264172 2.2005665 173
1684476264234 2.2068262 174
1684476264297 2.2131083 175
1684476264375 2.2194126 176
1684476264437 2.2257385 177
1684476264515 2.2320867 178
1684476264578 2.238456 179
1684476264640 2.244847 180
1684476264718 2.2512593 181
1684476264781 2.2576926 182
1684476264859 2.2641463 183
1684476264922 2.270621 184
1684476264984 2.2771163 185
1684476265063 2.2836316 186
1684476265125 2.2901669 187
1684476265188 2.2967217 188
1684476265266 2.3032966 189
1684476265328 2.3098907 190
1684476265391 2.316504 191
1684476265469 2.3231366 192
1684476265532 2.329788 193
1684476265594 2.3364582 194
1684476265656 2.3431466 195
1684476265735 2.3498533 196
1684476265797 2.356578 197
1684476266031 2.3633208 198
1684476266141 2.3700812 199
1684476266203 2.3768587 200
1684476266266 2.3836536 201
1684476266344 2.3904657 202
1684476266407 2.3972943 203
1684476266485 2.404139 204
1684476266547 2.4110003 205
1684476266625 2.4178772 206
1684476266688 2.4247694 207
1684476266750 2.431677 208
1684476266813 2.4385996 209
1684476266891 2.4455369 210
1684476266953 2.4524882 211
1684476267016 2.4594536 212
1684476267078 2.466433 213
1684476267157 2.4734254 214
1684476267266 2.4804308 215
1684476267328 2.4874492 216
1684476267391 2.4944797 217
1684476267453 2.5015225 218
1684476267531 2.5085769 219
1684476267610 2.5156431 220
1684476267672 2.5227203 221
1684476267750 2.5298085 222
1684476267813 2.5369074 223
1684476267875 2.5440166 224
1684476267938 2.5511365 225
1684476268016 2.5582657 226
1684476268078 2.5654051 227
1684476268157 2.572554 228
1684476268219 2.5797124 229
1684476268282 2.58688 230
1684476268344 2.5940564 231
1684476268422 2.601242 232
1684476268485 2.6084366 233
1684476268547 2.6156394 234
1684476268625 2.6228511 235
1684476268688 2.6300714 236
1684476268750 2.6373 237
1684476268813 2.6445372 238
1684476268891 2.6517825 239
1684476268953 2.6590366 240
1684476269016 2.6662989 241
1684476269078 2.6735694 242
1684476269156 2.6808486 243
1684476269219 2.688136 244
1684476269282 2.6954317 245
1684476269344 2.7027364 246
1684476269422 2.7100496 247
1684476269485 2.7173715 248
1684476269563 2.724702 249
1684476269641 2.7320414 250
