1684479330479 1.9216326 1
1684479330558 1.7921319 2
1684479330620 1.6720093 3
1684479330698 1.569004 4
1684479330761 1.4697804 5
1684479330839 1.3671064 6
1684479330901 1.2590985 7
1684479330964 1.1473476 8
1684479331042 1.0353937 9
1684479331104 0.92745245 10
1684479331183 0.8274875 11
1684479331245 0.73869616 12
1684479331307 0.6632088 13
1684479331386 0.6020278 14
1684479331448 0.55509865 15
1684479331526 0.5214889 16
1684479331589 0.49961102 17
1684479331667 0.48750007 18
1684479331729 0.48304772 19
1684479331808 0.48423764 20
1684479331886 0.48928332 21
1684479331948 0.49671745 22
1684479332026 0.5054139 23
1684479332089 0.51457983 24
1684479332151 0.52370906 25
1684479332229 0.5325251 26
1684479332307 0.54091203 27
1684479332370 0.54887146 28
1684479332433 0.5564781 29
1684479332511 0.56384283 30
1684479332573 0.5710858 31
1684479332636 0.57831675 32
1684479332714 0.58562267 33
1684479332776 0.59305954 34
1684479332839 0.60064876 35
1684479332917 0.6083765 36
1684479332979 0.61619675 37
1684479333042 0.6240364 38
1684479333110 0.63180226 39
1684479333189 0.6393877 40
1684479333251 0.6466806 41
1684479333314 0.6535697 42
1684479333392 0.6599517 43
1684479333454 0.66573584 44
1684479333517 0.6708487 45
1684479333595 0.6752368 46
1684479333657 0.6788674 47
1684479333720 0.681729 48
1684479333782 0.6838294 49
1684479333860 0.68515664 50
1684479333923 0.6857279 51
1684479333985 0.6855827 52
1684479334064 0.68477726 53
1684479334126 0.68338 54
1684479334188 0.6814686 55
1684479334267 0.6791549 56
1684479334329 0.67651373 57
1684479334392 0.6736224 58
1684479334470 0.67055696 59
1684479334532 0.6673883 60
1684479334595 0.6641817 61
1684479334673 0.6609942 62
1684479334751 0.6578748 63
1684479334829 0.65486443 64
1684479334892 0.65199625 65
1684479334970 0.64929676 66
1684479335048 0.64678586 67
1684479335110 0.644478 68
1684479335173 0.64238286 69
1684479335251 0.64050555 70
1684479335314 0.63884735 71
1684479335376 0.6374066 72
1684479335454 0.6361786 73
1684479335517 0.63515663 74
1684479335579 0.6343322 75
1684479335642 0.6336953 76
1684479335720 0.63323534 77
1684479335782 0.63294095 78
1684479335845 0.6328006 79
1684479335923 0.6328026 80
1684479335985 0.6329359 81
1684479336048 0.6331894 82
1684479336126 0.63355273 83
1684479336189 0.6340161 84
1684479336251 0.63457024 85
1684479336329 0.6352067 86
1684479336392 0.63591784 87
1684479336454 0.6366966 88
1684479336532 0.63753664 89
1684479336595 0.6384323 90
1684479336657 0.6393788 91
1684479336735 0.6403715 92
1684479336798 0.64140683 93
1684479336860 0.64248157 94
1684479336939 0.64359283 95
1684479337001 0.64473844 96
1684479337079 0.64591634 97
1684479337173 0.64712495 98
1684479337251 0.648363 99
1684479337314 0.64962935 100
1684479337376 0.650923 101
1684479337438 0.6522433 102
1684479337517 0.6535896 103
1684479337579 0.65496135 104
1684479337642 0.65635794 105
1684479337720 0.657779 106
1684479337782 0.659224 107
1684479337860 0.6606924 108
1684479337923 0.6621837 109
1684479338001 0.6636974 110
1684479338064 0.6652384 111
1684479338126 0.6668029 112
1684479338204 0.66839445 113
1684479338267 0.67000794 114
1684479338329 0.6716465 115
1684479338407 0.67330444 116
1684479338470 0.6749845 117
1684479338532 0.67668116 118
1684479338610 0.6783969 119
1684479338673 0.68013215 120
1684479338735 0.68188024 121
1684479338798 0.6836431 122
1684479338876 0.68542093 123
1684479338938 0.68720686 124
1684479339001 0.6890029 125
1684479339063 0.69080925 126
1684479339142 0.69262576 127
1684479339204 0.69445133 128
1684479339267 0.696285 129
1684479339329 0.6981256 130
1684479339407 0.6999717 131
1684479339470 0.7018223 132
1684479339532 0.703676 133
1684479339610 0.7055319 134
1684479339673 0.7073887 135
1684479339735 0.70924544 136
1684479339798 0.7111012 137
1684479339876 0.712955 138
1684479339939 0.71480614 139
1684479340001 0.71665376 140
1684479340064 0.7184972 141
1684479340142 0.7203361 142
1684479340204 0.72216946 143
1684479340282 0.72399724 144
1684479340345 0.7258188 145
1684479340407 0.72763395 146
1684479340485 0.7294423 147
1684479340548 0.7312437 148
1684479340610 0.7330379 149
1684479340689 0.73482484 150
1684479340751 0.73660445 151
1684479340814 0.7383766 152
1684479340892 0.7401414 153
1684479340954 0.7418988 154
1684479341017 0.7436487 155
1684479341095 0.7453915 156
1684479341157 0.74712706 157
1684479341220 0.7488555 158
1684479341298 0.7505771 159
1684479341360 0.75229186 160
1684479341423 0.75400007 161
1684479341501 0.7557017 162
1684479341563 0.75739706 163
1684479341626 0.7590863 164
1684479341688 0.7607696 165
1684479341767 0.7624472 166
1684479341829 0.76411915 167
1684479341907 0.7657857 168
1684479341970 0.76744694 169
1684479342032 0.7691033 170
1684479342110 0.7707547 171
1684479342173 0.77240133 172
1684479342251 0.7740437 173
1684479342314 0.77568156 174
1684479342376 0.7773154 175
1684479342454 0.7789451 176
1684479342517 0.7805711 177
1684479342579 0.7821934 178
1684479342642 0.7838123 179
1684479342720 0.7854277 180
1684479342782 0.78704005 181
1684479342845 0.7886493 182
1684479342938 0.7902558 183
1684479343001 0.7918595 184
1684479343079 0.79346055 185
1684479343142 0.7950592 186
1684479343204 0.79665554 187
1684479343282 0.7982497 188
1684479343345 0.7998418 189
1684479343407 0.8014319 190
1684479343485 0.80302024 191
1684479343579 0.80460685 192
1684479343642 0.8061918 193
1684479343720 0.8077754 194
1684479343782 0.8093575 195
1684479343860 0.8109385 196
1684479343923 0.8125181 197
1684479343985 0.8140968 198
1684479344048 0.81567824 199
1684479344126 0.81726456 200
1684479344204 0.81885695 201
1684479344267 0.82045597 202
1684479344345 0.82206196 203
1684479344407 0.8236748 204
1684479344485 0.8252946 205
1684479344564 0.82692087 206
1684479344626 0.8285535 207
1684479344688 0.83019197 208
1684479344751 0.83183575 209
1684479344829 0.83348435 210
1684479344892 0.83513725 211
1684479344954 0.836794 212
1684479345017 0.8384539 213
1684479345095 0.8401164 214
1684479345157 0.84178096 215
1684479345220 0.8434471 216
1684479345282 0.8451143 217
1684479345360 0.846782 218
1684479345423 0.8484498 219
1684479345485 0.8501173 220
1684479345548 0.8517841 221
1684479345626 0.85344994 222
1684479345688 0.85511434 223
1684479345751 0.8567772 224
1684479345829 0.85843825 225
1684479345892 0.8600973 226
1684479345954 0.8617542 227
1684479346017 0.8634089 228
1684479346095 0.8650613 229
1684479346157 0.8667112 230
1684479346220 0.8683588 231
1684479346298 0.87000394 232
1684479346360 0.87164676 233
1684479346423 0.87328726 234
1684479346485 0.87492555 235
1684479346564 0.8765615 236
1684479346626 0.87819564 237
1684479346689 0.8798276 238
1684479346751 0.88145787 239
1684479346829 0.8830863 240
1684479346892 0.88471305 241
1684479346970 0.8863383 242
1684479347032 0.8879622 243
1684479347095 0.8895847 244
1684479347173 0.8912061 245
1684479347235 0.8928263 246
1684479347298 0.8944456 247
1684479347360 0.89606404 248
1684479347439 0.8976816 249
1684479347501 0.8992985 250
