1684479372546 1.8079038 1
1684479372624 1.6735914 2
1684479372687 1.5517155 3
1684479372765 1.4498644 4
1684479372828 1.3545724 5
1684479372890 1.2583345 6
1684479372968 1.158857 7
1684479373031 1.0571736 8
1684479373109 0.9561678 9
1684479373171 0.85935116 10
1684479373250 0.76997936 11
1684479373312 0.69052255 12
1684479373390 0.6224377 13
1684479373453 0.5661664 14
1684479373531 0.5212827 15
1684479373593 0.4867211 16
1684479373671 0.46102393 17
1684479373734 0.44256485 18
1684479373796 0.4297278 19
1684479373875 0.4210349 20
1684479373937 0.41522568 21
1684479374015 0.41138047 22
1684479374078 0.40865144 23
1684479374156 0.40651077 24
1684479374218 0.4046542 25
1684479374296 0.40293896 26
1684479374375 0.4013323 27
1684479374437 0.39986813 28
1684479374515 0.39861402 29
1684479374593 0.3976495 30
1684479374656 0.39705408 31
1684479374734 0.39690375 32
1684479374796 0.39727205 33
1684479374859 0.3982344 34
1684479374937 0.39987218 35
1684479375000 0.40227345 36
1684479375062 0.40552855 37
1684479375125 0.40972245 38
1684479375203 0.41492775 39
1684479375265 0.42120042 40
1684479375328 0.42857772 41
1684479375390 0.43666357 42
1684479375468 0.44558567 43
1684479375546 0.45522717 44
1684479375609 0.46573704 45
1684479375687 0.47711134 46
1684479375750 0.48929542 47
1684479375812 0.5021983 48
1684479375890 0.5157042 49
1684479375953 0.5296805 50
1684479376015 0.54398274 51
1684479376078 0.5584615 52
1684479376156 0.57296765 53
1684479376218 0.5873584 54
1684479376281 0.6015025 55
1684479376359 0.61528397 56
1684479376421 0.62860644 57
1684479376484 0.6413944 58
1684479376562 0.6535939 59
1684479376625 0.66517305 60
1684479376687 0.6761197 61
1684479376765 0.68643934 62
1684479376828 0.69615185 63
1684479376890 0.7052889 64
1684479376968 0.71388954 65
1684479377031 0.7219981 66
1684479377093 0.72966063 67
1684479377171 0.73692304 68
1684479377234 0.7438823 69
1684479377296 0.75069106 70
1684479377359 0.75740576 71
1684479377437 0.76405036 72
1684479377500 0.7706274 73
1684479377562 0.7768146 74
1684479377687 0.78284156 75
1684479377750 0.78874445 76
1684479377812 0.7945219 77
1684479377875 0.8001527 78
1684479377953 0.80543125 79
1684479378015 0.80807674 80
1684479378093 0.8100281 81
1684479378156 0.8118023 82
1684479378218 0.8136542 83
1684479378296 0.81567574 84
1684479378359 0.81788933 85
1684479378421 0.82028544 86
1684479378500 0.8228395 87
1684479378562 0.8255191 88
1684479378625 0.82828933 89
1684479378687 0.83111477 90
1684479378765 0.83396167 91
1684479378828 0.8367994 92
1684479378906 0.83960104 93
1684479378968 0.8423439 94
1684479379031 0.8450098 95
1684479379109 0.84758425 96
1684479379171 0.85005677 97
1684479379375 0.8524204 98
1684479379500 0.8546709 99
1684479379562 0.8568067 100
1684479379625 0.8588279 101
1684479379703 0.86073667 102
1684479379765 0.8625361 103
1684479379843 0.86423033 104
1684479379906 0.8658242 105
1684479379968 0.8673231 106
1684479380046 0.8687325 107
1684479380109 0.87005806 108
1684479380187 0.8713053 109
1684479380250 0.8724799 110
1684479380312 0.87358713 111
1684479380375 0.874632 112
1684479380453 0.8756192 113
1684479380515 0.87655336 114
1684479380578 0.8774384 115
1684479380656 0.87827826 116
1684479380718 0.87907624 117
1684479380781 0.8798353 118
1684479380859 0.88055843 119
1684479380921 0.88124806 120
1684479380984 0.8819064 121
1684479381062 0.88253546 122
1684479381125 0.8831371 123
1684479381187 0.88371295 124
1684479381250 0.88426447 125
1684479381328 0.884793 126
1684479381390 0.8852997 127
1684479381453 0.8857858 128
1684479381515 0.8862525 129
1684479381593 0.8867006 130
1684479381656 0.8871313 131
1684479381734 0.88754535 132
1684479381796 0.8879436 133
1684479381875 0.88832736 134
1684479381937 0.888697 135
1684479382000 0.88905364 136
1684479382078 0.8893981 137
1684479382140 0.88973117 138
1684479382218 0.8900535 139
1684479382281 0.8903661 140
1684479382343 0.8906695 141
1684479382406 0.89096457 142
1684479382484 0.8912519 143
1684479382546 0.8915323 144
1684479382609 0.89180636 145
1684479382687 0.8920746 146
1684479382750 0.8923377 147
1684479382812 0.8925962 148
1684479382875 0.89285064 149
1684479382953 0.89310133 150
1684479383015 0.89334893 151
1684479383282 0.89359367 152
1684479383360 0.8938361 153
1684479383423 0.89407647 154
1684479383501 0.8943151 155
1684479383564 0.89455235 156
1684479383642 0.8947884 157
1684479383720 0.89502347 158
1684479383782 0.8952578 159
1684479383860 0.8954916 160
1684479383923 0.89572513 161
1684479383985 0.89595836 162
1684479384048 0.89988077 163
1684479384110 0.90051603 164
1684479384189 0.90039253 165
1684479384251 0.90349543 166
1684479384314 0.9068269 167
1684479384376 0.90645814 168
1684479384579 0.90850115 169
1684479384657 0.91061544 170
1684479384735 0.91244996 171
1684479384798 0.91385996 172
1684479384860 0.91487134 173
1684479384923 0.91556096 174
1684479385001 0.91601354 175
1684479385064 0.9163029 176
1684479385126 0.9164882 177
1684479385204 0.9166136 178
1684479385267 0.91671103 179
1684479385345 0.91680217 180
1684479385407 0.916901 181
1684479385470 0.9170155 182
1684479385532 0.91714954 183
1684479385610 0.91730434 184
1684479385673 0.917479 185
1684479385735 0.91767156 186
1684479385814 0.9178797 187
1684479385876 0.91810095 188
1684479385939 0.91833264 189
1684479386017 0.9185725 190
1684479386079 0.91881835 191
1684479386142 0.9190687 192
1684479386220 0.9193217 193
1684479386282 0.9195764 194
1684479386345 0.9198314 195
1684479386407 0.9200861 196
1684479386470 0.9203397 197
1684479386548 0.9207607 198
1684479386610 0.9213812 199
1684479386673 0.9220058 200
1684479386735 0.92269343 201
1684479386814 0.9234377 202
1684479386876 0.92421114 203
1684479386939 0.9249747 204
1684479387017 0.9256933 205
1684479387079 0.92634135 206
1684479387220 0.92690504 207
1684479387360 0.9273799 208
1684479387423 0.92776966 209
1684479387501 0.9280826 210
1684479387564 0.9283304 211
1684479387626 0.9285257 212
1684479387704 0.9286809 213
1684479387767 0.9288077 214
1684479387829 0.9266048 215
1684479387907 0.9242458 216
1684479387970 0.9222425 217
1684479388032 0.9207822 218
1684479388110 0.9198549 219
1684479388173 0.9193791 220
1684479388251 0.91925466 221
1684479388314 0.9193848 222
1684479388376 0.91968644 223
1684479388454 0.9200923 224
1684479388517 0.9205507 225
1684479388579 0.9210243 226
1684479388642 0.9214874 227
1684479388720 0.92192316 228
1684479388782 0.92232144 229
1684479388845 0.92267644 230
1684479388923 0.9229847 231
1684479388985 0.9232439 232
1684479389048 0.9234514 233
1684479389110 0.92360437 234
1684479389189 0.9236983 235
1684479389251 0.923728 236
1684479389314 0.9236869 237
1684479389376 0.9235675 238
1684479389454 0.92336154 239
1684479389517 0.92306054 240
1684479389579 0.92265564 241
1684479389642 0.9221387 242
1684479389720 0.9215018 243
1684479389782 0.9207386 244
1684479389845 0.91985404 245
1684479390126 0.9188511 246
1684479390267 0.9177331 247
1684479390345 0.916505 248
1684479390407 0.915174 249
1684479390548 0.91375065 250
