1684478779677 1.7821381 1
1684478779756 1.6587867 2
1684478779818 1.5425191 3
1684478779896 1.4407146 4
1684478779959 1.3410174 5
1684478780037 1.2369328 6
1684478780099 1.1271925 7
1684478780162 1.0141299 8
1684478780240 0.9021387 9
1684478780302 0.79629934 10
1684478780365 0.70126057 11
1684478780443 0.6204882 12
1684478780506 0.5559023 13
1684478780584 0.50785637 14
1684478780646 0.47537345 15
1684478780724 0.45652735 16
1684478780787 0.4488614 17
1684478780849 0.44976163 18
1684478780927 0.45674333 19
1684478780990 0.46763095 20
1684478781052 0.48065916 21
1684478781131 0.4944991 22
1684478781193 0.5082358 23
1684478781256 0.52131504 24
1684478781334 0.5334668 25
1684478781396 0.5446286 26
1684478781474 0.5548758 27
1684478781537 0.5643621 28
1684478781599 0.57327443 29
1684478781662 0.58179986 30
1684478781740 0.59010607 31
1684478781818 0.59834766 32
1684478781896 0.60664505 33
1684478781959 0.61508095 34
1684478782021 0.62370336 35
1684478782099 0.63252985 36
1684478782162 0.6415516 37
1684478782224 0.65073776 38
1684478782287 0.6600386 39
1684478782365 0.66938984 40
1684478782427 0.6786813 41
1684478782490 0.68784606 42
1684478782568 0.69677496 43
1684478782631 0.7054055 44
1684478782693 0.7136742 45
1684478782756 0.7215185 46
1684478782818 0.7288818 47
1684478782896 0.7357163 48
1684478782959 0.7419862 49
1684478783021 0.7476684 50
1684478783099 0.7527528 51
1684478783162 0.7572414 52
1684478783224 0.761148 53
1684478783287 0.76449597 54
1684478783365 0.76731706 55
1684478783427 0.76964927 56
1684478783490 0.7715355 57
1684478783568 0.7730217 58
1684478783631 0.7741576 59
1684478783693 0.7749926 60
1684478783756 0.77557445 61
1684478783818 0.7759492 62
1684478783896 0.7761605 63
1684478783959 0.7762491 64
1684478784021 0.77625257 65
1684478784099 0.776205 66
1684478784162 0.7761367 67
1684478784224 0.77607423 68
1684478784302 0.77604055 69
1684478784381 0.77605444 70
1684478784443 0.7761315 71
1684478784537 0.77628386 72
1684478784611 0.77652025 73
1684478784689 0.776847 74
1684478784756 0.77726746 75
1684478784818 0.7777833 76
1684478784896 0.778394 77
1684478784959 0.7790974 78
1684478785021 0.7798903 79
1684478785099 0.78076863 80
1684478785162 0.7817273 81
1684478785224 0.78276086 82
1684478785302 0.78386354 83
1684478785365 0.78502953 84
1684478785427 0.78625274 85
1684478785490 0.7875275 86
1684478785568 0.7888483 87
1684478785631 0.7902098 88
1684478785709 0.791607 89
1684478785771 0.7930356 90
1684478785834 0.7944916 91
1684478785912 0.7959713 92
1684478785974 0.7974714 93
1684478786037 0.7989894 94
1684478786115 0.8005228 95
1684478786177 0.80207 96
1684478786240 0.80362916 97
1684478786318 0.8051993 98
1684478786381 0.8067793 99
1684478786459 0.8083686 100
1684478786521 0.8099667 101
1684478786584 0.8115734 102
1684478786662 0.81318855 103
1684478786724 0.81481236 104
1684478786802 0.81644475 105
1684478786865 0.81808615 106
1684478786927 0.81973696 107
1684478786990 0.8213973 108
1684478787068 0.8230679 109
1684478787131 0.824749 110
1684478787193 0.8264411 111
1684478787256 0.8281446 112
1684478788709 0.82986003 113
1684478788787 0.83158755 114
1684478788849 0.83332765 115
1684478788912 0.8350806 116
1684478788990 0.8368465 117
1684478789052 0.83862567 118
1684478789131 0.840418 119
1684478789193 0.84222364 120
1684478789256 0.84404254 121
1684478789334 0.8458749 122
1684478789396 0.84772027 123
1684478789474 0.84957874 124
1684478789537 0.8514501 125
1684478789615 0.85333425 126
1684478789677 0.8552308 127
1684478789740 0.8571398 128
1684478789818 0.859061 129
1684478789896 0.860994 130
1684478789974 0.8629387 131
1684478790037 0.864895 132
1684478790099 0.86686265 133
1684478790177 0.8688413 134
1684478790240 0.870831 135
1684478790302 0.87283146 136
1684478790381 0.8748425 137
1684478790443 0.8768643 138
1684478790506 0.8788965 139
1684478790584 0.8809391 140
1684478790646 0.8829919 141
1684478790709 0.88505507 142
1684478790787 0.8871286 143
1684478790849 0.88921225 144
1684478790912 0.8913062 145
1684478790974 0.89341044 146
1684478791052 0.8955251 147
1684478791115 0.89765006 148
1684478791177 0.8997855 149
1684478791240 0.9019315 150
1684478791318 0.90408796 151
1684478791381 0.90625507 152
1684478791459 0.90843296 153
1684478791521 0.91062146 154
1684478791584 0.9128208 155
1684478791662 0.91503084 156
1684478791724 0.9172517 157
1684478791787 0.91948336 158
1684478791865 0.92172587 159
1684478791927 0.923979 160
1684478791990 0.9262415 161
1684478792052 0.9285123 162
1684478792131 0.930791 163
1684478792193 0.93307704 164
1684478792271 0.9353701 165
1684478792349 0.93766975 166
1684478792412 0.939976 167
1684478792474 0.94228816 168
1684478792552 0.9446062 169
1684478792615 0.94692993 170
1684478792677 0.9492589 171
1684478792756 0.95159316 172
1684478792818 0.95393354 173
1684478792881 0.9562794 174
1684478792959 0.9586303 175
1684478793021 0.9609859 176
1684478793084 0.9633461 177
1684478793146 0.96571064 178
1684478793224 0.96807927 179
1684478793287 0.97045195 180
1684478793365 0.9728286 181
1684478793427 0.975209 182
1684478793490 0.9775932 183
1684478793568 0.9799808 184
1684478793631 0.9823721 185
1684478793693 0.9847667 186
1684478793756 0.98716474 187
1684478793834 0.989566 188
1684478793896 0.99197066 189
1684478793974 0.9943784 190
1684478794037 0.9967893 191
1684478794099 0.99920326 192
1684478794177 1.0016203 193
1684478794240 1.0040402 194
1684478794334 1.0064633 195
1684478794474 1.0088892 196
1684478794552 1.0113178 197
1684478794615 1.0137495 198
1684478794677 1.0161837 199
1684478794740 1.0186207 200
1684478794818 1.0210605 201
1684478794881 1.0235027 202
1684478794943 1.0259476 203
1684478795006 1.0283949 204
1684478795084 1.0308447 205
1684478795146 1.0332968 206
1684478795209 1.0357512 207
1684478795287 1.0382079 208
1684478795350 1.0406666 209
1684478795412 1.0431273 210
1684478795475 1.04559 211
1684478795553 1.0480546 212
1684478795615 1.0505208 213
1684478795678 1.0529888 214
1684478795740 1.0554583 215
1684478795818 1.0579292 216
1684478795881 1.0604013 217
1684478795943 1.0628748 218
1684478796021 1.0653492 219
1684478796084 1.0678246 220
1684478796146 1.0703007 221
1684478796225 1.0727777 222
1684478796287 1.0752552 223
1684478796365 1.077733 224
1684478796428 1.0802224 225
1684478796490 1.0827165 226
1684478796568 1.0852231 227
1684478796631 1.0877333 228
1684478796693 1.0902418 229
1684478796756 1.0927582 230
1684478796834 1.0952739 231
1684478796896 1.097797 232
1684478796959 1.100331 233
1684478797021 1.1028631 234
1684478797100 1.1053869 235
1684478797162 1.1079116 236
1684478797225 1.1104419 237
1684478797303 1.1129797 238
1684478797365 1.1155108 239
1684478797443 1.118042 240
1684478797506 1.1205757 241
1684478797568 1.1230989 242
1684478797631 1.1256189 243
1684478797709 1.1281385 244
1684478797771 1.1306598 245
1684478797849 1.1331677 246
1684478797912 1.1356697 247
1684478797990 1.1381688 248
1684478798068 1.1406667 249
1684478798146 1.1431637 250
