1683904591413 0.0037457100952862916 1
1683904591499 0.005799292615502119 2
1683904591564 0.011086883447158922 3
1683904591626 0.01662892447182651 4
1683904591689 0.020791887253024378 5
1683904591736 0.022661839441815337 6
1683904591798 0.022096135958295824 7
1683904591860 0.01970798926767572 8
1683904591923 0.016685528241778946 9
1683904591985 0.014466274639301464 10
1683904592048 0.014185094723755573 11
1683904592110 0.01619115543671476 12
1683904592173 0.020421747369336385 13
1683904592235 0.026828498225307043 14
1683904592298 0.035209263619606385 15
1683904592360 0.0451129297332255 16
1683904592423 0.05596043333762077 17
1683904592485 0.06719197308708638 18
1683904592532 0.07836234682601532 19
1683904592610 0.08918610306337782 20
1683904592673 0.09954096556568184 21
1683904592735 0.1094419671075012 22
1683904592798 0.1190019979650245 23
1683904592845 0.1283877749760826 24
1683904592907 0.1377829094551322 25
1683904592985 0.1473648662461583 26
1683904593048 0.1572900318887111 27
1683904593110 0.16768445710099 28
1683904593173 0.1786377860014504 29
1683904593220 0.19020019100967717 30
1683904593282 0.20238247108085602 31
1683904593345 0.2151587906708408 32
1683904593407 0.2284732347589043 33
1683904593464 0.2422492579879316 34
1683904593527 0.2564003057016677 35
1683904593589 0.27083933307514196 36
1683904593652 0.28548644705072646 37
1683904593714 0.30027397434218783 38
1683904593777 0.3151486725168562 39
1683904593839 0.33007072809523086 40
1683904593902 0.34501265982919593 41
1683904593949 0.3599563499725329 42
1683904594011 0.3748913204552462 43
1683904594074 0.3898131671905572 44
1683904594136 0.4047225423295784 45
1683904594199 0.419624354994804 46
1683904594246 0.43452580268421587 47
1683904594308 0.4494353398927142 48
1683904594371 0.464363732430071 49
1683904594433 0.4793239301180379 50
1683904594496 0.49433040148611024 51
1683904594558 0.5093993157579739 52
1683904594605 0.5245469408821812 53
1683904594668 0.5397890218346857 54
1683904594730 0.5551400155276627 55
1683904594777 0.5706116815791364 56
1683904594839 0.5862123181348354 57
1683904594902 0.6019458797721158 58
1683904594964 0.6178128741416717 59
1683904595027 0.633810179730393 60
1683904595074 0.6499320287235073 61
1683904595136 0.6661700104974713 62
1683904595199 0.6825133273333736 63
1683904595261 0.6989488326885175 64
1683904595308 0.7154625671391847 65
1683904595371 0.7320398485664168 66
1683904595433 0.7486671734726565 67
1683904595496 0.7653321051803622 68
1683904595558 0.782023814164181 69
1683904595605 0.7987340775128047 70
1683904595668 0.8154566150959691 71
1683904595730 0.8321882042021244 72
1683904595793 0.8489276971124072 73
1683904595855 0.8656763760350957 74
1683904595902 0.8824378382661276 75
1683904595964 0.8992170665771176 76
1683904596027 0.9160204134595067 77
1683904596089 0.9328531718467485 78
1683904596152 0.9497209033078609 79
1683904596214 0.9666282910897199 80
1683904596261 0.9835800628721747 81
1683904596324 1.00058077086367 82
1683904596386 1.017634821651145 83
1683904596449 1.0347461936588789 84
1683904596511 1.0519188265855628 85
1683904596558 1.0691561162662955 86
1683904596621 1.0864611190283289 87
1683904596683 1.1038359637612298 88
1683904596746 1.1212825404059295 89
1683904596793 1.138801717087442 90
1683904596855 1.1563940539228281 91
1683904596918 1.1740591156131557 92
1683904596980 1.1917951851283886 93
1683904597027 1.2095993727418497 94
1683904597089 1.2274684197157815 95
1683904597152 1.245397999375699 96
1683904597214 1.2633843328318122 97
1683904597261 1.2814229382683935 98
1683904597324 1.2995099526644038 99
1683904597386 1.3176412268003388 100
1683904597449 1.3358138027767161 101
1683904597511 1.354025022556644 102
1683904597574 1.3722725921938335 103
1683904597621 1.3905546018486754 104
1683904597683 1.4088703639697486 105
1683904597886 1.427218443030683 106
1683904598058 1.4455970854947924 107
1683904598136 1.464005965705506 108
1683904598214 1.4824443672519894 109
1683904598264 1.5009129188260393 110
1683904598327 1.5194124294898976 111
1683904598389 1.5379442177516032 112
1683904598452 1.5565104861847892 113
1683904598514 1.575113745034701 114
1683904598577 1.5937571662451477 115
1683904598639 1.6124440951763193 116
1683904598702 1.631178438274908 117
1683904598764 1.6499640069228576 118
1683904598811 1.6688035923004643 119
1683904598873 1.6876999630806166 120
1683904598936 1.7066556882731447 121
1683904598998 1.7256726594286627 122
1683904599061 1.7447522168267804 123
1683904599217 1.7638956464609301 124
1683904599327 1.7831031940776723 125
1683904599389 1.8023758473642633 126
1683904599436 1.821713450889034 127
1683904599498 1.841115851543861 128
1683904599561 1.8605830009643005 129
1683904599623 1.8801143338053061 130
1683904599686 1.8997095569546987 131
1683904599748 1.9193668134353354 132
1683904599811 1.9390851293970457 133
1683904599873 1.9588623769459068 134
1683904599936 1.9786970222625495 135
1683904599983 1.998586815002337 136
1683904600045 2.018530803083663 137
1683904600108 2.0385274948245486 138
1683904600170 2.0585761144099175 139
1683904600233 2.078676255233654 140
1683904600295 2.098828302279796 141
1683904600358 2.119032584195504 142
1683904600405 2.1392899725554164 143
1683904600655 2.159601912800222 144
1683904600811 2.179970165570033 145
1683904600905 2.2003970747840476 146
1683904600967 2.220884135628323 147
1683904601030 2.2414337913994524 148
1683904601108 2.2620472060414802 149
1683904601170 2.282726089094753 150
1683904601233 2.303471308837513 151
1683904601295 2.324283507898483 152
1683904601358 2.345163041815881 153
1683904601405 2.3661098741418276 154
1683904601467 2.387124222635294 155
1683904601530 2.4082044584016695 156
1683904601592 2.4293506876140736 157
1683904601655 2.450561035736078 158
1683904601717 2.4718345517007108 159
1683904601780 2.493169708107234 160
1683904601842 2.5145643414398173 161
1683904601905 2.536016237361548 162
1683904601952 2.557523230695504 163
1683904602014 2.5790825213397324 164
1683904602077 2.6006925524944386 165
1683904602139 2.6223515565204862 166
1683904602202 2.644058248110245 167
1683904602264 2.665811946563459 168
1683904602311 2.687613354414541 169
1683904602373 2.7094638658112906 170
1683904602436 2.7313644966972714 171
1683904602498 2.753317643399349 172
1683904602561 2.7753257617314633 173
1683904602623 2.7973914339448185 174
1683904602686 2.8195172204735792 175
1683904602748 2.8417047011556833 176
1683904602795 2.86395563504041 177
1683904602858 2.8862713342340713 178
1683904602920 2.9086524084424856 179
1683904602983 2.931098846373772 180
1683904603045 2.9536110061723093 181
1683904603092 2.976187641789695 182
1683904603155 2.998827893741677 183
1683904603217 3.0215311899176065 184
1683904603280 3.04429494188709 185
1683904603342 3.0671184972386683 186
1683904603389 3.089999432235893 187
1683904603452 3.112936792047332 188
1683904603514 3.135928735086823 189
1683904603577 3.1589744913617106 190
1683904603639 3.1820736738743447 191
1683904603702 3.205226624539025 192
1683904603764 3.2284333634825466 193
1683904603827 3.251695706564587 194
1683904603873 3.275014479455159 195
1683904603936 3.2983915981572856 196
1683904603998 3.3218291121906756 197
1683904604061 3.3453288475571057 198
1683904604123 3.36889343789821 199
1683904604170 3.3925240217999204 200
1683904604233 3.4162223170313357 201
1683904604295 3.4399903084829258 202
1683904604358 3.463828329177814 203
1683904604420 3.48773747024 204
1683904604483 3.511718032670267 205
1683904604530 3.5357708894338202 206
1683904604795 3.5598949095818697 207
1683904604889 3.5840906713156495 208
1683904604952 3.608357475648512 209
1683904605014 3.632694370975061 210
1683904605077 3.65710171559597 211
1683904605139 3.6815775616314332 212
1683904605202 3.7061211681538273 213
1683904605248 3.73073166248648 214
1683904605311 3.755407250796741 215
1683904605373 3.7801462140900712 216
1683904605436 3.8049474647651507 217
1683904605498 3.8298085074285675 218
1683904605561 3.8547277495992858 219
1683904605623 3.879702814277035 220
1683904605686 3.9047318370684496 221
1683904605748 3.9298131527566746 222
1683904605795 3.9549442864284026 223
1683904605858 3.9801239376547217 224
1683904606014 4.005350069389681 225
1683904606123 4.030621825135841 226
1683904606186 4.055937970579361 227
1683904606248 4.081297832865671 228
1683904606311 4.106700722351845 229
1683904606373 4.13214430165881 230
1683904606420 4.157628680738298 231
1683904606483 4.183152217872093 232
1683904606545 4.208715292367592 233
1683904606608 4.234318569907372 234
1683904606670 4.2599623245409015 235
1683904606733 4.2856476765286775 236
1683904606780 4.31137723935112 237
1683904606842 4.337147871911621 238
1683904606905 4.362959142335445 239
1683904606967 4.388810648445416 240
1683904607030 4.414704097206574 241
1683904607092 4.440640235185893 242
1683904607155 4.466622689679319 243
1683904607202 4.492653846113511 244
1683904607264 4.518738023541414 245
1683904607327 4.544878696477292 246
1683904607389 4.571081106946893 247
1683904607452 4.597349483331911 248
1683904607514 4.623688002647515 249
1683904607561 4.6501004250281115 250
