1683906454382 1.4119332 1
1683906454450 1.2325506 2
1683906454515 1.0425594 3
1683906454577 0.8616226 4
1683906454639 0.7092084 5
1683906454702 0.59626704 6
1683906454765 0.52386487 7
1683906454827 0.48555988 8
1683906454874 0.47102183 9
1683906454936 0.46939212 10
1683906454999 0.471645 11
1683906455061 0.47177356 12
1683906455124 0.466966 13
1683906455186 0.45710063 14
1683906455249 0.44389543 15
1683906455311 0.42999655 16
1683906455358 0.4181893 17
1683906455436 0.4108222 18
1683906455624 0.40945432 19
1683906455718 0.41471606 20
1683906455780 0.42631876 21
1683906455843 0.44320327 22
1683906455921 0.46377182 23
1683906455983 0.48615637 24
1683906456046 0.5084771 25
1683906456108 0.52903783 26
1683906456171 0.54651594 27
1683906456233 0.5600313 28
1683906456280 0.56915414 29
1683906456343 0.5738609 30
1683906456415 0.57445633 31
1683906456462 0.5714797 32
1683906456525 0.56560874 33
1683906456587 0.5575745 34
1683906456650 0.5480926 35
1683906456712 0.53783673 36
1683906456759 0.5273906 37
1683906456822 0.5172366 38
1683906456884 0.5077543 39
1683906456947 0.4992263 40
1683906457009 0.4918487 41
1683906457056 0.48574424 42
1683906457119 0.48097593 43
1683906457181 0.4775595 44
1683906457244 0.475473 45
1683906457306 0.47466227 46
1683906457369 0.4750426 47
1683906457431 0.47649723 48
1683906457478 0.47887495 49
1683906457540 0.4819897 50
1683906457603 0.48562342 51
1683906457665 0.48953372 52
1683906457712 0.49344873 53
1683906457775 0.49712503 54
1683906457837 0.5003545 55
1683906457900 0.5029741 56
1683906457947 0.5048698 57
1683906458009 0.5059782 58
1683906458072 0.50628406 59
1683906458134 0.50581443 60
1683906458197 0.504632 61
1683906458244 0.5028263 62
1683906458306 0.5005049 63
1683906458369 0.4977849 64
1683906458415 0.494785 65
1683906458478 0.4916192 66
1683906458540 0.48839206 67
1683906458603 0.48519525 68
1683906458665 0.4821058 69
1683906458712 0.47918534 70
1683906458775 0.4764809 71
1683906458837 0.47406465 72
1683906458900 0.47199407 73
1683906458947 0.47031313 74
1683906459009 0.46905047 75
1683906459072 0.46821845 76
1683906459134 0.46781272 77
1683906459181 0.46781236 78
1683906459244 0.46817994 79
1683906459306 0.4688623 80
1683906459369 0.46975946 81
1683906459415 0.47077984 82
1683906459478 0.47183853 83
1683906459540 0.4728611 84
1683906459603 0.4737854 85
1683906459650 0.47456193 86
1683906459712 0.4751543 87
1683906459775 0.47553894 88
1683906459822 0.4757043 89
1683906459884 0.47564968 90
1683906460650 0.47538412 91
1683906460775 0.47492433 92
1683906460837 0.4742931 93
1683906460900 0.47351757 94
1683906460962 0.47262692 95
1683906461025 0.47165143 96
1683906461087 0.47062036 97
1683906461150 0.46956122 98
1683906461212 0.4684989 99
1683906461275 0.46745485 100
1683906461337 0.46644706 101
1683906461400 0.46548957 102
1683906461462 0.4645929 103
1683906461525 0.4637639 104
1683906461587 0.4630062 105
1683906461634 0.4623207 106
1683906461697 0.46170563 107
1683906461759 0.46115696 108
1683906461822 0.46066916 109
1683906461884 0.46023524 110
1683906461947 0.45984715 111
1683906461994 0.4594965 112
1683906462056 0.45917434 113
1683906462119 0.45887205 114
1683906462181 0.4585812 115
1683906462244 0.45829412 116
1683906462306 0.458004 117
1683906462369 0.45770484 118
1683906462415 0.457392 119
1683906462478 0.45706195 120
1683906462540 0.45671225 121
1683906462603 0.45634186 122
1683906462665 0.4559505 123
1683906462712 0.45553917 124
1683906463040 0.45510945 125
1683906463181 0.4546638 126
1683906463244 0.4542052 127
1683906463306 0.45373708 128
1683906463353 0.45326322 129
1683906463415 0.4527877 130
1683906463478 0.45231467 131
1683906463540 0.4518483 132
1683906463603 0.4513926 133
1683906463665 0.4509496 134
1683906463727 0.4505217 135
1683906463790 0.45011103 136
1683906463836 0.44971985 137
1683906463899 0.44935048 138
1683906463977 0.44900534 139
1683906464039 0.4486866 140
1683906464102 0.4483965 141
1683906464164 0.44813678 142
1683906464227 0.44790912 143
1683906464274 0.4477145 144
1683906464336 0.44755372 145
1683906464399 0.44742674 146
1683906464461 0.4473331 147
1683906464524 0.4472717 148
1683906464586 0.4472409 149
1683906464633 0.4472384 150
1683906464696 0.4472615 151
1683906464758 0.44730723 152
1683906464821 0.44737205 153
1683906464883 0.44745237 154
1683906464946 0.44754434 155
1683906464993 0.44764417 156
1683906465055 0.44774804 157
1683906465118 0.4478523 158
1683906465164 0.44795346 159
1683906465227 0.44804826 160
1683906465290 0.4481338 161
1683906465352 0.4482075 162
1683906465414 0.44826707 163
1683906465477 0.4483108 164
1683906465540 0.4483372 165
1683906465586 0.44834527 166
1683906465649 0.44833434 167
1683906465711 0.44830424 168
1683906465774 0.44825506 169
1683906465836 0.4481871 170
1683906465883 0.44810128 171
1683906465946 0.44799843 172
1683906466008 0.44787976 173
1683906466071 0.44774657 174
1683906466133 0.44760028 175
1683906466180 0.44744247 176
1683906466243 0.44727457 177
1683906466305 0.44709814 178
1683906466368 0.4469146 179
1683906466430 0.44672537 180
1683906466493 0.4465317 181
1683906466540 0.44633478 182
1683906466602 0.44613555 183
1683906466664 0.44593486 184
1683906466727 0.44573352 185
1683906467399 0.44553205 186
1683906467539 0.44533077 187
1683906467633 0.44513014 188
1683906467696 0.44493026 189
1683906467758 0.44473127 190
1683906467821 0.4445331 191
1683906467883 0.4443357 192
1683906467946 0.4441389 193
1683906467993 0.44394267 194
1683906468055 0.44374675 195
1683906468118 0.44355094 196
1683906468180 0.44335508 197
1683906468243 0.44315904 198
1683906468305 0.44296262 199
1683906468368 0.44276577 200
1683906468430 0.44256836 201
1683906468477 0.4423704 202
1683906468540 0.44217187 203
1683906468602 0.4419728 204
1683906468665 0.44177324 205
1683906468727 0.44157335 206
1683906468789 0.44137323 207
1683906468852 0.44117302 208
1683906468915 0.44097292 209
1683906468961 0.4407731 210
1683906469024 0.4405738 211
1683906469086 0.4403752 212
1683906469149 0.4401775 213
1683906469211 0.43998092 214
1683906469274 0.4397856 215
1683906469321 0.43959177 216
1683906469383 0.43939957 217
1683906469446 0.4392092 218
1683906469508 0.4390207 219
1683906469571 0.43883428 220
1683906469633 0.43864995 221
1683906469680 0.43846783 222
1683906469743 0.4382879 223
1683906469805 0.43811035 224
1683906469868 0.43793505 225
1683906469915 0.43776202 226
1683906469977 0.4375913 227
1683906470040 0.4374228 228
1683906470102 0.43725657 229
1683906470149 0.43709248 230
1683906470211 0.43693054 231
1683906470274 0.4367706 232
1683906470336 0.4366126 233
1683906470383 0.43645656 234
1683906470446 0.43630236 235
1683906470508 0.4361499 236
1683906470571 0.43599916 237
1683906470633 0.43585005 238
1683906470680 0.4357025 239
1683906470743 0.43555644 240
1683906470805 0.4354118 241
1683906470868 0.43526858 242
1683906470930 0.4351267 243
1683906470993 0.4349861 244
1683906471039 0.4348468 245
1683906471102 0.43470865 246
1683906471164 0.43457174 247
1683906471227 0.43443605 248
1683906471289 0.4343015 249
1683906471336 0.4341681 250
