1683908040438 1.434878 1
1683908040503 1.2581439 2
1683908040566 1.070948 3
1683908040628 0.89197683 4
1683908040691 0.73968613 5
1683908040758 0.6242404 6
1683908040805 0.5463957 7
1683908040867 0.5000937 8
1683908040930 0.47612447 9
1683908040992 0.4652514 10
1683908041055 0.4601494 11
1683908041117 0.4561672 12
1683908041164 0.45120186 13
1683908041227 0.4451 14
1683908041289 0.43888283 15
1683908041352 0.4340174 16
1683908041414 0.4318807 17
1683908041477 0.43342322 18
1683908041539 0.43903065 19
1683908041586 0.44853792 20
1683908041649 0.4613412 21
1683908041711 0.4765551 22
1683908041774 0.49316698 23
1683908041836 0.5101926 24
1683908041898 0.5267719 25
1683908041961 0.5422254 26
1683908042008 0.55607414 27
1683908042070 0.5680326 28
1683908042133 0.57798326 29
1683908042195 0.58594346 30
1683908042258 0.59203017 31
1683908042320 0.59642684 32
1683908042367 0.5993514 33
1683908042430 0.6010245 34
1683908042487 0.60166305 35
1683908042549 0.60146743 36
1683908042612 0.6006152 37
1683908042674 0.5992577 38
1683908042721 0.59751964 39
1683908042784 0.5955008 40
1683908042846 0.5932828 41
1683908042909 0.5909277 42
1683908042956 0.5884816 43
1683908043018 0.5859772 44
1683908043081 0.58343685 45
1683908043143 0.58087504 46
1683908043206 0.5783006 47
1683908043268 0.5757185 48
1683908043331 0.5731294 49
1683908043393 0.57053506 50
1683908043456 0.5679389 51
1683908043502 0.5653467 52
1683908043565 0.56276584 53
1683908043628 0.56020486 54
1683908043690 0.55767345 55
1683908043753 0.5551816 56
1683908043831 0.5527395 57
1683908043893 0.55035675 58
1683908043956 0.54804236 59
1683908044002 0.54580426 60
1683908044065 0.54364896 61
1683908044128 0.54158187 62
1683908044190 0.53960705 63
1683908044237 0.5377269 64
1683908044299 0.53594285 65
1683908044362 0.534255 66
1683908044424 0.5326629 67
1683908044487 0.5311649 68
1683908044534 0.5297589 69
1683908044596 0.5284424 70
1683908044659 0.5272358 71
1683908044721 0.52615297 72
1683908044768 0.5252035 73
1683908044831 0.5243918 74
1683908044893 0.52371764 75
1683908044956 0.5231769 76
1683908045002 0.5227628 77
1683908045065 0.52246606 78
1683908045127 0.5222764 79
1683908045190 0.5221827 80
1683908045237 0.52217376 81
1683908045299 0.52224064 82
1683908045362 0.5223745 83
1683908045424 0.5225669 84
1683908045487 0.52280974 85
1683908045534 0.52309567 86
1683908045596 0.5234176 87
1683908045659 0.52376914 88
1683908045721 0.5241427 89
1683908045768 0.52453125 90
1683908045831 0.52492857 91
1683908045893 0.5253291 92
1683908045956 0.5257275 93
1683908046002 0.5261189 94
1683908046065 0.5264987 95
1683908046128 0.5268624 96
1683908046190 0.5272057 97
1683908046237 0.5275244 98
1683908046299 0.5278145 99
1683908046362 0.528072 100
1683908046424 0.52829325 101
1683908046471 0.5284749 102
1683908046534 0.52861416 103
1683908046596 0.52870834 104
1683908046659 0.5287559 105
1683908046706 0.52875537 106
1683908046784 0.5287065 107
1683908046831 0.5286096 108
1683908046893 0.5284656 109
1683908046956 0.52827656 110
1683908047018 0.52804494 111
1683908047081 0.5277741 112
1683908047143 0.52746785 113
1683908047206 0.5271307 114
1683908047268 0.5267674 115
1683908047331 0.52638274 116
1683908047377 0.52598214 117
1683908047440 0.52557063 118
1683908047502 0.5251533 119
1683908047565 0.524735 120
1683908047628 0.52432007 121
1683908047674 0.52391267 122
1683908047737 0.52351624 123
1683908047956 0.5231339 124
1683908048112 0.52276784 125
1683908048206 0.52242005 126
1683908048268 0.5220914 127
1683908048331 0.5217827 128
1683908048393 0.52149373 129
1683908048456 0.52122396 130
1683908048518 0.52097243 131
1683908048565 0.5207375 132
1683908048627 0.5205175 133
1683908048690 0.5203103 134
1683908048752 0.52011347 135
1683908048815 0.51992464 136
1683908048862 0.5197414 137
1683908048924 0.5195613 138
1683908048987 0.51938176 139
1683908049049 0.5192007 140
1683908049112 0.519016 141
1683908049159 0.5188259 142
1683908049221 0.51862866 143
1683908049284 0.51842326 144
1683908049346 0.51820856 145
1683908049409 0.517984 146
1683908049456 0.5177491 147
1683908049518 0.5175039 148
1683908049581 0.5172485 149
1683908049643 0.5169836 150
1683908049706 0.51670957 151
1683908049768 0.5164275 152
1683908049831 0.5161383 153
1683908049877 0.5158432 154
1683908049940 0.51554334 155
1683908050002 0.51523995 156
1683908050065 0.5149344 157
1683908050112 0.51462793 158
1683908050174 0.5143217 159
1683908050237 0.5140168 160
1683908050299 0.5137144 161
1683908050346 0.51341534 162
1683908050409 0.5131204 163
1683908050471 0.5128303 164
1683908050534 0.5125456 165
1683908050596 0.51226664 166
1683908050659 0.51199377 167
1683908050718 0.5117269 168
1683908050773 0.5114664 169
1683908050836 0.5112119 170
1683908051023 0.5109632 171
1683908051180 0.51072013 172
1683908051242 0.5104824 173
1683908051305 0.5102494 174
1683908051367 0.5100208 175
1683908051430 0.50979614 176
1683908051492 0.50957483 177
1683908051539 0.5093564 178
1683908051601 0.5091404 179
1683908051664 0.50892633 180
1683908051726 0.5087138 181
1683908051789 0.50850236 182
1683908051851 0.5082916 183
1683908051914 0.5080814 184
1683908051976 0.5078712 185
1683908052039 0.5076611 186
1683908052101 0.50745076 187
1683908052164 0.5072401 188
1683908052289 0.5070291 189
1683908052430 0.5068177 190
1683908052492 0.50660604 191
1683908052555 0.506394 192
1683908052617 0.5061819 193
1683908052680 0.5059697 194
1683908052742 0.5057576 195
1683908052805 0.50554574 196
1683908052851 0.5053344 197
1683908052914 0.5051236 198
1683908052976 0.5049136 199
1683908053039 0.50470465 200
1683908053086 0.5044968 201
1683908053148 0.5042903 202
1683908053211 0.5040853 203
1683908053273 0.5038819 204
1683908053336 0.5036801 205
1683908053398 0.5034802 206
1683908053445 0.5032821 207
1683908053508 0.5030861 208
1683908053570 0.50289196 209
1683908053633 0.50269985 210
1683908053680 0.50250983 211
1683908053742 0.5023218 212
1683908053805 0.50213563 213
1683908053867 0.5019515 214
1683908053930 0.5017693 215
1683908053976 0.5015888 216
1683908054039 0.50141025 217
1683908054101 0.50123334 218
1683908054148 0.50105804 219
1683908054211 0.50088435 220
1683908054273 0.50071216 221
1683908054336 0.50054145 222
1683908054383 0.50037205 223
1683908054445 0.50020397 224
1683908054508 0.5000372 225
1683908054570 0.4998716 226
1683908054617 0.49970716 227
1683908054680 0.4995439 228
1683908054742 0.49938172 229
1683908054805 0.49922067 230
1683908054852 0.49906066 231
1683908054914 0.49890172 232
1683908054976 0.49874383 233
1683908055039 0.49858704 234
1683908055102 0.49843132 235
1683908055148 0.4982767 236
1683908055211 0.49812317 237
1683908055273 0.49797073 238
1683908055336 0.49781945 239
1683908055383 0.49766934 240
1683908055445 0.49752036 241
1683908055508 0.49737266 242
1683908055570 0.49722612 243
1683908055617 0.49708077 244
1683908055680 0.49693668 245
1683908055742 0.4967939 246
1683908055789 0.49665245 247
1683908055851 0.49651217 248
1683908055914 0.4963733 249
1683908055976 0.49623564 250
