1683906927520 1.3479078 1
1683906927588 1.1854405 2
1683906927652 1.0150362 3
1683906927715 0.8534507 4
1683906927777 0.71700704 5
1683906927840 0.61432195 6
1683906927887 0.5455123 7
1683906927949 0.50474024 8
1683906928012 0.48361883 9
1683906928074 0.47401625 10
1683906928137 0.46970862 11
1683906928199 0.46692824 12
1683906928262 0.46413392 13
1683906928324 0.46138066 14
1683906928387 0.45959622 15
1683906928434 0.45995867 16
1683906928512 0.46346256 17
1683906928574 0.47068733 18
1683906928637 0.48173225 19
1683906928699 0.49626642 20
1683906928746 0.5136413 21
1683906928809 0.5330241 22
1683906928871 0.55352205 23
1683906928934 0.57428366 24
1683906928996 0.5945677 25
1683906929059 0.6137842 26
1683906929137 0.63150835 27
1683906929199 0.6474759 28
1683906929262 0.66156554 29
1683906929324 0.67377293 30
1683906929387 0.6841837 31
1683906929449 0.6929447 32
1683906929506 0.7002406 33
1683906929569 0.7062732 34
1683906929637 0.7112452 35
1683906929699 0.7153486 36
1683906929762 0.7187578 37
1683906929840 0.7216241 38
1683906929902 0.72407466 39
1683906929965 0.72621244 40
1683906930027 0.72811794 41
1683906930090 0.72985125 42
1683906930152 0.73145527 43
1683906930199 0.73295856 44
1683906930262 0.7343786 45
1683906930324 0.7357245 46
1683906930387 0.7369996 47
1683906930449 0.7382032 48
1683906930512 0.73933303 49
1683906930574 0.7403854 50
1683906930637 0.74135745 51
1683906930684 0.7422469 52
1683906930746 0.74305296 53
1683906930809 0.7437762 54
1683906930871 0.74441856 55
1683906930934 0.7449837 56
1683906930981 0.74547577 57
1683906931043 0.7459004 58
1683906931105 0.74626327 59
1683906931168 0.7465706 60
1683906931215 0.7468284 61
1683906931277 0.74704224 62
1683906931340 0.74721766 63
1683906931402 0.7473594 64
1683906931449 0.74747145 65
1683906931512 0.7475574 66
1683906931574 0.7476199 67
1683906931637 0.7476613 68
1683906931699 0.7476831 69
1683906931762 0.7476865 70
1683906931824 0.7476721 71
1683906931887 0.7476403 72
1683906931949 0.7475914 73
1683906931996 0.7475252 74
1683906932059 0.74744153 75
1683906932121 0.7473402 76
1683906932184 0.7472211 77
1683906932246 0.74708414 78
1683906932293 0.74692905 79
1683906932355 0.746756 80
1683906932418 0.7465651 81
1683906932481 0.7463565 82
1683906932527 0.7461307 83
1683906932590 0.745888 84
1683906932652 0.745629 85
1683906932715 0.7453544 86
1683906932777 0.7450646 87
1683906932840 0.74476045 88
1683906932902 0.7444425 89
1683906932949 0.7441116 90
1683906933012 0.7437682 91
1683906933215 0.743413 92
1683906933277 0.7430466 93
1683906933340 0.7426693 94
1683906933402 0.74228185 95
1683906933465 0.74188447 96
1683906933527 0.7414776 97
1683906933590 0.7410617 98
1683906933637 0.74063677 99
1683906933699 0.74020326 100
1683906933762 0.7397614 101
1683906933824 0.7393114 102
1683906933871 0.73885345 103
1683906934059 0.73838776 104
1683906934199 0.73791456 105
1683906934262 0.73743427 106
1683906934324 0.736947 107
1683906934387 0.7364532 108
1683906934449 0.7359529 109
1683906934496 0.7354468 110
1683906934559 0.7349352 111
1683906934621 0.7344185 112
1683906934684 0.73389727 113
1683906934746 0.73337173 114
1683906934809 0.7328426 115
1683906934871 0.73231035 116
1683906934934 0.7317754 117
1683906934981 0.73123837 118
1683906935043 0.73069966 119
1683906935105 0.7301599 120
1683906935168 0.7296195 121
1683906935231 0.729079 122
1683906935277 0.7285388 123
1683906935340 0.72799945 124
1683906935402 0.72746116 125
1683906935449 0.72692454 126
1683906935512 0.72638977 127
1683906935574 0.725857 128
1683906935637 0.72532696 129
1683906935699 0.72479963 130
1683906935762 0.7242751 131
1683906935824 0.7237539 132
1683906935887 0.72323596 133
1683906935949 0.72272146 134
1683906936012 0.72221065 135
1683906936074 0.72170347 136
1683906936121 0.72120005 137
1683906936184 0.7207005 138
1683906936246 0.72020483 139
1683906936309 0.71971315 140
1683906936371 0.7192254 141
1683906936434 0.71874166 142
1683906936481 0.71826196 143
1683906936543 0.7177864 144
1683906936606 0.71731484 145
1683906936668 0.7168474 146
1683906936731 0.71638405 147
1683906936793 0.7159249 148
1683906936856 0.71546984 149
1683906936902 0.71501887 150
1683906936965 0.7145722 151
1683906937027 0.7141297 152
1683906937090 0.7136914 153
1683906937152 0.7132573 154
1683906937215 0.71282756 155
1683906937293 0.712402 156
1683906937340 0.7119808 157
1683906937402 0.7115638 158
1683906937465 0.7111512 159
1683906937512 0.71074283 160
1683906937574 0.71033883 161
1683906937637 0.70993906 162
1683906937699 0.7095436 163
1683906937762 0.7091526 164
1683906937809 0.70876575 165
1683906937871 0.7083832 166
1683906937934 0.7080049 167
1683906937996 0.7076309 168
1683906938043 0.707261 169
1683906938106 0.7068954 170
1683906938168 0.7065339 171
1683906938215 0.7061765 172
1683906938277 0.7058232 173
1683906938340 0.7054739 174
1683906938402 0.70512867 175
1683906938465 0.7047874 176
1683906938527 0.70445 177
1683906938574 0.7041166 178
1683906938637 0.7037869 179
1683906938699 0.703461 180
1683906938762 0.7031388 181
1683906938809 0.7028204 182
1683906938871 0.7025057 183
1683906938934 0.70219445 184
1683906938996 0.7018869 185
1683906939059 0.70158285 186
1683906939106 0.70128226 187
1683906939168 0.7009852 188
1683906939230 0.70069134 189
1683906939293 0.70040107 190
1683906939355 0.700114 191
1683906939402 0.69983023 192
1683906939465 0.6995498 193
1683906939527 0.6992725 194
1683906939590 0.69899833 195
1683906939653 0.6987274 196
1683906939700 0.6984595 197
1683906939762 0.69819474 198
1683906939825 0.69793296 199
1683906939919 0.6976742 200
1683906939966 0.69741845 201
1683906940028 0.6971655 202
1683906940091 0.6969155 203
1683906940153 0.6966684 204
1683906940216 0.69642407 205
1683906940278 0.69618255 206
1683906940341 0.69594383 207
1683906940403 0.6957077 208
1683906940466 0.6954743 209
1683906940512 0.6952436 210
1683906940575 0.69501543 211
1683906940637 0.6947899 212
1683906940684 0.69456685 213
1683906940747 0.69434637 214
1683906940809 0.6941283 215
1683906940872 0.69391274 216
1683906940919 0.6936995 217
1683906940981 0.6934886 218
1683906941044 0.69328004 219
1683906941106 0.69307375 220
1683906941169 0.6928697 221
1683906941231 0.6926679 222
1683906941294 0.6924683 223
1683906941341 0.6922708 224
1683906941403 0.6920754 225
1683906941466 0.69188213 226
1683906941528 0.6916909 227
1683906941591 0.6915016 228
1683906941653 0.69131434 229
1683906941700 0.69112897 230
1683906941762 0.6909455 231
1683906941825 0.69076407 232
1683906941872 0.69058424 233
1683906941934 0.6904063 234
1683906941997 0.69023013 235
1683906942059 0.6900558 236
1683906942106 0.68988305 237
1683906942169 0.68971205 238
1683906942231 0.68954265 239
1683906942278 0.68937486 240
1683906942341 0.68920875 241
1683906942403 0.6890441 242
1683906942466 0.68888104 243
1683906942512 0.6887195 244
1683906942575 0.6885593 245
1683906942637 0.6884007 246
1683906942700 0.68824345 247
1683906942747 0.68808764 248
1683906942809 0.6879331 249
1683906942872 0.68777996 250
