1683412238517 23.789753 1
1683412238570 23.815506 2
1683412238622 17.651844 3
1683412238674 13.88077 4
1683412238726 10.256709 5
1683412238778 9.892555 6
1683412238839 9.836527 7
1683412238893 9.735113 8
1683412238945 9.801376 9
1683412238997 9.779839 10
1683412239053 9.691578 11
1683412239105 9.673757 12
1683412239157 9.676258 13
1683412239209 9.675018 14
1683412239257 9.674656 15
1683412239313 9.674168 16
1683412239366 9.674356 17
1683412239418 9.674225 18
1683412239474 9.674227 19
1683412239526 9.674265 20
1683412239578 9.674267 21
1683412239630 9.674329 22
1683412239682 9.674384 23
1683412239734 9.674392 24
1683412239786 9.674328 25
1683412239846 9.674394 26
1683412239903 9.67439 27
1683412239955 9.674405 28
1683412240007 9.674461 29
1683412240059 9.674453 30
1683412240111 9.674492 31
1683412240163 9.674379 32
1683412240211 9.674504 33
1683412240263 9.674199 34
1683412240319 9.674633 35
1683412240367 9.67378 36
1683412240423 9.675309 37
1683412240476 9.672718 38
1683412240528 9.6787815 39
1683412240580 9.672689 40
1683412240636 9.690498 41
1683412240692 9.677485 42
1683412240752 9.681765 43
1683412240808 9.702578 44
1683412240861 9.67404 45
1683412240909 9.674073 46
1683412240961 9.681814 47
1683412241009 9.673502 48
1683412241061 9.6736 49
1683412241109 9.678471 50
1683412241161 9.671884 51
1683412241213 9.68737 52
1683412241261 9.677238 53
1683412241313 9.696921 54
1683412241365 9.679157 55
1683412241417 9.685793 56
1683412241470 9.672128 57
1683412241523 9.691999 58
1683412241571 9.680389 59
1683412241623 9.7355 60
1683412241671 9.718163 61
1683412241723 9.74761 62
1683412241775 9.7187395 63
1683412241831 9.726149 64
1683412241879 9.699689 65
1683412241931 9.73591 66
1683412241979 9.714386 67
1683412242028 9.714369 68
1683412242080 9.690675 69
1683412242128 9.702909 70
1683412242176 9.684898 71
1683412242224 9.71466 72
1683412242276 9.698738 73
1683412242328 9.679794 74
1683412242376 9.68037 75
1683412242428 9.673868 76
1683412242480 9.689983 77
1683412242532 9.675144 78
1683412242585 9.68719 79
1683412242637 9.673901 80
1683412242689 9.685245 81
1683412242741 9.671489 82
1683412242789 9.684187 83
1683412242841 9.673063 84
1683412242897 9.68629 85
1683412242949 9.671835 86
1683412242997 9.682796 87
1683412243049 9.671301 88
1683412243098 9.683988 89
1683412243150 9.6726675 90
1683412243206 9.684415 91
1683412243258 9.670741 92
1683412243306 9.682757 93
1683412243358 9.672044 94
1683412243406 9.685749 95
1683412243458 9.671896 96
1683412243506 9.681675 97
1683412243558 9.672031 98
1683412243623 9.67808 99
1683412243680 9.672121 100
1683412243732 9.683088 101
1683412243779 9.672667 102
1683412243835 9.682645 103
1683412243888 9.673032 104
1683412243935 9.675077 105
1683412243990 9.675785 106
1683412244038 9.673151 107
1683412244090 9.676517 108
1683412244140 9.672367 109
1683412244192 9.681623 110
1683412244244 9.672594 111
1683412244292 9.684448 112
1683412244348 9.670686 113
1683412244397 9.680981 114
1683412244449 9.672069 115
1683412244505 9.685161 116
1683412244743 9.672504 117
1683412244883 9.683304 118
1683412244939 9.671272 119
1683412244995 9.682042 120
1683412245047 9.6724205 121
1683412245098 9.688097 122
1683412245150 9.674545 123
1683412245203 9.684286 124
1683412245255 9.671312 125
1683412245303 9.683191 126
1683412245355 9.672954 127
1683412245407 9.691662 128
1683412245459 9.677408 129
1683412245511 9.682407 130
1683412245563 9.672723 131
1683412245615 9.676802 132
1683412245667 9.673124 133
1683412245719 9.679426 134
1683412245768 9.672199 135
1683412245820 9.692721 136
1683412245872 9.680035 137
1683412246020 9.679993 138
1683412246116 9.690526 139
1683412246168 9.676371 140
1683412246220 9.67942 141
1683412246274 9.701886 142
1683412246321 9.674709 143
1683412246369 9.676702 144
1683412246421 9.679441 145
1683412246477 9.687775 146
1683412246525 9.673044 147
1683412246577 9.678613 148
1683412246625 9.676691 149
1683412246681 9.677089 150
1683412246733 9.671475 151
1683412246786 9.683182 152
1683412246835 9.673425 153
1683412246887 9.683106 154
1683412246940 9.683746 155
1683412246992 9.67281 156
1683412247044 9.682596 157
1683412247096 9.704272 158
1683412247144 9.675709 159
1683412247200 9.672424 160
1683412247256 9.685411 161
1683412247307 9.67224 162
1683412247356 9.675808 163
1683412247408 9.673535 164
1683412247464 9.678403 165
1683412247512 9.671538 166
1683412247564 9.68659 167
1683412247616 9.672359 168
1683412247664 9.679932 169
1683412247716 9.676231 170
1683412247768 9.672634 171
1683412247816 9.678026 172
1683412247869 9.6721 173
1683412247921 9.67713 174
1683412247973 9.672353 175
1683412248025 9.67834 176
1683412248077 9.672218 177
1683412248129 9.68202 178
1683412248181 9.673635 179
1683412248229 9.675608 180
1683412248281 9.673411 181
1683412248333 9.673424 182
1683412248382 9.67311 183
1683412248434 9.673052 184
1683412248659 9.672833 185
1683412248815 9.67293 186
1683412248944 9.672854 187
1683412248996 9.672901 188
1683412249048 9.672998 189
1683412249100 9.673096 190
1683412249152 9.673186 191
1683412249204 9.67333 192
1683412249252 9.6733675 193
1683412249304 9.673527 194
1683412249356 9.673467 195
1683412249407 9.673756 196
1683412249456 9.673349 197
1683412249508 9.674418 198
1683412249560 9.672581 199
1683412249612 9.679398 200
1683412249660 9.67501 201
1683412249712 9.7142725 202
1683412249760 9.708592 203
1683412249812 9.72078 204
1683412249864 9.76054 205
1683412249920 9.759868 206
1683412249969 9.707852 207
1683412250021 9.676709 208
1683412250073 9.708036 209
1683412250125 9.678169 210
1683412250177 9.678011 211
1683412250229 9.702776 212
1683412250281 9.685333 213
1683412250333 9.684141 214
1683412250385 9.698451 215
1683412250437 9.720141 216
1683412250488 9.71755 217
1683412250539 9.7363405 218
1683412250591 9.751282 219
1683412250639 9.775587 220
1683412250691 10.112999 221
1683412250743 10.480886 222
1683412250795 9.965916 223
1683412250847 9.852249 224
1683412250899 9.90738 225
1683412250951 9.72393 226
1683412250999 9.778412 227
1683412251052 9.72988 228
1683412251100 9.687039 229
1683412251156 9.678334 230
1683412251204 9.67364 231
1683412251256 9.679478 232
1683412251308 9.672039 233
1683412251512 9.689989 234
1683412251642 9.682565 235
1683412251734 9.689526 236
1683412251802 9.671473 237
1683412251858 9.681282 238
1683412251910 9.671772 239
1683412251958 9.677743 240
1683412252010 9.672329 241
1683412252062 9.676002 242
1683412252111 9.672947 243
1683412252163 9.674523 244
1683412252215 9.673394 245
1683412252267 9.673703 246
1683412252319 9.673668 247
1683412252371 9.673721 248
1683412252419 9.673446 249
1683412252467 9.673517 250
