1683952598520 1.2899003 1
1683952598583 1.1345594 2
1683952598661 0.97207713 3
1683952598723 0.8189559 4
1683952598786 0.69104075 5
1683952598848 0.59649074 6
1683952598927 0.5350671 7
1683952598989 0.5006418 8
1683952599052 0.48455322 9
1683952599130 0.47841656 10
1683952599192 0.47582367 11
1683952599255 0.47292244 12
1683952599317 0.4682417 13
1683952599380 0.46206862 14
1683952599442 0.45566598 15
1683952599520 0.45060647 16
1683952599583 0.44830146 17
1683952599645 0.449721 18
1683952599708 0.4552856 19
1683952599786 0.4648892 20
1683952599848 0.47800332 21
1683952599911 0.49382 22
1683952599973 0.511396 23
1683952600036 0.5297865 24
1683952600098 0.54816383 25
1683952600177 0.56585073 26
1683952600239 0.58233875 27
1683952600302 0.5972772 28
1683952600364 0.610464 29
1683952600427 0.6218252 30
1683952600489 0.6313905 31
1683952600552 0.63926494 32
1683952600614 0.6456034 33
1683952600677 0.65058804 34
1683952600739 0.65441024 35
1683952600802 0.65725833 36
1683952600864 0.65930843 37
1683952600927 0.66071975 38
1683952601005 0.6616317 39
1683952601067 0.662163 40
1683952601130 0.6624124 41
1683952601192 0.66245914 42
1683952601255 0.6623647 43
1683952601317 0.6621749 44
1683952601380 0.6619215 45
1683952601442 0.66162497 46
1683952601505 0.6612966 47
1683952601583 0.66094124 48
1683952601645 0.66055906 49
1683952601708 0.66014767 50
1683952601770 0.65970397 51
1683952601833 0.6592254 52
1683952601895 0.6587105 53
1683952601958 0.6581594 54
1683952602020 0.6575744 55
1683952602098 0.6569594 56
1683952602161 0.65631956 57
1683952602223 0.65566087 58
1683952602286 0.65498984 59
1683952602348 0.65431297 60
1683952602411 0.653636 61
1683952602473 0.6529643 62
1683952602552 0.6523019 63
1683952602630 0.6516522 64
1683952602692 0.6510174 65
1683952602755 0.6503985 66
1683952602817 0.6497959 67
1683952602880 0.649209 68
1683952602942 0.64863676 69
1683952603005 0.6480776 70
1683952603067 0.6475295 71
1683952603130 0.6469902 72
1683952603192 0.64645696 73
1683952603255 0.6459274 74
1683952603317 0.6453986 75
1683952603380 0.6448679 76
1683952603442 0.64433247 77
1683952603520 0.6437897 78
1683952603583 0.64323735 79
1683952603645 0.64267313 80
1683952603708 0.64209545 81
1683952603770 0.6415026 82
1683952603833 0.6408938 83
1683952603895 0.64026827 84
1683952603958 0.6396256 85
1683952604020 0.63896596 86
1683952604083 0.6382897 87
1683952604145 0.63759714 88
1683952604208 0.6368892 89
1683952604270 0.6361667 90
1683952604333 0.6354305 91
1683952604395 0.6346817 92
1683952604692 0.63392115 93
1683952604864 0.6331496 94
1683952604973 0.632368 95
1683952605036 0.6315769 96
1683952605098 0.630777 97
1683952605161 0.62996864 98
1683952605223 0.6291523 99
1683952605286 0.62832797 100
1683952605348 0.627496 101
1683952605411 0.62665623 102
1683952605473 0.6258088 103
1683952605536 0.6249534 104
1683952605614 0.62408996 105
1683952605677 0.6232183 106
1683952605739 0.62233824 107
1683952605958 0.62144953 108
1683952606098 0.620552 109
1683952606161 0.6196456 110
1683952606223 0.6187302 111
1683952606286 0.6178057 112
1683952606364 0.6168722 113
1683952606427 0.61592984 114
1683952606489 0.6149789 115
1683952606567 0.6140195 116
1683952606630 0.6130522 117
1683952606692 0.61207724 118
1683952606755 0.6110951 119
1683952606817 0.6101066 120
1683952606880 0.60911214 121
1683952606942 0.60811245 122
1683952607005 0.60710824 123
1683952607067 0.6061002 124
1683952607223 0.60508925 125
1683952607364 0.604076 126
1683952607427 0.60306144 127
1683952607489 0.60204613 128
1683952607552 0.60103106 129
1683952607614 0.60001683 130
1683952607677 0.5990042 131
1683952607739 0.59799397 132
1683952607802 0.59698665 133
1683952607864 0.5959828 134
1683952607927 0.594983 135
1683952607989 0.5939876 136
1683952608052 0.592997 137
1683952608114 0.5920116 138
1683952608177 0.5910317 139
1683952608255 0.5900574 140
1683952608317 0.58908886 141
1683952608380 0.5881264 142
1683952608442 0.58716995 143
1683952608520 0.58621967 144
1683952608583 0.58527565 145
1683952608645 0.5843377 146
1683952608708 0.583406 147
1683952608770 0.5824803 148
1683952608833 0.58156085 149
1683952608897 0.58064735 150
1683952608960 0.5797399 151
1683952609022 0.57883835 152
1683952609085 0.5779426 153
1683952609147 0.5770527 154
1683952609210 0.57616854 155
1683952609272 0.57529 156
1683952609335 0.5744171 157
1683952609397 0.57354975 158
1683952609460 0.572688 159
1683952609522 0.5718317 160
1683952609585 0.57098097 161
1683952609647 0.5701356 162
1683952609710 0.5692959 163
1683952609772 0.56846166 164
1683952609819 0.5676328 165
1683952609882 0.56680954 166
1683952609944 0.56599176 167
1683952610007 0.56517947 168
1683952610069 0.5643728 169
1683952610132 0.5635716 170
1683952610194 0.56277597 171
1683952610257 0.56198585 172
1683952610319 0.56120133 173
1683952610382 0.5604225 174
1683952610444 0.5596491 175
1683952610522 0.5588814 176
1683952610585 0.5581192 177
1683952610647 0.55736256 178
1683952610710 0.55661166 179
1683952610772 0.55586624 180
1683952610835 0.5551264 181
1683952610897 0.5543921 182
1683952610960 0.5536634 183
1683952611022 0.55294013 184
1683952611085 0.5522224 185
1683952611147 0.55151004 186
1683952611210 0.5508031 187
1683952611475 0.5501016 188
1683952611647 0.5494054 189
1683952611741 0.5487145 190
1683952611804 0.5480288 191
1683952611866 0.5473484 192
1683952611944 0.54667306 193
1683952612007 0.546003 194
1683952612069 0.5453379 195
1683952612132 0.5446779 196
1683952612194 0.5440229 197
1683952612257 0.54337287 198
1683952612319 0.54272777 199
1683952612382 0.54208755 200
1683952612444 0.5414521 201
1683952612507 0.54082155 202
1683952612569 0.5401958 203
1683952612679 0.53957474 204
1683952612741 0.53895843 205
1683952612804 0.53834677 206
1683952612866 0.53773975 207
1683952612929 0.5371373 208
1683952612991 0.53653955 209
1683952613054 0.5359463 210
1683952613116 0.5353576 211
1683952613179 0.53477335 212
1683952613241 0.53419363 213
1683952613304 0.53361833 214
1683952613366 0.53304744 215
1683952613429 0.53248096 216
1683952613491 0.53191876 217
1683952613554 0.531361 218
1683952613616 0.5308074 219
1683952613679 0.5302581 220
1683952613757 0.52971303 221
1683952613819 0.5291722 222
1683952613882 0.5286355 223
1683952613929 0.528103 224
1683952614007 0.52757454 225
1683952614069 0.52705026 226
1683952614116 0.52653 227
1683952614179 0.5260138 228
1683952614257 0.5255016 229
1683952614319 0.52499336 230
1683952614382 0.52448916 231
1683952614444 0.52398884 232
1683952614507 0.52349246 233
1683952614569 0.52299994 234
1683952614632 0.52251136 235
1683952614710 0.52202654 236
1683952614772 0.52154565 237
1683952614835 0.52106845 238
1683952614897 0.5205952 239
1683952614960 0.52012557 240
1683952615022 0.51965976 241
1683952615085 0.5191977 242
1683952615147 0.5187393 243
1683952615210 0.51828456 244
1683952615272 0.5178336 245
1683952615335 0.5173862 246
1683952615397 0.5169425 247
1683952615475 0.5165024 248
1683952615538 0.51606584 249
1683952615585 0.51563287 250
