1683952598505 1.294004 1
1683952598567 1.141819 2
1683952598645 0.9829182 3
1683952598708 0.8328846 4
1683952598770 0.7067961 5
1683952598833 0.61247873 6
1683952598911 0.5498413 7
1683952598973 0.51326025 8
1683952599036 0.49473804 9
1683952599114 0.48652297 10
1683952599177 0.4826743 11
1683952599239 0.47960275 12
1683952599302 0.47587478 13
1683952599364 0.47162455 14
1683952599427 0.46786052 15
1683952599505 0.4658547 16
1683952599567 0.46670642 17
1683952599630 0.47109953 18
1683952599692 0.47922492 19
1683952599770 0.49082208 20
1683952599833 0.5052871 21
1683952599895 0.5218084 22
1683952599958 0.5394975 23
1683952600020 0.55749905 24
1683952600098 0.5750687 25
1683952600161 0.59161985 26
1683952600223 0.60674155 27
1683952600286 0.6201941 28
1683952600348 0.63188833 29
1683952600411 0.6418573 30
1683952600473 0.6502237 31
1683952600536 0.6571685 32
1683952600598 0.66290414 33
1683952600661 0.66765183 34
1683952600723 0.6716251 35
1683952600786 0.6750182 36
1683952600848 0.67799956 37
1683952600927 0.6807084 38
1683952600989 0.6832546 39
1683952601052 0.6857205 40
1683952601114 0.6881641 41
1683952601177 0.6906229 42
1683952601239 0.6931186 43
1683952601302 0.69566035 44
1683952601364 0.69824934 45
1683952601427 0.70088136 46
1683952601489 0.7035491 47
1683952601567 0.70624375 48
1683952601630 0.7089565 49
1683952601692 0.71167886 50
1683952601755 0.7144032 51
1683952601817 0.7171229 52
1683952601880 0.71983224 53
1683952601942 0.72252643 54
1683952602005 0.72520185 55
1683952602083 0.7278556 56
1683952602145 0.73048615 57
1683952602208 0.73309255 58
1683952602270 0.7356751 59
1683952602333 0.73823506 60
1683952602395 0.7407743 61
1683952602473 0.7432953 62
1683952602536 0.74580085 63
1683952602598 0.74829406 64
1683952602677 0.75077724 65
1683952602739 0.75325274 66
1683952602802 0.75572234 67
1683952602864 0.7581868 68
1683952602927 0.7606462 69
1683952602989 0.7631001 70
1683952603052 0.7655471 71
1683952603114 0.7679857 72
1683952603177 0.7704141 73
1683952603239 0.7728302 74
1683952603302 0.77523255 75
1683952603364 0.77761936 76
1683952603442 0.7799898 77
1683952603505 0.7823429 78
1683952603567 0.78467786 79
1683952603630 0.7869947 80
1683952603692 0.7892928 81
1683952603755 0.7915722 82
1683952603817 0.7938328 83
1683952603880 0.79607415 84
1683952603942 0.79829633 85
1683952604005 0.800499 86
1683952604067 0.80268216 87
1683952604130 0.80484575 88
1683952604192 0.80698967 89
1683952604255 0.80911416 90
1683952604317 0.8112196 91
1683952604380 0.81330633 92
1683952604661 0.8153752 93
1683952604833 0.8174267 94
1683952604958 0.8194618 95
1683952605020 0.8214814 96
1683952605083 0.8234864 97
1683952605145 0.8254776 98
1683952605208 0.82745606 99
1683952605270 0.82942253 100
1683952605333 0.8313779 101
1683952605395 0.8333229 102
1683952605473 0.8352581 103
1683952605536 0.8371841 104
1683952605598 0.83910143 105
1683952605661 0.84101063 106
1683952605723 0.842912 107
1683952605911 0.8448057 108
1683952606067 0.8466921 109
1683952606161 0.84857124 110
1683952606223 0.850443 111
1683952606286 0.8523075 112
1683952606348 0.85416436 113
1683952606411 0.8560135 114
1683952606473 0.8578545 115
1683952606552 0.8596871 116
1683952606614 0.8615109 117
1683952606677 0.8633255 118
1683952606739 0.8651306 119
1683952606802 0.86692584 120
1683952606864 0.86871094 121
1683952606927 0.8704858 122
1683952606989 0.8722502 123
1683952607052 0.8740039 124
1683952607177 0.87574655 125
1683952607348 0.8774775 126
1683952607411 0.8791957 127
1683952607473 0.8808998 128
1683952607536 0.88258845 129
1683952607598 0.88426006 130
1683952607661 0.8859133 131
1683952607723 0.8875474 132
1683952607786 0.8891617 133
1683952607848 0.89075637 134
1683952607911 0.8923322 135
1683952607973 0.89389014 136
1683952608036 0.8954324 137
1683952608098 0.89696103 138
1683952608177 0.89847887 139
1683952608239 0.8999888 140
1683952608302 0.9014938 141
1683952608364 0.9029973 142
1683952608427 0.90450215 143
1683952608505 0.90601146 144
1683952608567 0.9075278 145
1683952608630 0.9090536 146
1683952608692 0.9105912 147
1683952608755 0.91214204 148
1683952608817 0.9137076 149
1683952608882 0.915289 150
1683952608944 0.91688675 151
1683952609007 0.9185012 152
1683952609069 0.9201325 153
1683952609132 0.9217804 154
1683952609194 0.9234445 155
1683952609257 0.9251238 156
1683952609319 0.9268173 157
1683952609382 0.9285233 158
1683952609444 0.9302397 159
1683952609507 0.9319645 160
1683952609569 0.93369544 161
1683952609632 0.9354304 162
1683952609694 0.9371675 163
1683952609757 0.93890524 164
1683952609819 0.9406424 165
1683952609882 0.94237834 166
1683952609929 0.94411266 167
1683952609991 0.9458457 168
1683952610054 0.9475778 169
1683952610116 0.9493098 170
1683952610179 0.9510429 171
1683952610241 0.95277834 172
1683952610304 0.9545175 173
1683952610366 0.9562616 174
1683952610429 0.95801216 175
1683952610507 0.9597707 176
1683952610569 0.96153843 177
1683952610632 0.96331644 178
1683952610694 0.96510565 179
1683952610757 0.966907 180
1683952610819 0.9687213 181
1683952610882 0.97054875 182
1683952610944 0.97239 183
1683952611007 0.97424525 184
1683952611069 0.97611463 185
1683952611132 0.9779981 186
1683952611194 0.9798957 187
1683952611444 0.9818071 188
1683952611616 0.98373234 189
1683952611741 0.98567104 190
1683952611788 0.98762286 191
1683952611850 0.9895876 192
1683952611929 0.99156487 193
1683952611991 0.9935546 194
1683952612054 0.9955563 195
1683952612116 0.9975698 196
1683952612179 0.9995948 197
1683952612241 1.001631 198
1683952612304 1.0036786 199
1683952612366 1.0057368 200
1683952612429 1.0078058 201
1683952612491 1.0098855 202
1683952612554 1.0119755 203
1683952612663 1.014076 204
1683952612725 1.0161868 205
1683952612788 1.0183077 206
1683952612850 1.0204389 207
1683952612913 1.0225799 208
1683952612975 1.0247312 209
1683952613038 1.0268922 210
1683952613100 1.0290632 211
1683952613163 1.031244 212
1683952613225 1.0334346 213
1683952613288 1.035635 214
1683952613350 1.0378449 215
1683952613413 1.0400646 216
1683952613475 1.0422935 217
1683952613538 1.0445322 218
1683952613616 1.0467801 219
1683952613679 1.0490373 220
1683952613741 1.0513036 221
1683952613804 1.0535792 222
1683952613866 1.0558636 223
1683952613929 1.058157 224
1683952613991 1.0604593 225
1683952614054 1.0627699 226
1683952614116 1.0650893 227
1683952614179 1.0674171 228
1683952614241 1.0697533 229
1683952614304 1.0720977 230
1683952614366 1.0744503 231
1683952614429 1.0768108 232
1683952614491 1.0791792 233
1683952614554 1.0815554 234
1683952614616 1.0839393 235
1683952614694 1.0863309 236
1683952614757 1.08873 237
1683952614819 1.0911363 238
1683952614882 1.0935502 239
1683952614944 1.0959711 240
1683952615007 1.0983994 241
1683952615069 1.1008347 242
1683952615132 1.1032771 243
1683952615194 1.1057265 244
1683952615257 1.1081827 245
1683952615319 1.1106458 246
1683952615397 1.1131158 247
1683952615460 1.1155925 248
1683952615522 1.1180758 249
1683952615569 1.1205659 250
