1683954137151 1.4286556664715102 1
1683954137230 1.2593129962402456 2
1683954137292 1.081418357216758 3
1683954137355 0.9114876699558976 4
1683954137433 0.7661181045332378 5
1683954137495 0.6544585940795554 6
1683954137558 0.5772914040975852 7
1683954137620 0.529465523066831 8
1683954137683 0.5032035027793832 9
1683954137761 0.49081298769808984 10
1683954137823 0.486091759382414 11
1683954137886 0.48464915064204034 12
1683954137948 0.48428545390924876 13
1683954138011 0.4848922628077649 14
1683954138089 0.48742543618569106 15
1683954138151 0.4930526783533315 16
1683954138214 0.5027238716237763 17
1683954138292 0.5169498247436461 18
1683954138355 0.5357366925990433 19
1683954138417 0.5586375920508706 20
1683954138480 0.5848573153433905 21
1683954138558 0.6133663052425623 22
1683954138620 0.6430004242667237 23
1683954138683 0.6725714153831025 24
1683954138745 0.7010180561533595 25
1683954138823 0.7275625486014549 26
1683954138886 0.7518010260795926 27
1683954138948 0.773699286849256 28
1683954139011 0.7934998846956344 29
1683954139073 0.811575395491379 30
1683954139151 0.8282942230901977 31
1683954139214 0.8439515993058312 32
1683954139276 0.8587591351522521 33
1683954139339 0.8728781385713047 34
1683954139401 0.8864538708717554 35
1683954139464 0.8996346976629045 36
1683954139542 0.9125784099803137 37
1683954139605 0.925441587861459 38
1683954139667 0.938365098064372 39
1683954139730 0.9514610789063914 40
1683954139792 0.9648023640859476 41
1683954139870 0.9784180953200433 42
1683954139933 0.9923058377832041 43
1683954139995 1.0064380863421427 44
1683954140058 1.0207753378154423 45
1683954140120 1.035279253955493 46
1683954140183 1.0499231990437217 47
1683954140245 1.0646994087634183 48
1683954140308 1.079618251280759 49
1683954140370 1.0947021284215366 50
1683954140433 1.109975169762321 51
1683954140495 1.1254510980256287 52
1683954140573 1.1411247111402383 53
1683954140636 1.1569732613625252 54
1683954140698 1.1729633741474466 55
1683954140870 1.1890601803519203 56
1683954141026 1.205237419889428 57
1683954141151 1.2214843475107346 58
1683954141214 1.2378100591969563 59
1683954141292 1.2542389605275286 60
1683954141355 1.2708040371314475 61
1683954141417 1.2875400888995858 62
1683954141480 1.3044752389583174 63
1683954141542 1.3216368888383154 64
1683954141605 1.3390470330577608 65
1683954141667 1.356722141402471 66
1683954141745 1.3746721077815658 67
1683954141808 1.3929003742783475 68
1683954141870 1.4114043027585397 69
1683954141933 1.4301751703833308 70
1683954141995 1.4492032535829065 71
1683954142058 1.468478943109206 72
1683954142136 1.4879956702276063 73
1683954142198 1.5077501828589037 74
1683954142261 1.5277453890887238 75
1683954142323 1.547988269022453 76
1683954142386 1.568489987113546 77
1683954142448 1.589263771115335 78
1683954142511 1.6103225748467447 79
1683954142589 1.6316763662706086 80
1683954142651 1.6533298953058835 81
1683954142714 1.6752821665510187 82
1683954142776 1.6975247674182496 83
1683954142839 1.7200440015203258 84
1683954142901 1.7428232772221899 85
1683954142964 1.7658458900505596 86
1683954143042 1.7890983363796065 87
1683954143105 1.8125723029532395 88
1683954143167 1.836266123550634 89
1683954143230 1.8601842837221128 90
1683954143292 1.8843359672487587 91
1683954143355 1.9087341549583645 92
1683954143417 1.9333937011021376 93
1683954143480 1.9583292861430177 94
1683954143558 1.9835555282225061 95
1683954143620 2.009084755722172 96
1683954143683 2.0349291615796834 97
1683954143745 2.061098379995329 98
1683954143808 2.0876020059929163 99
1683954143870 2.114448439946327 100
1683954143933 2.141646566729903 101
1683954143995 2.1692047366189153 102
1683954144073 2.1971317209787253 103
1683954144136 2.2254362699036143 104
1683954144198 2.254126869453268 105
1683954144276 2.2832112632146195 106
1683954144339 2.3126958483396995 107
1683954144401 2.3425852440945323 108
1683954144464 2.3728821126132784 109
1683954144526 2.4035867975233227 110
1683954144589 2.4346979019704755 111
1683954144651 2.466211123743279 112
1683954144714 2.4981222654391733 113
1683954144776 2.530424870114987 114
1683954144839 2.563113031805665 115
1683954144901 2.596181435719548 116
1683954144964 2.6296257888931356 117
1683954145026 2.6634433108884776 118
1683954145105 2.6976323239700823 119
1683954145167 2.7321940047837963 120
1683954145245 2.7671293911841386 121
1683954145308 2.802442264896004 122
1683954145370 2.8381373846884124 123
1683954145433 2.87421970593526 124
1683954145495 2.91069532293397 125
1683954145558 2.9475698870261224 126
1683954145620 2.984850273197475 127
1683954145683 3.022542949556719 128
1683954145745 3.0606537330781 129
1683954145808 3.0991898237622326 130
1683954145870 3.1381561367473143 131
1683954145933 3.1775593216025166 132
1683954145995 3.2174040223824383 133
1683954146058 3.257695844314741 134
1683954146120 3.298437818168738 135
1683954146183 3.3396336606993557 136
1683954146261 3.3812856457629055 137
1683954146401 3.423395887898767 138
1683954146464 3.4659638772913137 139
1683954146526 3.5089902636478243 140
1683954146589 3.5524734741028903 141
1683954146651 3.596411947882993 142
1683954146714 3.6408028622892745 143
1683954146792 3.6856442384954162 144
1683954146855 3.7309324314228176 145
1683954146901 3.776664071493941 146
1683954146964 3.8228374236925946 147
1683954147042 3.869448027643715 148
1683954147105 3.9164937931774393 149
1683954147167 3.963971197643924 150
1683954147230 4.011878592303774 151
1683954147292 4.060213850635873 152
1683954147355 4.108974278102363 153
1683954147417 4.158159058575102 154
1683954147480 4.2077658811274965 155
1683954147542 4.257794226510827 156
1683954147636 4.308243030932413 157
1683954147698 4.359110886882313 158
1683954147761 4.410398422250536 159
1683954147823 4.46210445674168 160
1683954147886 4.514228896595516 161
1683954147948 4.5667712402021845 162
1683954148011 4.619731971258068 163
1683954148073 4.673110204570926 164
1683954148136 4.7269060245144034 165
1683954148198 4.781119475264576 166
1683954148261 4.835749650725927 167
1683954148323 4.8907961158475315 168
1683954148386 4.946258269738531 169
1683954148448 5.0021350543399485 170
1683954148511 5.05842528139143 171
1683954148573 5.115127245077929 172
1683954148636 5.17224004809757 173
1683954148698 5.229760873964864 174
1683954148776 5.287689106176046 175
1683954148839 5.346021736481328 176
1683954148901 5.40475702203255 177
1683954148964 5.463892709378479 178
1683954149026 5.523425969093363 179
1683954149105 5.583354823328336 180
1683954149167 5.643675844106809 181
1683954149230 5.7043873895267865 182
1683954149292 5.765488279761025 183
1683954149355 5.826973048631581 184
1683954149433 5.888842266920847 185
1683954149495 5.951090945526628 186
1683954149558 6.013718690639306 187
1683954149620 6.076723262289768 188
1683954149683 6.140102005502956 189
1683954149745 6.203853172794415 190
1683954149808 6.2679745697552605 191
1683954149870 6.332464033352947 192
1683954149933 6.397321325489651 193
1683954149995 6.462544335594404 194
1683954150058 6.528129535790537 195
1683954150120 6.594076764442448 196
1683954150183 6.660385368759985 197
1683954150245 6.727051914185477 198
1683954150323 6.794075332498021 199
1683954150386 6.861454540171103 200
1683954150448 6.929187553382209 201
1683954150511 6.997272389923067 202
1683954150573 7.065707988546784 203
1683954150636 7.134491882116977 204
1683954150698 7.203622111529587 205
1683954150761 7.273097623671392 206
1683954150823 7.342917397828053 207
1683954150886 7.413078488567782 208
1683954150948 7.483578919805744 209
1683954151026 7.554417223835436 210
1683954151089 7.625592318684785 211
1683954151151 7.6971013345358426 212
1683954151214 7.768943692014124 213
1683954151276 7.8411173972633765 214
1683954151339 7.913621016475911 215
1683954151401 7.986451622220393 216
1683954151464 8.059609636084552 217
1683954151542 8.13309353693353 218
1683954151605 8.206900505135263 219
1683954151667 8.2810299880526 220
1683954151730 8.3554814725661 221
1683954151792 8.430251620662244 222
1683954151855 8.505341343248398 223
1683954151917 8.580748760856414 224
1683954151980 8.656472850539267 225
1683954152042 8.73251265778675 226
1683954152105 8.808865413006629 227
1683954152167 8.885532891116124 228
1683954152230 8.962511366446378 229
1683954152292 9.039800829193325 230
1683954152355 9.117400307032575 231
1683954152417 9.195309820037359 232
1683954152480 9.273525582986087 233
1683954152542 9.352048522077405 234
1683954152605 9.430875838720288 235
1683954152667 9.510008464610333 236
1683954152730 9.589445420330284 237
1683954152792 9.669182978843828 238
1683954152855 9.749222042328446 239
1683954152917 9.829559818237303 240
1683954152980 9.910198170397267 241
1683954153042 9.991133323104684 242
1683954153105 10.072364345034822 243
1683954153183 10.153892151412597 244
1683954153245 10.235713920903567 245
1683954153308 10.317828734089737 246
1683954153370 10.400237473184639 247
1683954153433 10.482935502683388 248
1683954153495 10.565925565791296 249
1683954153558 10.649204883361826 250
