1683952636541 0.007779440374160183 1
1683952636619 0.014874596402177243 2
1683952636681 0.023610271524078658 3
1683952636744 0.03163046573089295 4
1683952636806 0.03673543952114486 5
1683952636869 0.0376283075476492 6
1683952636931 0.034358297614514956 7
1683952636994 0.028326906348791987 8
1683952637056 0.021915707098637133 9
1683952637134 0.017672558053925955 10
1683952637197 0.01679615127857167 11
1683952637259 0.01867873659305458 12
1683952637322 0.022797298956809334 13
1683952637384 0.029044557813350257 14
1683952637447 0.036887793905816674 15
1683952637509 0.045450474483774365 16
1683952637587 0.05396594789474212 17
1683952637650 0.06195505087095283 18
1683952637712 0.06922931469890013 19
1683952637978 0.0757999766496861 20
1683952638087 0.08180709535225704 21
1683952638150 0.08746506132471284 22
1683952638212 0.09301530706237969 23
1683952638275 0.09868138883783249 24
1683952638337 0.10468441773163278 25
1683952638416 0.1112679469531768 26
1683952638478 0.11870962267738033 27
1683952638541 0.12730065950014055 28
1683952638603 0.13728223165308137 29
1683952638666 0.14875196336178187 30
1683952638728 0.16161244570631036 31
1683952638806 0.1755805908686796 32
1683952638873 0.19025539309047781 33
1683952638928 0.20521873364249438 34
1683952638991 0.22012250020094337 35
1683952639053 0.23473414357985212 36
1683952639116 0.24894935926455483 37
1683952639194 0.2627411421146494 38
1683952639272 0.2761444007736556 39
1683952639335 0.2892365360103295 40
1683952639397 0.3021205231574809 41
1683952639460 0.3149083733340164 42
1683952639522 0.3277053355210425 43
1683952639585 0.3405913056278798 44
1683952639647 0.35361895238333463 45
1683952639710 0.3668191231212131 46
1683952639788 0.38020890272947044 47
1683952639850 0.3937991490112807 48
1683952639913 0.4075992940215385 49
1683952639975 0.4216185806245638 50
1683952640038 0.43586459225597496 51
1683952640100 0.45034030397093244 52
1683952640163 0.4650419786730859 53
1683952640241 0.4799574056415106 54
1683952640303 0.49506695854756866 55
1683952640366 0.5103458017668948 56
1683952640428 0.5257670295245483 57
1683952640491 0.5413044889849427 58
1683952640553 0.5569357093817889 59
1683952640616 0.5726429814551175 60
1683952640678 0.588412885388895 61
1683952640741 0.6042371952607277 62
1683952640803 0.6201106256799703 63
1683952640881 0.6360309675389715 64
1683952640944 0.6519978420992888 65
1683952641006 0.6680126191274521 66
1683952641069 0.6840779348535814 67
1683952641131 0.7001975964782098 68
1683952641210 0.7163763847877639 69
1683952641272 0.7326206436968279 70
1683952641335 0.74893703395721 71
1683952641397 0.7653334103257454 72
1683952641460 0.7818179632191319 73
1683952641522 0.7983992644321525 74
1683952641585 0.8150863600864576 75
1683952641647 0.8318879728047003 76
1683952641710 0.8488128112034335 77
1683952641788 0.8658694373512499 78
1683952641850 0.8830655686300268 79
1683952641913 0.9004086545189876 80
1683952641975 0.9179051878158371 81
1683952642038 0.9355609793942529 82
1683952642100 0.9533808510627912 83
1683952642163 0.9713688062774086 84
1683952642241 0.9895280825464363 85
1683952642303 1.0078607041441876 86
1683952642366 1.0263684198249918 87
1683952642428 1.0450524073853598 88
1683952642491 1.0639130128948393 89
1683952642569 1.0829505296488238 90
1683952642631 1.1021649384999097 91
1683952642694 1.1215564617477995 92
1683952642756 1.141125248529552 93
1683952642819 1.1608718991265778 94
1683952642881 1.1807969641490097 95
1683952642944 1.200901869519718 96
1683952643022 1.221188075921618 97
1683952643069 1.2416575460783104 98
1683952643147 1.2623129555449746 99
1683952643210 1.2831567888510749 100
1683952643272 1.3041924436878682 101
1683952643335 1.3254234721140612 102
1683952643397 1.3468536458403175 103
1683952643460 1.368486954465373 104
1683952643522 1.3903273958688762 105
1683952643585 1.4123790470602628 106
1683952643647 1.434646326854795 107
1683952643710 1.4571328521161462 108
1683952643772 1.479842779322485 109
1683952643850 1.5027797446748559 110
1683952643913 1.5259472660047955 111
1683952643975 1.5493481687890627 112
1683952644038 1.5729854288284606 113
1683952644100 1.59686169236022 114
1683952644163 1.6209790894611449 115
1683952644225 1.6453392338694628 116
1683952644288 1.6699443977412716 117
1683952644350 1.6947956733495266 118
1683952644413 1.7198941602211177 119
1683952644475 1.7452411160495966 120
1683952644538 1.770837806228785 121
1683952644616 1.796684689364902 122
1683952644678 1.8227828777802384 123
1683952644741 1.8491335197233212 124
1683952644803 1.8757370994029354 125
1683952644866 1.902595295813313 126
1683952644928 1.9297088015248671 127
1683952644991 1.957078502088974 128
1683952645053 1.984706284847142 129
1683952645116 2.012593059503255 130
1683952645178 2.04074009629221 131
1683952645241 2.069149158260174 132
1683952645397 2.0978213481686403 133
1683952645569 2.1267583106950547 134
1683952645647 2.155961322288162 135
1683952645710 2.185431844900199 136
1683952645788 2.2151710360670207 137
1683952645850 2.2451799971858954 138
1683952645913 2.2754598846186957 139
1683952645975 2.3060114643869913 140
1683952646038 2.336835538815159 141
1683952646100 2.3679327058050057 142
1683952646178 2.399303398056958 143
1683952646241 2.43094772171396 144
1683952646303 2.4628655803717145 145
1683952646366 2.4950572115515173 146
1683952646428 2.527522519439786 147
1683952646491 2.560260558591132 148
1683952646553 2.5932712178926662 149
1683952646678 2.6265540373377996 150
1683952646772 2.6601075591514634 151
1683952646835 2.693932142430944 152
1683952646913 2.7280258286001806 153
1683952646975 2.7623889753592987 154
1683952647038 2.7970192754078096 155
1683952647100 2.831917418839463 156
1683952647163 2.867081434938976 157
1683952647225 2.9025106632263387 158
1683952647303 2.9382038278970675 159
1683952647366 2.9741609188224127 160
1683952647428 3.01038031906357 161
1683952647491 3.0468610317194313 162
1683952647553 3.0836027686762293 163
1683952647616 3.120604543490684 164
1683952647678 3.157865054352175 165
1683952647741 3.1953836658190973 166
1683952647803 3.233159055609313 167
1683952647866 3.2711909484802066 168
1683952647928 3.3094773460589235 169
1683952647991 3.348017623771482 170
1683952648069 3.3868114706507155 171
1683952648131 3.425856246911983 172
1683952648210 3.4651523168889296 173
1683952648288 3.5046970401115325 174
1683952648366 3.5444897568695573 175
1683952648428 3.5845295129780466 176
1683952648506 3.6248139888977375 177
1683952648569 3.665342867958628 178
1683952648647 3.7061138392493063 179
1683952648710 3.7471259355057844 180
1683952648788 3.788377835080706 181
1683952648850 3.8298672127150346 182
1683952648929 3.871594101107175 183
1683952648991 3.9135555014579824 184
1683952649070 3.955751114069366 185
1683952649132 3.9981782760075992 186
1683952649210 4.040836681504583 187
1683952649273 4.083724339945635 188
1683952649351 4.126840248910257 189
1683952649429 4.170182462179035 190
1683952649507 4.213749946475297 191
1683952649585 4.257541421762553 192
1683952649663 4.301555534705719 193
1683952649741 4.345790971768375 194
1683952649804 4.3902457553401835 195
1683952649882 4.4349198753196815 196
1683952649960 4.479811356100997 197
1683952650023 4.524918869699648 198
1683952650101 4.570241422543244 199
1683952650163 4.615777352635476 200
1683952650226 4.661525333739496 201
1683952650304 4.70748436312776 202
1683952650382 4.753653461398185 203
1683952650445 4.800030958486047 204
1683952650507 4.8466155187475515 205
1683952650570 4.893405489681555 206
1683952650632 4.9404008762893525 207
1683952650695 4.987599656780538 208
1683952650913 5.034999532892437 209
1683952651101 5.08260080731324 210
1683952651163 5.130401512205836 211
1683952651241 5.1784002893714565 212
1683952651313 5.226596161454861 213
1683952651376 5.274988129941202 214
1683952651438 5.32357417337237 215
1683952651516 5.372353637392763 216
1683952651610 5.421324535365623 217
1683952651688 5.470487532874415 218
1683952651798 5.51983926936004 219
1683952651891 5.569379772646262 220
1683952651969 5.619108369611086 221
1683952652063 5.669023057902213 222
1683952652204 5.71912318533313 223
1683952652376 5.769406738549613 224
1683952652438 5.819874383752724 225
1683952652516 5.870523448676076 226
1683952652594 5.921353957956704 227
1683952652673 5.972364548643208 228
1683952652766 6.023553912681934 229
1683952652844 6.0749213499259564 230
1683952652923 6.126466216254965 231
1683952653001 6.178186506767184 232
1683952653079 6.230082245532542 233
1683952653141 6.282151373466932 234
1683952653204 6.334393928189741 235
1683952653266 6.38680791485017 236
1683952653344 6.439393300059005 237
1683952653407 6.492148771297161 238
1683952653469 6.545072994160492 239
1683952653532 6.598165293435835 240
1683952653610 6.651424332342682 241
1683952653673 6.7048494483925225 242
1683952653735 6.758439967456405 243
1683952653798 6.812194562863454 244
1683952653860 6.866113219932502 245
1683952653923 6.920193279023036 246
1683952654001 6.974434741666092 247
1683952654063 7.028836271164077 248
1683952654126 7.0833978532678765 249
1683952654188 7.1381174980241 250
