1683954683249 1.2925905 1
1683954683312 1.1126626 2
1683954683390 0.9228082 3
1683954683452 0.7456279 4
1683954683515 0.6028074 5
1683954683577 0.5058847 6
1683954683640 0.45457202 7
1683954683702 0.4394797 8
1683954683765 0.44373387 9
1683954683843 0.4498887 10
1683954683905 0.45305547 11
1683954683968 0.44840986 12
1683954684030 0.43574303 13
1683954684108 0.4181731 14
1683954684171 0.40046042 15
1683954684233 0.3873973 16
1683954684312 0.37976497 17
1683954684374 0.3644334 18
1683954684437 0.35742742 19
1683954684499 0.35932553 20
1683954684562 0.369414 21
1683954684624 0.38596916 22
1683954684687 0.4066388 23
1683954684765 0.4288417 24
1683954684827 0.4501244 25
1683954684905 0.46843302 26
1683954684968 0.48228046 27
1683954685030 0.49081114 28
1683954685093 0.49377745 29
1683954685155 0.4914535 30
1683954685218 0.48450804 31
1683954685280 0.4738637 32
1683954685343 0.46056062 33
1683954685405 0.4456389 34
1683954685468 0.4300471 35
1683954685530 0.41458088 36
1683954685593 0.39985064 37
1683954685655 0.38627493 38
1683954685718 0.37409416 39
1683954685780 0.3633968 40
1683954685827 0.35415393 41
1683954685905 0.34625468 42
1683954685952 0.33953956 43
1683954686015 0.3338291 44
1683954686077 0.32894555 45
1683954686140 0.32472757 46
1683954686202 0.32103944 47
1683954686265 0.31777382 48
1683954686327 0.3148512 49
1683954686390 0.31221604 50
1683954686452 0.30983183 51
1683954686499 0.30767527 52
1683954686562 0.3057314 53
1683954686624 0.30398893 54
1683954686687 0.30243745 55
1683954686749 0.30106518 56
1683954686812 0.2998582 57
1683954686874 0.29880068 58
1683954686937 0.29787484 59
1683954686999 0.29706228 60
1683954687046 0.29634467 61
1683954687108 0.29570442 62
1683954687171 0.29512554 63
1683954687234 0.29459393 64
1683954687296 0.2940976 65
1683954687359 0.29362667 66
1683954687421 0.29317307 67
1683954687483 0.29273066 68
1683954687546 0.2922946 69
1683954687608 0.2918613 70
1683954687671 0.2914281 71
1683954687733 0.2909931 72
1683954687796 0.29055497 73
1683954687859 0.29011297 74
1683954687921 0.2896667 75
1683954687984 0.28921616 76
1683954688046 0.28876185 77
1683954688093 0.2883045 78
1683954688171 0.28784525 79
1683954688218 0.28738546 80
1683954688280 0.28692684 81
1683954688343 0.28647122 82
1683954688421 0.28602064 83
1683954688483 0.28557712 84
1683954688546 0.2851427 85
1683954688609 0.2847193 86
1683954688671 0.28430882 87
1683954688733 0.2839129 88
1683954688796 0.28353304 89
1683954688874 0.28317052 90
1683954688937 0.28282633 91
1683954688999 0.28250134 92
1683954689062 0.2821961 93
1683954689124 0.28191105 94
1683954689187 0.28164637 95
1683954689249 0.28140214 96
1683954689312 0.28117818 97
1683954689390 0.2809743 98
1683954689452 0.28079012 99
1683954689515 0.28062522 100
1683954689577 0.28047904 101
1683954689640 0.28035107 102
1683954689702 0.28024068 103
1683954689765 0.28014717 104
1683954689827 0.2800699 105
1683954689890 0.28000814 106
1683954689952 0.27996123 107
1683954690015 0.2799285 108
1683954690077 0.27990925 109
1683954690140 0.27990276 110
1683954690202 0.27990842 111
1683954690265 0.2799256 112
1683954690327 0.27995378 113
1683954690390 0.27999234 114
1683954690452 0.28004077 115
1683954690515 0.28009868 116
1683954690577 0.2801656 117
1683954690640 0.28024125 118
1683954690702 0.2803252 119
1683954690765 0.2804172 120
1683954690827 0.2805171 121
1683954690890 0.28062463 122
1683954690952 0.28073967 123
1683954691015 0.28086212 124
1683954691077 0.28099185 125
1683954691140 0.28112888 126
1683954691202 0.28127307 127
1683954691374 0.28142446 128
1683954691562 0.28158307 129
1683954691624 0.2817489 130
1683954691687 0.28192186 131
1683954691749 0.28210217 132
1683954691812 0.28228965 133
1683954691874 0.28248444 134
1683954691937 0.28268647 135
1683954692015 0.28289574 136
1683954692077 0.2831123 137
1683954692140 0.28333604 138
1683954692218 0.28356698 139
1683954692281 0.283805 140
1683954692343 0.28405017 141
1683954692406 0.2843023 142
1683954692468 0.28456134 143
1683954692531 0.28482714 144
1683954692593 0.28509963 145
1683954692656 0.28537866 146
1683954692718 0.28566414 147
1683954692781 0.2859559 148
1683954692843 0.28625384 149
1683954692921 0.28655773 150
1683954692968 0.2868675 151
1683954693031 0.287183 152
1683954693093 0.287504 153
1683954693171 0.28783044 154
1683954693234 0.28816214 155
1683954693296 0.288499 156
1683954693359 0.28884086 157
1683954693421 0.2891876 158
1683954693484 0.2895391 159
1683954693546 0.2898953 160
1683954693609 0.29025605 161
1683954693671 0.2906213 162
1683954693734 0.29099095 163
1683954693812 0.29136494 164
1683954693859 0.29174322 165
1683954693921 0.29212564 166
1683954693984 0.29251224 167
1683954694046 0.29290295 168
1683954694109 0.2932977 169
1683954694171 0.29369646 170
1683954694234 0.29409918 171
1683954694296 0.2945058 172
1683954694359 0.29491627 173
1683954694421 0.29533064 174
1683954694484 0.29574877 175
1683954694546 0.29617062 176
1683954694609 0.2965962 177
1683954694671 0.29702544 178
1683954694734 0.2974583 179
1683954694796 0.29789466 180
1683954694859 0.2983346 181
1683954694921 0.29877794 182
1683954694984 0.2992247 183
1683954695046 0.2996748 184
1683954695109 0.30012825 185
1683954695171 0.30058488 186
1683954695234 0.3010447 187
1683954695296 0.30150768 188
1683954695343 0.30197376 189
1683954695406 0.30244285 190
1683954695468 0.3029149 191
1683954695546 0.3033899 192
1683954695609 0.30386776 193
1683954695671 0.30434847 194
1683954695734 0.30483192 195
1683954695796 0.30531818 196
1683954695859 0.30571106 197
1683954695921 0.30556577 198
1683954695984 0.30561635 199
1683954696031 0.30591977 200
1683954696093 0.30650488 201
1683954696156 0.30737317 202
1683954696218 0.30850145 203
1683954696281 0.30930167 204
1683954696343 0.30981067 205
1683954696406 0.31032193 206
1683954696468 0.31083542 207
1683954696531 0.31135112 208
1683954696593 0.31186894 209
1683954696656 0.31238884 210
1683954696718 0.31291085 211
1683954696781 0.3131875 212
1683954696843 0.31192863 213
1683954696906 0.31048986 214
1683954697015 0.30898988 215
1683954697077 0.30753458 216
1683954697140 0.30621254 217
1683954697202 0.3050939 218
1683954697265 0.30422968 219
1683954697327 0.30365238 220
1683954697390 0.30337715 221
1683954697452 0.3034027 222
1683954697515 0.30371234 223
1683954697577 0.3042753 224
1683954697640 0.3050478 225
1683954697702 0.30597508 226
1683954697765 0.3069936 227
1683954697827 0.30803418 228
1683954697890 0.30902588 229
1683954697952 0.30990016 230
1683954698015 0.3105954 231
1683954698077 0.31106102 232
1683954698140 0.31126106 233
1683954698202 0.31117654 234
1683954698265 0.31080657 235
1683954698327 0.31016797 236
1683954698390 0.3092935 237
1683954698452 0.30822918 238
1683954698515 0.3070303 239
1683954698562 0.30575758 240
1683954698624 0.30447322 241
1683954698687 0.3032369 242
1683954698749 0.30210292 243
1683954698812 0.30111778 244
1683954698874 0.30031836 245
1683954698937 0.29973093 246
1683954698999 0.29937074 247
1683954699062 0.29924148 248
1683954699124 0.2993356 249
1683954699187 0.29963464 250
