1683954644030 1.2744955 1
1683954644093 1.1242703 2
1683954644171 0.96865296 3
1683954644233 0.82301015 4
1683954644296 0.7019334 5
1683954644358 0.61263776 6
1683954644421 0.5545265 7
1683954644483 0.52176076 8
1683954644546 0.5064695 9
1683954644608 0.5012936 10
1683954644671 0.5008163 11
1683954644733 0.50195086 12
1683954644811 0.5036624 13
1683954644874 0.5063287 14
1683954644936 0.51103204 15
1683954644999 0.51898354 16
1683954645061 0.5311343 17
1683954645124 0.54797935 18
1683954645202 0.5695187 19
1683954645265 0.5953233 20
1683954645327 0.6246588 21
1683954645390 0.65662456 22
1683954645452 0.69028324 23
1683954645515 0.7247628 24
1683954645577 0.75932586 25
1683954645655 0.79340696 26
1683954645718 0.82662225 27
1683954645780 0.8587594 28
1683954645843 0.8897529 29
1683954645905 0.9196545 30
1683954645968 0.94860065 31
1683954646030 0.97678226 32
1683954646093 1.0044188 33
1683954646155 1.0317364 34
1683954646218 1.058952 35
1683954646280 1.0862614 36
1683954646343 1.1138326 37
1683954646405 1.1418011 38
1683954646468 1.1702695 39
1683954646530 1.1993082 40
1683954646593 1.2289578 41
1683954646655 1.259234 42
1683954646718 1.2901318 43
1683954646780 1.3216301 44
1683954646843 1.353698 45
1683954646905 1.3862994 46
1683954646968 1.4193965 47
1683954647030 1.4529548 48
1683954647093 1.4869454 49
1683954647155 1.5213455 50
1683954647218 1.5561414 51
1683954647280 1.5913274 52
1683954647343 1.6269062 53
1683954647405 1.6628876 54
1683954647468 1.6992872 55
1683954647515 1.7361256 56
1683954647577 1.773426 57
1683954647640 1.8112128 58
1683954647702 1.8495097 59
1683954647765 1.8883392 60
1683954647827 1.9277197 61
1683954647890 1.9676659 62
1683954647952 2.0081882 63
1683954648015 2.0492907 64
1683954648077 2.090973 65
1683954648140 2.1332297 66
1683954648202 2.1760519 67
1683954648265 2.2194262 68
1683954648327 2.2633367 69
1683954648390 2.3077674 70
1683954648452 2.3527005 71
1683954648515 2.3981197 72
1683954648577 2.44401 73
1683954648640 2.490359 74
1683954648718 2.5371575 75
1683954648780 2.5843995 76
1683954648843 2.632083 77
1683954648905 2.6802094 78
1683954648968 2.7287846 79
1683954649030 2.7778172 80
1683954649108 2.8273199 81
1683954649171 2.877307 82
1683954649233 2.927796 83
1683954649296 2.9788053 84
1683954649358 3.030355 85
1683954649421 3.0824656 86
1683954649483 3.135158 87
1683954649561 3.1884527 88
1683954649624 3.2423701 89
1683954649686 3.2969286 90
1683954649749 3.352147 91
1683954649811 3.408042 92
1683954649874 3.4646294 93
1683954649936 3.5219238 94
1683954649999 3.5799384 95
1683954650061 3.6386857 96
1683954650124 3.6981764 97
1683954650186 3.758422 98
1683954650249 3.819431 99
1683954650311 3.881214 100
1683954650374 3.943779 101
1683954650436 4.0071354 102
1683954650499 4.071291 103
1683954650561 4.1362553 104
1683954650624 4.202037 105
1683954650686 4.2686443 106
1683954650765 4.3360868 107
1683954650827 4.404372 108
1683954650890 4.473509 109
1683954650952 4.5435057 110
1683954651015 4.6143703 111
1683954651077 4.6861115 112
1683954651140 4.758736 113
1683954651202 4.832254 114
1683954651265 4.906671 115
1683954651327 4.981997 116
1683954651390 5.05824 117
1683954651452 5.135408 118
1683954651530 5.2135105 119
1683954651593 5.292557 120
1683954651655 5.3725557 121
1683954651718 5.453517 122
1683954651780 5.53545 123
1683954651843 5.6183643 124
1683954651905 5.7022686 125
1683954652077 5.7871737 126
1683954652220 5.873088 127
1683954652283 5.9600196 128
1683954652345 6.0479765 129
1683954652408 6.1369667 130
1683954652470 6.226995 131
1683954652533 6.3180695 132
1683954652595 6.4101925 133
1683954652657 6.5033684 134
1683954652720 6.597599 135
1683954652783 6.6928864 136
1683954652861 6.7892294 137
1683954652923 6.886627 138
1683954652986 6.985077 139
1683954653048 7.0845766 140
1683954653111 7.1851215 141
1683954653189 7.2867055 142
1683954653251 7.389327 143
1683954653314 7.492978 144
1683954653392 7.597654 145
1683954653454 7.703351 146
1683954653517 7.8100643 147
1683954653579 7.91779 148
1683954653642 8.0265255 149
1683954653704 8.136267 150
1683954653767 8.247014 151
1683954653829 8.358767 152
1683954653908 8.471523 153
1683954653954 8.585285 154
1683954654017 8.700051 155
1683954654126 8.8158245 156
1683954654189 8.932607 157
1683954654251 9.050397 158
1683954654314 9.169197 159
1683954654376 9.289008 160
1683954654439 9.409828 161
1683954654501 9.531658 162
1683954654564 9.654494 163
1683954654626 9.778336 164
1683954654689 9.903177 165
1683954654751 10.029018 166
1683954654814 10.155849 167
1683954654876 10.283667 168
1683954654939 10.412462 169
1683954655001 10.542231 170
1683954655064 10.672963 171
1683954655126 10.804651 172
1683954655189 10.937288 173
1683954655251 11.070868 174
1683954655314 11.2053795 175
1683954655376 11.340817 176
1683954655439 11.477174 177
1683954655501 11.614444 178
1683954655564 11.752621 179
1683954655626 11.891701 180
1683954655689 12.031678 181
1683954655751 12.17255 182
1683954655814 12.314313 183
1683954655876 12.4569645 184
1683954655923 12.6005 185
1683954655986 12.744921 186
1683954656048 12.890221 187
1683954656111 13.036402 188
1683954656173 13.18346 189
1683954656236 13.331393 190
1683954656298 13.480198 191
1683954656361 13.629872 192
1683954656423 13.780413 193
1683954656470 13.931816 194
1683954656532 14.084076 195
1683954656595 14.23719 196
1683954656658 14.391151 197
1683954656720 14.545958 198
1683954656782 14.701598 199
1683954656845 14.85807 200
1683954656907 15.0153675 201
1683954656970 15.173483 202
1683954657033 15.332411 203
1683954657095 15.492146 204
1683954657157 15.652682 205
1683954657220 15.814013 206
1683954657282 15.976134 207
1683954657345 16.139038 208
1683954657517 16.302721 209
1683954657579 16.467175 210
1683954657642 16.632391 211
1683954657689 16.798368 212
1683954657751 16.9651 213
1683954657814 17.132578 214
1683954657876 17.300804 215
1683954657939 17.46977 216
1683954658001 17.639482 217
1683954658064 17.809937 218
1683954658126 17.981133 219
1683954658189 18.15308 220
1683954658251 18.325779 221
1683954658314 18.499231 222
1683954658376 18.673443 223
1683954658439 18.848415 224
1683954658501 19.024147 225
1683954658564 19.200642 226
1683954658626 19.377895 227
1683954658689 19.5559 228
1683954658798 19.734653 229
1683954658861 19.914143 230
1683954658923 20.09436 231
1683954658986 20.275293 232
1683954659048 20.456936 233
1683954659111 20.63927 234
1683954659173 20.822289 235
1683954659236 21.005985 236
1683954659298 21.190348 237
1683954659361 21.375374 238
1683954659423 21.56106 239
1683954659501 21.747406 240
1683954659564 21.934418 241
1683954659642 22.122093 242
1683954659704 22.310444 243
1683954659767 22.499474 244
1683954659829 22.689194 245
1683954659892 22.879612 246
1683954659954 23.070736 247
1683954660017 23.262577 248
1683954660079 23.455137 249
1683954660142 23.648418 250
