1683955582462 1.3717792 1
1683955582525 1.194382 2
1683955582603 1.0054555 3
1683955582665 0.82619 4
1683955582728 0.67770183 5
1683955582790 0.57210433 6
1683955582868 0.51053035 7
1683955582931 0.4853433 8
1683955582993 0.48411432 9
1683955583056 0.4889171 10
1683955583118 0.48977524 11
1683955583181 0.48658744 12
1683955583243 0.47816646 13
1683955583306 0.4672464 14
1683955583384 0.45751238 15
1683955583446 0.44646412 16
1683955583509 0.42912817 17
1683955583571 0.41774023 18
1683955583634 0.41431385 19
1683955583696 0.4195398 20
1683955583759 0.43283626 21
1683955583837 0.45259136 22
1683955583900 0.47652012 23
1683955583962 0.49874645 24
1683955584025 0.5165934 25
1683955584087 0.5348137 26
1683955584150 0.55270374 27
1683955584212 0.56964666 28
1683955584275 0.5833544 29
1683955584337 0.5835807 30
1683955584400 0.5787009 31
1683955584478 0.5695971 32
1683955584540 0.55731595 33
1683955584603 0.5429425 34
1683955584665 0.527496 35
1683955584728 0.5118542 36
1683955584790 0.4967099 37
1683955584853 0.482556 38
1683955584915 0.46969497 39
1683955584978 0.45826477 40
1683955585040 0.4482745 41
1683955585103 0.43964183 42
1683955585165 0.43222934 43
1683955585228 0.425875 44
1683955585290 0.42041552 45
1683955585353 0.41570157 46
1683955585415 0.4116055 47
1683955585478 0.40802312 48
1683955585540 0.4048713 49
1683955585603 0.40208423 50
1683955585665 0.39960834 51
1683955585728 0.3973986 52
1683955585790 0.39541554 53
1683955585853 0.39362302 54
1683955585915 0.39198786 55
1683955585978 0.3904792 56
1683955586040 0.38906938 57
1683955586118 0.38773364 58
1683955586181 0.3864513 59
1683955586228 0.38520566 60
1683955586290 0.38398412 61
1683955586353 0.3827781 62
1683955586415 0.38158268 63
1683955586493 0.38039607 64
1683955586556 0.3792189 65
1683955586618 0.37805384 66
1683955586681 0.37690443 67
1683955586743 0.37577516 68
1683955586806 0.37467045 69
1683955586868 0.3735946 70
1683955586931 0.37255135 71
1683955586993 0.3715438 72
1683955587056 0.37057427 73
1683955587134 0.3696444 74
1683955587196 0.3687552 75
1683955587259 0.36790696 76
1683955587321 0.36709958 77
1683955587384 0.36633247 78
1683955587446 0.36560482 79
1683955587525 0.36491564 80
1683955587603 0.3642637 81
1683955587665 0.36364785 82
1683955587728 0.36306676 83
1683955587790 0.3625193 84
1683955587853 0.36200416 85
1683955587915 0.3615203 86
1683955587978 0.36106652 87
1683955588040 0.36064187 88
1683955588103 0.36024532 89
1683955588165 0.35987595 90
1683955588228 0.35953277 91
1683955588290 0.35921502 92
1683955588353 0.3589217 93
1683955588415 0.3586521 94
1683955588650 0.35840535 95
1683955588712 0.35818064 96
1683955588775 0.35797718 97
1683955588853 0.35779414 98
1683955588915 0.3576308 99
1683955588978 0.3574863 100
1683955589040 0.35735998 101
1683955589103 0.35725105 102
1683955589165 0.35715872 103
1683955589228 0.35708237 104
1683955589290 0.3570213 105
1683955589353 0.35697487 106
1683955589415 0.35694245 107
1683955589478 0.3569234 108
1683955589540 0.35691732 109
1683955589618 0.35692352 110
1683955589681 0.3569417 111
1683955589743 0.35697132 112
1683955589931 0.35701203 113
1683955590134 0.35706347 114
1683955590275 0.35712534 115
1683955590415 0.35719734 116
1683955590525 0.3572792 117
1683955590618 0.35737076 118
1683955590696 0.3574718 119
1683955590775 0.35758215 120
1683955590837 0.35770166 121
1683955590900 0.3578301 122
1683955590978 0.3579676 123
1683955591040 0.3581138 124
1683955591103 0.35826868 125
1683955591165 0.35843217 126
1683955591243 0.35860416 127
1683955591306 0.35878456 128
1683955591368 0.3589732 129
1683955591431 0.35917017 130
1683955591493 0.3593752 131
1683955591556 0.35958827 132
1683955591618 0.3598092 133
1683955591681 0.36003795 134
1683955591884 0.3602744 135
1683955592009 0.3605184 136
1683955592087 0.36076984 137
1683955592150 0.36102855 138
1683955592212 0.36129445 139
1683955592275 0.36156738 140
1683955592353 0.3618472 141
1683955592415 0.36213377 142
1683955592478 0.36242697 143
1683955592540 0.36272663 144
1683955592603 0.36303264 145
1683955592665 0.36334482 146
1683955592728 0.36366314 147
1683955592790 0.36398733 148
1683955592853 0.36431736 149
1683955592915 0.36465305 150
1683955592978 0.3649943 151
1683955593040 0.36534095 152
1683955593103 0.3656929 153
1683955593165 0.36605012 154
1683955593228 0.3664124 155
1683955593306 0.36677969 156
1683955593368 0.3671518 157
1683955593431 0.36752868 158
1683955593493 0.36791024 159
1683955593556 0.36829636 160
1683955593618 0.36868697 161
1683955593681 0.3690819 162
1683955593743 0.36948118 163
1683955593806 0.36988467 164
1683955593868 0.37029225 165
1683955593931 0.37070388 166
1683955593993 0.37111944 167
1683955594056 0.37153885 168
1683955594118 0.37196204 169
1683955594181 0.37238896 170
1683955594243 0.37281954 171
1683955594306 0.37325367 172
1683955594368 0.3736913 173
1683955594431 0.3741323 174
1683955594493 0.37457672 175
1683955594556 0.37502438 176
1683955594603 0.37547526 177
1683955594665 0.3759293 178
1683955594728 0.3763864 179
1683955594790 0.37684655 180
1683955594853 0.37730965 181
1683955594915 0.37777567 182
1683955594978 0.37824452 183
1683955595040 0.37831986 184
1683955595103 0.37788618 185
1683955595165 0.37745667 186
1683955595212 0.3770314 187
1683955595447 0.3766103 188
1683955595634 0.37619358 189
1683955595696 0.37578112 190
1683955595766 0.375373 191
1683955595822 0.37496918 192
1683955595884 0.3745696 193
1683955595962 0.37417427 194
1683955596025 0.3737831 195
1683955596087 0.37339607 196
1683955596150 0.37301308 197
1683955596212 0.37263402 198
1683955596275 0.3722589 199
1683955596353 0.37188753 200
1683955596415 0.3715199 201
1683955596478 0.37115592 202
1683955596540 0.37079552 203
1683955596603 0.37043864 204
1683955596822 0.37008518 205
1683955596947 0.36973506 206
1683955597025 0.36938834 207
1683955597103 0.3690449 208
1683955597165 0.3687048 209
1683955597228 0.3683679 210
1683955597290 0.3680343 211
1683955597353 0.3677039 212
1683955597415 0.3673768 213
1683955597478 0.36705294 214
1683955597540 0.36673233 215
1683955597618 0.366415 216
1683955597681 0.36610103 217
1683955597743 0.3657903 218
1683955597806 0.3654829 219
1683955597868 0.36517882 220
1683955597931 0.3648781 221
1683955597993 0.36458066 222
1683955598056 0.36428657 223
1683955598118 0.3639958 224
1683955598181 0.36370832 225
1683955598243 0.36342418 226
1683955598306 0.36314327 227
1683955598368 0.3628656 228
1683955598431 0.3625912 229
1683955598478 0.36231995 230
1683955598540 0.36205184 231
1683955598603 0.3617869 232
1683955598665 0.36152506 233
1683955598728 0.36126623 234
1683955598790 0.3610105 235
1683955598853 0.3607577 236
1683955598931 0.36050797 237
1683955598993 0.36026108 238
1683955599056 0.3600172 239
1683955599118 0.3597762 240
1683955599181 0.35953808 241
1683955599243 0.35930282 242
1683955599306 0.35907045 243
1683955599368 0.35884094 244
1683955599431 0.35861424 245
1683955599493 0.3583904 246
1683955599556 0.35816938 247
1683955599603 0.35795116 248
1683955599665 0.3577358 249
1683955599728 0.35752326 250
