1684511790601 1.6447067 1
1684511790680 1.3970208 2
1684511790755 1.1851015 3
1684511790831 1.0132378 4
1684511790905 0.8652037 5
1684511790983 0.7347009 6
1684511791055 0.62234855 7
1684511791129 0.5311955 8
1684511791202 0.4637025 9
1684511791273 0.42004716 10
1684511791346 0.3979699 11
1684511791420 0.3935649 12
1684511791493 0.40216303 13
1684511791570 0.4190114 14
1684511791645 0.43978682 15
1684511791724 0.46074846 16
1684511791805 0.47904372 17
1684511791878 0.49277312 18
1684511791954 0.50095284 19
1684511792027 0.503406 20
1684511792098 0.50058854 21
1684511792176 0.49338448 22
1684511792248 0.48291618 23
1684511792319 0.47039127 24
1684511792394 0.45698076 25
1684511792469 0.4437176 26
1684511792570 0.43141708 27
1684511792644 0.42063212 28
1684511792716 0.4116546 29
1684511792789 0.40455517 30
1684511792862 0.39924723 31
1684511792934 0.39555457 32
1684511793005 0.3932675 33
1684511793076 0.39217836 34
1684511793149 0.39209875 35
1684511793225 0.3928637 36
1684511793295 0.3943289 37
1684511793369 0.396365 38
1684511793440 0.39885274 39
1684511793512 0.4016803 40
1684511793583 0.40474272 41
1684511793657 0.4079435 42
1684511793727 0.411197 43
1684511793798 0.41443104 44
1684511793869 0.4175897 45
1684511793943 0.4206332 46
1684511794015 0.423535 47
1684511794088 0.42628074 48
1684511794158 0.4288666 49
1684511794228 0.4312973 50
1684511794298 0.43358505 51
1684511794366 0.4357472 52
1684511794438 0.43780524 53
1684511794509 0.43978342 54
1684511794580 0.44170755 55
1684511794651 0.4436038 56
1684511794722 0.4454977 57
1684511794791 0.44741303 58
1684511794860 0.44937143 59
1684511794932 0.45139182 60
1684511795001 0.45349023 61
1684511795073 0.4556797 62
1684511795145 0.45797044 63
1684511795216 0.46036986 64
1684511795285 0.4628829 65
1684511795356 0.46551228 66
1684511795428 0.46825892 67
1684511795499 0.4711219 68
1684511795570 0.4740992 69
1684511795641 0.4771877 70
1684511795714 0.48038343 71
1684511795784 0.48368198 72
1684511795855 0.4870786 73
1684511795928 0.49056822 74
1684511795998 0.4941458 75
1684511796067 0.4978063 76
1684511796136 0.50154483 77
1684511796206 0.50535643 78
1684511796275 0.50923675 79
1684511796344 0.51318127 80
1684511796414 0.51718605 81
1684511796486 0.5212469 82
1684511796560 0.52536047 83
1684511796633 0.52952313 84
1684511796706 0.5337318 85
1684511796779 0.5379835 86
1684511796850 0.5422753 87
1684511796923 0.54660463 88
1684511796994 0.55096906 89
1684511797070 0.55536634 90
1684511797149 0.5597944 91
1684511797230 0.5642512 92
1684511797312 0.5687357 93
1684511797387 0.5732469 94
1684511797467 0.5777836 95
1684511797548 0.5823448 96
1684511797628 0.58692944 97
1684511797703 0.5915369 98
1684511797780 0.596166 99
1684511797857 0.6008165 100
1684511797936 0.6054874 101
1684511798015 0.61017823 102
1684511798098 0.61488855 103
1684511798179 0.6196176 104
1684511798260 0.624365 105
1684511798330 0.6291302 106
1684511798401 0.63391256 107
1684511798473 0.6387118 108
1684511798544 0.64352715 109
1684511798613 0.6483579 110
1684511798683 0.65320355 111
1684511798753 0.6580633 112
1684511798823 0.66293645 113
1684511798892 0.66782224 114
1684511798962 0.67271984 115
1684511799031 0.6776284 116
1684511799102 0.6825472 117
1684511799172 0.6874753 118
1684511799241 0.6924119 119
1684511799445 0.69735634 120
1684511799639 0.70230764 121
1684511799732 0.70726514 122
1684511799802 0.7122281 123
1684511799883 0.71719587 124
1684511799956 0.7221678 125
1684511800027 0.7271432 126
1684511800097 0.7321216 127
1684511800167 0.73710245 128
1684511800238 0.7420852 129
1684511800308 0.7470694 130
1684511800377 0.7520547 131
1684511800448 0.7570406 132
1684511800518 0.7620269 133
1684511800591 0.76701295 134
1684511800717 0.7719986 135
1684511800791 0.77698356 136
1684511800954 0.78196746 137
1684511801025 0.78695005 138
1684511801098 0.79193103 139
1684511801173 0.7969102 140
1684511801245 0.8018873 141
1684511801314 0.8068622 142
1684511801384 0.81183445 143
1684511801454 0.81680405 144
1684511801524 0.8217709 145
1684511801594 0.8267348 146
1684511801664 0.83169556 147
1684511801735 0.83665323 148
1684511801806 0.8416076 149
1684511801877 0.8465586 150
1684511801947 0.8515062 151
1684511802017 0.8564505 152
1684511802087 0.8613914 153
1684511802157 0.86632895 154
1684511802228 0.8712632 155
1684511802299 0.8761941 156
1684511802369 0.88112175 157
1684511802439 0.88604635 158
1684511802509 0.8909678 159
1684511802579 0.89588606 160
1684511802647 0.9008013 161
1684511802717 0.9057136 162
1684511802788 0.91062295 163
1684511802857 0.9155293 164
1684511802926 0.9204327 165
1684511802994 0.92533314 166
1684511803065 0.9302306 167
1684511803134 0.935125 168
1684511803201 0.94001627 169
1684511803270 0.9449043 170
1684511803343 0.94978905 171
1684511803417 0.9546704 172
1684511803490 0.95954823 173
1684511803563 0.9644224 174
1684511803634 0.9692927 175
1684511803704 0.974159 176
1684511803776 0.9790212 177
1684511803850 0.98387897 178
1684511803919 0.9887323 179
1684511803992 0.99358094 180
1684511804064 0.99842465 181
1684511804134 1.0032632 182
1684511804205 1.0080967 183
1684511804274 1.0129246 184
1684511804345 1.0177468 185
1684511804416 1.0225632 186
1684511804485 1.0273734 187
1684511804559 1.0321776 188
1684511804631 1.0369751 189
1684511804700 1.0417663 190
1684511804771 1.0465506 191
1684511804842 1.051328 192
1684511804915 1.0560981 193
1684511804987 1.0608611 194
1684511805058 1.0656165 195
1684511805130 1.0703645 196
1684511805200 1.0751045 197
1684511805270 1.0798367 198
1684511805342 1.0845609 199
1684511805413 1.089277 200
1684511805484 1.0939848 201
1684511805556 1.0986843 202
1684511805626 1.1033754 203
1684511805696 1.1080579 204
1684511805768 1.1127317 205
1684511805841 1.1173968 206
1684511805912 1.1220531 207
1684511805983 1.1267009 208
1684511806054 1.1313397 209
1684511806259 1.1359695 210
1684511806448 1.1405904 211
1684511806590 1.1452024 212
1684511806660 1.1498055 213
1684511806729 1.1543996 214
1684511806799 1.158985 215
1684511806868 1.1635616 216
1684511806937 1.1681292 217
1684511807014 1.1726882 218
1684511807083 1.1772385 219
1684511807154 1.1817801 220
1684511807226 1.1863134 221
1684511807297 1.1908381 222
1684511807366 1.1953547 223
1684511807435 1.199863 224
1684511807506 1.2043631 225
1684511807578 1.2088555 226
1684511807649 1.21334 227
1684511807718 1.2178168 228
1684511807788 1.2222862 229
1684511807858 1.226748 230
1684511807927 1.2312026 231
1684511808009 1.2356502 232
1684511808084 1.2400908 233
1684511808156 1.2445245 234
1684511808235 1.2489514 235
1684511808307 1.2533718 236
1684511808378 1.2577858 237
1684511808450 1.2621934 238
1684511808520 1.2665946 239
1684511808590 1.27099 240
1684511808659 1.2753794 241
1684511808734 1.2797626 242
1684511808805 1.2841403 243
1684511808876 1.2885122 244
1684511808946 1.2928784 245
1684511809021 1.2972393 246
1684511809095 1.3015946 247
1684511809166 1.3059444 248
1684511809240 1.3102889 249
1684511809311 1.3146282 250
