1684511919777 1.6137394 1
1684511919869 1.3891735 2
1684511919943 1.1928996 3
1684511920016 1.0298364 4
1684511920087 0.8863412 5
1684511920158 0.75758564 6
1684511920231 0.6449754 7
1684511920301 0.55198205 8
1684511920373 0.48128474 9
1684511920443 0.43344483 10
1684511920512 0.4067588 11
1684511920582 0.39785695 12
1684511920655 0.40249747 13
1684511920727 0.40164775 14
1684511920800 0.3984635 15
1684511920871 0.40044147 16
1684511920941 0.4050684 17
1684511921014 0.41031086 18
1684511921086 0.41446388 19
1684511921158 0.4162967 20
1684511921231 0.41591173 21
1684511921302 0.41495293 22
1684511921373 0.41336632 23
1684511921444 0.40888253 24
1684511921516 0.40106964 25
1684511921593 0.39292884 26
1684511921668 0.3866465 27
1684511921737 0.38435856 28
1684511921821 0.38770282 29
1684511921897 0.3964945 30
1684511921968 0.40812713 31
1684511922041 0.4192143 32
1684511922111 0.4207048 33
1684511922183 0.4202613 34
1684511922253 0.42071488 35
1684511922322 0.42192662 36
1684511922393 0.42377758 37
1684511922463 0.42616087 38
1684511922534 0.42897612 39
1684511922605 0.43212613 40
1684511922676 0.43551666 41
1684511922748 0.4390577 42
1684511922819 0.442666 43
1684511922889 0.44626743 44
1684511922959 0.44979966 45
1684511923030 0.45321363 46
1684511923100 0.4564756 47
1684511923174 0.45956546 48
1684511923245 0.46247762 49
1684511923317 0.46521676 50
1684511923389 0.46779558 51
1684511923464 0.47023234 52
1684511923534 0.4725489 53
1684511923606 0.4747693 54
1684511923677 0.4769184 55
1684511923749 0.4790214 56
1684511923823 0.48110297 57
1684511923895 0.48318648 58
1684511923966 0.48529363 59
1684511924037 0.48744392 60
1684511924108 0.48965418 61
1684511924180 0.4919385 62
1684511924251 0.49430823 63
1684511924321 0.4967721 64
1684511924390 0.4993363 65
1684511924460 0.50200504 66
1684511924529 0.50478053 67
1684511924601 0.5076635 68
1684511924675 0.5106534 69
1684511924751 0.51374847 70
1684511924820 0.5169465 71
1684511924891 0.5202445 72
1684511924966 0.52363867 73
1684511925037 0.52712554 74
1684511925107 0.5307008 75
1684511925180 0.53436047 76
1684511925253 0.5381001 77
1684511925322 0.54191566 78
1684511925393 0.54580295 79
1684511925462 0.54975814 80
1684511925532 0.5537772 81
1684511925601 0.55785674 82
1684511925673 0.5619933 83
1684511925744 0.56618375 84
1684511925815 0.57042515 85
1684511925887 0.5747147 86
1684511925958 0.57904994 87
1684511926030 0.58342856 88
1684511926102 0.58784825 89
1684511926171 0.5917042 90
1684511926243 0.5943768 91
1684511926314 0.59711015 92
1684511926384 0.599902 93
1684511926455 0.60275 94
1684511926527 0.6056522 95
1684511926597 0.6086062 96
1684511926668 0.6116101 97
1684511926742 0.6146617 98
1684511926813 0.6177589 99
1684511926884 0.62089974 100
1684511926955 0.6240822 101
1684511927026 0.62730443 102
1684511927095 0.6305646 103
1684511927164 0.6338608 104
1684511927233 0.6371914 105
1684511927303 0.6405548 106
1684511927373 0.6439494 107
1684511927536 0.6473735 108
1684511927678 0.650826 109
1684511927749 0.6543053 110
1684511927818 0.6578103 111
1684511927890 0.6613397 112
1684511927959 0.66489244 113
1684511928029 0.66846746 114
1684511928099 0.6720637 115
1684511928168 0.67568046 116
1684511928237 0.67931676 117
1684511928307 0.6829718 118
1684511928384 0.6866449 119
1684511928457 0.6903354 120
1684511928526 0.6940428 121
1684511928597 0.6977664 122
1684511928667 0.70150566 123
1684511928745 0.70526016 124
1684511928815 0.70902944 125
1684511928887 0.7128129 126
1684511928957 0.7166102 127
1684511929027 0.72042084 128
1684511929100 0.7242445 129
1684511929172 0.72808063 130
1684511929241 0.7319289 131
1684511929312 0.7357888 132
1684511929385 0.7396599 133
1684511929456 0.74354184 134
1684511929528 0.74743414 135
1684511929598 0.75133646 136
1684511929668 0.75524837 137
1684511929740 0.75916934 138
1684511929810 0.7630991 139
1684511929882 0.76703715 140
1684511929961 0.7709832 141
1684511930038 0.77493685 142
1684511930111 0.77889764 143
1684511930183 0.78286517 144
1684511930256 0.78683925 145
1684511930328 0.7908194 146
1684511930399 0.7948053 147
1684511930470 0.79879653 148
1684511930541 0.80279285 149
1684511930611 0.8067939 150
1684511930681 0.8107995 151
1684511930752 0.81480896 152
1684511930823 0.8188224 153
1684511930894 0.8228392 154
1684511930965 0.8268592 155
1684511931036 0.8308822 156
1684511931108 0.83490825 157
1684511931178 0.83893716 158
1684511931247 0.842969 159
1684511931318 0.8470038 160
1684511931389 0.85104144 161
1684511931460 0.855082 162
1684511931531 0.85912526 163
1684511931602 0.86317134 164
1684511931672 0.86722004 165
1684511931741 0.8712713 166
1684511931812 0.8753251 167
1684511931885 0.8793813 168
1684511931956 0.88343954 169
1684511932026 0.8874998 170
1684511932096 0.89156187 171
1684511932166 0.8956256 172
1684511932237 0.8996907 173
1684511932305 0.90375686 174
1684511932376 0.9078239 175
1684511932447 0.9118916 176
1684511932515 0.91595954 177
1684511932585 0.9200276 178
1684511932657 0.92409545 179
1684511932725 0.92816275 180
1684511932796 0.9322294 181
1684511932866 0.936295 182
1684511933135 0.9403593 183
1684511933313 0.9444221 184
1684511933387 0.9484831 185
1684511933457 0.9525422 186
1684511933528 0.9565992 187
1684511933597 0.9606537 188
1684511933671 0.96470577 189
1684511933743 0.9687552 190
1684511933813 0.97280174 191
1684511933884 0.9768455 192
1684511933953 0.98088616 193
1684511934024 0.9849237 194
1684511934094 0.98895824 195
1684511934163 0.99298954 196
1684511934233 0.99701744 197
1684511934303 1.0010421 198
1684511934587 1.0050635 199
1684511934669 1.0090816 200
1684511934744 1.0130959 201
1684511934815 1.0171064 202
1684511934884 1.0211128 203
1684511934953 1.025115 204
1684511935040 1.0291126 205
1684511935108 1.0331055 206
1684511935177 1.0370936 207
1684511935248 1.0410767 208
1684511935316 1.0450544 209
1684511935385 1.0490271 210
1684511935453 1.0529943 211
1684511935521 1.056956 212
1684511935590 1.0609123 213
1684511935660 1.0648631 214
1684511935731 1.0688084 215
1684511935800 1.0727482 216
1684511935871 1.0766826 217
1684511935940 1.0806116 218
1684511936011 1.0845354 219
1684511936081 1.0884538 220
1684511936151 1.0923672 221
1684511936221 1.0962753 222
1684511936291 1.1001787 223
1684511936360 1.104077 224
1684511936430 1.1079706 225
1684511936500 1.1118596 226
1684511936571 1.115744 227
1684511936638 1.1196238 228
1684511936708 1.1234992 229
1684511936779 1.1273702 230
1684511936849 1.131237 231
1684511936918 1.1350998 232
1684511936989 1.1389583 233
1684511937058 1.1428128 234
1684511937129 1.1466634 235
1684511937199 1.1505101 236
1684511937270 1.1543529 237
1684511937340 1.1581919 238
1684511937413 1.1620271 239
1684511937483 1.1658587 240
1684511937553 1.1696866 241
1684511937622 1.1735109 242
1684511937693 1.1773316 243
1684511937764 1.1811488 244
1684511937833 1.1849625 245
1684511937903 1.1887729 246
1684511937973 1.1925797 247
1684511938044 1.1963831 248
1684511938132 1.2001834 249
1684511938204 1.2039802 250
