1684512356016 0.06384645719387953 1
1684512356101 0.10596487372393362 2
1684512356174 0.1401397564419984 3
1684512356245 0.16778553025485582 4
1684512356317 0.19059337506907273 5
1684512356390 0.20854561814219266 6
1684512356464 0.22066061337970008 7
1684512356536 0.22586613416001233 8
1684512356609 0.22365125512126277 9
1684512356682 0.21433259629614165 10
1684512356754 0.1989729575878295 11
1684512356826 0.17912877624198623 12
1684512356899 0.1565821235094525 13
1684512356971 0.1331228437243476 14
1684512357045 0.11032474338722144 15
1684512357118 0.0897475617000527 16
1684512357190 0.07256729513346197 17
1684512357261 0.05966552906063661 18
1684512357332 0.05131647535375477 19
1684512357405 0.04704947848606854 20
1684512357476 0.04576731089703797 21
1684512357547 0.04629902242256214 22
1684512357618 0.04782285419350792 23
1684512357690 0.049864201955090115 24
1684512357763 0.052134496314930945 25
1684512357839 0.05440551402559047 26
1684512357912 0.05648770601691859 27
1684512357981 0.05823911664560928 28
1684512358051 0.059652380061108665 29
1684512358122 0.06088730164305318 30
1684512358193 0.062223976914795774 31
1684512358263 0.06402454732470504 32
1684512358333 0.06646191375069348 33
1684512358406 0.06963318969216446 34
1684512358476 0.07365645037953644 35
1684512358545 0.07841597835988007 36
1684512358616 0.08386172581453838 37
1684512358686 0.08996469136851365 38
1684512358754 0.09671467534140392 39
1684512358824 0.10411924569467798 40
1684512358896 0.11220164038229814 41
1684512358966 0.12099686364129654 42
1684512359036 0.1305457436681447 43
1684512359108 0.1408880584142157 44
1684512359179 0.1520622668045165 45
1684512359252 0.164101338904717 46
1684512359324 0.17706591477667843 47
1684512359396 0.19086719202566524 48
1684512359468 0.2054535735593158 49
1684512359538 0.22077031790985607 50
1684512359610 0.23675694607457182 51
1684512359680 0.25334619100032313 52
1684512359751 0.270465384782644 53
1684512359821 0.2880382170196525 54
1684512359892 0.30597185474866456 55
1684512359962 0.3242016801764676 56
1684512360036 0.3426543758969829 57
1684512360106 0.3612558439934104 58
1684512360176 0.37993299018024734 59
1684512360245 0.39861519671353685 60
1684512360315 0.4172350134725804 61
1684512360394 0.4357285736001919 62
1684512360465 0.45403555978222593 63
1684512360536 0.4720994289573564 64
1684512360609 0.4898671039217688 65
1684512360682 0.5072895678089415 66
1684512360754 0.5243214711244517 67
1684512360825 0.5409214660439943 68
1684512360898 0.5570517675000526 69
1684512360972 0.5726790744624252 70
1684512361043 0.5877738275279699 71
1684512361126 0.6023106624389675 72
1684512361200 0.6162681440995266 73
1684512361270 0.6296289941734651 74
1684512361341 0.6423799176522293 75
1684512361415 0.654511729199252 76
1684512361485 0.6660185864071919 77
1684512361554 0.6768986132249056 78
1684512361624 0.6871530901436091 79
1684512361693 0.6967867878918425 80
1684512361763 0.7058067545409461 81
1684512361832 0.7142230284036163 82
1684512361903 0.7220477297790654 83
1684512361974 0.729294534840176 84
1684512362045 0.73597898084173 85
1684512362121 0.7421174870814818 86
1684512362193 0.747727708973653 87
1684512362262 0.7528276142590037 88
1684512362337 0.7574360838224005 89
1684512362408 0.7615724247377124 90
1684512362478 0.7652564939829308 91
1684512362550 0.7685084934380185 92
1684512362625 0.7713489180764822 93
1684512362694 0.7737985024842461 94
1684512362765 0.7758779320554419 95
1684512362837 0.7776081035993275 96
1684512362908 0.7790090206679724 97
1684512362979 0.7801006802923136 98
1684512363052 0.7809021202152479 99
1684512363123 0.7814320965864201 100
1684512363193 0.7817082638407469 101
1684512363263 0.7817479742103275 102
1684512363333 0.7815672847844968 103
1684512363405 0.7811818515286555 104
1684512363477 0.7806067787816521 105
1684512363547 0.7798558829733743 106
1684512363620 0.7789427091195772 107
1684512363690 0.7778798492445839 108
1684512363759 0.7766791119185948 109
1684512363831 0.7753515132126142 110
1684512363903 0.7739071548675946 111
1684512363975 0.7723558956157778 112
1684512364048 0.7707061552882484 113
1684512364121 0.768966366801501 114
1684512364191 0.7671437461150686 115
1684512364263 0.7652453813763597 116
1684512364334 0.7632774420638002 117
1684512364407 0.7612458293067493 118
1684512364478 0.7591556249202465 119
1684512364549 0.7570117731035338 120
1684512364619 0.7548186219028962 121
1684512364691 0.7525801877278702 122
1684512364762 0.7503001424938855 123
1684512364832 0.7479818960435611 124
1684512364902 0.7456286650362614 125
1684512364971 0.7432432229974687 126
1684512365043 0.740828374627044 127
1684512365113 0.7383866303803328 128
1684512365185 0.7359205582658774 129
1684512365253 0.7334324154312235 130
1684512365323 0.7309244386931107 131
1684512365397 0.7283988127165671 132
1684512365469 0.725857642021275 133
1684512365539 0.7233028864136657 134
1684512365609 0.7207365267552667 135
1684512365679 0.7181606076871305 136
1684512365749 0.7155767846431587 137
1684512365818 0.7129869903463499 138
1684512365889 0.710393032421289 139
1684512365958 0.7077965212058035 140
1684512366030 0.7051990371231978 141
1684512366100 0.7026023267641754 142
1684512366176 0.7000079110311438 143
1684512366446 0.6974171484587868 144
1684512366649 0.6948316725522319 145
1684512366731 0.6922525975950745 146
1684512366803 0.6896813463175007 147
1684512366874 0.6871191121245803 148
1684512366947 0.6845670551784918 149
1684512367019 0.6820263333104789 150
1684512367090 0.6794977459319193 151
1684512367161 0.6769823746668953 152
1684512367232 0.6744811129127494 153
1684512367302 0.6719944840811725 154
1684512367375 0.6695235590743097 155
1684512367445 0.6670687234231459 156
1684512367515 0.6646306352033433 157
1684512367585 0.6622095762947864 158
1684512367655 0.6598062414979997 159
1684512367725 0.6574206768733745 160
1684512367797 0.6550532323898404 161
1684512367867 0.6527042216332789 162
1684512367937 0.650373715179962 163
1684512368007 0.648061794985014 164
1684512368078 0.6457684648917262 165
1684512368147 0.6434937194933394 166
1684512368219 0.6412375700469856 167
1684512368292 0.6389999204569908 168
1684512368363 0.6367806835130236 169
1684512368433 0.6345795903208662 170
1684512368507 0.6323966559270632 171
1684512368576 0.6302317739830667 172
1684512368648 0.6280845405950479 173
1684512368718 0.6259549206197028 174
1684512368789 0.623842726355555 175
1684512368861 0.6217478212808355 176
1684512368931 0.6196701022906485 177
1684512369002 0.6176092406111369 178
1684512369077 0.6155652065220355 179
1684512369381 0.6135378605463562 180
1684512369467 0.6115272060551181 181
1684512369540 0.609533039207443 182
1684512369611 0.6075553150849728 183
1684512369683 0.6055940350826808 184
1684512369758 0.6036490085167915 185
1684512369848 0.6017204339558966 186
1684512369918 0.599808133551083 187
1684512369988 0.5979122567442078 188
1684512370062 0.596032847668939 189
1684512370134 0.5941698390116306 190
1684512370203 0.5923232452834076 191
1684512370278 0.5904934109478582 192
1684512370351 0.5886800679094716 193
1684512370424 0.5868835071394392 194
1684512370494 0.585103800452067 195
1684512370566 0.583340880521561 196
1684512370636 0.5815950155164972 197
1684512370706 0.5798661594459844 198
1684512370777 0.5781545063089798 199
1684512370848 0.5764601002826053 200
1684512370918 0.5747830465922342 201
1684512370988 0.5731234532129207 202
1684512371059 0.5714813651213836 203
1684512371128 0.5698570023264024 204
1684512371198 0.5682502772241822 205
1684512371269 0.5666613594564529 206
1684512371341 0.5650903950423345 207
1684512371413 0.5635374168858834 208
1684512371483 0.5620026246043448 209
1684512371553 0.5604858433947812 210
1684512371623 0.5589873481729777 211
1684512371695 0.5575072265291448 212
1684512371767 0.5560454351914211 213
1684512371849 0.5546022390656407 214
1684512372000 0.553177623840892 215
1684512372125 0.5517715984776101 216
1684512372199 0.5503843043918107 217
1684512372272 0.5490159273937032 218
1684512372343 0.5476662980694544 219
1684512372414 0.5463356336850503 220
1684512372487 0.5450239413495557 221
1684512372558 0.5437312867425091 222
1684512372627 0.542457849737953 223
1684512372698 0.5412034239477681 224
1684512372768 0.539968419622683 225
1684512372840 0.538752546587965 226
1684512372910 0.5375560235496478 227
1684512372981 0.5363789917697299 228
1684512373054 0.535221321811442 229
1684512373126 0.5340830910088914 230
1684512373196 0.5329644215022938 231
1684512373268 0.5318651088835138 232
1684512373342 0.5307855030626072 233
1684512373413 0.5297254216721887 234
1684512373486 0.5286850523206733 235
1684512373561 0.5276643215090038 236
1684512373633 0.5266630757969655 237
1684512373703 0.5256816675223638 238
1684512373774 0.5247199505989968 239
1684512373848 0.5237779168592012 240
1684512373919 0.5228556540571975 241
1684512373988 0.5219531104723837 242
1684512374060 0.5210703551283012 243
1684512374130 0.5202073848214019 244
1684512374200 0.5193640944764241 245
1684512374271 0.518540598294815 246
1684512374341 0.5177368876938867 247
1684512374412 0.5169528118410619 248
1684512374481 0.5161886312909416 249
1684512374572 0.5154442188279587 250
