1684511092062 1.6318132 1
1684511092140 1.4237994 2
1684511092215 1.2473474 3
1684511092288 1.1043522 4
1684511092359 0.97874004 5
1684511092443 0.8635415 6
1684511092520 0.7578446 7
1684511092590 0.6633448 8
1684511092660 0.5822125 9
1684511092732 0.51595855 10
1684511092806 0.46498108 11
1684511092879 0.42854044 12
1684511092949 0.40497798 13
1684511093022 0.39203548 14
1684511093093 0.3877195 15
1684511093162 0.38788337 16
1684511093235 0.3900934 17
1684511093307 0.39264548 18
1684511093381 0.3943979 19
1684511093455 0.3949061 20
1684511093526 0.39436683 21
1684511093597 0.3934784 22
1684511093669 0.3931957 23
1684511093740 0.39434284 24
1684511093810 0.3972293 25
1684511093884 0.40152866 26
1684511093956 0.406491 27
1684511094027 0.41130084 28
1684511094099 0.41530764 29
1684511094172 0.4183364 30
1684511094248 0.42051685 31
1684511094320 0.42220983 32
1684511094391 0.42391384 33
1684511094464 0.4254877 34
1684511094536 0.4277245 35
1684511094609 0.4310956 36
1684511094680 0.4359321 37
1684511094752 0.4424428 38
1684511094823 0.45073462 39
1684511094893 0.46083114 40
1684511094964 0.4726887 41
1684511095035 0.48621166 42
1684511095107 0.50126505 43
1684511095179 0.51768625 44
1684511095249 0.53526014 45
1684511095318 0.55381346 46
1684511095388 0.5731225 47
1684511095457 0.5929798 48
1684511095526 0.6112625 49
1684511095594 0.6295309 50
1684511095664 0.64767027 51
1684511095736 0.6656308 52
1684511095806 0.6833439 53
1684511095876 0.70075715 54
1684511095951 0.71784025 55
1684511096024 0.73458254 56
1684511096094 0.7509916 57
1684511096164 0.767089 58
1684511096236 0.7829086 59
1684511096306 0.7984922 60
1684511096377 0.8138867 61
1684511096447 0.82914126 62
1684511096517 0.8443041 63
1684511096586 0.8594197 64
1684511096656 0.8745269 65
1684511096728 0.889657 66
1684511096799 0.9048326 67
1684511096871 0.92006683 68
1684511096940 0.9353627 69
1684511097011 0.9507135 70
1684511097082 0.9661032 71
1684511097152 0.98150665 72
1684511097222 0.99689114 73
1684511097297 1.0122173 74
1684511097369 1.02744 75
1684511097442 1.0425105 76
1684511097511 1.0573776 77
1684511097581 1.0719886 78
1684511097653 1.0862917 79
1684511097725 1.1002369 80
1684511097795 1.1137774 81
1684511097866 1.1268706 82
1684511097938 1.1394795 83
1684511098012 1.1515727 84
1684511098082 1.1631258 85
1684511098154 1.1741209 86
1684511098223 1.1845472 87
1684511098294 1.1944005 88
1684511098366 1.2036831 89
1684511098438 1.2124033 90
1684511098508 1.2205738 91
1684511098580 1.2282126 92
1684511098676 1.2353411 93
1684511098749 1.2419835 94
1684511098821 1.2481661 95
1684511098892 1.2539164 96
1684511098962 1.2592609 97
1684511099031 1.2642223 98
1684511099102 1.2688205 99
1684511099173 1.2730745 100
1684511099245 1.2770041 101
1684511099317 1.2806296 102
1684511099392 1.2839725 103
1684511099463 1.2870556 104
1684511099537 1.2899017 105
1684511099608 1.2925347 106
1684511099681 1.2949778 107
1684511099752 1.297254 108
1684511099826 1.2993848 109
1684511099900 1.3013908 110
1684511099975 1.3032911 111
1684511100050 1.305102 112
1684511100123 1.3068384 113
1684511100194 1.3085134 114
1684511100265 1.3101368 115
1684511100339 1.3117175 116
1684511100411 1.3132614 117
1684511100482 1.3147728 118
1684511100562 1.316255 119
1684511100641 1.3177088 120
1684511100713 1.3191346 121
1684511100785 1.3205311 122
1684511100857 1.3218971 123
1684511100928 1.32323 124
1684511100999 1.3245271 125
1684511101072 1.3257859 126
1684511101142 1.3270035 127
1684511101216 1.3281772 128
1684511101295 1.3293048 129
1684511101378 1.3303843 130
1684511101462 1.331414 131
1684511101548 1.3323927 132
1684511101628 1.3333199 133
1684511101710 1.3341951 134
1684511101782 1.3350186 135
1684511101856 1.3357912 136
1684511101929 1.3365135 137
1684511102001 1.3371873 138
1684511102073 1.3378136 139
1684511102144 1.3383945 140
1684511102216 1.3389319 141
1684511102287 1.3394278 142
1684511102357 1.3398845 143
1684511102429 1.3403038 144
1684511102501 1.340688 145
1684511102583 1.3410392 146
1684511102663 1.3413593 147
1684511102734 1.34165 148
1684511102807 1.3419131 149
1684511102878 1.3421503 150
1684511102949 1.3423631 151
1684511103021 1.3425528 152
1684511103091 1.3427205 153
1684511103161 1.3428676 154
1684511103231 1.3429948 155
1684511103301 1.343103 156
1684511103371 1.3431934 157
1684511103445 1.3432665 158
1684511103516 1.343323 159
1684511103586 1.3433634 160
1684511103658 1.3433889 161
1684511103728 1.3433998 162
1684511103799 1.3433965 163
1684511103869 1.3433802 164
1684511103939 1.3433511 165
1684511104007 1.3433102 166
1684511104079 1.343258 167
1684511104149 1.3431954 168
1684511104221 1.3431228 169
1684511104291 1.3430414 170
1684511104362 1.3429519 171
1684511104434 1.3428547 172
1684511104508 1.342751 173
1684511104581 1.3426416 174
1684511104652 1.3425272 175
1684511104726 1.3424087 176
1684511104797 1.3422866 177
1684511104869 1.3421621 178
1684511104943 1.3420358 179
1684511105021 1.3419083 180
1684511105096 1.3417808 181
1684511105167 1.3416535 182
1684511105237 1.3415272 183
1684511105307 1.3414028 184
1684511105381 1.3412806 185
1684511105600 1.341161 186
1684511105794 1.3410449 187
1684511105874 1.3409325 188
1684511105944 1.3408244 189
1684511106014 1.3407205 190
1684511106086 1.3406218 191
1684511106157 1.3405282 192
1684511106228 1.34044 193
1684511106299 1.3403573 194
1684511106372 1.3402804 195
1684511106442 1.3402095 196
1684511106513 1.3401446 197
1684511106582 1.3400857 198
1684511106655 1.3450398 199
1684511106725 1.351105 200
1684511106798 1.3574214 201
1684511107031 1.3635439 202
1684511107143 1.3692837 203
1684511107215 1.3745486 204
1684511107286 1.379292 205
1684511107356 1.383493 206
1684511107426 1.38715 207
1684511107497 1.3902767 208
1684511107566 1.3928986 209
1684511107637 1.3950502 210
1684511107707 1.3967723 211
1684511107780 1.3981098 212
1684511107848 1.399109 213
1684511107918 1.3998165 214
1684511107989 1.4002779 215
1684511108061 1.4005356 216
1684511108132 1.40063 217
1684511108218 1.4005975 218
1684511108290 1.4004709 219
1684511108360 1.4002788 220
1684511108437 1.4000466 221
1684511108507 1.399795 222
1684511108576 1.3995416 223
1684511108646 1.3993001 224
1684511108726 1.3990815 225
1684511108800 1.3985486 226
1684511108870 1.3982126 227
1684511108940 1.3982242 228
1684511109014 1.3986256 229
1684511109084 1.3993894 230
1684511109153 1.4004576 231
1684511109224 1.401762 232
1684511109295 1.4032328 233
1684511109366 1.4048047 234
1684511109439 1.4064186 235
1684511109511 1.4080238 236
1684511109581 1.4095784 237
1684511109651 1.4110497 238
1684511109720 1.4124128 239
1684511109794 1.4136517 240
1684511109864 1.4147565 241
1684511109933 1.415724 242
1684511110004 1.4165556 243
1684511110075 1.4172574 244
1684511110145 1.417838 245
1684511110217 1.4183084 246
1684511110289 1.4186813 247
1684511110358 1.4189698 248
1684511110428 1.4191875 249
1684511110499 1.4193482 250
