1684511919863 1.6826875 1
1684511919937 1.503726 2
1684511920010 1.3395871 3
1684511920082 1.197253 4
1684511920153 1.0649381 5
1684511920225 0.9382619 6
1684511920296 0.818545 7
1684511920368 0.7099455 8
1684511920437 0.6169938 9
1684511920507 0.54287314 10
1684511920577 0.48875237 11
1684511920649 0.4538987 12
1684511920721 0.4361422 13
1684511920794 0.4324209 14
1684511920865 0.43927687 15
1684511920936 0.45326608 16
1684511921008 0.4712404 17
1684511921080 0.4905417 18
1684511921152 0.5090985 19
1684511921225 0.5254502 20
1684511921297 0.53870934 21
1684511921368 0.54847306 22
1684511921438 0.5547502 23
1684511921510 0.55785996 24
1684511921587 0.5583265 25
1684511921662 0.55678207 26
1684511921731 0.55387497 27
1684511921813 0.5502024 28
1684511921891 0.5462673 29
1684511921963 0.5424571 30
1684511922036 0.5390454 31
1684511922106 0.53620493 32
1684511922177 0.53402877 33
1684511922248 0.5325495 34
1684511922317 0.53177464 35
1684511922387 0.53166205 36
1684511922458 0.5321363 37
1684511922529 0.53310275 38
1684511922599 0.5344587 39
1684511922670 0.53610134 40
1684511922743 0.537932 41
1684511922813 0.5398594 42
1684511922884 0.5418019 43
1684511922953 0.543688 44
1684511923024 0.54545784 45
1684511923095 0.54706395 46
1684511923168 0.5484724 47
1684511923240 0.54966164 48
1684511923312 0.55063295 49
1684511923384 0.55139184 50
1684511923458 0.5519501 51
1684511923528 0.5523255 52
1684511923600 0.55254006 53
1684511923671 0.5526192 54
1684511923743 0.5525899 55
1684511923817 0.55248016 56
1684511923889 0.5523178 57
1684511923961 0.5521296 58
1684511924032 0.55194116 59
1684511924103 0.55177593 60
1684511924174 0.5516552 61
1684511924245 0.5515975 62
1684511924315 0.5516186 63
1684511924385 0.5517317 64
1684511924454 0.5519472 65
1684511924523 0.5522727 66
1684511924595 0.5527136 67
1684511924670 0.5532732 68
1684511924745 0.55395293 69
1684511924815 0.5547528 70
1684511924886 0.5556717 71
1684511924960 0.5567072 72
1684511925031 0.55785686 73
1684511925102 0.5591173 74
1684511925174 0.5604851 75
1684511925247 0.5619569 76
1684511925317 0.5635288 77
1684511925387 0.5651976 78
1684511925456 0.56695986 79
1684511925526 0.5688124 80
1684511925596 0.5707522 81
1684511925668 0.5727764 82
1684511925739 0.57488227 83
1684511925810 0.57706726 84
1684511925881 0.57932884 85
1684511925952 0.5816647 86
1684511926025 0.58407235 87
1684511926096 0.5865497 88
1684511926166 0.5890944 89
1684511926238 0.5917042 90
1684511926308 0.5943768 91
1684511926379 0.59711015 92
1684511926450 0.599902 93
1684511926521 0.60275 94
1684511926592 0.6056522 95
1684511926662 0.6086062 96
1684511926736 0.6116101 97
1684511926808 0.6146617 98
1684511926878 0.6177589 99
1684511926950 0.62089974 100
1684511927021 0.6240822 101
1684511927089 0.62730443 102
1684511927158 0.6305646 103
1684511927228 0.6338608 104
1684511927298 0.6371914 105
1684511927367 0.6405548 106
1684511927521 0.6439494 107
1684511927673 0.6473735 108
1684511927743 0.650826 109
1684511927813 0.6543053 110
1684511927884 0.6578103 111
1684511927954 0.6613397 112
1684511928023 0.66489244 113
1684511928094 0.66846746 114
1684511928162 0.6720637 115
1684511928232 0.67568046 116
1684511928301 0.67931676 117
1684511928377 0.6829718 118
1684511928452 0.6866449 119
1684511928521 0.6903354 120
1684511928592 0.6940428 121
1684511928662 0.6977664 122
1684511928739 0.70150566 123
1684511928810 0.70526016 124
1684511928881 0.70902944 125
1684511928951 0.7128129 126
1684511929022 0.7166102 127
1684511929094 0.72042084 128
1684511929166 0.7242445 129
1684511929236 0.72808063 130
1684511929306 0.7319289 131
1684511929380 0.7357888 132
1684511929450 0.7396599 133
1684511929521 0.74354184 134
1684511929593 0.74743414 135
1684511929662 0.75133646 136
1684511929734 0.75524837 137
1684511929805 0.75916934 138
1684511929877 0.7630991 139
1684511929954 0.76703715 140
1684511930032 0.7709832 141
1684511930105 0.77493685 142
1684511930178 0.77889764 143
1684511930251 0.78286517 144
1684511930322 0.78683925 145
1684511930394 0.7908194 146
1684511930465 0.7948053 147
1684511930535 0.79879653 148
1684511930605 0.80279285 149
1684511930676 0.8067939 150
1684511930746 0.8107995 151
1684511930817 0.81480896 152
1684511930889 0.8188224 153
1684511930959 0.8228392 154
1684511931031 0.8268592 155
1684511931102 0.8308822 156
1684511931172 0.83490825 157
1684511931242 0.83893716 158
1684511931312 0.842969 159
1684511931384 0.8470038 160
1684511931454 0.85104144 161
1684511931525 0.855082 162
1684511931596 0.85912526 163
1684511931666 0.86317134 164
1684511931735 0.86722004 165
1684511931807 0.8712713 166
1684511931879 0.8753251 167
1684511931950 0.8793813 168
1684511932020 0.88343954 169
1684511932091 0.8874998 170
1684511932161 0.89156187 171
1684511932232 0.8956256 172
1684511932300 0.8996907 173
1684511932371 0.90375686 174
1684511932441 0.9078239 175
1684511932510 0.9118916 176
1684511932579 0.91595954 177
1684511932651 0.9200276 178
1684511932720 0.92409545 179
1684511932790 0.92816275 180
1684511932861 0.9322294 181
1684511933121 0.936295 182
1684511933305 0.9403593 183
1684511933382 0.9444221 184
1684511933451 0.9484831 185
1684511933523 0.9525422 186
1684511933592 0.9565992 187
1684511933665 0.9606537 188
1684511933737 0.96470577 189
1684511933808 0.9687552 190
1684511933879 0.97280174 191
1684511933948 0.9768455 192
1684511934018 0.98088616 193
1684511934089 0.9849237 194
1684511934158 0.98895824 195
1684511934227 0.99298954 196
1684511934297 0.99701744 197
1684511934574 1.0010421 198
1684511934663 1.0050635 199
1684511934738 1.0090816 200
1684511934809 1.0130959 201
1684511934878 1.0171064 202
1684511934948 1.0211128 203
1684511935034 1.025115 204
1684511935103 1.0291126 205
1684511935172 1.0331055 206
1684511935242 1.0370936 207
1684511935311 1.0410767 208
1684511935379 1.0450544 209
1684511935448 1.0490271 210
1684511935516 1.0529943 211
1684511935585 1.056956 212
1684511935654 1.0609123 213
1684511935725 1.0648631 214
1684511935795 1.0688084 215
1684511935865 1.0727482 216
1684511935935 1.0766826 217
1684511936005 1.0806116 218
1684511936075 1.0845354 219
1684511936146 1.0884538 220
1684511936215 1.0923672 221
1684511936286 1.0962753 222
1684511936355 1.1001787 223
1684511936424 1.104077 224
1684511936495 1.1079706 225
1684511936565 1.1118596 226
1684511936633 1.115744 227
1684511936702 1.1196238 228
1684511936773 1.1234992 229
1684511936844 1.1273702 230
1684511936913 1.131237 231
1684511936983 1.1350998 232
1684511937053 1.1389583 233
1684511937124 1.1428128 234
1684511937193 1.1466634 235
1684511937264 1.1505101 236
1684511937334 1.1543529 237
1684511937407 1.1581919 238
1684511937478 1.1620271 239
1684511937547 1.1658587 240
1684511937617 1.1696866 241
1684511937688 1.1735109 242
1684511937759 1.1773316 243
1684511937828 1.1811488 244
1684511937897 1.1849625 245
1684511937967 1.1887729 246
1684511938038 1.1925797 247
1684511938126 1.1963831 248
1684511938199 1.2001834 249
1684511938272 1.2039802 250
