1684511530754 1.7722369533593911 1
1684511530846 1.6600409656187938 2
1684511530921 1.5567118958024886 3
1684511530996 1.4702327436640326 4
1684511531069 1.3888329837871425 5
1684511531142 1.3057853908646768 6
1684511531215 1.2187850313183373 7
1684511531288 1.1284683931600128 8
1684511531360 1.0371956986219817 9
1684511531433 0.9480249866418612 10
1684511531505 0.8639670330854676 11
1684511531588 0.7875056866803933 12
1684511531664 0.7203626308268395 13
1684511531739 0.6634586290827552 14
1684511531810 0.617009607365847 15
1684511531882 0.5806488946718257 16
1684511531953 0.5536617925712645 17
1684511532024 0.5349410327846158 18
1684511532095 0.5229934532994 19
1684511532166 0.5159739864341258 20
1684511532235 0.5120795759814435 21
1684511532306 0.50972320004992 22
1684511532376 0.5080456681382959 23
1684511532446 0.5067148143045281 24
1684511532518 0.5056822149341373 25
1684511532592 0.5050234603741436 26
1684511532665 0.5048603593086284 27
1684511532736 0.5054218373240971 28
1684511532806 0.5069608792669901 29
1684511532876 0.509648965358004 30
1684511532946 0.5136078251157191 31
1684511533015 0.5188347297198603 32
1684511533086 0.5252599266895494 33
1684511533158 0.5329241312262878 34
1684511533227 0.5419444045412614 35
1684511533299 0.5524695491062603 36
1684511533370 0.564646553076567 37
1684511533441 0.5786034295312786 38
1684511533513 0.594443501291652 39
1684511533587 0.6122445802856226 40
1684511533657 0.6320593129217897 41
1684511533726 0.6539146948597054 42
1684511533796 0.6778118321715947 43
1684511533868 0.7037256209096565 44
1684511533939 0.7316050745327931 45
1684511534009 0.7613750722392754 46
1684511534081 0.7929011541544192 47
1684511534157 0.8260645747654014 48
1684511534228 0.8607721720658045 49
1684511534300 0.896778924748963 50
1684511534371 0.9340272397337775 51
1684511534442 0.9723983001885252 52
1684511534513 1.0117631527331328 53
1684511534585 1.0519898556680556 54
1684511534657 1.0929492744216178 55
1684511534729 1.134517939853703 56
1684511534801 1.176580045228316 57
1684511534874 1.2190281014735636 58
1684511534945 1.261763544687256 59
1684511535016 1.3046959930958444 60
1684511535093 1.3477433681924254 61
1684511535166 1.390830539223568 62
1684511535239 1.4338893957374168 63
1684511535309 1.476856766732836 64
1684511535381 1.5196742001667853 65
1684511535453 1.562287154100643 66
1684511535522 1.6046437752293574 67
1684511535593 1.6466946016441777 68
1684511535665 1.6883914206626525 69
1684511535734 1.7296878110493195 70
1684511535805 1.770538236338635 71
1684511535875 1.8108974711541002 72
1684511535945 1.8507216228215746 73
1684511536015 1.8899670673047761 74
1684511536084 1.9285921161653476 75
1684511536155 1.966555009098857 76
1684511536229 2.0038166880173285 77
1684511536299 2.040339421299274 78
1684511536370 2.076087327590272 79
1684511536442 2.1110275483529297 80
1684511536511 2.1451298841922206 81
1684511536586 2.178367638432442 82
1684511536656 2.2107171190493324 83
1684511536728 2.2421587733996065 84
1684511536799 2.2726770605209325 85
1684511536870 2.3022601460428116 86
1684511536944 2.330901062590336 87
1684511537013 2.3585964061921025 88
1684511537083 2.385347202502389 89
1684511537154 2.411159084776922 90
1684511537225 2.4360409030461967 91
1684511537295 2.460006074440005 92
1684511537365 2.483070982141137 93
1684511537435 2.5052557493455603 94
1684511537505 2.526583306557098 95
1684511537576 2.5470787100923973 96
1684511537649 2.566770229642264 97
1684511537719 2.5856867438291 98
1684511537792 2.603859061365961 99
1684511537862 2.621318358857435 100
1684511537933 2.638096261916133 101
1684511538004 2.6542241172849805 102
1684511538074 2.6697324326009895 103
1684511538143 2.6846514420830556 104
1684511538214 2.6990098484811327 105
1684511538285 2.7128354480373065 106
1684511538354 2.7261545070373425 107
1684511538424 2.7389924484558943 108
1684511538495 2.7513731929382943 109
1684511538563 2.763319457170522 110
1684511538634 2.774852432809962 111
1684511538703 2.785992726342888 112
1684511538773 2.7967592804697254 113
1684511538846 2.8071698227807453 114
1684511538915 2.8172408609212383 115
1684511539203 2.826988174410017 116
1684511539345 2.8364256622883737 117
1684511539418 2.8455763533776306 118
1684511539489 2.854462347909914 119
1684511539559 2.8630986470468436 120
1684511539628 2.8714969859316293 121
1684511539708 2.879668166388588 122
1684511539786 2.887621806217544 123
1684511539857 2.895367584150456 124
1684511539927 2.9029140223660352 125
1684511539997 2.9102697250834497 126
1684511540067 2.917443103877955 127
1684511540136 2.92444156208009 128
1684511540208 2.931272913119561 129
1684511540281 2.9379441386587533 130
1684511540507 2.944462273839005 131
1684511540682 2.9508333456922635 132
1684511540769 2.957063588041914 133
1684511540840 2.9631583938724675 134
1684511540910 2.9691232594536805 135
1684511540979 2.974962734615514 136
1684511541048 2.9806809793755407 137
1684511541118 2.9862821500133183 138
1684511541187 2.9917697901041067 139
1684511541260 2.997147020521023 140
1684511541329 3.0024167882699366 141
1684511541397 3.0075814749762433 142
1684511541467 3.012643871088791 143
1684511541538 3.0176054501903575 144
1684511541608 3.0224691095994825 145
1684511541720 3.027235564192233 146
1684511541788 3.0319066786634634 147
1684511541858 3.0364841243234713 148
1684511541927 3.040969176630535 149
1684511541997 3.045363100274271 150
1684511542068 3.0496669210567626 151
1684511542140 3.053882004536387 152
1684511542210 3.0580091051191034 153
1684511542281 3.062050023028907 154
1684511542350 3.0660051682112135 155
1684511542421 3.06987617104127 156
1684511542494 3.073663690797922 157
1684511542563 3.077369056410131 158
1684511542633 3.080993686792181 159
1684511542702 3.0845384104943827 160
1684511542773 3.0880044607815433 161
1684511542844 3.091393072152929 162
1684511542913 3.094705782879053 163
1684511542983 3.0979431615721325 164
1684511543053 3.1011075188455606 165
1684511543128 3.104199173961829 166
1684511543268 3.10722027156495 167
1684511543340 3.1101712264581414 168
1684511543409 3.1130543401587163 169
1684511543480 3.1158705288628843 170
1684511543551 3.1186207000988926 171
1684511543623 3.1213068747180324 172
1684511543693 3.123930070297806 173
1684511543763 3.1264911847159302 174
1684511543832 3.128992241860156 175
1684511543901 3.1314339471402084 176
1684511543971 3.133817677666894 177
1684511544042 3.136144296273348 178
1684511544116 3.1384158433453333 179
1684511544187 3.1406325501555887 180
1684511544259 3.1427957049896897 181
1684511544330 3.144906610558563 182
1684511544405 3.146966083506647 183
1684511544477 3.1489752190831792 184
1684511544546 3.1509350832168908 185
1684511544618 3.1528463895012697 186
1684511544687 3.1547099545978914 187
1684511544758 3.156526765754606 188
1684511544828 3.158297599928188 189
1684511544897 3.160023772958228 190
1684511544968 3.161705218012424 191
1684511545039 3.1633436758859954 192
1684511545112 3.1649389031969264 193
1684511545185 3.16649236932053 194
1684511545257 3.1680044275429404 195
1684511545328 3.1694755538312798 196
1684511545398 3.170907265244143 197
1684511545467 3.1722994815915913 198
1684511545537 3.173653500877272 199
1684511545609 3.1749691342189212 200
1684511545680 3.1762478955383546 201
1684511545753 3.177490045422213 202
1684511545823 3.1786965066076758 203
1684511545893 3.179867512087779 204
1684511545963 3.1810042892004766 205
1684511546033 3.1821072850350283 206
1684511546104 3.1831774468143594 207
1684511546176 3.1842149819858636 208
1684511546248 3.1852212450607844 209
1684511546318 3.186196618049205 210
1684511546389 3.1871420246013793 211
1684511546461 3.1880582721796777 212
1684511546532 3.1889459721754596 213
1684511546604 3.189805984004826 214
1684511546675 3.190638883158022 215
1684511546746 3.191446519359599 216
1684511546817 3.192228539262829 217
1684511546887 3.192986434968974 218
1684511546959 3.193720933226138 219
1684511547029 3.1944326682405615 220
1684511547100 3.195122995191945 221
1684511547367 3.1957924953757315 222
1684511547442 3.1964418902281455 223
1684511547512 3.1970726089559656 224
1684511547583 3.197684890191815 225
1684511547652 3.198279943517738 226
1684511547722 3.198858948143541 227
1684511547804 3.199422145632245 228
1684511547882 3.199970970590531 229
1684511547954 3.2005059822797794 230
1684511548025 3.2010281452235274 231
1684511548095 3.2015380668914655 232
1684511548168 3.202036975065034 233
1684511548241 3.2025253984873236 234
1684511548311 3.203004315211266 235
1684511548383 3.2034741076754405 236
1684511548453 3.203936023617113 237
1684511548590 3.2043907510358514 238
1684511548664 3.204839075713597 239
1684511548739 3.205281005618765 240
1684511548810 3.205717991330047 241
1684511548882 3.2061504786465322 242
1684511548952 3.206579101105461 243
1684511549024 3.2070047843011196 244
1684511549097 3.2074275225338247 245
1684511549171 3.2078482635651273 246
1684511549241 3.2082680421086405 247
1684511549311 3.2086864107394417 248
1684511549382 3.2091048167009326 249
1684511549452 3.2095233780738437 250
