1684512268527 1.6869150172768246 1
1684512268615 1.468078070444221 2
1684512268687 1.2809732664694726 3
1684512268761 1.1280292267795935 4
1684512268835 0.9920084084606209 5
1684512268908 0.8661942495091923 6
1684512268981 0.7510459905791729 7
1684512269054 0.6499128005799798 8
1684512269128 0.5660932473666364 9
1684512269199 0.5013047768919255 10
1684512269271 0.45532832033226023 11
1684512269344 0.4263527561492515 12
1684512269416 0.41153635155252233 13
1684512269489 0.407514863558473 14
1684512269563 0.41106596519728134 15
1684512269637 0.4180587678512971 16
1684512269711 0.4256009109471017 17
1684512269783 0.43164446425539355 18
1684512269855 0.43490532057002196 19
1684512269928 0.43551425244226155 20
1684512270000 0.4340143227927439 21
1684512270072 0.431054745993665 22
1684512270144 0.42722287146384563 23
1684512270216 0.42313140003508487 24
1684512270292 0.41937490861940224 25
1684512270368 0.41653761178910687 26
1684512270441 0.4147892239439195 27
1684512270512 0.4136789083227521 28
1684512270585 0.41281513350870497 29
1684512270657 0.4116176964517595 30
1684512270728 0.4102196629217654 31
1684512270803 0.40870511490178174 32
1684512270874 0.4072046943458674 33
1684512270945 0.40589065824848153 34
1684512271016 0.40495405209788093 35
1684512271087 0.4045774060857588 36
1684512271157 0.40490941371812 37
1684512271229 0.4060470857128555 38
1684512271300 0.4080282404085065 39
1684512271372 0.41083434096166294 40
1684512271443 0.41440019615697943 41
1684512271513 0.4186281280584726 42
1684512271583 0.42335056432413304 43
1684512271662 0.4284011726622865 44
1684512271740 0.4337187114793184 45
1684512271812 0.4392115930530476 46
1684512271882 0.4445200025126981 47
1684512271952 0.4498129239734261 48
1684512272022 0.4550885817346565 49
1684512272095 0.4603320241390798 50
1684512272164 0.465529092407593 51
1684512272235 0.4706736184992133 52
1684512272304 0.4757685280165626 53
1684512272377 0.48082555916451214 54
1684512272448 0.48586396138544813 55
1684512272519 0.49090939316377064 56
1684512272589 0.49599243121825154 57
1684512272659 0.5011471521250802 58
1684512272728 0.506409910280873 59
1684512272798 0.5118177272090674 60
1684512272867 0.5174070209450914 61
1684512272938 0.5232121581768436 62
1684512273009 0.5292647418641181 63
1684512273079 0.5355923015723443 64
1684512273148 0.5422176335851373 65
1684512273220 0.5491586559242776 66
1684512273289 0.5564274238230617 67
1684512273359 0.5640306890031666 68
1684512273430 0.5719693752659104 69
1684512273502 0.5802390879576388 70
1684512273572 0.5888302159611657 71
1684512273643 0.5977285978602516 72
1684512273716 0.6069154876552509 73
1684512273785 0.6163684842081489 74
1684512273857 0.6260618749117506 75
1684512273928 0.6359675672770629 76
1684512273999 0.6460551237550988 77
1684512274070 0.6562927136984925 78
1684512274139 0.6666477355108255 79
1684512274209 0.6770869768298113 80
1684512274279 0.6875773884108374 81
1684512274348 0.6980866535484539 82
1684512274419 0.7085833771297241 83
1684512274492 0.7190374729827548 84
1684512274561 0.7294206758882902 85
1684512274633 0.7397064972751479 86
1684512274704 0.7498708766522859 87
1684512274775 0.7598921801633105 88
1684512274848 0.7697512432659308 89
1684512274919 0.7794317963363371 90
1684512274989 0.7889200550588387 91
1684512275059 0.7982050674265317 92
1684512275131 0.8072784626396047 93
1684512275202 0.8161344595153813 94
1684512275274 0.8247692477938218 95
1684512275344 0.833181403137778 96
1684512275417 0.8413708573327023 97
1684512275487 0.849339469497171 98
1684512275557 0.8570900463789846 99
1684512275630 0.8646265577739294 100
1684512275701 0.871953897728692 101
1684512275772 0.8790774966058607 102
1684512275842 0.8860033920928891 103
1684512275916 0.8927380604434099 104
1684512275988 0.8992880871032812 105
1684512276058 0.9056605248446729 106
1684512276128 0.9118624296314786 107
1684512276198 0.9179010341751603 108
1684512276270 0.9237834705202034 109
1684512276342 0.9295169703986512 110
1684512276490 0.9351178256229296 111
1684512276581 0.9406035148567234 112
1684512276659 0.9459840693357449 113
1684512276729 0.9512656217694394 114
1684512276798 0.9564529743840676 115
1684512276868 0.9615503339867846 116
1684512276938 0.9665617878128726 117
1684512277010 0.9714912784265909 118
1684512277079 0.9763427526900775 119
1684512277151 0.9811201930702953 120
1684512277221 0.9858279267901472 121
1684512277291 0.9904698423304801 122
1684512277362 0.9950502874003541 123
1684512277433 0.9995730602317211 124
1684512277503 1.0040423223043193 125
1684512277575 1.008461726169867 126
1684512277645 1.012834753726675 127
1684512277718 1.0171648775166309 128
1684512277789 1.0214550175676873 129
1684512277860 1.025707878793181 130
1684512277931 1.0299259761686261 131
1684512277999 1.034111498470903 132
1684512278069 1.0382662434585959 133
1684512278140 1.04239192555959 134
1684512278210 1.0464897729565226 135
1684512278279 1.0505609135272396 136
1684512278348 1.054606269477945 137
1684512278419 1.0586266336940673 138
1684512278489 1.0626224098675996 139
1684512278558 1.066594026702644 140
1684512278628 1.0705419169789856 141
1684512278699 1.074466026710825 142
1684512278774 1.0783666531249316 143
1684512278849 1.0822437180706395 144
1684512278921 1.0860973496563626 145
1684512278989 1.0899273708837125 146
1684512279060 1.0937337039930588 147
1684512279130 1.0975164413865304 148
1684512279201 1.101275409229292 149
1684512279271 1.1050106880352484 150
1684512279342 1.1087220755777318 151
1684512279413 1.1124095673423935 152
1684512279482 1.116073389922645 153
1684512279552 1.1197133630340128 154
1684512279623 1.1233296460139728 155
1684512279694 1.126922329665704 156
1684512279769 1.1304915139900131 157
1684512279853 1.1340374821016486 158
1684512279927 1.1375602863481449 159
1684512280000 1.1410602759510828 160
1684512280071 1.1445377028132742 161
1684512280143 1.1479927577758748 162
1684512280212 1.15142586268802 163
1684512280285 1.1548372865031244 164
1684512280357 1.158227335832697 165
1684512280428 1.1615964723043082 166
1684512280609 1.1649448553794897 167
1684512280681 1.1682729887431202 168
1684512280753 1.1715812237176682 169
1684512280825 1.1748698061469898 170
1684512280899 1.1781390658392135 171
1684512280969 1.18138925169316 172
1684512281041 1.184620781701978 173
1684512281112 1.187833773070471 174
1684512281181 1.1910284865426037 175
1684512281253 1.1942051087344963 176
1684512281323 1.1973637416682479 177
1684512281397 1.2005044942203786 178
1684512281467 1.2036274272746035 179
1684512281537 1.2067325514664906 180
1684512281607 1.2098199412227646 181
1684512281677 1.2128893333292932 182
1684512281748 1.2159407691498298 183
1684512281819 1.21897412740151 184
1684512281915 1.2219890372993403 185
1684512282100 1.2249853685951901 186
1684512282181 1.2279629567176316 187
1684512282251 1.2309214660453611 188
1684512282321 1.2338602939499128 189
1684512282394 1.2367794355730486 190
1684512282463 1.239678404396803 191
1684512282533 1.24255662880957 192
1684512282602 1.2454138008737008 193
1684512282672 1.2482495957946729 194
1684512282742 1.251063325150439 195
1684512282814 1.2538546890409954 196
1684512282885 1.2566231509317822 197
1684512282956 1.2593683421476705 198
1684512283027 1.262089672371037 199
1684512283097 1.2647867432853437 200
1684512283168 1.267459086467504 201
1684512283243 1.2701063070260687 202
1684512283314 1.2727280012097903 203
1684512283386 1.275323675439231 204
1684512283457 1.277892886199117 205
1684512283526 1.2804354243383143 206
1684512283597 1.2829508792812434 207
1684512283667 1.2854387743104274 208
1684512283739 1.2878989537108532 209
1684512283810 1.2903311867251341 210
1684512283881 1.2927349951374543 211
1684512283951 1.2951101865201973 212
1684512284020 1.2974566074427445 213
1684512284091 1.2997741322701475 214
1684512284160 1.3020623653079382 215
1684512284231 1.304321197123714 216
1684512284301 1.3065505865672835 217
1684512284373 1.3087502344677289 218
1684512284442 1.3109202913782954 219
1684512284513 1.3130604330280702 220
1684512284586 1.3151705528888376 221
1684512284656 1.3172507805366889 222
1684512284729 1.319300917046553 223
1684512284798 1.3213209065183786 224
1684512284871 1.3233107528666597 225
1684512284941 1.3252705530661115 226
1684512285011 1.327200106369457 227
1684512285081 1.329099474124147 228
1684512285151 1.3309688658353251 229
1684512285222 1.332809107301432 230
1684512285296 1.3346268155505587 231
1684512285368 1.3364257713665317 232
1684512285437 1.3382094185245745 233
1684512285506 1.3399813224135855 234
1684512285576 1.3417442844851621 235
1684512285645 1.3435013576689605 236
1684512285716 1.3452551742802394 237
1684512285785 1.347008110200743 238
1684512285855 1.3487618028169885 239
1684512285926 1.350517621921388 240
1684512285995 1.3522767528935933 241
1684512286064 1.3540395158986627 242
1684512286134 1.3558063476398672 243
1684512286204 1.357576770417606 244
1684512286276 1.3593506118076784 245
1684512286345 1.3611270090279335 246
1684512286415 1.3629051954035454 247
1684512286485 1.364684087426603 248
1684512286554 1.3664623520577435 249
1684512286625 1.3682390729676697 250
