1684514590345 1.8027833 1
1684514590423 1.6499369 2
1684514590497 1.5076165 3
1684514590570 1.3831885 4
1684514590642 1.2649915 5
1684514590715 1.1478419 6
1684514590786 1.0317161 7
1684514590856 0.9194548 8
1684514590927 0.8148509 9
1684514590994 0.72123826 10
1684514591062 0.64079505 11
1684514591133 0.5744356 12
1684514591204 0.52199054 13
1684514591275 0.48246485 14
1684514591346 0.45429567 15
1684514591420 0.43558502 16
1684514591491 0.42533338 17
1684514591563 0.42014447 18
1684514591637 0.41802692 19
1684514591714 0.4175548 20
1684514591784 0.41772103 21
1684514591855 0.41791362 22
1684514591926 0.41787758 23
1684514591996 0.41765353 24
1684514592066 0.41748777 25
1684514592141 0.4177227 26
1684514592211 0.41868433 27
1684514592282 0.4205914 28
1684514592353 0.42350593 29
1684514592423 0.42734885 30
1684514592494 0.43196008 31
1684514592564 0.43644178 32
1684514592633 0.44120958 33
1684514592708 0.44646972 34
1684514592777 0.45245376 35
1684514592848 0.45942938 36
1684514592917 0.46767443 37
1684514592986 0.4774444 38
1684514593055 0.48894584 39
1684514593124 0.50232005 40
1684514593196 0.51763743 41
1684514593265 0.534899 42
1684514593335 0.5540424 43
1684514593407 0.57427204 44
1684514593479 0.5958941 45
1684514593547 0.6188468 46
1684514593618 0.64299095 47
1684514593688 0.66813934 48
1684514593760 0.6940828 49
1684514593831 0.72047603 50
1684514593902 0.7473744 51
1684514593976 0.7746673 52
1684514594047 0.802228 53
1684514594116 0.82992935 54
1684514594187 0.85765636 55
1684514594256 0.8853104 56
1684514594326 0.91281116 57
1684514594397 0.94009644 58
1684514594467 0.96712065 59
1684514594537 0.9938534 60
1684514594610 1.0202769 61
1684514594680 1.0463831 62
1684514594752 1.0721716 63
1684514594822 1.0976455 64
1684514594892 1.1228108 65
1684514594964 1.1476727 66
1684514595036 1.1722339 67
1684514595104 1.1964945 68
1684514595175 1.2204493 69
1684514595246 1.244089 70
1684514595316 1.2673991 71
1684514595385 1.2903605 72
1684514595456 1.3129504 73
1684514595529 1.335143 74
1684514595600 1.3569098 75
1684514595672 1.3782218 76
1684514595746 1.3990493 77
1684514595816 1.4193642 78
1684514595885 1.4391396 79
1684514595963 1.4583511 80
1684514596062 1.4769783 81
1684514596142 1.4950032 82
1684514596218 1.512413 83
1684514596292 1.529198 84
1684514596368 1.5453534 85
1684514596437 1.5608779 86
1684514596509 1.5758681 87
1684514596585 1.5904343 88
1684514596662 1.6046265 89
1684514596742 1.6184729 90
1684514596818 1.6319964 91
1684514596894 1.6452181 92
1684514596977 1.6581571 93
1684514597055 1.6708322 94
1684514597125 1.6832595 95
1684514597201 1.6954548 96
1684514597278 1.7074323 97
1684514597348 1.7192037 98
1684514597423 1.7307802 99
1684514597497 1.7421709 100
1684514597570 1.7533835 101
1684514597651 1.7644243 102
1684514597744 1.7752981 103
1684514597819 1.7860086 104
1684514598031 1.7965587 105
1684514598140 1.8069499 106
1684514598220 1.8171829 107
1684514598292 1.8272581 108
1684514598368 1.8371756 109
1684514598442 1.8469338 110
1684514598512 1.8565326 111
1684514598589 1.8659699 112
1684514598670 1.8752451 113
1684514598740 1.8843567 114
1684514598814 1.8933036 115
1684514598888 1.9020844 116
1684514598960 1.9106987 117
1684514599031 1.9191449 118
1684514599106 1.9274234 119
1684514599180 1.9355335 120
1684514599252 1.9434751 121
1684514599333 1.9512488 122
1684514599412 1.9588546 123
1684514599482 1.9662932 124
1684514599553 1.9735656 125
1684514599625 1.9806727 126
1684514599694 1.9876158 127
1684514599765 1.994396 128
1684514599854 2.0010147 129
1684514599925 2.007474 130
1684514600003 2.0137749 131
1684514600078 2.0199194 132
1684514600151 2.025909 133
1684514600237 2.031746 134
1684514600321 2.0374317 135
1684514600397 2.0429683 136
1684514600477 2.0483572 137
1684514600551 2.0536008 138
1684514600620 2.0587006 139
1684514600692 2.0636587 140
1684514600764 2.068477 141
1684514600836 2.0731568 142
1684514600906 2.0777009 143
1684514600976 2.0821104 144
1684514601044 2.0863872 145
1684514601117 2.0905335 146
1684514601186 2.0945508 147
1684514601258 2.0984414 148
1684514601329 2.1022067 149
1684514601400 2.1058488 150
1684514601471 2.1093693 151
1684514601541 2.1127703 152
1684514601611 2.1160536 153
1684514601680 2.119221 154
1684514601750 2.1222744 155
1684514601819 2.1252155 156
1684514601890 2.1280465 157
1684514601959 2.1307693 158
1684514602027 2.1333854 159
1684514602098 2.1358967 160
1684514602172 2.1383054 161
1684514602243 2.140613 162
1684514602315 2.1428213 163
1684514602385 2.1449327 164
1684514602454 2.1469483 165
1684514602528 2.1488705 166
1684514602600 2.1507006 167
1684514602670 2.15244 168
1684514602739 2.1540911 169
1684514602807 2.1556554 170
1684514602877 2.1571348 171
1684514602946 2.1585302 172
1684514603017 2.159844 173
1684514603085 2.1610775 174
1684514603159 2.162232 175
1684514603233 2.163309 176
1684514603304 2.1643105 177
1684514603374 2.165238 178
1684514603451 2.166092 179
1684514603521 2.1668744 180
1684514603594 2.1675868 181
1684514603663 2.1682305 182
1684514603735 2.1688066 183
1684514603805 2.1693163 184
1684514603880 2.1697607 185
1684514603953 2.1701417 186
1684514604026 2.1704602 187
1684514604100 2.170717 188
1684514604173 2.1709137 189
1684514604243 2.1710508 190
1684514604312 2.1711302 191
1684514604382 2.1711526 192
1684514604452 2.1711192 193
1684514604523 2.171031 194
1684514604602 2.170889 195
1684514604671 2.1706939 196
1684514604750 2.1704476 197
1684514604821 2.1701503 198
1684514604902 2.1698036 199
1684514604973 2.169408 200
1684514605042 2.1689649 201
1684514605112 2.1684752 202
1684514605185 2.1679394 203
1684514605256 2.167359 204
1684514605325 2.166735 205
1684514605398 2.166068 206
1684514605468 2.1653595 207
1684514605544 2.1646101 208
1684514605615 2.1638207 209
1684514605683 2.1629925 210
1684514605752 2.1621258 211
1684514605830 2.1612227 212
1684514605904 2.1602833 213
1684514605976 2.159309 214
1684514606048 2.1583002 215
1684514606291 2.1572583 216
1684514606478 2.1561842 217
1684514606568 2.1550786 218
1684514606641 2.1539428 219
1684514606712 2.1527774 220
1684514606784 2.1515834 221
1684514606854 2.150362 222
1684514606924 2.1491137 223
1684514606994 2.1478393 224
1684514607066 2.1465402 225
1684514607135 2.145217 226
1684514607207 2.1438706 227
1684514607279 2.1425018 228
1684514607350 2.1411116 229
1684514607420 2.139701 230
1684514607493 2.1382704 231
1684514607564 2.1368206 232
1684514607636 2.135353 233
1684514607706 2.133868 234
1684514607776 2.1323664 235
1684514607845 2.1308491 236
1684514607913 2.1293166 237
1684514607982 2.12777 238
1684514608051 2.1262097 239
1684514608118 2.1246364 240
1684514608188 2.1230512 241
1684514608258 2.1214545 242
1684514608327 2.1198473 243
1684514608396 2.1182299 244
1684514608464 2.116603 245
1684514608533 2.1149669 246
1684514608599 2.1133227 247
1684514608670 2.1116712 248
1684514608743 2.1100123 249
1684514608817 2.1083474 250
