1684513593729 1.8613089479536766 1
1684513593813 1.73860253395579 2
1684513593885 1.6231363883334482 3
1684513593961 1.5245353791361462 4
1684513594035 1.4320855861413184 5
1684513594108 1.3394395106923465 6
1684513594180 1.2444584298134416 7
1684513594253 1.1478492994007627 8
1684513594327 1.0519417223577998 9
1684513594403 0.9596464465556909 10
1684513594476 0.873714363881178 11
1684513594550 0.7963233669284128 12
1684513594621 0.7288263399525176 13
1684513594693 0.6718378021731485 14
1684513594766 0.625405028298001 15
1684513594840 0.5890299390540096 16
1684513594912 0.562047538772947 17
1684513594984 0.5435122635558765 18
1684513595056 0.5321978807130154 19
1684513595130 0.526383288115591 20
1684513595202 0.5239001623513219 21
1684513595274 0.5228247206967633 22
1684513595347 0.5220078009482422 23
1684513595421 0.5210082783225737 24
1684513595498 0.5199118097107651 25
1684513595586 0.5191592128174304 26
1684513595669 0.5192376379195458 27
1684513595751 0.5203722083803463 28
1684513595829 0.5225927620541663 29
1684513595916 0.5257800094270935 30
1684513595999 0.5299100274379052 31
1684513596080 0.5350428511051859 32
1684513596157 0.5413454913028379 33
1684513596231 0.5490139272653654 34
1684513596302 0.5582399405931912 35
1684513596377 0.5691938749729819 36
1684513596447 0.5820216617331742 37
1684513596519 0.5968454809734502 38
1684513596592 0.6137630326942976 39
1684513596662 0.6328458600341397 40
1684513596729 0.6541360915405673 41
1684513596797 0.6776438737529029 42
1684513596866 0.7033210420405859 43
1684513596938 0.7310699916528642 44
1684513597008 0.7608312459377952 45
1684513597077 0.7923683188084975 46
1684513597146 0.8256271485269018 47
1684513597214 0.8604718967678838 48
1684513597284 0.8967381633789504 49
1684513597355 0.934241065418707 50
1684513597431 0.9727842550153363 51
1684513597516 1.0121654272444598 52
1684513597587 1.0521990915534387 53
1684513597656 1.0926714189672095 54
1684513597723 1.133375227879849 55
1684513597791 1.1741140731503763 56
1684513597860 1.214704824789656 57
1684513597929 1.2549756839899202 58
1684513598002 1.2948047029954624 59
1684513598073 1.3340706831717755 60
1684513598146 1.3726605187730856 61
1684513598216 1.410472194303902 62
1684513598286 1.4474150662323528 63
1684513598358 1.4834126542782258 64
1684513598435 1.518401280965891 65
1684513598506 1.5523305818916104 66
1684513598577 1.5851708743034831 67
1684513598647 1.6169042592847873 68
1684513598717 1.64752545231236 69
1684513598789 1.6770419687941724 70
1684513598859 1.7054737422699073 71
1684513598930 1.7328493925164707 72
1684513599002 1.7592046118076974 73
1684513599076 1.784579020886464 74
1684513599148 1.8090150638195044 75
1684513599218 1.832555855425013 76
1684513599289 1.8552444055161659 77
1684513599360 1.87712140099257 78
1684513599433 1.8982247863456334 79
1684513599505 1.9185890716367409 80
1684513599576 1.9382447567383747 81
1684513599644 1.9572172305177058 82
1684513599716 1.975528689098247 83
1684513599786 1.9931966417364788 84
1684513599856 2.010235431390484 85
1684513599926 2.0266563922764234 86
1684513599996 2.04246902756001 87
1684513600066 2.0576812572830923 88
1684513600220 2.0723006386281755 89
1684513600292 2.086334259947057 90
1684513600363 2.0997893690620977 91
1684513600436 2.112674462504944 92
1684513600508 2.1249980072593853 93
1684513600577 2.1367704259154143 94
1684513600648 2.1480024103331146 95
1684513600718 2.158706489948152 96
1684513600790 2.168895344798553 97
1684513600863 2.178582825486219 98
1684513600936 2.1877835919328446 99
1684513601007 2.196513001541189 100
1684513601075 2.2047864253297274 101
1684513601144 2.212619639197463 102
1684513601214 2.2200287195491994 103
1684513601283 2.227029408567497 104
1684513601355 2.2336378556873173 105
1684513601426 2.239869637142142 106
1684513601582 2.2457403967432508 107
1684513601770 2.251265105244174 108
1684513601854 2.2564588053114916 109
1684513601925 2.261335969994069 110
1684513601998 2.2659104578959366 111
1684513602070 2.270196059747426 112
1684513602140 2.2742055489998676 113
1684513602211 2.277951711916788 114
1684513602285 2.2814465341252914 115
1684513602356 2.284701675219954 116
1684513602427 2.2877281394873212 117
1684513602499 2.2905365232523307 118
1684513602571 2.293137138253793 119
1684513602640 2.2955392842998954 120
1684513602710 2.2977526062663793 121
1684513602782 2.2997856469946063 122
1684513602852 2.301647018440308 123
1684513602924 2.3033446632409618 124
1684513602993 2.3048863559959254 125
1684513603063 2.3062794555715307 126
1684513603131 2.3075309445924255 127
1684513603200 2.3086473940378403 128
1684513603270 2.3096358126952423 129
1684513603342 2.3105017540350135 130
1684513603413 2.31125156899842 131
1684513603485 2.3118907298734044 132
1684513603557 2.3124249954506175 133
1684513603627 2.3128593349749953 134
1684513603697 2.313199132451207 135
1684513603766 2.313449431255717 136
1684513603839 2.3136143964799305 137
1684513603909 2.313699167152598 138
1684513603979 2.3137079558829443 139
1684513604051 2.313645006672961 140
1684513604119 2.313514763189104 141
1684513604186 2.313320748064901 142
1684513604256 2.3130672246302746 143
1684513604327 2.312758296556071 144
1684513604396 2.3123972040295735 145
1684513604464 2.3119878667594453 146
1684513604539 2.31153374638062 147
1684513604609 2.311038268994296 148
1684513604678 2.3105049077302713 149
1684513604749 2.3099366776689134 150
1684513604821 2.309337077925549 151
1684513604893 2.3087089745470992 152
1684513604962 2.3080555227410304 153
1684513605037 2.3073797916665924 154
1684513605109 2.3066843478041723 155
1684513605178 2.305972135471147 156
1684513605248 2.3052458114105354 157
1684513605317 2.304507710123173 158
1684513605390 2.3037603579963286 159
1684513605460 2.3030059304457318 160
1684513605535 2.3022469296183106 161
1684513605616 2.3014851310101943 162
1684513605692 2.3007229982924513 163
1684513605763 2.2999618385628082 164
1684513605832 2.299203940751014 165
1684513605901 2.298450427632477 166
1684513605972 2.297703203650889 167
1684513606043 2.29696395717397 168
1684513606112 2.296233387454344 169
1684513606179 2.295513398661335 170
1684513606250 2.294804676964344 171
1684513606323 2.2941087357971774 172
1684513606396 2.2934263827746184 173
1684513606466 2.292758386290721 174
1684513606544 2.2921058441302273 175
1684513606615 2.291469422673197 176
1684513606684 2.2908501183988603 177
1684513606754 2.2902483485758243 178
1684513606824 2.289664766724552 179
1684513606892 2.2890999177776976 180
1684513606965 2.288554431804939 181
1684513607035 2.288028762121017 182
1684513607106 2.2875233398477652 183
1684513607173 2.287038621112131 184
1684513607239 2.286574877171663 185
1684513607310 2.28613226021312 186
1684513607379 2.285711425916458 187
1684513607449 2.285312530072331 188
1684513607520 2.2849356946300485 189
1684513607594 2.2845812195898594 190
1684513607662 2.284249517849373 191
1684513607734 2.283940556748975 192
1684513607805 2.2836543852961593 193
1684513607875 2.283391541650623 194
1684513607944 2.28315175801431 195
1684513608013 2.2829354236266832 196
1684513608086 2.2827426998063993 197
1684513608156 2.2825735247276713 198
1684513608230 2.2824278451424544 199
1684513608484 2.282306269668415 200
1684513608617 2.282208062248601 201
1684513608690 2.2821340455176706 202
1684513608760 2.282083782322063 203
1684513608832 2.2820575647044006 204
1684513608902 2.2820555188242864 205
1684513608972 2.2820771721598097 206
1684513609044 2.282123041648059 207
1684513609115 2.28219277941303 208
1684513609186 2.2822864944665078 209
1684513609257 2.282404321521857 210
1684513609327 2.2825459623918865 211
1684513609395 2.2827115381724594 212
1684513609465 2.2829008201080208 213
1684513609533 2.2831139789121284 214
1684513609605 2.283350869173972 215
1684513609712 2.283611215036133 216
1684513609783 2.283895038006848 217
1684513609852 2.2842021757577777 218
1684513609921 2.2845325737567976 219
1684513609990 2.2848860260997634 220
1684513610063 2.285262415449335 221
1684513610133 2.285661280784593 222
1684513610205 2.2860828938756517 223
1684513610274 2.286526980817888 224
1684513610345 2.2869929523555976 225
1684513610416 2.2874810872054154 226
1684513610486 2.2879908431521048 227
1684513610556 2.288521832686361 228
1684513610631 2.2890742891749465 229
1684513610703 2.2896477312310655 230
1684513610772 2.290241825394215 231
1684513610842 2.2908562431795274 232
1684513610913 2.291491046611188 233
1684513610983 2.2921459069437224 234
1684513611059 2.2928201963128165 235
1684513611128 2.2935140107147878 236
1684513611201 2.2942271286378917 237
1684513611297 2.294959256478244 238
1684513611369 2.2957098735816253 239
1684513611439 2.2964792610255165 240
1684513611510 2.2972666119371175 241
1684513611580 2.298072184408443 242
1684513611652 2.2988953234429865 243
1684513611728 2.299736313003228 244
1684513611799 2.3005946688283743 245
1684513611870 2.3014702815604724 246
1684513611946 2.3023630429420243 247
1684513612023 2.303272429532574 248
1684513612093 2.3041990243070467 249
1684513612165 2.3051421316891454 250
