1684512311829 1.8276398 1
1684512311911 1.6429996 2
1684512311985 1.4782692 3
1684512312058 1.3398421 4
1684512312132 1.2140074 5
1684512312208 1.0944046 6
1684512312282 0.98006034 7
1684512312369 0.8726549 8
1684512312442 0.77466786 9
1684512312517 0.68827295 10
1684512312589 0.6148696 11
1684512312662 0.55499077 12
1684512312733 0.50837135 13
1684512312806 0.47408447 14
1684512312876 0.45070124 15
1684512312951 0.4373308 16
1684512313024 0.4307329 17
1684512313094 0.42799103 18
1684512313167 0.42915103 19
1684512313290 0.43334854 20
1684512313396 0.43985277 21
1684512313466 0.4483239 22
1684512313537 0.45884183 23
1684512313607 0.47171712 24
1684512313679 0.48707628 25
1684512313755 0.5023566 26
1684512313827 0.51734865 27
1684512313898 0.5321276 28
1684512313967 0.54726744 29
1684512314038 0.56312656 30
1684512314108 0.5799531 31
1684512314179 0.59788185 32
1684512314251 0.6169883 33
1684512314322 0.6372993 34
1684512314394 0.6587994 35
1684512314466 0.6814329 36
1684512314536 0.7051048 37
1684512314610 0.72968376 38
1684512314682 0.7550048 39
1684512314753 0.7808745 40
1684512314823 0.8070767 41
1684512314898 0.8333792 42
1684512314968 0.859542 43
1684512315039 0.8853245 44
1684512315108 0.91049343 45
1684512315180 0.9348309 46
1684512315251 0.9581399 47
1684512315328 0.98025 48
1684512315398 1.0010214 49
1684512315471 1.0203474 50
1684512315541 1.038157 51
1684512315610 1.0544138 52
1684512315680 1.0691159 53
1684512315750 1.0822934 54
1684512315819 1.0940051 55
1684512315890 1.1043344 56
1684512315960 1.1133842 57
1684512316029 1.1212721 58
1684512316098 1.1281244 59
1684512316168 1.1340709 60
1684512316238 1.1392403 61
1684512316308 1.1437559 62
1684512316378 1.147733 63
1684512316446 1.1512761 64
1684512316516 1.1544769 65
1684512316588 1.1574173 66
1684512316659 1.160167 67
1684512316731 1.1627812 68
1684512316801 1.1653094 69
1684512316873 1.1677899 70
1684512316943 1.1702518 71
1684512317013 1.172716 72
1684512317083 1.1751969 73
1684512317155 1.177703 74
1684512317227 1.180239 75
1684512317299 1.1828055 76
1684512317369 1.1854006 77
1684512317439 1.1880205 78
1684512317511 1.1906602 79
1684512317581 1.1933137 80
1684512317653 1.1959753 81
1684512317722 1.1986387 82
1684512317794 1.2012985 83
1684512317864 1.2039495 84
1684512317936 1.2065871 85
1684512318007 1.2092073 86
1684512318077 1.2118073 87
1684512318148 1.2143844 88
1684512318219 1.2169373 89
1684512318289 1.2194644 90
1684512318358 1.2219658 91
1684512318432 1.2244415 92
1684512318502 1.226892 93
1684512318574 1.2293181 94
1684512318644 1.2317216 95
1684512318713 1.2341042 96
1684512318784 1.2364674 97
1684512318853 1.2388133 98
1684512318924 1.2411442 99
1684512318994 1.2434621 100
1684512319064 1.2457675 101
1684512319133 1.2480615 102
1684512319204 1.2503457 103
1684512319273 1.2526215 104
1684512319342 1.2548907 105
1684512319412 1.2571545 106
1684512319481 1.2594146 107
1684512319549 1.2616675 108
1684512319619 1.2639117 109
1684512319690 1.2661462 110
1684512319759 1.2683705 111
1684512319829 1.2705836 112
1684512319898 1.2727851 113
1684512319966 1.2749739 114
1684512320176 1.2771549 115
1684512320351 1.2793304 116
1684512320434 1.2815039 117
1684512320512 1.2836695 118
1684512320583 1.2858291 119
1684512320654 1.2879837 120
1684512320728 1.2901336 121
1684512320799 1.2922786 122
1684512320870 1.2944185 123
1684512320941 1.2965524 124
1684512321010 1.2986796 125
1684512321081 1.300799 126
1684512321151 1.30291 127
1684512321221 1.3050112 128
1684512321291 1.3071015 129
1684512321361 1.3091795 130
1684512321485 1.3112442 131
1684512321555 1.3132942 132
1684512321627 1.3153279 133
1684512321697 1.3173442 134
1684512321766 1.3193414 135
1684512321835 1.3213186 136
1684512321906 1.3232741 137
1684512321978 1.3252063 138
1684512322052 1.3271142 139
1684512322122 1.3289965 140
1684512322192 1.3308518 141
1684512322261 1.332679 142
1684512322331 1.3344765 143
1684512322400 1.3362434 144
1684512322471 1.3379786 145
1684512322540 1.3396807 146
1684512322609 1.341349 147
1684512322679 1.3429822 148
1684512322752 1.3445795 149
1684512322823 1.3461399 150
1684512322891 1.3476626 151
1684512322961 1.3491466 152
1684512323031 1.3505955 153
1684512323102 1.352011 154
1684512323174 1.353394 155
1684512323247 1.3547454 156
1684512323317 1.3560656 157
1684512323390 1.357355 158
1684512323461 1.3586094 159
1684512323530 1.3598311 160
1684512323599 1.3610209 161
1684512323670 1.3621755 162
1684512323743 1.3632967 163
1684512323813 1.3643861 164
1684512323884 1.3654399 165
1684512323955 1.3664607 166
1684512324281 1.3674451 167
1684512324406 1.368396 168
1684512324476 1.369315 169
1684512324551 1.3701987 170
1684512324622 1.3710499 171
1684512324694 1.3718654 172
1684512324764 1.3726445 173
1684512324834 1.3733904 174
1684512324907 1.3741051 175
1684512324979 1.3747864 176
1684512325049 1.375433 177
1684512325120 1.3760448 178
1684512325190 1.3766251 179
1684512325262 1.3771733 180
1684512325335 1.3776889 181
1684512325407 1.3781719 182
1684512325479 1.3786232 183
1684512325550 1.3790433 184
1684512325620 1.379433 185
1684512325690 1.3797934 186
1684512325760 1.3801252 187
1684512325832 1.3804291 188
1684512325907 1.3807063 189
1684512325976 1.3809576 190
1684512326046 1.3811837 191
1684512326117 1.3813856 192
1684512326188 1.3815634 193
1684512326258 1.3817185 194
1684512326332 1.381851 195
1684512326405 1.3819617 196
1684512326476 1.3820511 197
1684512326548 1.3821195 198
1684512326618 1.3821676 199
1684512326690 1.3821955 200
1684512326762 1.3822037 201
1684512326832 1.3821924 202
1684512326905 1.3821622 203
1684512326976 1.382113 204
1684512327046 1.3820455 205
1684512327116 1.3819597 206
1684512327187 1.3818557 207
1684512327257 1.3817341 208
1684512327329 1.3815951 209
1684512327401 1.381439 210
1684512327471 1.3812661 211
1684512327542 1.3810763 212
1684512327612 1.3808703 213
1684512327682 1.3806484 214
1684512327752 1.3804108 215
1684512327821 1.380158 216
1684512327893 1.3798897 217
1684512327965 1.3796072 218
1684512328034 1.3793104 219
1684512328103 1.3789996 220
1684512328174 1.3786753 221
1684512328431 1.378338 222
1684512328552 1.3779879 223
1684512328635 1.3776255 224
1684512328706 1.3772513 225
1684512328777 1.3768657 226
1684512328850 1.3764694 227
1684512328921 1.3760619 228
1684512328992 1.3756443 229
1684512329064 1.3752167 230
1684512329137 1.3747797 231
1684512329207 1.3743334 232
1684512329277 1.3738782 233
1684512329347 1.3734145 234
1684512329416 1.3729427 235
1684512329485 1.372463 236
1684512329554 1.3719743 237
1684512329885 1.3714764 238
1684512329956 1.3709693 239
1684512330030 1.3704529 240
1684512330100 1.3699248 241
1684512330171 1.369384 242
1684512330242 1.3688334 243
1684512330313 1.3682716 244
1684512330385 1.367701 245
1684512330455 1.367121 246
1684512330524 1.3665315 247
1684512330596 1.3659328 248
1684512330664 1.3653278 249
1684512330733 1.3647158 250
