1684186475168 13.526835 1
1684186475256 14.813905 2
1684186475329 16.687782 3
1684186475392 18.994768 4
1684186475461 21.378826 5
1684186475530 23.609833 6
1684186475593 25.512949 7
1684186475662 27.001251 8
1684186475731 28.077374 9
1684186475809 28.807432 10
1684186475862 29.274324 11
1684186475931 29.554947 12
1684186476016 29.710041 13
1684186476078 29.773169 14
1684186476147 29.74664 15
1684186476217 29.632423 16
1684186476279 29.442162 17
1684186476348 29.195286 18
1684186476417 28.91084 19
1684186476595 28.599325 20
1684186476734 28.251228 21
1684186476796 27.81728 22
1684186476881 27.256397 23
1684186476950 26.540165 24
1684186477019 25.657253 25
1684186477097 24.6134 26
1684186477161 23.429077 27
1684186477235 22.1363 28
1684186477297 20.775358 29
1684186477366 19.392076 30
1684186477420 18.03484 31
1684186477498 16.748587 32
1684186477551 15.564986 33
1684186477620 14.4952545 34
1684186477683 13.531664 35
1684186477752 12.6592455 36
1684186477815 11.871849 37
1684186477884 11.175945 38
1684186477937 10.577168 39
1684186478000 10.07342 40
1684186478069 9.657557 41
1684186478138 9.322406 42
1684186478200 9.061749 43
1684186478269 8.869112 44
1684186478338 8.737379 45
1684186478401 8.658936 46
1684186478470 8.625958 47
1684186478539 8.630547 48
1684186478601 8.6646185 49
1684186478670 8.719637 50
1684186478724 8.786221 51
1684186478802 8.854443 52
1684186478855 8.913572 53
1684186478924 8.950314 54
1684186478987 8.948455 55
1684186479056 8.885994 56
1684186479125 8.730873 57
1684186479188 8.4457 58
1684186479257 8.002886 59
1684186479319 7.4006786 60
1684186479388 6.6699452 61
1684186479457 5.8683224 62
1684186479520 5.0664206 63
1684186479589 4.3314915 64
1684186479642 3.711293 65
1684186479720 3.2250814 66
1684186479774 2.8658156 67
1684186479843 2.611176 68
1684186479905 2.4337811 69
1684186479974 2.305969 70
1684186480044 2.2039857 71
1684186480106 2.1114101 72
1684186480175 2.0200276 73
1684186480228 1.9285767 74
1684186480291 1.8403051 75
1684186480360 1.7604346 76
1684186480429 1.6939139 77
1684186480492 1.6430454 78
1684186480561 1.6057599 79
1684186480630 1.5762146 80
1684186480692 1.5475188 81
1684186480761 1.514699 82
1684186480830 1.476222 83
1684186480893 1.4336321 84
1684186480962 1.3899941 85
1684186481031 1.3482208 86
1684186481093 1.310087 87
1684186481163 1.2761601 88
1684186481232 1.2463753 89
1684186481294 1.2207054 90
1684186481363 1.199534 91
1684186481432 1.1836189 92
1684186481495 1.1737671 93
1684186481564 1.1704116 94
1684186481633 1.1732639 95
1684186481695 1.1811829 96
1684186481764 1.1923343 97
1684186481827 1.2046002 98
1684186482034 1.2160648 99
1684186482228 1.225385 100
1684186482313 1.2319335 101
1684186482382 1.2357458 102
1684186482451 1.2373401 103
1684186482513 1.2374928 104
1684186482582 1.2370257 105
1684186482651 1.2366452 106
1684186482714 1.2368474 107
1684186482783 1.2378912 108
1684186482883 1.2398157 109
1684186482952 1.2424772 110
1684186483015 1.2455926 111
1684186483084 1.2487824 112
1684186483153 1.2516204 113
1684186483215 1.2536911 114
1684186483285 1.2546518 115
1684186483354 1.2542853 116
1684186483416 1.2525313 117
1684186483485 1.249491 118
1684186483554 1.2454025 119
1684186483617 1.2405946 120
1684186483686 1.2354374 121
1684186483755 1.2302902 122
1684186483817 1.2254696 123
1684186483886 1.2212291 124
1684186483940 1.2177536 125
1684186484011 1.2151705 126
1684186484071 1.2135608 127
1684186484140 1.2129786 128
1684186484203 1.2134674 129
1684186484272 1.2150723 130
1684186484341 1.2178556 131
1684186484403 1.2219068 132
1684186484472 1.2273499 133
1684186484541 1.2343521 134
1684186484635 1.2431229 135
1684186484704 1.2539058 136
1684186484758 1.2669506 137
1684186484836 1.2824503 138
1684186484905 1.3004551 139
1684186484958 1.3207324 140
1684186485043 1.3425157 141
1684186485121 1.3639269 142
1684186485190 1.3817947 143
1684186485243 1.3932161 144
1684186485306 1.3967133 145
1684186485375 1.3924196 146
1684186485444 1.3816532 147
1684186485507 1.3662814 148
1684186485576 1.3482068 149
1684186485645 1.3290653 150
1684186485707 1.3101065 151
1684186485776 1.2921935 152
1684186485839 1.2758588 153
1684186485892 1.2613826 154
1684186485961 1.2488667 155
1684186486024 1.2382938 156
1684186486093 1.2295732 157
1684186486162 1.2225733 158
1684186486224 1.2171412 159
1684186486294 1.2131171 160
1684186486347 1.2103398 161
1684186486425 1.2086518 162
1684186486479 1.2078996 163
1684186486548 1.2079365 164
1684186486610 1.208623 165
1684186486679 1.2098291 166
1684186486742 1.2114356 167
1684186486795 1.2133366 168
1684186486864 1.215441 169
1684186486927 1.2176727 170
1684186486996 1.2199714 171
1684186487065 1.222292 172
1684186487127 1.2246017 173
1684186487196 1.2268804 174
1684186487265 1.2291167 175
1684186487328 1.2313075 176
1684186487397 1.2334542 177
1684186487466 1.2355626 178
1684186487529 1.2376394 179
1684186487598 1.2396936 180
1684186487667 1.2417326 181
1684186487729 1.2437637 182
1684186487798 1.2457925 183
1684186487852 1.2478238 184
1684186487930 1.2498612 185
1684186487983 1.2519066 186
1684186488052 1.2539613 187
1684186488130 1.2560257 188
1684186488184 1.2581 189
1684186488253 1.2601839 190
1684186488315 1.2622777 191
1684186488384 1.2643807 192
1684186488453 1.2664926 193
1684186488516 1.2686127 194
1684186488585 1.2707405 195
1684186488654 1.2728741 196
1684186488886 1.2750113 197
1684186489017 1.277149 198
1684186489086 1.2792828 199
1684186489155 1.2814072 200
1684186489234 1.2835156 201
1684186489287 1.2856007 202
1684186489356 1.2876527 203
1684186489434 1.2896627 204
1684186489488 1.2916204 205
1684186489557 1.2935146 206
1684186489635 1.295335 207
1684186489688 1.2970707 208
1684186489757 1.2987106 209
1684186489820 1.3002456 210
1684186489889 1.3016658 211
1684186489958 1.3029633 212
1684186490020 1.3041304 213
1684186490205 1.3051609 214
1684186490337 1.3060498 215
1684186490406 1.306793 216
1684186490459 1.3073877 217
1684186490538 1.3078334 218
1684186490607 1.3081307 219
1684186490676 1.3082814 220
1684186490738 1.3082895 221
1684186490807 1.3081616 222
1684186490876 1.3079046 223
1684186490939 1.3075289 224
1684186491008 1.3070455 225
1684186491077 1.306467 226
1684186491140 1.305809 227
1684186491209 1.3050857 228
1684186491278 1.3043132 229
1684186491340 1.3035074 230
1684186491409 1.3026838 231
1684186491594 1.3018577 232
1684186491664 1.3010426 233
1684186491742 1.3002511 234
1684186491795 1.299494 235
1684186491864 1.2987802 236
1684186491942 1.2981179 237
1684186491996 1.2975118 238
1684186492065 1.2969668 239
1684186492143 1.2964847 240
1684186492196 1.2960676 241
1684186492265 1.2957151 242
1684186492344 1.2954267 243
1684186492397 1.2952011 244
1684186492466 1.2950364 245
1684186492528 1.2949312 246
1684186492598 1.2948827 247
1684186492667 1.2948885 248
1684186492729 1.2949474 249
1684186492814 1.2950578 250
