1684186513102 10.826679 1
1684186513179 11.658214 2
1684186513242 13.296986 3
1684186513305 15.627777 4
1684186513374 18.336906 5
1684186513458 21.021202 6
1684186513527 23.25555 7
1684186513590 24.825722 8
1684186513659 25.664124 9
1684186513728 25.758244 10
1684186513790 25.157175 11
1684186513859 23.948559 12
1684186513928 22.244434 13
1684186513991 20.18126 14
1684186514060 17.914928 15
1684186514129 15.607145 16
1684186514209 13.422972 17
1684186514276 11.514526 18
1684186514345 9.971216 19
1684186514423 8.858524 20
1684186514477 8.1332245 21
1684186514546 7.697855 22
1684186514624 7.4544783 23
1684186514693 7.328771 24
1684186514762 7.2738857 25
1684186514831 7.264225 26
1684186514893 7.2872753 27
1684186514963 7.3371572 28
1684186515032 7.4106693 29
1684186515104 7.50534 30
1684186515163 7.618745 31
1684186515232 7.748431 32
1684186515294 7.892071 33
1684186515363 8.047619 34
1684186515432 8.213411 35
1684186515495 8.388197 36
1684186515564 8.5711155 37
1684186515633 8.761641 38
1684186515696 8.959512 39
1684186515765 9.164662 40
1684186515834 9.377158 41
1684186515912 9.597137 42
1684186515981 9.824772 43
1684186516050 10.060231 44
1684186516112 10.303663 45
1684186516181 10.555175 46
1684186516235 10.81482 47
1684186516313 11.082596 48
1684186516366 11.358446 49
1684186516436 11.64226 50
1684186516498 11.9338665 51
1684186516567 12.232952 52
1684186516636 12.537062 53
1684186516699 12.838472 54
1684186516768 13.131546 55
1684186516837 13.412048 56
1684186516899 13.67729 57
1684186516968 13.925718 58
1684186517037 14.156212 59
1684186517100 14.366478 60
1684186517169 14.549578 61
1684186517238 14.694072 62
1684186517300 14.795347 63
1684186517370 14.856205 64
1684186517438 14.887433 65
1684186517501 14.90732 66
1684186517570 14.933724 67
1684186517633 14.979174 68
1684186517702 15.049421 69
1684186517786 15.14238 70
1684186517840 15.249685 71
1684186517918 15.364871 72
1684186517971 15.486903 73
1684186518040 15.61055 74
1684186518103 15.723633 75
1684186518172 15.811909 76
1684186518241 15.86216 77
1684186518304 15.865507 78
1684186518373 15.820383 79
1684186518442 15.733063 80
1684186518504 15.613091 81
1684186518558 15.466781 82
1684186518636 15.297918 83
1684186518689 15.111091 84
1684186518758 14.912061 85
1684186518836 14.707667 86
1684186518890 14.506179 87
1684186518959 14.317026 88
1684186519021 14.149246 89
1684186519090 14.009289 90
1684186519160 13.899537 91
1684186519222 13.818663 92
1684186519291 13.7640915 93
1684186519344 13.735258 94
1684186519423 13.735167 95
1684186519476 13.769123 96
1684186519545 13.842194 97
1684186519608 13.957383 98
1684186519677 14.114985 99
1684186519746 14.312758 100
1684186519808 14.546411 101
1684186519940 14.8100605 102
1684186520094 15.096481 103
1684186520163 15.397083 104
1684186520225 15.701815 105
1684186520294 15.999334 106
1684186520348 16.277794 107
1684186520426 16.526247 108
1684186520495 16.73624 109
1684186520548 16.902918 110
1684186520626 17.025246 111
1684186520680 17.10553 112
1684186520749 17.148537 113
1684186520827 17.160557 114
1684186520880 17.148533 115
1684186520949 17.119125 116
1684186521012 17.077719 117
1684186521081 17.027124 118
1684186521150 16.965984 119
1684186521213 16.886461 120
1684186521282 16.77235 121
1684186521351 16.604383 122
1684186521413 16.369352 123
1684186521482 16.062666 124
1684186521551 15.687975 125
1684186521614 15.25608 126
1684186521683 14.783709 127
1684186521752 14.292168 128
1684186521815 13.805638 129
1684186521884 13.348808 130
1684186521953 12.944019 131
1684186522015 12.608583 132
1684186522084 12.353148 133
1684186522153 12.181557 134
1684186522216 12.091896 135
1684186522285 12.078117 136
1684186522354 12.131638 137
1684186522416 12.24268 138
1684186522470 12.401296 139
1684186522532 12.5980835 140
1684186522601 12.824625 141
1684186522670 13.073696 142
1684186522733 13.339286 143
1684186522802 13.616527 144
1684186522871 13.901597 145
1684186522934 14.191691 146
1684186523003 14.485035 147
1684186523072 14.780783 148
1684186523134 15.078503 149
1684186523203 15.37723 150
1684186523272 15.674478 151
1684186523335 15.965712 152
1684186523404 16.244581 153
1684186523457 16.503868 154
1684186523535 16.736843 155
1684186523604 16.938513 156
1684186523658 17.106415 157
1684186523736 17.240843 158
1684186523789 17.344585 159
1684186523858 17.422318 160
1684186523921 17.47986 161
1684186523990 17.523432 162
1684186524059 17.558966 163
1684186524122 17.59164 164
1684186524194 17.625542 165
1684186524260 17.66351 166
1684186524322 17.707127 167
1684186524391 17.756783 168
1684186524460 17.811825 169
1684186524523 17.87074 170
1684186524592 17.931347 171
1684186524661 17.991005 172
1684186524723 18.046848 173
1684186524792 18.095982 174
1684186524855 18.135704 175
1684186524908 18.163662 176
1684186524977 18.177986 177
1684186525040 18.177343 178
1684186525109 18.160913 179
1684186525178 18.12828 180
1684186525241 18.07926 181
1684186525310 18.013731 182
1684186525363 17.93149 183
1684186525441 17.832195 184
1684186525495 17.715412 185
1684186525642 17.580692 186
1684186525711 17.42774 187
1684186525780 17.25655 188
1684186525858 17.067486 189
1684186525927 16.861319 190
1684186525996 16.639135 191
1684186526065 16.402243 192
1684186526128 16.151985 193
1684186526197 15.889609 194
1684186526259 15.616136 195
1684186526328 15.332293 196
1684186526382 15.038525 197
1684186526444 14.735045 198
1684186526513 14.421952 199
1684186526582 14.099371 200
1684186526645 13.767613 201
1684186526714 13.427313 202
1684186526783 13.079536 203
1684186526846 12.725847 204
1684186527084 12.368278 205
1684186527184 12.009259 206
1684186527247 11.651482 207
1684186527316 11.297699 208
1684186527385 10.950521 209
1684186527447 10.612204 210
1684186527516 10.284464 211
1684186527585 9.968363 212
1684186527648 9.6642275 213
1684186527717 9.37166 214
1684186527770 9.089605 215
1684186527849 8.8164625 216
1684186527918 8.550247 217
1684186527987 8.288758 218
1684186528049 8.029761 219
1684186528118 7.7711535 220
1684186528187 7.5111027 221
1684186528303 7.248166 222
1684186528372 6.9813614 223
1684186528435 6.7102118 224
1684186528504 6.4347544 225
1684186528566 6.155527 226
1684186528620 5.8735557 227
1684186528689 5.590328 228
1684186528789 5.3078046 229
1684186528852 5.0284467 230
1684186528905 4.755292 231
1684186528974 4.492032 232
1684186529037 4.2430525 233
1684186529106 4.0133295 234
1684186529175 3.8080616 235
1684186529237 3.6320314 236
1684186529306 3.488853 237
1684186529369 3.3804536 238
1684186529438 3.3069978 239
1684186529491 3.2671509 240
1684186529569 3.2584875 241
1684186529639 3.2778568 242
1684186529692 3.3216503 243
1684186529770 3.385958 244
1684186529824 3.466673 245
1684186529893 3.5595634 246
1684186529955 3.6603532 247
1684186530024 3.7648213 248
1684186530093 3.868925 249
1684186530156 3.9689415 250
