1684187332709 1.094924613875682 1
1684187332810 1.5357591931365617 2
1684187332888 1.7086160360621159 3
1684187332957 1.5920452973390524 4
1684187333026 1.4604366138447928 5
1684187333088 1.7046045533767467 6
1684187333157 2.3587350210287163 7
1684187333226 3.2360077625069645 8
1684187333289 4.254942099695793 9
1684187333358 5.3802631729925565 10
1684187333427 6.574091971690594 11
1684187333489 7.774269229563641 12
1684187333558 8.900640223586079 13
1684187333627 9.875128210434777 14
1684187333690 10.639511233058705 15
1684187333774 11.177394698872003 16
1684187333828 11.5176413760359 17
1684187333906 11.716228255906321 18
1684187333975 11.836799037506683 19
1684187334044 11.93555409221546 20
1684187334113 12.050820211020351 21
1684187334175 12.197935196810057 22
1684187334244 12.370425885932596 23
1684187334313 12.544049046090283 24
1684187334376 12.676720242476634 25
1684187334445 12.738932466199675 26
1684187334514 12.719401583118868 27
1684187334592 12.617112779052585 28
1684187334645 12.434663818189511 29
1684187334719 12.175447701762765 30
1684187334791 11.842664149155347 31
1684187334850 11.439096681975174 32
1684187334919 10.96777568098616 33
1684187334981 10.432055607084873 34
1684187335050 9.835510452196871 35
1684187335119 9.18254667651474 36
1684187335182 8.480292546046496 37
1684187335266 7.740983385523424 38
1684187335336 6.985036660834402 39
1684187335398 6.24386553444189 40
1684187335467 5.559186099308913 41
1684187335536 4.975171811301218 42
1684187335599 4.523237478143731 43
1684187335668 4.205929254710665 44
1684187335721 3.997045413222367 45
1684187335783 3.8615192092972594 46
1684187335852 3.766882150166165 47
1684187335922 3.6864035480814437 48
1684187335984 3.615343708949126 49
1684187336053 3.5632146311492985 50
1684187336122 3.5376553903805346 51
1684187336185 3.534748095811732 52
1684187336238 3.54230370564934 53
1684187336316 3.554844776952128 54
1684187336369 3.5773722848031326 55
1684187336438 3.6206148711711283 56
1684187336501 3.6927608715249924 57
1684187336570 3.7935594408359785 58
1684187336639 3.9147761146339155 59
1684187336702 4.045883431140306 60
1684187336771 4.1795096069223305 61
1684187336840 4.313350479899167 62
1684187336902 4.449020036645234 63
1684187336971 4.589489879428927 64
1684187337040 4.736745161839255 65
1684187337103 4.890877236191617 66
1684187337172 5.050508256197524 67
1684187337225 5.213435687256497 68
1684187337303 5.377044202469584 69
1684187337357 5.538580346808167 70
1684187337426 5.695146095394978 71
1684187337488 5.843357841569953 72
1684187337557 5.979569693105275 73
1684187337626 6.101155457011639 74
1684187337689 6.207831977012034 75
1684187337742 6.301944429077924 76
1684187337820 6.387670700692568 77
1684187337874 6.469816382686089 78
1684187337943 6.5528063342810565 79
1684187338005 6.640134273699462 80
1684187338074 6.73423048279931 81
1684187338143 6.83660436987889 82
1684187338206 6.9480018223424915 83
1684187338275 7.068416069290045 84
1684187338344 7.197064032188248 85
1684187338406 7.332507267928936 86
1684187338463 7.472993160288714 87
1684187338528 7.6169007092928185 88
1684187338607 7.762956359904873 89
1684187338676 7.90986485992091 90
1684187338791 8.055601273958683 91
1684187338860 8.196885482805182 92
1684187338929 8.32894105171351 93
1684187338992 8.445802842840813 94
1684187339061 8.541400364583435 95
1684187339130 8.611405344201504 96
1684187339193 8.655279102457648 97
1684187339262 8.677384211448173 98
1684187339331 8.686302903515616 99
1684187339431 8.692516652542622 100
1684187339509 8.70578120805936 101
1684187339562 8.733239870065555 102
1684187339631 8.777962589690345 103
1684187339694 8.838737761529739 104
1684187339763 8.911826861523961 105
1684187339832 8.992610721849143 106
1684187339894 9.076227643269041 107
1684187339963 9.158022611547247 108
1684187340032 9.233924026819254 109
1684187340095 9.300614948976632 110
1684187340164 9.355505046500214 111
1684187340233 9.39660734534525 112
1684187340296 9.422403692716218 113
1684187340365 9.431793775091906 114
1684187340434 9.424110438969624 115
1684187340496 9.39914579256131 116
1684187340565 9.35717020077398 117
1684187340634 9.298914270904234 118
1684187340697 9.225527342482316 119
1684187340766 9.138523616735352 120
1684187340828 9.039739135084977 121
1684187340897 8.931287440342091 122
1684187340951 8.81549795433637 123
1684187341029 8.694855053749665 124
1684187341082 8.571882895193736 125
1684187341151 8.44902255102818 126
1684187341214 8.32851519671854 127
1684187341283 8.212292625327793 128
1684187341352 8.10185991642064 129
1684187341414 7.998193273491486 130
1684187341468 7.9017127512598275 131
1684187341537 7.81231466658661 132
1684187341599 7.729503357955442 133
1684187341668 7.652559054181757 134
1684187341737 7.580725957961438 135
1684187341800 7.5133811562969415 136
1684187341869 7.4501511610397575 137
1684187341938 7.390956833093596 138
1684187342000 7.335973058193278 139
1684187342069 7.285523448175731 140
1684187342138 7.239966414435091 141
1684187342201 7.199616625771988 142
1684187342270 7.164705492392918 143
1684187342339 7.1353901061626415 144
1684187342401 7.111757451913162 145
1684187342470 7.093843231486591 146
1684187342539 7.081627122406478 147
1684187342602 7.075045021672704 148
1684187342671 7.073987620393729 149
1684187342740 7.078304713144029 150
1684187342802 7.08780902415959 151
1684187342871 7.102279985459591 152
1684187342934 7.121458820026138 153
1684187342987 7.145033400110814 154
1684187343056 7.17263737613537 155
1684187343119 7.203828138618947 156
1684187343188 7.238077650116954 157
1684187343257 7.274739642463517 158
1684187343319 7.313019061775134 159
1684187343388 7.351902012233774 160
1684187343442 7.390049447418465 161
1684187343504 7.425631717239904 162
1684187343573 7.456080152455823 163
1684187343642 7.477797803487758 164
1684187343705 7.485925496508792 165
1684187343774 7.474399338562322 166
1684187343836 7.436520276070129 167
1684187343890 7.365978847632943 168
1684187343959 7.257972409857155 169
1684187344021 7.109988337688242 170
1684187344090 6.922073906628604 171
1684187344159 6.696666065938839 172
1684187344222 6.438151549385618 173
1684187344291 6.152321729165308 174
1684187344344 5.845842188099326 175
1684187344407 5.525779814654277 176
1684187344476 5.1991870336370285 177
1684187344545 4.872715137050858 178
1684187344607 4.552226131034248 179
1684187344676 4.242378427879268 180
1684187344745 3.946177712376561 181
1684187344807 3.664529072723433 182
1684187344876 3.3958311914201524 183
1684187344939 3.1358894448361236 184
1684187345008 2.879097881626071 185
1684187345061 2.621634464928968 186
1684187345124 2.3659062906596824 187
1684187345209 2.1237074181474807 188
1684187345278 1.9127745812260804 189
1684187345347 1.7467121574934104 190
1684187345409 1.6285592165031564 191
1684187345478 1.5513867107098231 192
1684187345541 1.5029609288553882 193
1684187345594 1.4713967870896247 194
1684187345663 1.4483990782520149 195
1684187345726 1.4295766373683667 196
1684187345795 1.4134236873969612 197
1684187345864 1.4001225015856777 198
1684187345926 1.3905957345393352 199
1684187345980 1.385868868712877 200
1684187346049 1.3867058527795693 201
1684187346111 1.3934412576147985 202
1684187346180 1.405947300379332 203
1684187346465 1.4236636506822802 204
1684187346550 1.4456412343062965 205
1684187346613 1.470568364370113 206
1684187346682 1.4967779051880634 207
1684187346766 1.522261107452743 208
1684187346829 1.5447320503495814 209
1684187346898 1.561780505736889 210
1684187346967 1.5711264275916577 211
1684187347029 1.5709325892447112 212
1684187347098 1.560101008954013 213
1684187347167 1.5384690412162159 214
1684187347230 1.5068499653025387 215
1684187347299 1.4669243429237446 216
1684187347368 1.4210127508821553 217
1684187347430 1.3717853932387272 218
1684187347499 1.3219550058358651 219
1684187347600 1.2739970423056304 220
1684187347785 1.2299421811438194 221
1684187347869 1.1912637195474294 222
1684187347932 1.1588613622574895 223
1684187348001 1.1331167207146196 224
1684187348070 1.1139820699031724 225
1684187348132 1.1010778830475327 226
1684187348201 1.093773540629042 227
1684187348270 1.0912486726411734 228
1684187348333 1.0925313527947162 229
1684187348402 1.096537962086457 230
1684187348455 1.102127106126376 231
1684187348534 1.1081911048140656 232
1684187348603 1.1137697240235023 233
1684187348656 1.118156625027585 234
1684187348734 1.1209690457119688 235
1684187348787 1.1221641485685467 236
1684187348856 1.1220089245482232 237
1684187348950 1.1210142408002104 238
1684187349004 1.1198466317563207 239
1684187349073 1.119232782810053 240
1684187349151 1.1198675968671852 241
1684187349204 1.1223382556208357 242
1684187349273 1.127069300631831 243
1684187349336 1.1342957764085022 244
1684187349405 1.1440592090869552 245
1684187349474 1.1562268887012963 246
1684187349536 1.170521367493939 247
1684187349590 1.1865576359441325 248
1684187349659 1.2038799755265444 249
1684187349721 1.2219949436207356 250
