1684184826913 11.343651 1
1684184826980 12.569384 2
1684184827073 14.35263 3
1684184827142 16.554945 4
1684184827227 18.838654 5
1684184827296 20.87532 6
1684184827374 22.513054 7
1684184827443 23.767624 8
1684184827528 24.74187 9
1684184827612 25.52465 10
1684184827690 26.181942 11
1684184827759 26.757282 12
1684184827844 27.275856 13
1684184827929 27.745636 14
1684184827998 28.141825 15
1684184828076 28.413858 16
1684184828145 28.531286 17
1684184828230 28.489418 18
1684184828299 28.207527 19
1684184828377 27.64812 20
1684184828461 26.746075 21
1684184828530 25.458237 22
1684184828615 23.789513 23
1684184828700 21.761166 24
1684184828762 19.406664 25
1684184828847 16.815609 26
1684184828931 14.134563 27
1684184829000 11.543983 28
1684184829078 9.235336 29
1684184829147 7.370661 30
1684184829232 5.985482 31
1684184829301 5.016163 32
1684184829379 4.354645 33
1684184829464 3.8845701 34
1684184829533 3.5080018 35
1684184829618 3.1646209 36
1684184829680 2.8293128 37
1684184829765 2.5023293 38
1684184829834 2.1974106 39
1684184829903 1.93084 40
1684184829981 1.7129396 41
1684184830050 1.5434682 42
1684184830119 1.4126788 43
1684184830204 1.306379 44
1684184830282 1.2110602 45
1684184830351 1.1172405 46
1684184830436 1.0208431 47
1684184830505 0.9230582 48
1684184830581 0.82906836 49
1684184830652 0.74589854 50
1684184830736 0.67975974 51
1684184830805 0.63365895 52
1684184830884 0.6063838 53
1684184830968 0.59357864 54
1684184831037 0.5901953 55
1684184831106 0.59255415 56
1684184831184 0.5990989 57
1684184831253 0.61011124 58
1684184831338 0.6269451 59
1684184831407 0.6512043 60
1684184831485 0.68403286 61
1684184831570 0.7255932 62
1684184831639 0.7749829 63
1684184831708 0.83033836 64
1684184831786 0.88722396 65
1684184831871 0.9477253 66
1684184831940 1.0161676 67
1684184832009 1.0957338 68
1684184832087 1.1883492 69
1684184832156 1.2950668 70
1684184832241 1.4160544 71
1684184832310 1.549993 72
1684184832388 1.6904323 73
1684184832472 1.8210293 74
1684184832541 1.9221048 75
1684184832626 1.9778692 76
1684184832689 1.9811184 77
1684184832773 1.9350493 78
1684184832842 1.8508832 79
1684184832927 1.7433901 80
1684184833012 1.6265199 81
1684184833074 1.5104315 82
1684184833159 1.4008052 83
1684184833243 1.3008488 84
1684184833312 1.2129693 85
1684184833391 1.1393964 86
1684184833475 1.0823107 87
1684184833544 1.0435736 88
1684184833629 1.0244715 89
1684184833714 1.0256802 90
1684184833776 1.0473833 91
1684184833861 1.0893296 92
1684184833930 1.1506522 93
1684184834014 1.22927 94
1684184834077 1.3206158 95
1684184834162 1.4161881 96
1684184834231 1.504029 97
1684184834315 1.5716305 98
1684184834378 1.6093452 99
1684184834462 1.6126714 100
1684184834531 1.5827749 101
1684184834616 1.5254638 102
1684184834694 1.4492738 103
1684184834763 1.3633943 104
1684184834832 1.2760074 105
1684184834917 1.1933434 106
1684184834995 1.1194532 107
1684184835064 1.056484 108
1684184835133 1.0051899 109
1684184835218 0.965462 110
1684184835296 0.93676054 111
1684184835365 0.9184003 112
1684184835434 0.90969145 113
1684184835519 0.9099573 114
1684184835597 0.91846806 115
1684184835666 0.9343529 116
1684184835751 0.95655006 117
1684184835820 0.9838324 118
1684184835898 1.0149 119
1684184835967 1.0485005 120
1684184836051 1.083548 121
1684184836120 1.1192015 122
1684184836198 1.1548972 123
1684184836283 1.1903255 124
1684184836352 1.2253735 125
1684184836437 1.2600429 126
1684184836499 1.2943724 127
1684184836584 1.328373 128
1684184836653 1.3619881 129
1684184836722 1.3950782 130
1684184836800 1.4274292 131
1684184836885 1.4587746 132
1684184836954 1.4888294 133
1684184837039 1.5173254 134
1684184837117 1.5440459 135
1684184837186 1.5688512 136
1684184837270 1.5916933 137
1684184837339 1.6126157 138
1684184837424 1.6317399 139
1684184837487 1.6492388 140
1684184837571 1.6653105 141
1684184837640 1.6801509 142
1684184837725 1.6939387 143
1684184837803 1.7068331 144
1684184837872 1.7189794 145
1684184837941 1.7305217 146
1684184838026 1.7416134 147
1684184838104 1.7524204 148
1684184838173 1.7631164 149
1684184838258 1.7738658 150
1684184838327 1.7848104 151
1684184838405 1.7960514 152
1684184838474 1.8076456 153
1684184838558 1.8196056 154
1684184838627 1.8319056 155
1684184838705 1.8444917 156
1684184838790 1.8572936 157
1684184838859 1.8702308 158
1684184838928 1.8832204 159
1684184839006 1.8961803 160
1684184839091 1.9090323 161
1684184839160 1.9217006 162
1684184839245 1.9341112 163
1684184839323 1.9461927 164
1684184839392 1.9578738 165
1684184839461 1.9690828 166
1684184839546 1.9797494 167
1684184839608 1.9898045 168
1684184839693 1.9991827 169
1684184839762 2.0078247 170
1684184839831 2.015679 171
1684184839909 2.0227036 172
1684184839978 2.0288708 173
1684184840063 2.0341659 174
1684184840132 2.038586 175
1684184840210 2.0421443 176
1684184840294 2.0448635 177
1684184840363 2.0467734 178
1684184840432 2.047907 179
1684184840511 2.048293 180
1684184840580 2.047949 181
1684184840664 2.0468764 182
1684184840733 2.0450537 183
1684184840796 2.0424366 184
1684184840880 2.03896 185
1684184840950 2.0345418 186
1684184841028 2.0290952 187
1684184841097 2.0225372 188
1684184841181 2.0148067 189
1684184841250 2.0058708 190
1684184841335 1.9957371 191
1684184841398 1.9844565 192
1684184841482 1.9721215 193
1684184841551 1.9588623 194
1684184841636 1.9448385 195
1684184841814 1.9302337 196
1684184841899 1.9152496 197
1684184841968 1.9001026 198
1684184842053 1.8850217 199
1684184842131 1.8702472 200
1684184842200 1.8560292 201
1684184842284 1.8426268 202
1684184842353 1.8303066 203
1684184842416 1.8193412 204
1684184842501 1.810003 205
1684184842570 1.8025566 206
1684184842639 1.797241 207
1684184842717 1.7942464 208
1684184842786 1.7936856 209
1684184842871 1.7955779 210
1684184842940 1.7998419 211
1684184843018 1.8063042 212
1684184843102 1.8147197 213
1684184843171 1.8247936 214
1684184843256 1.8362069 215
1684184843319 1.8486353 216
1684184843403 1.8617668 217
1684184843472 1.8753116 218
1684184843557 1.8890107 219
1684184843619 1.9026363 220
1684184843704 1.9159949 221
1684184843773 1.9289232 222
1684184843858 1.9412882 223
1684184843936 1.9529827 224
1684184844005 1.9639227 225
1684184844074 1.974045 226
1684184844159 1.9833066 227
1684184844237 1.9916805 228
1684184844306 1.999156 229
1684184844375 2.0057354 230
1684184844459 2.0114355 231
1684184844522 2.0162835 232
1684184844606 2.0203173 233
1684184844676 2.0235837 234
1684184844745 2.0261362 235
1684184844823 2.0280337 236
1684184844907 2.029339 237
1684184844976 2.030118 238
1684184845061 2.0304365 239
1684184845124 2.0303593 240
1684184845208 2.0299497 241
1684184845277 2.0292685 242
1684184845346 2.0283709 243
1684184845424 2.0273097 244
1684184845509 2.0261314 245
1684184845578 2.0248783 246
1684184845647 2.0235875 247
1684184845725 2.0222902 248
1684184845794 2.0210145 249
1684184845879 2.0197825 250
