1684187332726 10.215868990293892 1
1684187332810 10.838823369991228 2
1684187332888 12.488595365741038 3
1684187332957 15.094266969419458 4
1684187333026 18.039953575189806 5
1684187333104 20.496717729686868 6
1684187333157 22.07851538877876 7
1684187333226 22.796854492044513 8
1684187333304 22.71318474225803 9
1684187333358 21.944026421385235 10
1684187333427 20.654790681682037 11
1684187333489 19.043806359207636 12
1684187333574 17.31487518561105 13
1684187333627 15.644207945047924 14
1684187333705 14.153950566562877 15
1684187333774 12.887870071090852 16
1684187333843 11.817976098111352 17
1684187333912 10.879775412742534 18
1684187333975 10.005802806735957 19
1684187334044 9.14754649917161 20
1684187334113 8.285942489741718 21
1684187334175 7.432053201060686 22
1684187334244 6.619617073008184 23
1684187334313 5.891869080697177 24
1684187334392 5.286128420853444 25
1684187334445 4.810561323473177 26
1684187334530 4.44891001279788 27
1684187334592 4.175703791774355 28
1684187334661 3.964697451625115 29
1684187334729 3.7970356607075892 30
1684187334791 3.663447336462154 31
1684187334865 3.5620217055195944 32
1684187334919 3.494814740962955 33
1684187334997 3.4652071705160967 34
1684187335066 3.4760353285299708 35
1684187335119 3.527956697312513 36
1684187335197 3.6176789273748735 37
1684187335266 3.7366233197334475 38
1684187335336 3.8696773581235524 39
1684187335398 3.99476959684909 40
1684187335467 4.085723606125614 41
1684187335536 4.120744357729109 42
1684187335599 4.095257219835787 43
1684187335668 4.031195563001302 44
1684187335737 3.967828292369107 45
1684187335799 3.935673738907871 46
1684187335852 3.926395481321 47
1684187335922 3.921885284991764 48
1684187335984 3.8915456172826945 49
1684187336053 3.8075740282189443 50
1684187336122 3.660912510958315 51
1684187336185 3.4635590641570526 52
1684187336254 3.237832130270722 53
1684187336323 2.999118850181923 54
1684187336385 2.7517668243656015 55
1684187336438 2.49482464598629 56
1684187336517 2.231125308399019 57
1684187336570 1.9724761159572344 58
1684187336639 1.736631757293618 59
1684187336702 1.5391841603565704 60
1684187336771 1.386986279948462 61
1684187336840 1.2768534460680492 62
1684187336902 1.1985931822072171 63
1684187336971 1.1399965370642162 64
1684187337040 1.0906730973726937 65
1684187337103 1.0430248507645432 66
1684187337172 0.9920829622399427 67
1684187337241 0.9356400422498599 68
1684187337303 0.8742198970942869 69
1684187337372 0.8099928227297859 70
1684187337426 0.745044624311693 71
1684187337504 0.6807280569145489 72
1684187337557 0.6182784008301461 73
1684187337626 0.5590544541985576 74
1684187337689 0.5041657980828163 75
1684187337758 0.45418735830733503 76
1684187337820 0.40918061923355786 77
1684187337889 0.36881030007224247 78
1684187337943 0.33236297381937163 79
1684187338005 0.29866046265182344 80
1684187338074 0.2660037868707681 81
1684187338143 0.23242797987789654 82
1684187338206 0.19644059119194512 83
1684187338275 0.15782070835615603 84
1684187338344 0.11793939056590386 85
1684187338406 0.07938115265288204 86
1684187338479 0.04493742613447882 87
1684187338544 0.016152929812569994 88
1684187338607 -0.008610257428752988 89
1684187338691 -0.03614783074106498 90
1684187338799 -0.07530161382096079 91
1684187338860 -0.1311786784104605 92
1684187338929 -0.2032015964904268 93
1684187339008 -0.28599933951480594 94
1684187339061 -0.3721578633245848 95
1684187339130 -0.45564748485225337 96
1684187339193 -0.5344974338627431 97
1684187339262 -0.6115255429335118 98
1684187339331 -0.6928790669437861 99
1684187339446 -0.785305304128201 100
1684187339509 -0.8936669097157015 101
1684187339578 -1.0194355505646318 102
1684187339647 -1.1604301618685042 103
1684187339710 -1.3124059174553535 104
1684187339763 -1.4705330918748638 105
1684187339832 -1.629416979982623 106
1684187339894 -1.7835679156786162 107
1684187339963 -1.9281523901027091 108
1684187340032 -2.059529108479661 109
1684187340095 -2.175376513367632 110
1684187340164 -2.274493517020506 111
1684187340233 -2.356484248811067 112
1684187340311 -2.421491450014142 113
1684187340380 -2.470052546903119 114
1684187340434 -2.503056392900751 115
1684187340512 -2.5217306059687994 116
1684187340565 -2.5276373731241826 117
1684187340634 -2.522652641101394 118
1684187340697 -2.5089272756331527 119
1684187340766 -2.4888257169169314 120
1684187340835 -2.4648420118503642 121
1684187340897 -2.43949479556888 122
1684187340966 -2.4151983200840945 123
1684187341035 -2.3941469833522877 124
1684187341098 -2.3782047502960033 125
1684187341151 -2.368822647352693 126
1684187341214 -2.366950215206878 127
1684187341283 -2.3729243735102257 128
1684187341352 -2.386398264226889 129
1684187341414 -2.4063583111234745 130
1684187341483 -2.4312425612116098 131
1684187341537 -2.4591178583165636 132
1684187341615 -2.48791756684445 133
1684187341668 -2.5156813215642426 134
1684187341737 -2.540774263098255 135
1684187341800 -2.56205185691514 136
1684187341869 -2.578935221517968 137
1684187341938 -2.5913942596606736 138
1684187342000 -2.5998365195514843 139
1684187342069 -2.60494975483216 140
1684187342138 -2.6075513752363513 141
1684187342216 -2.6084866415975316 142
1684187342270 -2.608570646863634 143
1684187342339 -2.608565546678432 144
1684187342417 -2.6091582977132894 145
1684187342470 -2.6109469546038744 146
1684187342539 -2.6144153650190445 147
1684187342602 -2.6199246880692533 148
1684187342671 -2.6277036072586366 149
1684187342740 -2.6378485441518507 150
1684187342802 -2.650332738293261 151
1684187342871 -2.66502173338385 152
1684187342940 -2.6816893902062136 153
1684187343003 -2.700033058150452 154
1684187343056 -2.719698717284836 155
1684187343134 -2.740292174129964 156
1684187343188 -2.7613938291199878 157
1684187343257 -2.7825552419050457 158
1684187343319 -2.803287624296387 159
1684187343388 -2.8230198748670707 160
1684187343457 -2.841026432259948 161
1684187343520 -2.8563110725887633 162
1684187343573 -2.8674374786227936 163
1684187343642 -2.872332536102003 164
1684187343705 -2.868125422544537 165
1684187343774 -2.851171699704617 166
1684187343843 -2.817398383958487 167
1684187343905 -2.7629383057115993 168
1684187343959 -2.684829864293321 169
1684187344037 -2.581513836487158 170
1684187344090 -2.4530146777315096 171
1684187344159 -2.300846912834329 172
1684187344222 -2.1277505865560284 173
1684187344291 -1.9373568625271247 174
1684187344360 -1.7338596296445399 175
1684187344422 -1.5217211640925363 176
1684187344476 -1.3054102677455446 177
1684187344545 -1.0891565980690117 178
1684187344623 -0.8766960720372294 179
1684187344676 -0.6709884121409173 180
1684187344745 -0.4739082709763056 181
1684187344807 -0.2859627650424854 182
1684187344876 -0.10606999725914612 183
1684187344946 0.0685077141272159 184
1684187345008 0.241452256983679 185
1684187345077 0.41530547109583393 186
1684187345140 0.5884054378177956 187
1684187345209 0.7524833634458421 188
1684187345278 0.8947644049799743 189
1684187345347 1.0051310309967763 190
1684187345409 1.0809965286216605 191
1684187345478 1.1269103151069582 192
1684187345547 1.151144998407599 193
1684187345610 1.1617685724074456 194
1684187345679 1.1645709588677144 195
1684187345741 1.1630460259251991 196
1684187345795 1.1591123638763847 197
1684187345864 1.1537771271897828 198
1684187345926 1.1475705415068729 199
1684187345995 1.1408017660336744 200
1684187346049 1.1336932578782588 201
1684187346127 1.1264366615141643 202
1684187346180 1.1191941261158114 203
1684187346481 1.1120748430327334 204
1684187346550 1.1051197926892262 205
1684187346628 1.0983134453413432 206
1684187346682 1.0916342349088737 207
1684187346766 1.0851379730281052 208
1684187346844 1.0790473827646065 209
1684187346898 1.0738077996001993 210
1684187346967 1.0700642630620072 211
1684187347029 1.068548895645273 212
1684187347098 1.0699069222103197 213
1684187347167 1.0745235690339845 214
1684187347245 1.082406781125815 215
1684187347315 1.0931512807247628 216
1684187347368 1.1059849600951264 217
1684187347446 1.1198777561862345 218
1684187347515 1.1336896698276742 219
1684187347631 1.1463279899966812 220
1684187347785 1.156880595991212 221
1684187347869 1.1647002258413646 222
1684187347932 1.169432250767631 223
1684187348001 1.1709958413968262 224
1684187348070 1.1695404849031281 225
1684187348132 1.1653922852705347 226
1684187348201 1.1590045552293957 227
1684187348270 1.1509156326370598 228
1684187348333 1.141716348713942 229
1684187348402 1.1320153075041934 230
1684187348471 1.1224028158821384 231
1684187348534 1.1134061239173625 232
1684187348603 1.1054456860728024 233
1684187348672 1.098803277190825 234
1684187348734 1.0936054275328344 235
1684187348803 1.0898242238935898 236
1684187348872 1.087289771288525 237
1684187348957 1.08571570772045 238
1684187349019 1.0847358210177271 239
1684187349088 1.0839489097220776 240
1684187349151 1.0829689507118991 241
1684187349220 1.0814694900402189 242
1684187349273 1.0792189774710437 243
1684187349351 1.076097345855815 244
1684187349405 1.0720966860780794 245
1684187349474 1.0673068353342394 246
1684187349536 1.0618912602711716 247
1684187349605 1.0560602777107397 248
1684187349659 1.0500451010262555 249
1684187349737 1.044076418534089 250
