1684186699893 10.475044 1
1684186699982 11.068706 2
1684186700053 12.701327 3
1684186700122 15.381364 4
1684186700185 18.885872 5
1684186700254 22.688282 6
1684186700323 26.228954 7
1684186700385 29.201279 8
1684186700454 31.52813 9
1684186700523 33.261177 10
1684186700602 34.50821 11
1684186700671 35.38417 12
1684186700740 35.989223 13
1684186700802 36.401962 14
1684186700871 36.679413 15
1684186700940 36.858253 16
1684186701003 36.96158 17
1684186701072 37.006847 18
1684186701141 37.007713 19
1684186701203 36.97524 20
1684186701272 36.917297 21
1684186701341 36.833508 22
1684186701404 36.712875 23
1684186701473 36.542885 24
1684186701542 36.294865 25
1684186701604 35.949997 26
1684186701673 35.514458 27
1684186701742 35.022125 28
1684186701821 34.517876 29
1684186701884 34.03976 30
1684186701943 33.61488 31
1684186702021 33.260185 32
1684186702090 32.982018 33
1684186702143 32.776123 34
1684186702221 32.631607 35
1684186702290 32.534016 36
1684186702344 32.465218 37
1684186702422 32.404266 38
1684186702475 32.334053 39
1684186702544 32.24211 40
1684186702607 32.1205 41
1684186702676 31.966469 42
1684186702745 31.7825 43
1684186702807 31.57642 44
1684186702876 31.3594 45
1684186702945 31.13899 46
1684186703008 30.91203 47
1684186703077 30.655575 48
1684186703130 30.32396 49
1684186703193 29.864494 50
1684186703262 29.233807 51
1684186703331 28.405993 52
1684186703393 27.378017 53
1684186703463 26.179443 54
1684186703525 24.886189 55
1684186703594 23.607828 56
1684186703647 22.44121 57
1684186703732 21.444233 58
1684186703795 20.635977 59
1684186703864 20.004969 60
1684186703926 19.518246 61
1684186703995 19.125599 62
1684186704049 18.765738 63
1684186704127 18.390106 64
1684186704190 17.986053 65
1684186704249 17.56835 66
1684186704327 17.161873 67
1684186704381 16.783363 68
1684186704450 16.436808 69
1684186704528 16.117783 70
1684186704581 15.818636 71
1684186704650 15.531312 72
1684186704735 15.2471485 73
1684186704797 14.956278 74
1684186704867 14.648187 75
1684186704929 14.31291 76
1684186704998 13.941996 77
1684186705051 13.52977 78
1684186705130 13.075166 79
1684186705183 12.582666 80
1684186705252 12.060856 81
1684186705315 11.518979 82
1684186705384 10.964016 83
1684186705453 10.400781 84
1684186705531 9.83412 85
1684186705584 9.268822 86
1684186705653 8.704108 87
1684186705716 8.129225 88
1684186705785 7.5373383 89
1684186705854 6.938466 90
1684186705916 6.3532896 91
1684186705985 5.802555 92
1684186706054 5.2993617 93
1684186706117 4.844408 94
1684186706217 4.4294395 95
1684186706286 4.0462055 96
1684186706371 3.6899486 97
1684186706433 3.3596723 98
1684186706502 3.0584445 99
1684186706556 2.794232 100
1684186706634 2.5789914 101
1684186706687 2.4204543 102
1684186706756 2.3175955 103
1684186706857 2.2626605 104
1684186706935 2.2450795 105
1684186706988 2.255054 106
1684186707057 2.2854679 107
1684186707120 2.332078 108
1684186707189 2.3927307 109
1684186707258 2.4663384 110
1684186707320 2.551991 111
1684186707389 2.6482854 112
1684186707458 2.752935 113
1684186707521 2.8627174 114
1684186707574 2.9736166 115
1684186707643 3.0810971 116
1684186707706 3.1806552 117
1684186707775 3.268491 118
1684186707844 3.3421915 119
1684186707907 3.4012346 120
1684186707960 3.4469907 121
1684186708022 3.4821122 122
1684186708091 3.5096772 123
1684186708161 3.5325105 124
1684186708223 3.552807 125
1684186708292 3.5720332 126
1684186708361 3.5910091 127
1684186708424 3.6100917 128
1684186708493 3.6294022 129
1684186708562 3.6490488 130
1684186708624 3.6692877 131
1684186708693 3.690539 132
1684186708762 3.7132604 133
1684186708825 3.7378008 134
1684186708878 3.7643478 135
1684186708947 3.7929604 136
1684186709010 3.8236277 137
1684186709079 3.8563113 138
1684186709148 3.890943 139
1684186709210 3.927418 140
1684186709264 3.9655614 141
1684186709326 4.005102 142
1684186709395 4.0456495 143
1684186709464 4.0866766 144
1684186709527 4.127517 145
1684186709580 4.167362 146
1684186709649 4.2052736 147
1684186709712 4.2401967 148
1684186709781 4.2709866 149
1684186709850 4.296444 150
1684186709912 4.3153653 151
1684186709981 4.326611 152
1684186710050 4.329185 153
1684186710113 4.322315 154
1684186710182 4.3055124 155
1684186710251 4.2785816 156
1684186710329 4.241557 157
1684186710383 4.194584 158
1684186710452 4.1377587 159
1684186710530 4.070988 160
1684186710583 3.993908 161
1684186710652 3.9058783 162
1684186710715 3.8060932 163
1684186710784 3.693789 164
1684186710853 3.5685272 165
1684186710931 3.4305203 166
1684186710984 3.2809174 167
1684186711053 3.1219747 168
1684186711116 2.9570413 169
1684186711185 2.79033 170
1684186711254 2.626503 171
1684186711316 2.4701514 172
1684186711385 2.3252788 173
1684186711448 2.194892 174
1684186711517 2.080783 175
1684186711570 1.9835162 176
1684186711633 1.902595 177
1684186711702 1.83674 178
1684186711771 1.7842064 179
1684186711833 1.7430663 180
1684186711902 1.7114246 181
1684186711956 1.6875538 182
1684186712034 1.6699598 183
1684186712087 1.6573945 184
1684186712156 1.648837 185
1684186712219 1.6434608 186
1684186712288 1.640599 187
1684186712357 1.6397094 188
1684186712419 1.6403484 189
1684186712473 1.6421498 190
1684186712551 1.6448101 191
1684186712604 1.6480768 192
1684186712673 1.6517406 193
1684186712736 1.6556299 194
1684186712805 1.6596048 195
1684186712874 1.6635544 196
1684186712959 1.6673927 197
1684186713021 1.6710558 198
1684186713090 1.6744982 199
1684186713159 1.6776919 200
1684186713222 1.6806233 201
1684186713291 1.6832905 202
1684186713353 1.6857027 203
1684186713407 1.687875 204
1684186713476 1.6898308 205
1684186713538 1.6915967 206
1684186713607 1.6932008 207
1684186713839 1.6946732 208
1684186713908 1.6960423 209
1684186713977 1.6973343 210
1684186714040 1.6985726 211
1684186714109 1.6997762 212
1684186714180 1.7009587 213
1684186714235 1.7021301 214
1684186714309 1.7032931 215
1684186714378 1.7044461 216
1684186714441 1.7055829 217
1684186714510 1.7066929 218
1684186714579 1.7077614 219
1684186714641 1.7087708 220
1684186714710 1.7097032 221
1684186714764 1.7105389 222
1684186714842 1.7112589 223
1684186714895 1.7118465 224
1684186714964 1.7122872 225
1684186715080 1.7125704 226
1684186715143 1.7126894 227
1684186715212 1.712643 228
1684186715265 1.7124333 229
1684186715343 1.712069 230
1684186715397 1.7115618 231
1684186715466 1.710928 232
1684186715528 1.7101862 233
1684186715597 1.709358 234
1684186715666 1.7084658 235
1684186715729 1.7075325 236
1684186715798 1.70658 237
1684186715867 1.7056298 238
1684186715929 1.7047001 239
1684186715998 1.7038078 240
1684186716061 1.7029662 241
1684186716130 1.7021859 242
1684186716183 1.7014744 243
1684186716261 1.7008356 244
1684186716315 1.700272 245
1684186716399 1.6997824 246
1684186716468 1.6993642 247
1684186716531 1.6990125 248
1684186716584 1.6987219 249
1684186716662 1.6984859 250
