1684186922772 11.082938 1
1684186922860 12.18206 2
1684186922942 14.119883 3
1684186923011 16.946026 4
1684186923074 20.38808 5
1684186923143 23.967197 6
1684186923212 27.220894 7
1684186923274 29.82309 8
1684186923343 31.556463 9
1684186923412 32.437607 10
1684186923475 32.61493 11
1684186923544 32.246452 12
1684186923613 31.468124 13
1684186923675 30.412258 14
1684186923744 29.223404 15
1684186923813 28.040665 16
1684186923876 26.97198 17
1684186923945 26.082178 18
1684186924014 25.39547 19
1684186924108 24.906555 20
1684186924177 24.592958 21
1684186924246 24.424652 22
1684186924315 24.370071 23
1684186924377 24.398178 24
1684186924446 24.468723 25
1684186924509 24.508743 26
1684186924576 24.30525 27
1684186924647 23.672977 28
1684186924715 22.553606 29
1684186924781 20.96431 30
1684186924855 18.99548 31
1684186924917 16.805187 32
1684186924986 14.623085 33
1684186925040 12.669239 34
1684186925118 11.048653 35
1684186925171 9.769165 36
1684186925240 8.789032 37
1684186925303 8.047237 38
1684186925372 7.4819636 39
1684186925441 7.048052 40
1684186925503 6.7164264 41
1684186925557 6.465623 42
1684186925626 6.2765985 43
1684186925688 6.1328735 44
1684186925757 6.027731 45
1684186925826 5.9641128 46
1684186925889 5.9412374 47
1684186925958 5.950673 48
1684186926027 5.968753 49
1684186926089 5.9702954 50
1684186926143 5.9449325 51
1684186926221 5.8887157 52
1684186926274 5.795781 53
1684186926343 5.6560707 54
1684186926406 5.457857 55
1684186926475 5.192919 56
1684186926544 4.8608646 57
1684186926606 4.47069 58
1684186926675 4.0397267 59
1684186926744 3.5909438 60
1684186926807 3.149263 61
1684186926876 2.7369735 62
1684186926929 2.370221 63
1684186927007 2.0574996 64
1684186927061 1.7999765 65
1684186927130 1.5932977 66
1684186927192 1.4302592 67
1684186927261 1.3031275 68
1684186927330 1.2047461 69
1684186927393 1.1287808 70
1684186927446 1.0696728 71
1684186927524 1.0225762 72
1684186927578 0.9833032 73
1684186927647 0.94824123 74
1684186927709 0.9142761 75
1684186927778 0.87888455 76
1684186927847 0.8405321 77
1684186927910 0.79927176 78
1684186927979 0.75712866 79
1684186928032 0.7177335 80
1684186928110 0.68518794 81
1684186928164 0.66271114 82
1684186928233 0.65169764 83
1684186928295 0.6515614 84
1684186928364 0.6602801 85
1684186928433 0.6752522 86
1684186928496 0.694087 87
1684186928696 0.7150318 88
1684186928828 0.73694396 89
1684186928897 0.75912297 90
1684186928966 0.78113776 91
1684186929035 0.8026953 92
1684186929098 0.82356226 93
1684186929167 0.8435365 94
1684186929236 0.86244774 95
1684186929298 0.8801841 96
1684186929367 0.8967381 97
1684186929436 0.9122601 98
1684186929499 0.9270908 99
1684186929568 0.9417614 100
1684186929637 0.9569434 101
1684186929699 0.97337174 102
1684186929768 0.9917611 103
1684186929837 1.0127375 104
1684186929900 1.0367893 105
1684186929969 1.0642419 106
1684186930038 1.0952464 107
1684186930100 1.1297817 108
1684186930169 1.1676617 109
1684186930238 1.2085494 110
1684186930301 1.2519739 111
1684186930370 1.2973534 112
1684186930432 1.3440211 113
1684186930501 1.391253 114
1684186930555 1.4383032 115
1684186930617 1.4844375 116
1684186930686 1.5289681 117
1684186930755 1.5712891 118
1684186930818 1.6109047 119
1684186930887 1.6474515 120
1684186930956 1.6807084 121
1684186931018 1.7105958 122
1684186931072 1.7371631 123
1684186931141 1.7605668 124
1684186931203 1.7810446 125
1684186931272 1.7988849 126
1684186931341 1.8143983 127
1684186931404 1.8278924 128
1684186931473 1.8396537 129
1684186931535 1.8499327 130
1684186931589 1.8589408 131
1684186931658 1.8668486 132
1684186931736 1.8737907 133
1684186931789 1.8798759 134
1684186931858 1.8851926 135
1684186931921 1.8898206 136
1684186931990 1.8938334 137
1684186932059 1.8973067 138
1684186932121 1.9003153 139
1684186932206 1.9029359 140
1684186932275 1.9052439 141
1684186932344 1.9073114 142
1684186932407 1.909204 143
1684186932476 1.9109795 144
1684186932538 1.9126848 145
1684186932607 1.914356 146
1684186932661 1.9160194 147
1684186932723 1.91769 148
1684186932792 1.919374 149
1684186932861 1.9210708 150
1684186932924 1.9227751 151
1684186932993 1.9244771 152
1684186933062 1.926168 153
1684186933146 1.9278383 154
1684186933209 1.9294826 155
1684186933278 1.9311008 156
1684186933340 1.932698 157
1684186933394 1.9342868 158
1684186933463 1.9358869 159
1684186933525 1.9375231 160
1684186933594 1.9392257 161
1684186933648 1.9410282 162
1684186933726 1.9429646 163
1684186933779 1.945066 164
1684186933848 1.9473603 165
1684186933911 1.9498694 166
1684186933980 1.9526055 167
1684186934042 1.9555707 168
1684186934111 1.9587567 169
1684186934180 1.9621435 170
1684186934249 1.9657041 171
1684186934312 1.9694061 172
1684186934381 1.9732189 173
1684186934443 1.9771161 174
1684186934512 1.9810798 175
1684186934566 1.9850998 176
1684186934644 1.989171 177
1684186934710 1.9932939 178
1684186934766 1.99747 179
1684186934844 2.0017028 180
1684186934913 2.0059953 181
1684186934966 2.0103488 182
1684186935045 2.0147648 183
1684186935098 2.0192437 184
1684186935167 2.0237846 185
1684186935229 2.0283842 186
1684186935298 2.0330372 187
1684186935367 2.037736 188
1684186935430 2.0424676 189
1684186935499 2.047218 190
1684186935552 2.0519686 191
1684186935615 2.0566971 192
1684186935684 2.0613801 193
1684186935753 2.0659933 194
1684186935815 2.070512 195
1684186935884 2.074914 196
1684186935953 2.079179 197
1684186936016 2.0832906 198
1684186936085 2.0872374 199
1684186936148 2.0910106 200
1684186936217 2.0946066 201
1684186936270 2.0980253 202
1684186936332 2.1012695 203
1684186936401 2.1043444 204
1684186936470 2.1072574 205
1684186936533 2.1100163 206
1684186936586 2.1126313 207
1684186936655 2.1151114 208
1684186936718 2.1174662 209
1684186936787 2.119705 210
1684186936856 2.121835 211
1684186936918 2.1238637 212
1684186936987 2.1257968 213
1684186937056 2.1276383 214
1684186937119 2.129392 215
1684186937188 2.1310585 216
1684186937257 2.1326385 217
1684186937320 2.1341307 218
1684186937389 2.135533 219
1684186937458 2.1368418 220
1684186937520 2.1380534 221
1684186937589 2.1391618 222
1684186937652 2.140161 223
1684186937721 2.141044 224
1684186937774 2.1418018 225
1684186937836 2.142424 226
1684186937906 2.1428986 227
1684186937975 2.14321 228
1684186938037 2.1433392 229
1684186938106 2.1432626 230
1684186938159 2.1429503 231
1684186938222 2.1423643 232
1684186938291 2.141459 233
1684186938360 2.1401775 234
1684186938422 2.138456 235
1684186938492 2.1362221 236
1684186938554 2.1334019 237
1684186938761 2.1299238 238
1684186938861 2.1257322 239
1684186938939 2.1207922 240
1684186939008 2.1151013 241
1684186939077 2.108694 242
1684186939140 2.1016436 243
1684186939209 2.0940564 244
1684186939278 2.086067 245
1684186939340 2.077826 246
1684186939409 2.0694902 247
1684186939463 2.0612133 248
1684186939541 2.0531352 249
1684186939594 2.0453782 250
