1684186625998 12.706575 1
1684186626070 13.747423 2
1684186626135 15.430558 3
1684186626208 17.63368 4
1684186626277 20.071304 5
1684186626339 22.415054 6
1684186626408 24.42316 7
1684186626477 25.976608 8
1684186626540 27.066711 9
1684186626609 27.751669 10
1684186626678 28.107851 11
1684186626740 28.18869 12
1684186626809 28.0158 13
1684186626878 27.608446 14
1684186626957 26.991661 15
1684186627026 26.188175 16
1684186627095 25.215626 17
1684186627164 24.097599 18
1684186627226 22.8843 19
1684186627295 21.662338 20
1684186627358 20.527897 21
1684186627411 19.546375 22
1684186627480 18.743385 23
1684186627543 18.11308 24
1684186627612 17.630108 25
1684186627681 17.261486 26
1684186627744 16.977484 27
1684186627813 16.757095 28
1684186627882 16.5845 29
1684186627944 16.44597 30
1684186628008 16.326754 31
1684186628066 16.207525 32
1684186628129 16.070507 33
1684186628198 15.908024 34
1684186628267 15.721025 35
1684186628329 15.515087 36
1684186628398 15.295797 37
1684186628468 15.06455 38
1684186628530 14.815111 39
1684186628599 14.530916 40
1684186628668 14.187396 41
1684186628731 13.760675 42
1684186628784 13.23649 43
1684186628847 12.622613 44
1684186628916 11.95553 45
1684186628985 11.278942 46
1684186629063 10.624903 47
1684186629132 10.009851 48
1684186629201 9.436462 49
1684186629270 8.898825 50
1684186629333 8.390164 51
1684186629402 7.908379 52
1684186629464 7.4495573 53
1684186629533 7.0007677 54
1684186629602 6.564465 55
1684186629665 6.1591997 56
1684186629718 5.8070803 57
1684186629787 5.52112 58
1684186629850 5.304139 59
1684186629919 5.1526203 60
1684186629972 5.060181 61
1684186630051 5.019656 62
1684186630104 5.0238314 63
1684186630173 5.065539 64
1684186630235 5.1374454 65
1684186630305 5.231197 66
1684186630374 5.338806 67
1684186630436 5.454075 68
1684186630490 5.5724654 69
1684186630568 5.6904693 70
1684186630621 5.8050604 71
1684186630690 5.9134145 72
1684186630753 6.0125427 73
1684186630822 6.099228 74
1684186630891 6.170542 75
1684186630953 6.2244973 76
1684186631022 6.2593756 77
1684186631076 6.2720046 78
1684186631154 6.2579546 79
1684186631207 6.213678 80
1684186631276 6.13846 81
1684186631339 6.034873 82
1684186631408 5.907584 83
1684186631477 5.7614613 84
1684186631555 5.6002283 85
1684186631624 5.426484 86
1684186631693 5.2426524 87
1684186631756 5.0518 88
1684186631825 4.8577347 89
1684186631878 4.6645637 90
1684186631956 4.476112 91
1684186632025 4.2955127 92
1684186632126 4.1250615 93
1684186632195 3.9662719 94
1684186632257 3.8200383 95
1684186632326 3.6868029 96
1684186632380 3.5666916 97
1684186632442 3.459596 98
1684186632511 3.3652222 99
1684186632580 3.2831159 100
1684186632643 3.212676 101
1684186632712 3.1531675 102
1684186632781 3.1037354 103
1684186632844 3.0634332 104
1684186632913 3.0312686 105
1684186632975 3.0062718 106
1684186633029 2.987575 107
1684186633098 2.97449 108
1684186633160 2.9665504 109
1684186633260 2.9635262 110
1684186633329 2.9653862 111
1684186633383 2.9722 112
1684186633445 2.9840112 113
1684186633514 3.0007217 114
1684186633583 3.0220318 115
1684186633646 3.0474339 116
1684186633715 3.0762355 117
1684186633784 3.1075978 118
1684186633847 3.1405764 119
1684186633916 3.1741436 120
1684186633978 3.2072015 121
1684186634032 3.2385798 122
1684186634101 3.2670143 123
1684186634166 3.291137 124
1684186634232 3.309458 125
1684186634301 3.320376 126
1684186634364 3.3222103 127
1684186634433 3.3132782 128
1684186634502 3.2920158 129
1684186634564 3.2571335 130
1684186634633 3.207799 131
1684186634703 3.1438017 132
1684186634765 3.0656722 133
1684186634834 2.974717 134
1684186634903 2.872961 135
1684186634966 2.763005 136
1684186635035 2.647819 137
1684186635104 2.5305142 138
1684186635166 2.4141173 139
1684186635220 2.3013804 140
1684186635289 2.1946402 141
1684186635351 2.0957294 142
1684186635420 2.0059452 143
1684186635489 1.9260609 144
1684186635552 1.85638 145
1684186635621 1.7968135 146
1684186635683 1.7469742 147
1684186635752 1.7062731 148
1684186635806 1.674006 149
1684186635868 1.6494248 150
1684186635937 1.6317873 151
1684186636006 1.6203873 152
1684186636085 1.6145672 153
1684186636154 1.6137146 154
1684186636207 1.6172557 155
1684186636270 1.6246378 156
1684186636339 1.6353174 157
1684186636408 1.6487491 158
1684186636470 1.664381 159
1684186636524 1.6816578 160
1684186636593 1.7000301 161
1684186636655 1.7189705 162
1684186636724 1.7379895 163
1684186636787 1.756657 164
1684186636856 1.7746164 165
1684186636909 1.7916002 166
1684186636972 1.8074341 167
1684186637041 1.8220377 168
1684186637110 1.8354177 169
1684186637172 1.8476558 170
1684186637242 1.8588915 171
1684186637311 1.8693042 172
1684186637373 1.8790963 173
1684186637442 1.8884739 174
1684186637496 1.8976347 175
1684186637574 1.9067576 176
1684186637627 1.9159985 177
1684186637696 1.9254954 178
1684186637759 1.9353812 179
1684186637828 1.9458102 180
1684186637890 1.9569895 181
1684186637944 1.9691825 182
1684186638013 1.9826497 183
1684186638075 1.9975644 184
1684186638144 2.0139918 185
1684186638213 2.0319233 186
1684186638276 2.0513825 187
1684186638329 2.0725527 188
1684186638398 2.0957818 189
1684186638461 2.1212654 190
1684186638530 2.1483228 191
1684186638599 2.1752872 192
1684186638662 2.2003348 193
1684186638731 2.222056 194
1684186638793 2.2395923 195
1684186638847 2.2526202 196
1684186638916 2.261255 197
1684186638978 2.265927 198
1684186639047 2.2672625 199
1684186639116 2.2659755 200
1684186639179 2.262792 201
1684186639248 2.2583928 202
1684186639317 2.2533796 203
1684186639379 2.2482579 204
1684186639448 2.2434332 205
1684186639502 2.2392135 206
1684186639580 2.2358184 207
1684186639649 2.2333899 208
1684186639718 2.2320051 209
1684186639796 2.2316904 210
1684186639850 2.2324328 211
1684186639919 2.234196 212
1684186639997 2.2369318 213
1684186640219 2.2405941 214
1684186640320 2.2451496 215
1684186640382 2.2505875 216
1684186640436 2.2569242 217
1684186640505 2.264201 218
1684186640567 2.2724729 219
1684186640636 2.2817912 220
1684186640705 2.2921762 221
1684186640768 2.3035913 222
1684186640837 2.315921 223
1684186640906 2.32896 224
1684186640968 2.3424149 225
1684186641037 2.3559194 226
1684186641107 2.3690631 227
1684186641169 2.3814197 228
1684186641238 2.3925776 229
1684186641307 2.4021668 230
1684186641423 2.4098802 231
1684186641486 2.4154873 232
1684186641555 2.4188466 233
1684186641624 2.419911 234
1684186641686 2.4187324 235
1684186641755 2.4154603 236
1684186641824 2.4103322 237
1684186641887 2.4036586 238
1684186641956 2.3958006 239
1684186642009 2.3871439 240
1684186642087 2.3780746 241
1684186642141 2.3689566 242
1684186642210 2.3601134 243
1684186642272 2.3518167 244
1684186642341 2.3442802 245
1684186642410 2.337657 246
1684186642473 2.3320405 247
1684186642526 2.3274744 248
1684186642589 2.323954 249
1684186642658 2.3214371 250
