1684185467032 12.230734634675795 1
1684185467111 13.565183250473748 2
1684185467182 15.515718079259475 3
1684185467244 18.026998372542874 4
1684185467313 21.03047794036842 5
1684185467382 24.24728470819973 6
1684185467445 27.233111822914672 7
1684185467514 29.721710846967763 8
1684185467583 31.66246727848145 9
1684185467645 33.09622658418626 10
1684185467714 34.10831535852914 11
1684185467783 34.81158228571907 12
1684185467846 35.31160979442575 13
1684185467915 35.67939801233305 14
1684185467984 35.943427399489956 15
1684185468062 36.09626622385444 16
1684185468131 36.114296557732246 17
1684185468200 35.96055301025811 18
1684185468285 35.61754585291903 19
1684185468347 35.098052299243335 20
1684185468416 34.43425976890562 21
1684185468485 33.67208802049078 22
1684185468548 32.86488410393914 23
1684185468617 32.06138042361978 24
1684185468686 31.292973588835906 25
1684185468748 30.57197950755203 26
1684185468817 29.901954678767975 27
1684185468886 29.287109010909667 28
1684185468949 28.734515909708726 29
1684185469012 28.248874182820828 30
1684185469087 27.820185869528075 31
1684185469150 27.414613803523995 32
1684185469203 26.995139642130276 33
1684185469265 26.538148268172076 34
1684185469334 26.0242816371999 35
1684185469403 25.43820214374118 36
1684185469466 24.780806625313453 37
1684185469535 24.06399065004241 38
1684185469604 23.307911111493958 39
1684185469666 22.536959625474978 40
1684185469736 21.774529217446386 41
1684185469789 21.040036732239088 42
1684185469867 20.347845988268755 43
1684185469936 19.70809309956961 44
1684185469989 19.131278713993282 45
1684185470052 18.625297224782457 46
1684185470121 18.188242556057844 47
1684185470190 17.80967628286504 48
1684185470253 17.47604484360389 49
1684185470322 17.17482745819592 50
1684185470391 16.896625292810995 51
1684185470453 16.63556485727193 52
1684185470522 16.388173468510324 53
1684185470591 16.151793670904176 54
1684185470654 15.924483361673268 55
1684185470723 15.706181758004984 56
1684185470785 15.49946439623957 57
1684185470839 15.30826617816403 58
1684185470908 15.135254952182198 59
1684185470970 14.980291686079408 60
1684185471039 14.841320981628323 61
1684185471108 14.715762495790013 62
1684185471171 14.60164139017131 63
1684185471224 14.498152664878102 64
1684185471293 14.405324271378337 65
1684185471355 14.322830848817983 66
1684185471425 14.248603617770208 67
1684185471494 14.177575373105238 68
1684185471556 14.100338566170045 69
1684185471625 14.001892826191536 70
1684185471694 13.861800160685224 71
1684185471757 13.657769325056975 72
1684185471810 13.372774470180312 73
1684185471888 13.001837769111372 74
1684185471941 12.554755400027654 75
1684185472011 12.053687104898145 76
1684185472073 11.526812923376289 77
1684185472142 11.000780194406477 78
1684185472211 10.495092197264231 79
1684185472274 10.020142272517933 80
1684185472343 9.5786403998755 81
1684185472412 9.169182439037362 82
1684185472474 8.789913712121667 83
1684185472543 8.43998538990824 84
1684185472612 8.118855002151975 85
1684185472675 7.8251254944595505 86
1684185472744 7.556118363200303 87
1684185472813 7.308357144032421 88
1684185472875 7.078365030258359 89
1684185472944 6.863199402789915 90
1684185472998 6.66051980526774 91
1684185473229 6.4683317648336445 92
1684185473414 6.284647803757622 93
1684185473530 6.107269629665544 94
1684185473599 5.933835328456717 95
1684185473662 5.762205034562338 96
1684185473731 5.591077131936007 97
1684185473800 5.420489772950779 98
1684185473862 5.251871301644508 99
1684185473931 5.087600322326799 100
1684185474000 4.930390712460427 101
1684185474060 4.782805693694247 102
1684185474132 4.6470252489971555 103
1684185474201 4.524783688537455 104
1684185474263 4.417383733482534 105
1684185474332 4.325714718210246 106
1684185474401 4.250264778302888 107
1684185474502 4.191132394207793 108
1684185474564 4.148046771277029 109
1684185474633 4.120383606613814 110
1684185474702 4.107172791974209 111
1684185474765 4.107116630635167 112
1684185474834 4.118633122642718 113
1684185474896 4.139929280285366 114
1684185474965 4.169087642743094 115
1684185475034 4.204139600380369 116
1684185475097 4.243118252860598 117
1684185475150 4.284091491590823 118
1684185475219 4.325189532712952 119
1684185475282 4.364639107724969 120
1684185475351 4.40081469378929 121
1684185475420 4.432304883049561 122
1684185475482 4.457992422217806 123
1684185475551 4.477121183297584 124
1684185475620 4.48934131001515 125
1684185475683 4.494718581663681 126
1684185475752 4.4937061368796165 127
1684185475836 4.487085542922419 128
1684185475899 4.475887837408595 129
1684185475952 4.461304990876467 130
1684185476021 4.444606559470792 131
1684185476084 4.4270743171890015 132
1684185476153 4.40994746765293 133
1684185476222 4.39438228574555 134
1684185476284 4.381418012408346 135
1684185476369 4.371944770414123 136
1684185476438 4.36668953592586 137
1684185476507 4.366201714265701 138
1684185476570 4.370859341578446 139
1684185476786 4.38087838335671 140
1684185476908 4.3963296810303945 141
1684185477009 4.417160902760389 142
1684185477071 4.443217675739518 143
1684185477140 4.474265223821126 144
1684185477209 4.510009288547591 145
1684185477287 4.550112267347268 146
1684185477356 4.594209138401199 147
1684185477425 4.641920956963419 148
1684185477488 4.6928619079123095 149
1684185477557 4.746650236367028 150
1684185477626 4.802912450870464 151
1684185477688 4.861287162348803 152
1684185477757 4.921431519748458 153
1684185477811 4.983020450767519 154
1684185477889 5.0457507286642285 155
1684185477958 5.109338176394099 156
1684185478027 5.173523621912057 157
1684185478089 5.238068991726156 158
1684185478158 5.302757123237194 159
1684185478212 5.367391784350179 160
1684185478290 5.43179597254106 161
1684185478359 5.495806763428201 162
1684185478412 5.559279786003311 163
1684185478475 5.6220805054855525 164
1684185478544 5.684087216870584 165
1684185478613 5.745184467016245 166
1684185478691 5.805264703571007 167
1684185478744 5.864223138725528 168
1684185478813 5.921960535618359 169
1684185478876 5.978377260770175 170
1684185478945 6.033373442304827 171
1684185479014 6.086850209150253 172
1684185479077 6.13870270818188 173
1684185479130 6.188826755552691 174
1684185479208 6.237111348340379 175
1684185479261 6.283440028723105 176
1684185479330 6.327688489763066 177
1684185479393 6.369726708701776 178
1684185479462 6.409412070573014 179
1684185479531 6.446590478124078 180
1684185479609 6.481095311999749 181
1684185479678 6.512741596018479 182
1684185479747 6.541326376927214 183
1684185479810 6.566626580121161 184
1684185479994 6.58839518450264 185
1684185480164 6.606359130885595 186
1684185480233 6.620215868098426 187
1684185480295 6.629637964221975 188
1684185480364 6.63426540986554 189
1684185480433 6.633713115811709 190
1684185480496 6.627571124371988 191
1684185480565 6.615409346015909 192
1684185480634 6.596789582930409 193
1684185480696 6.571274384652991 194
1684185480765 6.538446505829376 195
1684185480834 6.497924201410775 196
1684185480897 6.449389385313461 197
1684185480966 6.392608296821015 198
1684185481035 6.327463716067369 199
1684185481097 6.253976732695321 200
1684185481151 6.172334210541701 201
1684185481220 6.082902798086104 202
1684185481420 5.986241344041966 203
1684185481568 5.8831004492265935 204
1684185481621 5.774410841634753 205
1684185481699 5.6612592715886105 206
1684185481768 5.544857519480769 207
1684185481837 5.4265001224799665 208
1684185481900 5.307513582418672 209
1684185481969 5.189211602254839 210
1684185482038 5.0728459698922945 211
1684185482100 4.959562626118037 212
1684185482169 4.850368218683526 213
1684185482223 4.746104151480064 214
1684185482301 4.6474330780193105 215
1684185482370 4.5548320376518685 216
1684185482423 4.468601198710424 217
1684185482501 4.388872642309561 218
1684185482570 4.315630931589043 219
1684185482639 4.2487351667282836 220
1684185482702 4.187939930307006 221
1684185482771 4.132922369976211 222
1684185482840 4.083300493091882 223
1684185482918 4.038656292978351 224
1684185482972 3.998549605038974 225
1684185483041 3.9625354555881476 226
1684185483119 3.9301750500899892 227
1684185483172 3.9010435812374666 228
1684185483241 3.8747392298152583 229
1684185483304 3.850887229627869 230
1684185483373 3.82914261231599 231
1684185483442 3.8091940220586458 232
1684185483504 3.790762392374831 233
1684185483573 3.773602818164773 234
1684185483642 3.7575021750894004 235
1684185483705 3.7422769469981105 236
1684185483774 3.7277722800489914 237
1684185483827 3.7138580634604894 238
1684185483905 3.7004263461075073 239
1684185483959 3.6873885229472427 240
1684185484036 3.67467209449213 241
1684185484107 3.6622167090005293 242
1684185484175 3.64997363427465 243
1684185484244 3.6379019461585202 244
1684185484307 3.625966776766724 245
1684185484376 3.614137128677866 246
1684185484445 3.6023850011801706 247
1684185484523 3.590684025589967 248
1684185484592 3.5790102596259956 249
1684185484645 3.5673386566563714 250
