1684185938875 0.3528470610597506 1
1684185938964 0.4466876232689843 2
1684185939029 0.7712446561600593 3
1684185939094 0.9727910172134164 4
1684185939163 1.0874404572312781 5
1684185939225 1.228506149242302 6
1684185939294 1.4123342469886622 7
1684185939348 1.7143804273431784 8
1684185939410 2.2545502844503718 9
1684185939479 3.069525602162528 10
1684185939548 4.1005059517126154 11
1684185939611 5.237135678438446 12
1684185939680 6.3429726199239 13
1684185939749 7.283834696831102 14
1684185939811 7.98049245866687 15
1684185939881 8.433542378265148 16
1684185939965 8.699454353095994 17
1684185940050 8.86518727244848 18
1684185940112 9.022020833024175 19
1684185940181 9.241849107237314 20
1684185940250 9.553341506436631 21
1684185940313 9.931730784335322 22
1684185940382 10.323959418917926 23
1684185940444 10.675766935473796 24
1684185940529 10.945410536375642 25
1684185940598 11.11766068538559 26
1684185940667 11.195438292284669 27
1684185940730 11.191846764395223 28
1684185940799 11.126173984862156 29
1684185940868 11.02155316225781 30
1684185940925 10.90223620319986 31
1684185940999 10.789179793021408 32
1684185941068 10.695754950949802 33
1684185941130 10.623583491501067 34
1684185941199 10.563493687330206 35
1684185941268 10.506151481101174 36
1684185941331 10.448598146971483 37
1684185941400 10.395359526085038 38
1684185941453 10.354216080009797 39
1684185941531 10.328090283145526 40
1684185941585 10.311825666566152 41
1684185941654 10.295705352333876 42
1684185941716 10.269554908464523 43
1684185941785 10.22653625868767 44
1684185941854 10.164095260356193 45
1684185941917 10.08276129890729 46
1684185941970 9.984933716414455 47
1684185942048 9.872773428435671 48
1684185942102 9.750797435038121 49
1684185942171 9.622040741047966 50
1684185942233 9.484164903896055 51
1684185942302 9.332815160849984 52
1684185942371 9.162612621300886 53
1684185942434 8.969041128975446 54
1684185942503 8.749775788534087 55
1684185942556 8.505162168414346 56
1684185942634 8.237488416432157 57
1684185942688 7.95000699938278 58
1684185942757 7.646157695988002 59
1684185942819 7.329328105146937 60
1684185942888 7.003243007515776 61
1684185942957 6.6739337701729875 62
1684185943020 6.353983546833279 63
1684185943089 6.06662789667875 64
1684185943151 5.843708260159579 65
1684185943220 5.712412072012387 66
1684185943274 5.683388047235056 67
1684185943336 5.749365759888951 68
1684185943405 5.889664383888094 69
1684185943553 6.071187554854888 70
1684185943691 6.257012168639494 71
1684185943775 6.416882105232563 72
1684185943838 6.533329937044208 73
1684185943907 6.601794652537019 74
1684185943976 6.624692626729932 75
1684185944050 6.611406789181945 76
1684185944107 6.576280136315054 77
1684185944177 6.530125929138972 78
1684185944239 6.478537248462464 79
1684185944308 6.423242497304174 80
1684185944361 6.3642717459528 81
1684185944440 6.30164911736671 82
1684185944493 6.236084162824471 83
1684185944562 6.169355578419105 84
1684185944625 6.105416257476583 85
1684185944694 6.0490928784047595 86
1684185944763 6.00332230739407 87
1684185944825 5.967563218107602 88
1684185944894 5.9374626108468105 89
1684185944963 5.905103940560819 90
1684185945026 5.859344708581633 91
1684185945095 5.786874296225552 92
1684185945164 5.675224017696002 93
1684185945226 5.516460566779511 94
1684185945295 5.309092928410679 95
1684185945364 5.058059049753752 96
1684185945427 4.7735919991242755 97
1684185945480 4.469367431561668 98
1684185945558 4.160129034831712 99
1684185945612 3.859225437304823 100
1684185945681 3.576727714632487 101
1684185945743 3.3185948386098554 102
1684185945812 3.086955962284558 103
1684185945881 2.8811805091589533 104
1684185945944 2.6992620474169438 105
1684185946013 2.5390381366709676 106
1684185946082 2.398854935428442 107
1684185946329 2.2775088097425145 108
1684185946498 2.1736105451376506 109
1684185946614 2.0848647574768857 110
1684185946699 2.0078749582099262 111
1684185946784 1.938652395616769 112
1684185946846 1.8734854118126418 113
1684185946915 1.8096545167851124 114
1684185946984 1.7456953315987502 115
1684185947047 1.6812432904867902 116
1684185947116 1.6166778161675408 117
1684185947185 1.5527632957563922 118
1684185947263 1.4904095945855471 119
1684185947316 1.4305531636467004 120
1684185947385 1.3741158651458085 121
1684185947448 1.321985414333221 122
1684185947633 1.2749801010783346 123
1684185947718 1.2337935116113414 124
1684185947787 1.198925673598047 125
1684185947849 1.170613253709984 126
1684185947918 1.1487800614516974 127
1684185947987 1.133020164924285 128
1684185948065 1.1226293220408896 129
1684185948134 1.116679030209254 130
1684185948203 1.1141161533519879 131
1684185948272 1.1138633642190474 132
1684185948335 1.1149021541843755 133
1684185948404 1.1163299429498352 134
1684185948473 1.1173960259068394 135
1684185948535 1.1175223879511245 136
1684185948604 1.1163162311715868 137
1684185948673 1.1135761802929172 138
1684185948736 1.109290911457709 139
1684185948805 1.1036265583119012 140
1684185948890 1.0969030692258048 141
1684185948952 1.0895566727706212 142
1684185949021 1.0820947038013047 143
1684185949090 1.0750424775623701 144
1684185949291 1.0688928884313575 145
1684185949375 1.064059784572239 146
1684185949438 1.0608448925770575 147
1684185949507 1.059417159608841 148
1684185949576 1.059808740071921 149
1684185949639 1.0619230792619963 150
1684185949708 1.065554882577847 151
1684185949777 1.0704153920733925 152
1684185949839 1.0761612713361481 153
1684185949908 1.0824223717308534 154
1684185949977 1.0888268035293776 155
1684185950040 1.0950224847759635 156
1684185950109 1.1006928011488397 157
1684185950178 1.105568898393453 158
1684185950256 1.1094361350112822 159
1684185950325 1.1121379876346418 160
1684185950378 1.1135758912571467 161
1684185950456 1.1137067230914173 162
1684185950525 1.112539256214637 163
1684185950594 1.1101271252813603 164
1684185950657 1.1065627758572327 165
1684185950726 1.1019695325366619 166
1684185950795 1.0964940889156545 167
1684185950858 1.0902980519898424 168
1684185950927 1.0835504472270003 169
1684185950980 1.076420634456452 170
1684185951058 1.069071310629602 171
1684185951112 1.0616531214704001 172
1684185951181 1.0543000822554596 173
1684185951243 1.047126167417701 174
1684185951312 1.0402236139761845 175
1684185951381 1.0336621275186797 176
1684185951444 1.0274893283702013 177
1684185951513 1.0217326228953254 178
1684185951582 1.016401473728365 179
1684185951644 1.0114906557974326 180
1684185951713 1.006983744539583 181
1684185951782 1.0028558657407411 182
1684185951845 0.9990777586116528 183
1684185951914 0.995617760687457 184
1684185951983 0.9924447783500383 185
1684185952045 0.9895292252990323 186
1684185952114 0.9868444948310306 187
1684185952177 0.9843673753830051 188
1684185952246 0.982078356428942 189
1684185952299 0.9799609877889955 190
1684185952377 0.9780017885852199 191
1684185952431 0.9761893553381427 192
1684185952500 0.9745135894307051 193
1684185952562 0.9729657717759806 194
1684185952631 0.9715368955853144 195
1684185952700 0.9702181620571045 196
1684185952763 0.9690002820729237 197
1684185952832 0.9678733682026123 198
1684185952901 0.9668267070450031 199
1684185953117 0.9658490358313472 200
1684185953286 0.9649283630154551 201
1684185953349 0.9640528255967711 202
1684185953418 0.9632100745048745 203
1684185953487 0.9623878853804072 204
1684185953549 0.9615747823466008 205
1684185953618 0.9607596855849477 206
1684185953687 0.959932307727135 207
1684185953750 0.9590836471255116 208
1684185953819 0.9582057431674217 209
1684185953888 0.9572923467681524 210
1684185953950 0.956338085364403 211
1684185954025 0.9553392537856779 212
1684185954088 0.9542935721656924 213
1684185954151 0.9532000200243362 214
1684185954220 0.9520585822704125 215
1684185954282 0.9508706065304736 216
1684185954452 0.9496386458020353 217
1684185954536 0.948365725039911 218
1684185954590 0.9470555387374363 219
1684185954652 0.9457126624141491 220
1684185954721 0.9443417069416602 221
1684185954790 0.9429478193219102 222
1684185954853 0.9415361128635953 223
1684185954922 0.9401119695397396 224
1684185954991 0.9386803704787501 225
1684185955069 0.9372461543073313 226
1684185955138 0.9358145128524167 227
1684185955191 0.934389746910625 228
1684185955270 0.9329762123151248 229
1684185955339 0.9315779742705812 230
1684185955408 0.930198344333735 231
1684185955470 0.9288411611093259 232
1684185955539 0.9275090805582977 233
1684185955608 0.9262050935861467 234
1684185955671 0.9249314349954884 235
1684185955740 0.923690029144246 236
1684185955809 0.9224833450387334 237
1684185955871 0.9213121640891843 238
1684185955940 0.920178372983081 239
1684185956009 0.9190827656368905 240
1684185956072 0.9180262588370282 241
1684185956141 0.9170092903148238 242
1684185956210 0.9160324238771054 243
1684185956295 0.915095953167521 244
1684185956357 0.914199554427043 245
1684185956426 0.9133433608815462 246
1684185956495 0.9125268285308299 247
1684185956558 0.9117495368601267 248
1684185956627 0.9110109449372296 249
1684185956696 0.9103101041537655 250
