1684187517641 0.9229106685036762 1
1684187517731 1.3106146995049517 2
1684187517797 1.6262495957373566 3
1684187517866 1.7034379153115045 4
1684187517935 1.600896826096195 5
1684187517998 1.6852248214707828 6
1684187518067 2.2137115458120515 7
1684187518136 3.0175465488232804 8
1684187518198 3.9278780771159094 9
1684187518267 4.914174644433165 10
1684187518337 5.968852213245361 11
1684187518399 7.048363324495723 12
1684187518468 8.08047363011947 13
1684187518537 8.983846322755145 14
1684187518600 9.697990225659892 15
1684187518669 10.201694575508668 16
1684187518738 10.511630724507214 17
1684187518800 10.681607964955647 18
1684187518869 10.776326244277803 19
1684187518938 10.844624063072088 20
1684187519016 10.919565026061901 21
1684187519070 11.018807356862519 22
1684187519139 11.144805843755163 23
1684187519201 11.290555501971708 24
1684187519270 11.445371160065424 25
1684187519339 11.598331686297687 26
1684187519417 11.736409953817668 27
1684187519486 11.843647450373284 28
1684187519540 11.911537426544523 29
1684187519602 11.93846743650678 30
1684187519671 11.92913087745562 31
1684187519740 11.89883874126177 32
1684187519803 11.860083066052981 33
1684187519872 11.817770162269644 34
1684187519941 11.772681154125223 35
1684187520019 11.725553585386896 36
1684187520072 11.678693020971682 37
1684187520141 11.633122234309846 38
1684187520204 11.586517472688852 39
1684187520273 11.533811706732122 40
1684187520342 11.468496551250395 41
1684187520404 11.383090809293886 42
1684187520473 11.273202633923411 43
1684187520542 11.141767337406113 44
1684187520605 10.998795621118262 45
1684187520658 10.857434331525113 46
1684187520736 10.7279127139001 47
1684187520805 10.612029967423389 48
1684187520874 10.502580677702317 49
1684187520943 10.388420983330626 50
1684187521006 10.260429301328708 51
1684187521075 10.11701111108505 52
1684187521137 9.961308268362204 53
1684187521191 9.798076065468326 54
1684187521260 9.632512005245479 55
1684187521322 9.469115259631328 56
1684187521391 9.31046023763527 57
1684187521460 9.157342785998658 58
1684187521523 9.008000599386563 59
1684187521592 8.858737046092958 60
1684187521645 8.70507731894425 61
1684187521708 8.542927448391525 62
1684187521777 8.369966726135827 63
1684187521846 8.18602445467987 64
1684187521908 7.991306315403893 65
1684187521977 7.785286694922008 66
1684187522046 7.566910422645045 67
1684187522109 7.335356227893621 68
1684187522178 7.089821977426361 69
1684187522247 6.827918126338198 70
1684187522309 6.543803411985873 71
1684187522378 6.227678590410322 72
1684187522447 5.868909118660782 73
1684187522510 5.462586746207848 74
1684187522579 5.014780838050437 75
1684187522641 4.544274189183207 76
1684187522710 4.081839216241365 77
1684187522764 3.6668536673754617 78
1684187522842 3.3391691116667426 79
1684187522911 3.1250057267290576 80
1684187522980 3.021679492343875 81
1684187523049 2.9974446856108665 82
1684187523112 3.014423724340578 83
1684187523181 3.0465945791305415 84
1684187523250 3.0819855994644283 85
1684187523312 3.117499982049264 86
1684187523366 3.1532019073886173 87
1684187523428 3.1888228980892785 88
1684187523497 3.222850032424845 89
1684187523566 3.253150404572449 90
1684187523629 3.277964303769306 91
1684187523698 3.2965441042865664 92
1684187523751 3.30930952067304 93
1684187523813 3.317658341719106 94
1684187523882 3.3236363253654417 95
1684187523952 3.329602266500062 96
1684187524014 3.33794277698363 97
1684187524083 3.3508581190517224 98
1684187524146 3.3702093339946972 99
1684187524199 3.397425562590186 100
1684187524268 3.433451991810794 101
1684187524330 3.4787407403954234 102
1684187524399 3.533283853788146 103
1684187524468 3.596682111470556 104
1684187524531 3.6682304736351865 105
1684187524584 3.747021661602335 106
1684187524653 3.8320334250309074 107
1684187524726 3.9222119393052446 108
1684187524785 4.0165338445258145 109
1684187525032 4.114048850115143 110
1684187525101 4.213906640730317 111
1684187525155 4.315357922394321 112
1684187525217 4.417742175611338 113
1684187525286 4.520456508757617 114
1684187525355 4.622908794031814 115
1684187525418 4.724475525299174 116
1684187525487 4.824462967215297 117
1684187525556 4.922092872510612 118
1684187525618 5.016538244815071 119
1684187525687 5.106993160890811 120
1684187525756 5.192778506196135 121
1684187525850 5.273434903883415 122
1684187525919 5.348763913668807 123
1684187525988 5.418776570094955 124
1684187526050 5.483592602868845 125
1684187526104 5.543330494691279 126
1684187526235 5.598045186846432 127
1684187526405 5.647722829446801 128
1684187526474 5.692298095292734 129
1684187526536 5.73168633137675 130
1684187526605 5.765782728857365 131
1684187526659 5.794448386400003 132
1684187526737 5.817479570288721 133
1684187526790 5.8345662891462515 134
1684187526875 5.845258509293939 135
1684187526937 5.8489455130638595 136
1684187527006 5.844851445558363 137
1684187527075 5.832050636981082 138
1684187527138 5.809504757540307 139
1684187527191 5.776105418526735 140
1684187527260 5.730731882742904 141
1684187527338 5.672320074527783 142
1684187527392 5.599954236804669 143
1684187527461 5.512978270084882 144
1684187527577 5.4111486875732036 145
1684187527740 5.29481553454007 146
1684187527809 5.165113795926295 147
1684187527878 5.024118236505481 148
1684187527940 4.8749010098548835 149
1684187528009 4.721424428439101 150
1684187528078 4.568240774105975 151
1684187528141 4.420033980722236 152
1684187528210 4.281100004636887 153
1684187528279 4.154906555820285 154
1684187528341 4.04383600260269 155
1684187528395 3.949149478098311 156
1684187528464 3.8711258225811602 157
1684187528542 3.8092739682756753 158
1684187528595 3.7625519019521345 159
1684187528664 3.7295354815381474 160
1684187528727 3.7085318232280953 161
1684187528796 3.6976489031660273 162
1684187528858 3.694845134129496 163
1684187528927 3.6979801693955605 164
1684187528996 3.704875704444417 165
1684187529059 3.713392946190706 166
1684187529128 3.7215165774939787 167
1684187529181 3.7274422170178783 168
1684187529244 3.729647741634381 169
1684187529313 3.7269468364682186 170
1684187529382 3.718511044250404 171
1684187529444 3.7038646470055028 172
1684187529513 3.682857281483763 173
1684187529567 3.6556127397861102 174
1684187529645 3.6224686923290523 175
1684187529714 3.5839153497583234 176
1684187529767 3.5405329281565825 177
1684187529830 3.492939267594601 178
1684187529899 3.441747305646887 179
1684187529968 3.387532311584433 180
1684187530030 3.3308144103589115 181
1684187530099 3.2720469343772507 182
1684187530162 3.2116170352168805 183
1684187530215 3.1498518561529156 184
1684187530284 3.0870285890642344 185
1684187530347 3.0233886812286426 186
1684187530416 2.9591522958115895 187
1684187530485 2.8945287821988175 188
1684187530648 2.82972944470705 189
1684187530786 2.7649719485960813 190
1684187530848 2.7004844773688856 191
1684187530933 2.6365062966940522 192
1684187531002 2.5732799538159656 193
1684187531071 2.511046595408775 194
1684187531133 2.450035987334521 195
1684187531202 2.390458568899925 196
1684187531271 2.3324961478449904 197
1684187531334 2.2762947436398195 198
1684187531403 2.2219608381653657 199
1684187531472 2.1695572462482433 200
1684187531534 2.119106105337688 201
1684187531588 2.0705904007975677 202
1684187531688 2.0239602381588693 203
1684187531751 1.9791372977879136 204
1684187531820 1.9360262019042211 205
1684187531889 1.8945191738272986 206
1684187531951 1.854506745374515 207
1684187532020 1.8158839799626878 208
1684187532089 1.7785584722847914 209
1684187532152 1.7424561064191724 210
1684187532221 1.707525036221054 211
1684187532274 1.6737404782878922 212
1684187532337 1.6411070888513992 213
1684187532406 1.6096594503212138 214
1684187532475 1.5794622934423137 215
1684187532537 1.5506092599884842 216
1684187532591 1.5232197963120293 217
1684187532669 1.497433220971533 218
1684187532722 1.473403532055031 219
1684187532791 1.4512892939640303 220
1684187532854 1.4312444175030776 221
1684187532923 1.4134052722273625 222
1684187532992 1.3978791889090678 223
1684187533054 1.3847294789159172 224
1684187533108 1.3739630772501874 225
1684187533177 1.3655179641391373 226
1684187533239 1.3592507906149383 227
1684187533308 1.354929103570824 228
1684187533377 1.3522275204652496 229
1684187533440 1.3507303495179694 230
1684187533493 1.3499442785307458 231
1684187533555 1.349320947239144 232
1684187533625 1.348293047740136 233
1684187533694 1.3463159845480828 234
1684187533756 1.3429158819790428 235
1684187533825 1.337728995716617 236
1684187533878 1.3305306904421697 237
1684187533957 1.3212484898309877 238
1684187534026 1.3099603879940147 239
1684187534095 1.2968796204681654 240
1684187534157 1.282331996583643 241
1684187534226 1.266727787804385 242
1684187534280 1.2505312426778674 243
1684187534358 1.2342306729653514 244
1684187534427 1.2183099586992672 245
1684187534480 1.203223223456973 246
1684187534543 1.1893729269075268 247
1684187534612 1.1770930521223708 248
1684187534681 1.1666365006443138 249
1684187534756 1.1581670101098118 250
